
0;206.5491;-114.2743;-1167.666
30;213.893;-145.0099;-1162.292
64;226.9114;-152.0376;-1193.913
97;236.9086;-158.0621;-1216.007
131;245.499;-162.9576;-1239.783
165;252.2105;-168.3109;-1250.066
198;261.4579;-185.736;-1248.476
242;270.0257;-187.8954;-1260.136
276;274.5869;-192.9708;-1262.16
292;279.5943;-196.3566;-1266.497
326;281.063;-202.8449;-1272.921
360;284.3439;-203.1446;-1272.417
394;285.6277;-204.6762;-1272.708
427;289.0234;-206.2439;-1268.852
461;292.3112;-211.2141;-1261.417
495;292.3315;-211.2287;-1261.418
529;294.1138;-210.5194;-1258.279
563;293.0216;-212.0739;-1256.3
613;291.2616;-214.2322;-1252.946
629;293.3245;-214.0651;-1244.448
663;294.6779;-218.5984;-1235.219
697;294.8511;-219.2636;-1233.289
730;295.9786;-220.0301;-1228.716
764;302.0206;-233.246;-1202.489
798;303.253;-234.8561;-1198.153
832;305.7745;-239.468;-1186.579
865;316.0624;-236.26;-1168.376
899;324.335;-236.7111;-1151.339
933;337.7265;-238.1264;-1120.775
966;348.8869;-223.5936;-1097.664
1000;355.2219;-214.2273;-1079.787
1034;367.8498;-196.7127;-1020.737
1068;366.1364;-192.9292;-1014.695
1101;356.5576;-181.3517;-966.9564
1135;382.7469;-136.825;-987.1432
1154;382.4806;-132.0664;-970.6385
1202;385.6395;-116.8642;-942.3464
1221;408.8279;-85.93816;-952.5521
1271;409.1468;-84.97472;-939.7903
1305;410.6172;-89.9028;-916.9846
1338;436.1358;-57.43454;-856.1719
1355;371.0578;-103.5537;-851.2695
1389;363.6078;-98.82423;-824.0446
1422;405.7491;-87.0437;-784.1153
1456;252.5148;76.59492;-521.0994
1793;562.2217;-305.5666;-1799.371
1827;564.5992;-308.5432;-1797.003
1861;591.7255;-306.6035;-1758.345
1894;591.4856;-306.1751;-1759.265
1917;593.0087;-303.8797;-1760.757
1965;602.4612;-296.4339;-1759.315
1982;604.1356;-296.0421;-1759.206
2032;604.6921;-296.234;-1759.465
2068;603.5443;-297.1158;-1762.457
2085;603.7893;-296.7733;-1762.626
2135;607.1176;-293.8548;-1762.12
2152;610.1832;-292.2124;-1762.078
2186;610.8099;-292.1003;-1761.89
2219;609.1365;-293.3736;-1763.605
2253;605.3439;-294.9091;-1767.108
2287;605.1004;-294.2724;-1767.193
2320;607.8513;-291.7282;-1765.135
2354;608.7139;-291.4538;-1764.673
2388;609.4229;-291.2892;-1762.429
2421;604.7526;-293.305;-1764.861
2455;601.3502;-293.6326;-1767.148
2489;601.1979;-292.5933;-1766.641
2523;602.4745;-290.6844;-1764.8
2556;603.0228;-290.7237;-1762.888
2590;601.6815;-291.8446;-1762.377
2624;594.585;-295.4417;-1765.965
2657;593.9897;-295.4142;-1765.808
2691;595.1125;-293.9386;-1763.05
2725;595.6373;-293.9049;-1762.378
2758;596.0377;-294.9872;-1760.628
2792;582.7645;-299.8307;-1774.626
2844;583.6357;-298.0302;-1770.441
2859;589.2817;-294.376;-1764.38
2893;592.2552;-293.2268;-1762.893
2927;596.0202;-291.8075;-1760.113
2961;596.3571;-291.386;-1760.051
2994;595.7979;-290.2838;-1761.084
3028;597.7801;-283.8224;-1760.531
3062;607.3015;-270.899;-1757.494
3080;611.3862;-266.0529;-1757.391
3129;613.8093;-261.4586;-1757.474
3163;615.1075;-255.7892;-1761.319
3196;621.9786;-241.627;-1767.268
3230;628.6502;-228.8402;-1773.14
3264;634.3203;-212.5226;-1778.505
3281;657.6946;-173.2521;-1765.219
3331;659.0605;-165.1787;-1767.995
3365;662.4706;-143.1459;-1777.292
3399;671.4315;-117.4766;-1788.966
3432;670.9913;-108.7459;-1797.504
3449;672.4902;-94.15199;-1806.709
3500;671.9467;-77.78165;-1819.238
3517;672.8783;-65.33714;-1829.345
3550;676.2604;-47.24561;-1836.653
3601;677.0276;-33.65295;-1841.765
3618;681.4475;-14.292;-1853.327
3651;682.7885;0.5240589;-1854.334
3702;673.9378;0.7856178;-1866.308
3719;668.3099;2.545219;-1877.88
3753;666.2615;7.170037;-1887.799
3803;665.5743;13.36378;-1894.905
3820;664.6892;18.81562;-1901.051
3854;661.9938;21.27488;-1909.856
3904;660.6407;26.4718;-1920.432
3938;664.8356;52.06693;-1932.096
3955;666.054;58.61105;-1936.826
3989;662.4855;56.36599;-1942.553
4022;667.9179;78.39021;-1941.303
4056;661.5079;72.00702;-1956.918
4089;661.6478;79.08457;-1961.296
4123;660.5556;84.69963;-1964.874
4157;658.8594;87.87688;-1967.677
4200;657.6874;91.62664;-1971.095
4229;655.686;94.99745;-1975.445
4262;652.6191;100.6048;-1979.143
4296;650.1198;105.9246;-1981.454
4330;647.643;106.7742;-1982.423
4364;643.9515;105.4577;-1983.58
4380;641.3362;106.0145;-1983.771
4415;638.8715;105.8609;-1982.18
4448;636.8177;103.6979;-1977.906
4485;634.3002;82.48156;-1970.493
4516;638.0779;74.91509;-1948.566
4566;637.7568;27.89804;-1930.678
4583;640.8989;18.03025;-1919.488
4617;645.5045;-20.14431;-1890.812
4652;650.9336;-31.2391;-1879.154
4688;654.9295;-79.31085;-1851.09
4718;657.1187;-119.9624;-1831.154
4751;666.5079;-162.9123;-1820.295
4787;653.7387;-213.9435;-1821.883
4819;647.3252;-248.3275;-1788.78
4852;640.4211;-285.7327;-1782.311
4886;627.9182;-325.0701;-1777.941
4920;621.0781;-351.6571;-1776.188
4954;613.919;-378.0736;-1774.178
4987;603.6509;-407.2696;-1775.068
5021;595.2394;-426.7477;-1773.797
5055;586.967;-447.419;-1770.211
5088;575.4147;-465.3083;-1774.084
5122;566.2872;-476.4122;-1778.86
5156;557.2769;-491.0191;-1781.843
5189;541.0461;-501.5098;-1794.624
5223;534.0395;-507.9621;-1800.586
5257;525.5488;-516.4605;-1807.188
5290;519.9653;-526.3585;-1807.727
5324;515.3236;-537.311;-1807.438
5358;509.809;-552.6212;-1803.92
5392;502.839;-560.5226;-1806.857
5426;495.0148;-570.017;-1810.383
5459;483.0342;-574.485;-1821.086
5493;478.1145;-598.0991;-1819.936
5526;471.2127;-620.8413;-1821.439
5560;461.0338;-630.3717;-1830.68
5594;456.0594;-634.7582;-1835.159
5611;448.7511;-638.9883;-1842.805
5661;443.6898;-642.2173;-1845.38
5695;437.6742;-645.3073;-1848.522
5714;433.8883;-647.1818;-1850.65
5762;431.5361;-648.4658;-1851.649
5796;429.3789;-649.7956;-1851.958
5813;427.6244;-650.1958;-1852.266
5847;424.434;-651.0817;-1851.733
5897;422.8829;-651.3417;-1851.222
5914;421.661;-652.4672;-1851.15
5964;421.1817;-652.4442;-1851.032
5982;419.8078;-652.1595;-1849.386
6015;418.4034;-650.7908;-1847.235
6050;418.1972;-646.2697;-1842.284
6083;419.5308;-642.031;-1837.901
6117;421.0463;-635.9439;-1832.505
6151;414.3126;-581.671;-1854.47
6190;416.4725;-575.053;-1847.339
6236;422.4293;-558.8838;-1839.255
6269;432.263;-545.1043;-1826.433
6285;441.9324;-534.0142;-1812.841
6319;445.8882;-519.6061;-1810.0
6353;453.477;-501.0124;-1797.205
6387;455.1669;-472.3705;-1810.14
6420;469.0015;-453.9267;-1800.667
6454;477.1297;-440.5957;-1790.617
6488;486.3541;-418.4743;-1789.131
6521;488.9275;-399.7789;-1793.747
6555;491.597;-380.8748;-1800.294
6589;498.0194;-360.2494;-1807.045
6624;500.3132;-346.3361;-1819.503
6656;506.3226;-320.3449;-1828.171
6690;512.0062;-296.1682;-1831.866
6724;515.996;-274.1699;-1845.758
6757;522.5096;-251.3006;-1852.483
6791;528.8953;-231.3705;-1861.239
6825;557.7811;-163.7083;-1850.149
6858;559.3808;-157.7125;-1852.74
6892;563.549;-137.4364;-1866.103
6926;587.1458;-87.34823;-1873.228
6959;591.9002;-76.98573;-1878.345
6993;595.3188;-67.13721;-1890.898
7027;598.0479;-55.55964;-1904.483
7060;603.279;-36.26272;-1916.168
7094;604.2081;-27.26795;-1925.457
7128;609.2267;-4.215741;-1938.393
7162;611.2489;4.67058;-1946.651
7196;613.8889;19.24981;-1956.517
7229;630.6707;67.93895;-1967.267
7264;630.9302;68.86709;-1969.0
7280;634.1663;72.24986;-1975.375
7330;636.0122;73.39705;-1980.448
7349;639.8079;78.20695;-1990.11
7381;645.535;82.93757;-2000.945
7431;649.8164;84.83887;-2006.916
7448;657.9938;88.31714;-2018.618
7485;669.5986;90.99133;-2036.355
7516;677.6819;90.64084;-2045.439
7549;687.8352;87.67581;-2057.57
7583;697.3593;73.23096;-2068.579
7633;708.3093;62.90231;-2084.362
7650;723.0074;51.4289;-2101.29
7684;731.6989;21.40136;-2127.096
7718;750.1078;21.4721;-2142.323
7751;764.7488;18.4354;-2158.407
7785;772.2079;5.214498;-2175.663
7819;779.4147;-5.507514;-2194.63
7852;760.8435;-54.45805;-2210.274
7886;766.2137;-57.92783;-2217.699
7920;773.0725;-66.50062;-2234.736
7953;771.5222;-78.10904;-2246.043
7987;772.2318;-88.98969;-2258.564
8021;773.0394;-98.41309;-2266.675
8055;775.4623;-109.4609;-2277.579
8088;773.7191;-119.8295;-2285.52
8122;771.99;-135.62;-2291.555
8156;772.2601;-142.6459;-2296.571
8189;772.599;-148.7176;-2301.234
8223;772.3039;-154.3127;-2306.429
8257;774.915;-159.185;-2311.264
8290;774.444;-166.0903;-2313.778
8324;769.809;-175.673;-2314.56
8358;769.2626;-178.8109;-2314.06
8392;766.7101;-184.2452;-2312.333
8425;766.3109;-186.3899;-2311.026
8459;775.5554;-182.39;-2313.96
8493;777.0233;-182.4083;-2313.135
8526;779.6964;-182.0926;-2311.443
8560;781.0521;-180.7733;-2309.269
8594;771.6602;-184.619;-2299.346
8627;769.653;-182.3061;-2288.969
8661;773.3058;-179.1622;-2280.327
8695;774.3859;-176.1813;-2274.149
8728;775.8575;-170.8707;-2267.374
8762;772.9676;-167.0068;-2257.992
8796;776.0374;-161.4337;-2249.79
8829;774.6254;-155.851;-2239.758
8863;768.3196;-152.7854;-2223.177
8880;771.1575;-144.8517;-2216.783
8930;771.6712;-137.0078;-2205.265
8947;773.9862;-125.6066;-2190.281
8998;769.9349;-114.4884;-2175.18
9015;766.1661;-103.5405;-2160.339
9048;782.9366;-59.05615;-2135.818
9082;777.2064;-47.35482;-2118.651
9116;770.9357;-31.98413;-2103.291
9167;761.353;-10.79994;-2080.854
9184;749.6135;12.47585;-2059.306
9217;735.2253;21.7218;-2045.62
9251;712.048;43.19408;-2019.418
9301;697.2517;50.42959;-2004.658
9318;676.1307;63.4493;-1981.796
9352;662.7568;76.29909;-1966.411
9402;645.882;91.58644;-1949.513
9419;626.8297;108.2573;-1933.278
9453;606.0577;132.6295;-1920.035
9487;582.6807;147.9878;-1906.589
9537;562.1855;171.8268;-1892.159
9554;544.2871;188.8137;-1878.803
9605;528.0671;198.6674;-1868.099
9621;511.5579;200.263;-1859.866
9655;491.4257;201.9305;-1848.817
9689;474.1973;200.0966;-1838.208
9722;456.3395;197.6925;-1824.011
9756;445.1251;186.8112;-1813.739
9792;433.4298;175.8425;-1795.174
9824;424.2864;168.9192;-1776.726
9857;412.6645;155.9589;-1748.79
9891;404.5443;132.323;-1726.42
9925;399.5707;107.5331;-1706.503
9958;393.6528;87.34661;-1679.108
9992;388.9833;43.82301;-1664.475
10026;385.3973;-2.671242;-1651.045
10060;389.0677;-48.34543;-1662.235
10093;387.1947;-86.33273;-1643.068
10127;377.6217;-125.4766;-1616.7
10161;370.8617;-144.1868;-1613.319
10194;359.7986;-170.9196;-1581.058
10228;366.161;-235.8932;-1657.169
10262;367.3312;-286.7374;-1700.31
10295;350.3896;-291.8463;-1611.071
10329;347.8018;-319.7793;-1580.92
10346;341.7199;-363.7415;-1605.147
10396;340.2211;-398.3713;-1653.115
10430;339.6509;-407.5926;-1660.571
10447;336.9388;-426.888;-1681.634
10498;334.3761;-447.7142;-1692.66
10514;331.8797;-457.2569;-1695.571
10565;327.7616;-468.2608;-1703.973
10599;323.0608;-486.4082;-1713.065
10616;323.5403;-482.8922;-1729.668
10666;319.2552;-494.0764;-1740.719
10683;317.4896;-498.0504;-1748.06
10717;315.0547;-503.5323;-1752.323
10750;313.1394;-510.049;-1751.848
10784;311.2558;-516.5981;-1750.82
10818;313.1862;-507.8622;-1766.739
10851;309.0945;-521.3147;-1755.723
10885;308.3856;-524.4629;-1761.021
10919;308.52;-524.8945;-1763.618
10952;307.9599;-527.0289;-1761.625
10986;308.5935;-524.2195;-1764.803
11020;308.4226;-524.2672;-1765.002
11054;308.5193;-523.8304;-1765.729
11087;308.5996;-523.3019;-1766.111
11121;309.3233;-522.3139;-1766.144
11155;309.7475;-519.3958;-1764.474
11192;309.8023;-516.6349;-1760.581
11222;311.3658;-510.7556;-1757.165
11256;314.3755;-502.068;-1751.172
11289;319.9426;-490.349;-1745.017
11323;322.5664;-473.4661;-1692.079
11357;325.2472;-464.0947;-1678.628
11390;336.7022;-449.6163;-1708.78
11424;355.3479;-410.3489;-1709.388
11458;368.8821;-378.4064;-1693.167
11492;376.6334;-366.3749;-1715.933
11525;393.0688;-348.1329;-1718.521
11559;408.5173;-331.6603;-1723.403
11593;424.5296;-319.5212;-1732.038
11627;436.0984;-307.9013;-1739.525
11660;455.5553;-289.2226;-1755.759
11694;463.9891;-280.8169;-1765.525
11728;489.318;-256.3953;-1762.817
11761;503.2999;-247.1345;-1778.328
11795;529.3314;-231.1962;-1783.619
11828;544.5926;-224.259;-1794.16
11863;564.5305;-215.9287;-1807.946
11896;586.0119;-208.6455;-1825.228
11930;602.2904;-207.6817;-1839.543
11963;627.5787;-203.962;-1853.26
11997;638.4058;-204.6915;-1863.496
12014;653.1214;-204.8279;-1879.458
12048;668.5825;-205.2115;-1897.117
12081;678.1093;-211.9908;-1913.19
12115;687.9691;-216.0971;-1922.812
12149;711.4396;-215.2501;-1929.55
12199;710.4931;-227.3279;-1945.813
12216;711.9509;-235.7098;-1956.634
12250;716.5499;-242.3785;-1967.404
12284;717.7583;-252.5533;-1980.602
12317;721.1622;-256.4372;-1984.707
12351;722.678;-261.0341;-1988.621
12385;724.2283;-264.5303;-1992.02
12418;726.225;-268.7787;-1995.641
12452;726.4933;-273.5392;-1997.93
12486;725.2341;-278.633;-1998.893
12519;724.5729;-281.24;-1998.902
12570;723.7162;-283.3755;-1999.361
12587;726.6992;-283.5374;-1997.653
12620;729.0723;-283.3304;-1996.109
12654;728.0402;-283.6683;-1996.314
12688;725.3074;-283.4712;-1996.449
12722;723.0875;-280.969;-1996.996
12755;721.802;-278.2924;-1998.284
12789;720.758;-274.3156;-1998.453
12823;719.9885;-268.8514;-1997.631
12856;717.4454;-262.7567;-1996.985
12890;725.7537;-239.1306;-1991.391
12924;702.3537;-242.1261;-1999.525
12957;701.0912;-240.2888;-1999.777
12991;680.9906;-244.7581;-2005.877
13025;686.97;-231.5583;-2000.475
13059;686.5014;-226.1623;-2000.428
13092;701.7623;-195.3019;-1995.243
13126;702.7256;-192.2782;-1994.9
13160;701.1497;-191.4699;-1995.306
13193;700.048;-182.9696;-1995.495
13227;697.4714;-177.7973;-1997.043
13261;688.1153;-178.4219;-2001.448
13294;687.6299;-175.1745;-2002.304
13328;685.0491;-173.5486;-2004.114
13362;684.4819;-170.0791;-2004.464
13379;683.1189;-168.4036;-2005.376
13412;681.9605;-166.1707;-2006.532
13463;681.0984;-164.0271;-2007.977
13497;684.1879;-157.2857;-2010.642
13518;685.8838;-151.4627;-2012.781
13568;684.2025;-145.927;-2016.879
13585;684.1114;-139.3986;-2020.695
13619;689.1136;-129.097;-2025.273
13653;688.0795;-127.7063;-2027.762
13686;688.5416;-123.939;-2031.351
13720;686.3994;-121.9259;-2035.287
13754;689.7883;-112.3505;-2042.194
13787;689.7439;-108.7454;-2045.385
13821;690.9036;-104.2725;-2048.571
13855;692.0518;-98.72096;-2051.804
13888;700.0061;-77.28822;-2056.93
13922;696.8779;-79.70779;-2059.905
13956;685.5481;-90.09523;-2068.167
13989;684.7513;-91.88654;-2069.612
14023;689.5025;-87.27224;-2071.293
14057;689.8199;-85.82658;-2071.89
14090;686.6337;-86.93965;-2074.485
14124;686.9189;-85.06267;-2076.162
14158;684.282;-89.70687;-2077.884
14192;686.7753;-87.96449;-2077.303
14225;688.1649;-86.93895;-2076.479
14260;686.3676;-91.07127;-2076.553
14293;687.3213;-90.9484;-2076.096
14327;687.9719;-91.83891;-2074.723
14360;686.0649;-101.2796;-2070.198
14394;686.1096;-103.0738;-2068.643
14428;685.202;-104.4304;-2066.703
14461;684.4125;-107.2309;-2063.8
14495;684.4678;-109.2878;-2061.621
14529;685.0401;-111.1092;-2058.326
14562;685.5543;-113.5395;-2054.273
14596;684.4336;-113.5017;-2050.26
14630;683.832;-113.5041;-2048.65
14663;685.1539;-111.61;-2047.388
14697;685.3175;-112.2849;-2046.62
14731;685.1432;-112.2433;-2045.648
14765;684.2738;-112.0649;-2043.484
14798;683.1287;-110.6057;-2042.676
14832;683.8101;-106.8894;-2041.679
14849;684.1513;-103.7907;-2040.99
14899;683.61;-102.474;-2040.637
14916;690.0994;-76.82642;-2035.163
14967;689.4963;-75.13867;-2035.654
15000;687.4132;-75.06509;-2037.608
15017;686.2231;-73.43208;-2038.275
15068;684.4697;-69.1254;-2038.002
15085;680.5479;-63.66126;-2035.122
15118;677.3218;-59.68913;-2033.497
15152;675.2646;-58.84476;-2033.107
15186;667.3708;-63.82521;-2032.192
15220;666.4084;-60.49957;-2029.943
15270;665.3146;-53.52783;-2024.311
15287;656.4453;-60.59363;-2019.793
15321;652.6028;-62.33054;-2017.943
15354;651.8705;-61.41549;-2016.59
15388;650.9666;-59.73079;-2014.089
15422;649.5835;-59.05636;-2011.101
15456;645.5866;-60.17342;-2006.381
15489;639.8818;-64.26634;-2002.827
15523;638.3382;-64.30642;-2001.014
15556;637.869;-63.76599;-1999.653
15590;637.142;-63.46439;-1996.691
15624;635.056;-62.94625;-1991.648
15658;631.2641;-64.29281;-1987.651
15691;629.5711;-64.51897;-1986.313
15725;629.4291;-64.23511;-1985.069
15759;631.5295;-61.51313;-1982.023
15793;633.4299;-56.91496;-1977.063
15826;628.5651;-60.10823;-1974.622
15860;626.4906;-60.85103;-1973.848
15893;625.4127;-60.58844;-1973.693
15927;626.2452;-58.36686;-1972.554
15961;629.0585;-50.6999;-1968.548
15995;627.1651;-51.29008;-1968.285
16029;624.9144;-49.3021;-1967.613
16062;623.0147;-47.61974;-1969.765
16096;622.9639;-33.66977;-1974.311
16129;623.3957;-17.70911;-1977.55
16163;619.801;-2.788748;-1980.097
16197;611.1114;25.43636;-1989.657
16230;607.8907;70.02802;-2008.71
16264;607.5037;83.01633;-2015.575
16298;601.7275;103.9649;-2027.056
16332;592.2996;119.8746;-2037.574
16365;578.5548;135.8865;-2054.047
16382;565.8558;159.2052;-2071.775
16416;550.2935;210.1871;-2098.286
16466;531.8262;238.225;-2117.873
16500;514.2999;248.3586;-2131.768
16517;481.7422;255.4263;-2160.685
16567;466.3814;261.1367;-2169.439
16601;434.4126;261.2924;-2187.4
16618;407.9785;280.5007;-2202.724
16652;384.6328;275.6138;-2218.326
16685;369.5456;279.3745;-2226.275
16719;353.1879;274.1262;-2235.396
16753;340.5965;247.8862;-2223.406
16787;346.761;204.8165;-2211.094
16820;346.0413;206.3864;-2202.695
16855;330.1324;199.4642;-2190.298
16888;327.8531;199.9931;-2209.085
16922;321.4481;195.8036;-2203.806
16956;324.1119;196.9294;-2202.973
16989;315.1085;231.4527;-2220.264
17023;327.7311;200.7809;-2184.246
17057;304.0912;237.4553;-2206.4
17091;304.6691;246.3572;-2212.121
17124;349.3741;201.1935;-2168.632
17177;334.0043;239.1313;-2176.056
17192;369.2345;209.5095;-2142.175
17225;366.8452;239.3429;-2140.594
17259;372.8428;236.7622;-2135.194
17293;408.08;190.6795;-2100.061
17343;407.1355;211.1576;-2097.861
17360;444.7289;185.4096;-2075.153
17394;447.5688;214.3187;-2070.552
17428;463.294;192.7913;-2056.709
17462;491.737;183.8889;-2017.59
17495;509.9881;174.0999;-1994.269
17529;540.613;137.389;-1963.984
17562;551.9478;128.5124;-1944.303
17596;580.1343;96.63609;-1909.999
17630;593.8575;66.85445;-1882.307
17664;607.243;7.066773;-1857.148
17697;620.4717;-31.12666;-1823.603
17732;630.1661;-82.33784;-1796.055
17765;614.1976;-146.779;-1796.522
17798;606.1212;-200.5404;-1776.92
17815;581.4904;-252.7252;-1788.036
17866;561.101;-304.8224;-1790.295
17899;565.9951;-341.0167;-1757.834
17933;548.0232;-381.8799;-1778.128
17967;536.8434;-421.4754;-1778.358
18001;520.3031;-451.8687;-1787.192
18034;509.8621;-493.9506;-1782.928
18051;496.8472;-512.6258;-1793.079
18085;482.9406;-541.6038;-1803.76
18118;469.2819;-562.9713;-1818.439
18152;454.1436;-576.1453;-1835.507
18186;443.5698;-585.9998;-1842.794
18220;432.1273;-594.1595;-1849.512
18253;426.2407;-594.5981;-1855.261
18287;421.8449;-592.4225;-1859.804
18321;422.77;-586.7654;-1860.097
18354;443.7593;-564.3962;-1840.993
18388;472.8338;-532.6502;-1815.236
18422;485.0832;-495.6237;-1813.03
18455;503.2412;-445.5522;-1805.464
18489;527.7937;-391.2804;-1825.872
18523;541.0827;-339.4782;-1837.011
18556;561.5551;-286.3976;-1847.617
18590;586.9407;-213.0651;-1848.561
18624;607.5568;-127.2083;-1864.792
18658;616.0089;-35.04976;-1893.334
18691;606.7383;22.66172;-1936.866
18725;603.4978;97.25484;-1969.256
18759;581.4631;141.3227;-2012.522
18793;561.8983;189.5896;-2052.293
18826;543.9462;249.6419;-2095.258
18860;516.6263;260.4217;-2122.329
18893;490.3836;297.1549;-2162.725
18927;464.8115;299.1475;-2184.472
18961;427.4436;307.4829;-2217.478
19011;406.4459;308.0554;-2227.047
19028;370.2303;296.4147;-2248.561
19062;355.524;294.8607;-2258.474
19096;333.7879;282.8929;-2271.767
19129;324.294;280.5824;-2279.078
19163;314.7238;264.3373;-2278.247
19197;307.7535;255.1719;-2279.844
19230;290.3685;247.8136;-2281.763
19264;292.5748;236.8351;-2282.08
19283;292.1353;235.8576;-2284.74
19331;249.8751;247.2737;-2293.307
19349;250.3237;245.4133;-2292.469
19389;291.6973;197.2602;-2271.865
19423;307.3549;209.053;-2281.836
19457;307.309;210.7673;-2283.781
19490;307.1075;211.228;-2283.297
19526;304.6187;219.9809;-2278.687
19558;303.2763;225.282;-2275.981
19591;302.665;234.6942;-2269.082
19625;309.2588;242.4575;-2258.209
19659;340.5093;223.3886;-2227.411
19693;340.7459;235.5823;-2223.141
19726;346.9716;241.3801;-2215.332
19760;373.9294;240.0976;-2184.432
19794;382.7984;250.4132;-2180.841
19829;401.1595;247.5224;-2171.687
19863;421.1881;238.6486;-2149.118
19896;436.5672;223.926;-2134.113
19930;459.4616;219.5202;-2113.632
19964;473.1738;210.336;-2092.122
19997;500.0512;198.1307;-2055.78
20031;513.5156;162.293;-2037.087
20065;519.5482;152.3627;-2026.827
20099;532.6705;134.4976;-2008.968
20132;543.3511;121.4932;-1995.787
20166;554.3471;112.781;-1983.085
20200;562.2264;76.81403;-1971.443
20233;574.6991;66.59168;-1953.436
20267;593.0328;28.90255;-1927.359
20301;598.0451;17.15326;-1918.952
20318;614.7963;-3.44978;-1888.992
20368;625.7349;-24.39713;-1869.92
20386;634.2598;-52.50637;-1847.201
20436;637.666;-85.26677;-1832.698
20453;628.9346;-135.1509;-1823.314
20486;628.4592;-166.8605;-1817.926
20520;624.8438;-205.6987;-1801.561
20570;615.3162;-241.6323;-1794.103
20587;627.3513;-278.0356;-1738.235
20638;612.2654;-317.2596;-1733.559
20672;560.6184;-362.7918;-1802.458
20688;553.6038;-390.9576;-1800.746
20739;536.5991;-443.2971;-1789.166
20756;517.3082;-473.4348;-1798.16
20789;502.4702;-515.0101;-1793.845
20823;490.935;-541.3077;-1798.497
20857;469.1026;-564.6937;-1817.24
20890;451.1344;-582.0983;-1836.553
20924;418.6494;-614.1774;-1866.489
20958;417.3116;-609.6785;-1866.893
20991;405.9472;-618.5573;-1876.414
21025;392.4835;-623.7149;-1886.373
21059;374.0041;-649.2557;-1874.702
21092;371.2525;-650.5406;-1875.416
21126;365.9227;-653.187;-1876.343
21160;362.6015;-656.916;-1876.533
21194;360.1009;-658.0682;-1877.704
21227;352.9259;-675.2612;-1889.057
21261;341.2475;-654.9338;-1910.179
21295;341.2345;-654.662;-1911.04
21328;325.8743;-689.356;-1902.489
21362;324.3599;-693.6469;-1901.002
21396;323.2305;-693.6005;-1899.684
21429;329.6049;-662.5964;-1909.855
21463;322.6537;-689.3212;-1888.185
21499;352.0128;-619.1025;-1920.662
21530;354.1611;-617.7534;-1919.124
21564;370.8263;-602.3183;-1895.38
21598;384.3288;-583.8499;-1894.45
21632;429.965;-533.2997;-1847.811
21665;445.9716;-501.0948;-1830.703
21699;467.2418;-447.3251;-1816.577
21733;488.9816;-404.1989;-1810.411
21766;527.2906;-355.205;-1760.043
21800;517.5363;-318.9225;-1844.35
21834;539.7836;-264.2287;-1836.612
21868;549.5124;-208.5008;-1851.685
21901;555.2276;-151.6465;-1862.943
21936;558.0918;-98.38069;-1874.976
21952;568.1837;-45.4391;-1890.777
22002;563.8653;-7.8489;-1918.166
22019;566.7598;68.51472;-1933.832
22053;564.4685;110.8251;-1960.086
22087;557.4493;164.2167;-1982.98
22137;549.4653;180.5023;-2014.975
22154;538.8533;223.8565;-2051.194
22188;533.1768;282.1257;-2078.198
22221;523.5854;297.0398;-2099.719
22255;504.7861;309.0909;-2122.383
22289;469.1963;308.7184;-2159.645
22322;440.0247;311.2484;-2179.297
22356;410.3971;315.5425;-2193.494
22390;389.4351;311.4539;-2207.922
22424;363.7788;302.3182;-2225.15
22457;352.1555;286.1525;-2225.377
22491;337.8648;281.2582;-2230.209
22525;330.7671;279.3738;-2232.382
22558;323.0104;278.3983;-2237.654
22592;318.8537;279.0093;-2238.907
22626;314.7491;279.1703;-2241.774
22660;311.1235;279.7787;-2244.104
22693;309.9666;277.7012;-2243.079
22727;309.633;277.5402;-2243.357
22760;310.3907;277.3;-2243.422
22794;311.1897;277.0361;-2242.809
22828;312.8757;276.787;-2240.988
22863;315.0792;278.4942;-2239.814
22895;315.4037;283.1515;-2238.9
22929;325.4931;278.7838;-2226.677
22963;332.0203;276.5659;-2219.574
22996;333.1885;279.62;-2216.259
23030;336.2254;300.6495;-2215.079
23064;358.7237;271.7662;-2188.61
23098;361.5499;270.8232;-2185.612
23131;366.7865;271.8138;-2183.076
23165;375.685;272.2342;-2177.589
23199;384.2773;271.8094;-2168.987
23232;393.6449;267.9683;-2160.138
23266;402.0751;265.6628;-2148.489
23283;410.799;259.5464;-2140.779
23316;423.3314;257.8463;-2132.168
23367;435.296;254.0095;-2121.124
23384;447.2455;264.5046;-2104.932
23434;471.3178;224.589;-2078.396
23451;475.3043;221.3024;-2072.329
23485;490.7012;207.8389;-2048.39
23519;502.9954;195.925;-2033.381
23569;519.1682;177.3105;-2012.886
23588;532.2337;160.7463;-1995.478
23620;546.3526;146.8109;-1978.645
23654;564.077;130.6319;-1952.275
23688;585.619;99.5806;-1923.795
23721;600.1868;73.68308;-1904.32
23755;612.2525;27.40943;-1877.777
23788;625.9996;6.3254;-1848.387
23822;634.4808;-47.92074;-1822.587
23856;634.2721;-100.6545;-1805.867
23890;626.2015;-155.1319;-1793.533
23923;620.8858;-200.2009;-1776.103
23957;597.9398;-253.214;-1791.664
23991;613.7062;-286.2359;-1732.247
24024;597.1844;-327.1644;-1728.551
24058;555.3892;-365.3269;-1786.399
24092;538.3536;-397.7196;-1794.079
24126;532.0397;-416.5407;-1795.482
24159;514.9058;-454.7973;-1798.912
24193;508.5592;-495.6416;-1781.101
24227;500.214;-504.1984;-1791.042
24260;487.3129;-523.4102;-1803.539
24294;476.4864;-535.9639;-1814.471
24328;464.0808;-552.4108;-1821.862
24361;451.7514;-562.6006;-1827.04
24395;439.6308;-573.0986;-1834.043
24429;429.4301;-583.2111;-1843.543
24463;423.4864;-586.478;-1848.057
24496;419.4971;-585.9826;-1851.417
24530;413.1528;-587.0527;-1856.153
24564;410.0316;-586.6331;-1859.412
24598;406.8703;-587.2234;-1860.324
24631;403.9907;-587.5761;-1863.119
24665;403.6714;-586.9282;-1863.359
24699;402.6659;-583.655;-1865.02
24732;402.4345;-582.9966;-1864.62
24767;401.5027;-570.7135;-1875.074
24800;402.1441;-569.6109;-1872.209
24816;407.9603;-564.6152;-1863.573
24850;412.7153;-556.254;-1857.711
24884;425.9454;-537.2926;-1840.397
24934;433.7523;-524.7449;-1835.27
24951;461.3958;-481.168;-1826.961
24985;456.6883;-457.1695;-1807.529
25019;479.6362;-419.67;-1810.07
25052;493.189;-390.7543;-1794.616
25086;504.4613;-359.7456;-1823.468
25120;514.1566;-317.5586;-1829.242
25153;540.4724;-259.0882;-1819.314
25187;543.759;-215.4724;-1843.768
25221;556.3782;-160.2655;-1850.325
25254;569.1497;-99.21317;-1858.623
25288;576.2209;-43.10434;-1879.417
25322;569.144;-19.98179;-1904.967
25356;563.5858;16.33144;-1934.843
25389;566.9287;84.44137;-1947.891
25423;561.4091;108.4189;-1966.8
25457;556.3859;118.1115;-1988.974
25490;547.7144;141.345;-2010.914
25524;538.6151;156.9022;-2028.25
25558;528.8742;171.8445;-2043.308
25597;518.9556;186.9905;-2061.967
25630;503.435;208.1313;-2084.479
25664;497.2296;196.861;-2095.817
25698;488.457;217.9419;-2108.823
25731;474.4042;232.5363;-2130.47
25748;470.7993;234.322;-2131.867
25799;464.241;242.1662;-2134.967
25832;457.2815;243.5068;-2140.557
25849;448.4351;245.4958;-2148.011
25883;443.5445;246.9286;-2153.68
25933;437.7126;249.97;-2158.904
25950;434.0874;252.1164;-2163.334
25984;430.3144;253.451;-2166.197
26035;426.0742;255.5326;-2167.404
26052;423.0179;255.9769;-2168.574
26086;421.4223;256.4343;-2169.733
26119;419.954;257.5016;-2170.507
26153;418.5659;258.1947;-2170.619
26186;417.9573;258.2993;-2170.304
26220;417.8413;258.1456;-2169.495
26271;418.5256;258.1162;-2167.601
26287;421.1564;256.8221;-2162.088
26321;425.5777;255.641;-2153.912
26355;428.9001;253.7776;-2146.049
26388;436.6349;246.2432;-2137.576
26422;444.158;243.6342;-2126.919
26473;453.029;233.9391;-2113.101
26489;471.0058;221.8814;-2090.789
26523;474.4375;207.2053;-2081.575
26557;482.1418;197.2812;-2068.883
26590;489.1794;191.2317;-2053.586
26624;500.6285;169.9886;-2030.001
26658;506.7866;153.5242;-2014.997
26692;514.3768;134.4696;-1994.526
26725;523.7383;121.586;-1975.322
26759;528.6104;82.69182;-1960.702
26793;535.1916;63.46683;-1933.805
26849;543.8494;45.57782;-1897.856
26861;549.886;-11.97261;-1884.345
26894;551.1624;-42.76402;-1858.941
26928;561.8188;-82.06014;-1826.912
26962;553.925;-139.4722;-1817.048
26995;552.5067;-189.3803;-1802.167
27029;537.6287;-246.5072;-1794.652
27063;511.7884;-298.3784;-1808.988
27096;508.6672;-324.7166;-1796.47
27130;516.3397;-368.2053;-1725.796
27164;475.3832;-396.9221;-1818.86
27198;468.8326;-423.3725;-1810.167
27231;456.1236;-451.3392;-1818.223
27265;451.9635;-488.9723;-1801.014
27299;442.7776;-518.7455;-1808.053
27317;436.1514;-538.1241;-1809.079
27366;416.5609;-566.5593;-1826.398
27400;412.6708;-574.8796;-1831.352
27417;399.7535;-589.2275;-1844.331
27467;390.0;-593.3605;-1854.328
27484;380.1357;-600.9121;-1865.63
27518;375.9181;-606.8256;-1868.933
27552;370.9904;-610.7932;-1874.631
27602;366.6018;-612.2064;-1878.951
27619;363.3318;-612.9561;-1882.757
27670;361.0908;-612.8073;-1884.044
27686;359.9882;-612.4777;-1883.826
27720;363.8665;-617.5004;-1858.565
27754;372.1299;-594.8428;-1863.98
27787;375.5459;-583.4063;-1867.278
27821;381.7429;-570.6002;-1852.857
27855;403.7927;-527.4066;-1828.232
27888;418.4461;-504.2227;-1822.481
27939;419.0195;-459.3825;-1738.48
27956;448.5797;-407.2252;-1793.087
27989;476.9103;-363.9234;-1730.003
28023;475.8068;-327.9242;-1807.406
28057;497.3735;-283.2572;-1838.294
28090;517.6684;-215.9683;-1824.047
28124;535.0999;-150.0298;-1837.562
28159;549.8681;-76.79216;-1849.586
28192;554.4341;-25.42363;-1880.317
28226;555.4939;44.48739;-1900.277
28259;556.1414;85.24567;-1934.282
28293;555.7308;124.0063;-1967.027
28327;551.9572;146.3697;-2000.813
28360;546.2829;186.814;-2013.937
28394;534.1249;200.3013;-2038.14
28428;519.329;217.6441;-2066.969
28461;509.2175;227.4249;-2090.785
28495;491.2833;232.0476;-2116.811
28528;485.3852;247.4377;-2123.629
28562;473.6779;252.4288;-2137.172
28596;466.7752;256.0493;-2149.803
28630;456.5106;259.8569;-2158.56
28664;447.6581;258.6366;-2165.779
28682;441.0194;258.6288;-2171.057
28731;437.2583;259.6288;-2175.108
28764;432.0229;259.198;-2179.315
28798;428.2231;260.1107;-2181.069
28821;423.8662;274.3086;-2182.317
28866;422.0883;278.8286;-2182.382
28899;421.4845;278.5545;-2181.806
28933;422.4755;271.6613;-2180.299
28967;425.0991;266.4326;-2174.391
29000;429.2806;261.5579;-2161.269
29034;435.5689;259.2592;-2149.637
29051;441.2806;254.9603;-2141.687
29085;448.0272;251.712;-2131.042
29118;459.9317;239.1487;-2112.18
29152;470.2177;227.8339;-2089.676
29186;485.0393;215.5508;-2054.175
29219;494.5411;197.9252;-2036.248
29253;509.4629;153.3254;-1995.681
29287;520.7571;133.4506;-1968.366
29320;527.6476;69.61849;-1939.509
29371;532.3036;48.12252;-1902.431
29388;537.9459;1.889806;-1860.0
29422;538.614;-49.1949;-1819.228
29455;531.4277;-124.5496;-1801.114
29489;520.2444;-205.4285;-1794.85
29523;498.0374;-272.4481;-1783.587
29556;478.7121;-340.1357;-1780.43
29590;466.4622;-375.3464;-1743.566
29624;447.4048;-430.1656;-1762.161
29657;431.6638;-478.1191;-1788.09
29691;414.1401;-527.7604;-1788.173
29725;388.1064;-563.8568;-1812.054
29759;371.7971;-590.3195;-1820.219
29792;361.869;-608.0707;-1826.09
29826;347.2483;-633.7288;-1827.696
29860;337.9677;-638.8638;-1838.262
29893;330.8392;-642.4194;-1849.801
29927;324.7559;-643.8626;-1859.959
29961;321.2897;-647.1979;-1867.121
29995;318.6273;-648.6005;-1870.183
30028;317.5484;-648.4093;-1871.656
30062;317.4901;-648.3706;-1871.671
30096;317.5875;-647.916;-1871.753
30129;341.4921;-630.3686;-1819.066
30163;352.8857;-586.0778;-1822.567
30197;371.6314;-549.4543;-1821.308
30230;382.8398;-514.8668;-1811.116
30251;404.1975;-470.9842;-1745.065
30298;425.0285;-417.3898;-1772.25
30331;448.9965;-366.277;-1694.739
30351;458.9087;-353.1023;-1846.695
30399;485.985;-274.6085;-1796.866
30433;503.872;-199.2638;-1787.847
30466;516.3401;-133.079;-1804.439
30483;529.5953;-58.24136;-1813.291
30517;530.6664;-12.74957;-1852.943
30568;530.8723;67.65057;-1871.253
30584;529.0836;107.0526;-1909.755
30618;520.8399;136.8489;-1942.121
30652;507.3594;152.2126;-1973.227
30685;495.7163;188.8106;-2003.962
30719;479.7242;197.7329;-2037.411
30753;469.3307;213.4959;-2059.508
30786;450.4798;222.3148;-2090.775
30820;442.1472;236.7338;-2108.369
30854;430.7929;242.96;-2128.13
30887;418.4805;248.3602;-2148.154
30921;404.1604;270.7607;-2163.503
30955;396.7899;248.1992;-2165.814
30988;391.9743;244.2998;-2168.214
31022;385.7588;242.6541;-2172.591
31056;378.0869;241.9086;-2177.731
31089;374.0197;240.6428;-2179.215
31123;369.3292;241.3722;-2181.22
31157;367.2635;240.5874;-2182.006
31191;365.8603;240.8938;-2182.294
31224;365.6153;240.8707;-2182.34
31258;365.3271;240.7705;-2182.022
31292;364.7742;239.557;-2180.859
31326;364.537;239.5563;-2180.387
31359;365.0272;239.6733;-2179.184
31393;367.7003;238.8051;-2176.07
31427;372.0509;237.3467;-2171.809
31460;381.0377;233.1597;-2164.213
31494;389.3836;256.879;-2163.581
31528;396.5607;255.8969;-2158.319
31561;412.1897;252.7721;-2143.283
31595;436.6819;234.0654;-2110.231
31629;452.013;221.4258;-2089.88
31662;469.3567;204.547;-2062.442
31696;490.5446;174.3645;-2019.841
31730;505.9286;127.3381;-1983.207
31764;515.2563;81.70289;-1954.539
31797;523.8108;46.08289;-1913.301
31831;533.8439;-0.2214269;-1870.218
31865;536.7226;-54.09974;-1830.356
31884;530.5645;-131.5461;-1809.649
31932;516.0932;-208.3929;-1792.99
31949;537.2487;-251.3601;-1735.099
31983;473.1236;-344.6576;-1810.247
32020;467.1674;-382.1443;-1764.274
32067;452.1714;-431.6875;-1774.421
32084;444.2082;-481.7954;-1776.018
32119;427.7499;-524.9498;-1786.325
32168;412.5424;-557.4926;-1804.263
32185;398.3775;-580.3148;-1826.014
32218;371.1413;-607.7839;-1836.041
32252;359.9932;-622.5065;-1847.672
32286;351.1331;-626.8169;-1857.265
32324;341.2288;-642.8132;-1858.644
32354;335.5438;-646.2402;-1863.37
32387;330.8251;-647.7342;-1866.711
32421;329.3799;-648.1924;-1867.687
32455;328.9822;-648.226;-1867.399
32488;330.6372;-647.0298;-1859.27
32522;340.6159;-642.7925;-1832.0
32555;357.3643;-594.6987;-1849.725
32589;364.3904;-572.6545;-1842.651
32623;384.5711;-534.0167;-1822.938
32656;405.9516;-495.6756;-1809.553
32690;425.8283;-443.0315;-1822.376
32724;441.7242;-390.9073;-1745.441
32758;482.1667;-341.8099;-1706.256
32791;482.6252;-308.9974;-1795.202
32825;501.0979;-261.8384;-1804.4
32859;517.41;-187.4756;-1792.97
32893;524.458;-140.1036;-1824.915
32926;541.3877;-61.75488;-1824.812
32960;544.7721;-21.77972;-1860.767
32993;546.4872;43.70644;-1879.668
33027;546.398;87.24286;-1909.855
33061;542.3185;117.0815;-1941.588
33095;536.4902;139.8015;-1971.175
33128;528.2544;169.7959;-2002.99
33162;512.662;197.2951;-2032.245
33196;503.6943;208.3282;-2045.167
33230;485.5159;218.7761;-2079.177
33263;465.4953;232.3179;-2108.034
33297;456.6591;242.677;-2116.339
33330;442.5076;246.2649;-2130.384
33364;432.2713;250.3921;-2145.189
33398;423.8179;254.8412;-2156.027
33432;414.2615;255.601;-2164.85
33465;406.9699;257.3996;-2171.469
33499;399.0199;269.3545;-2175.742
33533;392.8299;272.257;-2177.87
33566;388.2745;273.612;-2180.91
33583;386.7182;274.7398;-2181.54
33634;386.241;274.7313;-2181.471
33650;388.1653;263.8448;-2180.482
33684;389.7755;260.1893;-2178.674
33735;394.7404;256.8589;-2171.088
33768;414.1815;231.8091;-2151.175
33785;414.2807;249.6713;-2148.481
33819;419.2518;244.782;-2141.587
33853;431.0506;233.0127;-2126.98
33886;454.0866;193.6194;-2096.567
33920;459.5153;197.8857;-2085.492
33954;472.6073;193.8149;-2059.517
33988;491.7253;153.6866;-2023.161
34021;503.1694;134.2529;-2002.064
34055;520.0171;93.41226;-1966.035
34088;530.851;66.37862;-1939.445
34122;539.121;17.28773;-1896.719
34156;543.7048;-28.89406;-1857.668
34190;551.8432;-87.47172;-1815.089
34223;543.076;-162.2469;-1788.084
34257;524.595;-245.3305;-1770.179
34291;498.0204;-315.752;-1766.612
34325;485.7445;-381.2769;-1764.403
34359;470.5118;-420.8985;-1783.759
34393;447.1604;-487.3856;-1767.399
34427;424.0;-535.0607;-1782.464
34461;399.1607;-575.013;-1806.18
34494;373.0472;-604.6911;-1817.055
34528;357.267;-619.8771;-1830.298
34562;347.2197;-625.7373;-1850.303
34595;336.6555;-627.3918;-1873.207
34629;325.057;-641.9612;-1875.501
34662;322.158;-646.0922;-1877.658
34696;320.6704;-648.0045;-1878.717
34730;320.4111;-648.0874;-1878.745
34764;320.9582;-647.9098;-1876.96
34797;328.3929;-646.673;-1861.604
34831;343.3979;-626.0151;-1852.869
34865;357.1135;-603.3888;-1838.723
34898;374.9972;-562.8414;-1833.124
34932;395.7803;-534.6112;-1812.761
34966;426.0011;-483.4681;-1790.524
35000;469.6996;-427.7117;-1788.412
35025;465.4537;-382.7322;-1791.844
35059;493.7183;-334.4024;-1787.573
35092;516.8329;-276.1482;-1801.412
35126;548.9586;-187.3218;-1794.696
35160;554.8617;-136.4874;-1832.701
35194;567.0669;-59.85025;-1854.371
35227;562.7833;-16.72811;-1896.307
35261;563.3484;57.83165;-1924.292
35295;555.0952;95.34023;-1965.975
35328;543.0718;103.6927;-1995.69
35362;524.3178;134.4489;-2042.358
35396;514.4538;148.7672;-2058.499
35429;496.2992;162.9651;-2099.662
35463;491.0431;175.8653;-2110.576
35497;479.257;175.3502;-2131.127
35531;476.1317;177.2954;-2144.614
35564;468.5383;184.4631;-2157.269
35598;464.1217;186.1542;-2161.066
35632;459.484;186.9577;-2166.646
35665;457.4259;187.8391;-2168.455
35699;454.7024;187.9067;-2169.068
35733;453.5414;187.9847;-2169.614
35766;453.0236;188.4202;-2170.01
35800;453.1029;188.2856;-2170.221
35834;453.2532;187.7548;-2170.079
35851;453.9949;185.5126;-2169.705
35901;455.9334;185.774;-2167.185
35935;458.2372;185.1657;-2164.856
35969;459.8778;183.9025;-2162.943
36003;461.8673;183.6954;-2157.153
36036;464.9352;184.2271;-2151.807
36070;468.2531;181.419;-2143.588
36087;474.6775;177.515;-2127.926
36120;482.3774;169.5909;-2111.163
36154;489.0994;161.9786;-2093.801
36188;512.8946;151.1382;-2062.629
36238;518.499;127.8872;-2014.521
36255;530.403;105.3374;-1987.351
36289;543.5801;82.9971;-1955.076
36323;552.119;43.15096;-1917.37
36373;554.4711;-3.021293;-1875.043
36390;557.808;-48.07835;-1837.071
36423;556.3885;-108.3518;-1805.294
36457;547.7214;-161.2057;-1766.676
36491;529.639;-234.9617;-1759.367
36525;513.5982;-294.4938;-1739.467
36560;502.1105;-337.4935;-1709.558
36592;484.656;-388.8347;-1674.896
36626;438.1487;-432.555;-1776.991
36659;433.1976;-457.0667;-1787.367
36693;417.108;-521.6378;-1772.764
36727;400.5034;-558.4644;-1786.293
36760;382.1483;-585.9489;-1804.542
36794;369.1866;-605.7485;-1813.144
36828;361.6985;-614.6196;-1826.493
36862;351.8575;-635.7802;-1830.76
36896;347.2149;-639.0916;-1836.025
36929;342.0473;-642.6358;-1844.066
36963;340.0921;-643.1805;-1848.542
36996;339.2075;-643.8101;-1850.123
37030;338.7151;-644.0771;-1850.6
37064;338.6823;-644.0664;-1850.575
37097;338.8153;-644.0765;-1849.558
37131;339.0689;-643.0884;-1845.563
37165;344.0582;-640.4262;-1829.928
37198;352.8979;-615.8934;-1827.942
37232;364.7991;-583.6031;-1826.139
37266;379.0064;-549.603;-1816.547
37283;400.0135;-503.7036;-1823.306
37333;416.9506;-465.3411;-1731.016
37350;441.4585;-411.5891;-1760.682
37384;468.3803;-350.8208;-1701.468
37434;483.9443;-316.7198;-1797.099
37451;506.4574;-249.8924;-1803.213
37485;525.1803;-168.9564;-1803.698
37519;541.7975;-84.52943;-1815.533
37552;546.1459;-37.14445;-1859.884
37603;546.9657;46.19648;-1881.112
37637;548.1865;87.52102;-1924.172
37653;540.1727;121.9191;-1964.565
37704;530.7615;137.1625;-1996.665
37721;510.1452;169.1141;-2032.215
37755;496.9179;185.2025;-2057.555
37788;482.5179;199.0097;-2083.522
37822;464.3991;204.498;-2116.359
37856;456.6662;218.3792;-2124.996
37889;443.575;227.7548;-2143.569
37923;435.3661;240.1609;-2155.616
37957;421.9364;240.8965;-2167.053
37990;406.7191;263.9409;-2174.31
38024;402.9576;196.3018;-2166.327
38058;387.7292;226.2808;-2171.83
38091;399.5996;208.2174;-2170.659
38125;382.8898;227.9724;-2168.448
38160;382.9072;228.0538;-2168.403
38193;383.0156;228.556;-2167.6
38226;385.2311;229.6732;-2165.827
38260;395.4615;254.2429;-2169.127
38294;399.7289;249.2121;-2165.426
38327;412.2754;244.163;-2152.197
38361;424.0463;234.1175;-2140.609
38395;439.6487;226.5379;-2123.225
38428;452.6312;214.6455;-2103.608
38462;474.6265;191.4864;-2061.814
38496;490.668;151.5255;-2025.104
38529;505.5652;124.7554;-1987.149
38550;522.1712;82.78043;-1946.9
38597;531.6495;64.15748;-1887.479
38631;537.1066;-2.790075;-1840.767
38664;534.4174;-78.50027;-1794.545
38698;527.1238;-165.7119;-1761.844
38732;496.767;-264.2681;-1769.224
38765;457.4453;-341.3309;-1815.771
38799;453.0679;-357.1845;-1819.96
38818;443.997;-412.7914;-1803.122
38867;427.2408;-487.7492;-1724.806
38889;408.2073;-526.8784;-1757.952
38919;384.6231;-573.8808;-1762.062
38952;368.0624;-590.2733;-1781.28
38986;351.9489;-608.1889;-1804.43
39020;345.6145;-611.8788;-1817.634
39054;335.4601;-614.6841;-1841.129
39087;330.0021;-618.1566;-1850.809
39121;326.0764;-619.202;-1860.027
39154;324.3151;-619.9625;-1862.581
39188;323.6047;-619.4991;-1864.49
39222;321.8931;-633.9874;-1850.068
39256;331.1406;-618.7072;-1842.189
39289;345.5811;-599.6581;-1813.848
39323;369.8549;-549.2244;-1813.53
39357;388.3816;-510.1655;-1784.201
39390;406.3516;-465.0812;-1709.074
39424;441.0063;-381.7242;-1832.344
39458;468.2089;-324.5194;-1858.947
39491;472.9584;-307.7678;-1857.398
39525;510.3127;-199.7495;-1761.178
39560;522.4126;-133.7072;-1799.364
39593;534.9833;-43.57598;-1813.401
39626;541.012;42.17927;-1843.828
39660;538.1626;93.57722;-1887.923
39694;532.0462;157.1208;-1921.355
39727;517.94;168.2502;-1971.85
39761;501.4642;186.3522;-2010.99
39795;486.1258;205.1031;-2041.843
39828;468.659;218.9736;-2079.867
39862;454.192;236.4039;-2094.193
39896;439.3126;242.3032;-2121.179
39929;430.2819;251.8644;-2136.047
39963;419.9246;254.3245;-2152.532
39997;406.7761;269.2479;-2164.171
40030;396.5943;243.9691;-2164.846
40064;377.6968;270.0204;-2193.18
40098;371.5959;263.3106;-2218.385
40132;372.5305;264.1399;-2220.232
40165;369.5034;263.6755;-2221.424
40199;367.015;263.3827;-2221.922
40233;368.3598;243.3441;-2180.085
40250;386.1084;208.8203;-2169.966
40300;386.9775;208.5871;-2169.0
40334;387.7137;208.5834;-2164.433
40368;391.4075;206.4174;-2157.046
40402;395.7328;205.7207;-2149.172
40435;405.9738;182.9219;-2137.185
40452;405.4764;216.0966;-2122.573
40502;410.665;217.4371;-2111.335
40519;422.6361;214.9608;-2085.222
40553;441.0846;175.8033;-2048.903
40587;447.6806;165.309;-2028.01
40620;459.8585;134.5495;-1980.257
40654;473.9386;71.75408;-1942.142
40705;478.4886;60.65818;-1872.034
40738;479.9119;-45.18024;-1839.708
40755;473.472;-174.7502;-1852.35
40789;452.4904;-279.2408;-1912.435
40822;432.0092;-340.9853;-1791.463
40856;417.2395;-431.5837;-1775.658
40907;395.9078;-510.8054;-1772.306
40924;367.7717;-580.4967;-1788.104
40957;356.6115;-608.9189;-1828.891
40991;339.8854;-645.0645;-1853.88
41025;332.0452;-647.9199;-1865.337
41058;322.7727;-647.806;-1877.766
41092;316.8539;-647.5823;-1883.354
41126;315.2238;-648.1971;-1883.99
41160;315.1777;-647.9814;-1884.205
41193;316.7718;-646.5568;-1879.594
41227;337.8423;-598.8881;-1886.385
41260;343.8366;-592.8519;-1877.942
41294;350.9338;-579.71;-1840.258
41328;355.8381;-567.3525;-1819.018
41362;377.9934;-525.528;-1809.336
41395;406.8048;-486.334;-1798.705
41429;415.7573;-468.3383;-1724.324
41463;459.2498;-373.7972;-1860.18
41496;458.992;-342.4293;-1755.432
41530;474.4391;-327.7172;-1870.618
41548;495.6425;-273.7196;-1880.297
41597;518.4612;-171.129;-1835.412
41631;529.6914;-98.01964;-1856.054
41665;536.773;-21.70224;-1884.2
41699;537.2747;78.67979;-1906.053
41732;532.5366;140.6101;-1950.415
41766;511.1724;176.2002;-1999.658
41800;491.7004;195.5754;-2046.028
41833;466.9414;217.2244;-2088.169
41867;447.7572;235.607;-2122.744
41901;426.9859;254.1538;-2157.299
41934;403.6324;285.9069;-2173.385
41968;383.0994;284.1245;-2190.318
42002;369.3085;251.5267;-2198.012
42019;366.8054;249.334;-2200.97
42069;363.801;245.7454;-2203.513
42103;359.6435;245.8066;-2204.908
42120;353.482;245.6268;-2205.604
42170;351.6573;244.9666;-2204.114
42204;350.7043;243.6832;-2200.808
42221;349.8278;241.3082;-2193.722
42271;352.3241;240.6117;-2182.576
42288;361.6086;237.4244;-2164.452
42322;367.6505;233.9793;-2146.766
42356;384.6658;250.8403;-2134.385
42406;392.5568;248.3569;-2122.8
42423;412.7362;224.9473;-2080.238
42457;435.9679;167.6862;-2053.924
42490;440.6241;165.1196;-2032.845
42524;455.9788;135.416;-1986.055
42558;465.9485;84.42421;-1949.555
42591;476.0488;59.71119;-1900.939
42625;482.5137;16.89112;-1848.53
42660;487.7526;-44.69873;-1795.961
42693;479.7783;-147.2454;-1776.334
42726;468.5893;-277.7745;-1828.772
42760;435.6581;-334.1617;-1821.159
42794;426.9073;-351.3451;-1802.557
42827;415.7599;-444.9562;-1731.03
42861;398.0132;-519.6709;-1732.035
42895;371.2853;-566.8721;-1763.766
42929;349.0821;-602.5304;-1776.175
42962;340.7189;-606.8642;-1815.872
42996;331.0512;-610.439;-1834.289
43029;322.2848;-614.3266;-1846.863
43063;308.9692;-630.6255;-1849.679
43097;304.4965;-634.012;-1853.737
43131;305.7216;-611.2106;-1882.676
43164;291.5831;-647.1448;-1868.244
43198;291.5863;-646.7164;-1867.852
43232;311.5764;-608.9729;-1882.301
43266;301.909;-639.5934;-1852.629
43283;326.1372;-596.1318;-1863.428
43333;335.3038;-581.2607;-1846.782
43367;351.2995;-556.7463;-1790.454
43385;378.4831;-506.2008;-1778.99
43434;422.3414;-428.4076;-1807.684
43451;432.0808;-372.4158;-1785.344
43485;467.5244;-321.8858;-1820.361
43518;501.5171;-244.9668;-1787.249
43552;521.6173;-168.0546;-1804.389
43586;535.1026;-60.95189;-1807.12
43620;539.7784;-0.4049375;-1849.042
43653;539.5343;92.14321;-1880.237
43687;528.1689;153.9358;-1922.559
43720;511.8186;174.5585;-1972.351
43754;486.6444;189.1744;-2017.432
43788;464.1222;195.6505;-2054.148
43821;443.8479;221.474;-2093.207
43855;434.7723;185.228;-2110.954
43889;397.9988;228.8436;-2131.752
43923;376.4287;225.9201;-2144.799
43956;393.7592;181.0729;-2143.325
43990;392.9538;180.6981;-2144.308
44024;391.7498;179.7052;-2144.628
44057;390.6225;180.0105;-2144.487
44091;389.2243;179.6203;-2141.169
44125;391.1635;179.3569;-2134.612
44158;401.3286;163.3108;-2101.593
44192;403.7272;157.223;-2093.026
44226;411.9947;181.6326;-2076.623
44260;419.9708;205.7787;-2069.813
44293;435.2708;151.5161;-2038.075
44327;439.4507;147.9597;-2029.121
44361;449.0819;131.933;-1997.901
44394;455.118;113.0237;-1971.314
44428;468.0615;56.61033;-1948.236
44462;467.8652;68.45863;-1905.376
44495;469.3187;24.60919;-1866.769
44529;469.7868;-28.27226;-1838.752
44563;468.3229;-95.66142;-1824.604
44596;458.5553;-172.0944;-1836.767
44630;459.4082;-178.8708;-1770.092
44664;445.3165;-248.8297;-1787.587
44698;431.3315;-308.4678;-1793.119
44731;415.7093;-336.2686;-1786.424
44765;410.473;-371.301;-1781.557
44799;384.877;-402.8885;-1845.608
44832;388.5454;-415.9598;-1842.031
44866;387.6192;-440.9088;-1837.763
44900;377.2827;-494.3339;-1833.687
44933;377.1311;-492.8375;-1834.462
44967;375.4034;-498.6659;-1839.219
45001;372.8363;-507.4886;-1845.364
45018;373.4542;-516.914;-1851.11
45068;370.2329;-547.3093;-1846.853
45102;369.3951;-551.339;-1849.21
45119;368.549;-560.6138;-1855.077
45169;369.2973;-570.4551;-1852.791
45186;368.8399;-575.8256;-1856.291
45237;371.4524;-585.7021;-1866.404
45254;371.7159;-584.092;-1866.35
45304;370.8539;-587.5001;-1869.593
45321;370.8044;-587.5309;-1871.669
45355;370.8321;-594.1717;-1880.369
45405;369.6558;-596.5665;-1886.231
45422;370.0356;-596.2504;-1888.421
45456;371.0995;-595.8948;-1886.945
45489;370.7567;-597.6718;-1888.252
45523;370.4566;-597.1491;-1889.795
45561;370.6707;-593.2867;-1894.64
45590;370.5688;-594.1098;-1895.651
45624;372.177;-591.921;-1895.768
45658;373.078;-591.1167;-1894.483
45692;373.3402;-582.0988;-1882.76
45727;373.4044;-580.7235;-1882.896
45759;373.4979;-576.4526;-1881.309
45793;372.9807;-562.8675;-1886.635
45827;370.281;-572.0062;-1873.092
45861;369.229;-572.0746;-1864.229
45894;363.9483;-569.1865;-1856.274
45928;363.0972;-570.9186;-1854.003
45964;362.2561;-571.4885;-1853.198
45995;360.1708;-570.3975;-1855.755
46028;359.8395;-570.0056;-1856.786
46062;359.4818;-567.408;-1855.824
46096;359.582;-562.2173;-1862.939
46130;357.3812;-569.6825;-1856.395
46163;360.7513;-559.4041;-1870.887
46197;359.9992;-561.1577;-1870.223
46231;359.938;-561.7634;-1870.203
46265;359.7428;-561.8008;-1870.912
46298;344.0626;-602.739;-1838.541
46332;349.461;-572.1456;-1880.109
46366;349.6676;-572.0658;-1880.26
46400;349.5853;-572.3096;-1880.007
46433;348.9323;-572.539;-1877.513
46450;348.803;-571.6849;-1876.602
46484;347.9602;-571.1974;-1875.645
46534;347.0136;-567.8913;-1878.703
46551;345.8291;-568.0419;-1877.993
46602;344.7781;-568.4588;-1876.58
46635;343.4681;-567.9537;-1874.801
46669;343.5501;-567.6119;-1873.958
46691;343.3489;-567.7394;-1873.788
46736;335.7828;-600.4816;-1849.908
46770;335.6306;-600.6582;-1849.399
46804;340.1433;-572.7424;-1882.176
46821;342.1154;-571.5356;-1884.34
46871;343.0334;-570.2442;-1885.251
46888;343.239;-570.5432;-1885.32
46939;343.3398;-571.4097;-1886.146
46972;345.2719;-572.7729;-1891.856
46989;346.449;-575.3705;-1894.263
47023;349.0989;-577.355;-1895.892
47056;352.6687;-578.9199;-1897.927
47090;358.1194;-580.8185;-1901.827
47124;364.6483;-579.5422;-1910.193
47158;368.9999;-579.8016;-1919.255
47208;370.6646;-580.6672;-1923.836
47225;372.2257;-583.548;-1925.313
47259;375.1834;-586.3624;-1925.847
47292;377.435;-588.8045;-1926.033
47326;378.9851;-589.8466;-1927.04
47360;379.7908;-589.4323;-1928.79
47393;379.8576;-589.6002;-1929.017
47427;378.5109;-590.8866;-1927.863
47461;378.4124;-590.298;-1927.545
47495;378.1823;-589.6439;-1925.235
47532;375.8504;-589.8;-1921.556
47567;375.282;-586.5867;-1920.378
47600;371.4269;-584.5039;-1918.397
47634;367.8832;-582.4608;-1916.095
47654;364.4986;-580.1461;-1908.63
47703;363.1745;-578.0771;-1903.336
47720;362.3038;-576.6138;-1899.485
47769;361.1838;-576.3939;-1897.676
47803;359.8392;-574.5994;-1897.099
47820;357.8981;-573.4637;-1896.852
47853;356.6938;-572.6395;-1896.845
47904;356.3447;-572.4377;-1896.194
47921;354.9226;-572.8741;-1893.209
47955;351.5878;-575.0227;-1890.957
47988;351.3279;-575.3328;-1891.303
48039;351.3834;-575.7504;-1894.936
48055;350.3547;-577.4575;-1898.084
48106;350.2519;-579.0005;-1897.432
48123;351.0182;-579.9913;-1897.336
48173;352.1958;-582.6478;-1896.225
48190;353.434;-583.142;-1896.545
48224;355.7281;-581.4982;-1899.742
48274;356.3184;-579.3108;-1904.106
48291;355.9229;-579.9279;-1903.973
48325;355.8072;-580.3221;-1903.382
48359;356.3366;-581.4152;-1901.931
48392;357.5904;-581.9818;-1898.011
48427;357.8676;-581.0409;-1897.215
48460;356.9165;-579.9923;-1896.984
48494;355.3433;-578.5891;-1895.792
48528;355.6285;-577.8577;-1894.25
48561;355.7627;-576.6852;-1892.379
48595;356.3617;-576.8351;-1888.076
48628;354.6754;-576.2742;-1885.109
48662;353.4925;-575.1559;-1884.896
48696;351.1481;-574.5945;-1884.84
48730;349.6546;-574.1667;-1884.371
48763;349.2455;-573.6374;-1884.349
48814;349.9101;-572.8915;-1884.546
48830;350.2319;-573.008;-1883.497
48864;350.7878;-572.1281;-1883.202
48898;350.4487;-571.8259;-1883.085
48931;350.5479;-570.6771;-1883.995
48965;350.5385;-570.4885;-1884.235
48999;351.0788;-570.8404;-1884.359
49033;352.7022;-571.1302;-1883.742
49066;353.0659;-572.1874;-1882.17
49100;352.9482;-572.1465;-1882.333
49117;352.5875;-573.2116;-1883.012
49167;352.1918;-573.3;-1884.042
49201;352.1584;-573.985;-1886.188
49236;352.3399;-575.5729;-1886.444
49256;353.0426;-577.4001;-1887.203
49290;353.7442;-578.14;-1888.077
49324;355.1285;-578.9496;-1890.552
49357;356.6177;-578.7369;-1892.879
49391;357.9305;-577.3779;-1895.64
49425;360.1866;-577.2131;-1896.485
49475;362.7368;-578.1635;-1896.814
49492;363.9891;-578.3606;-1897.321
49543;365.2032;-579.2515;-1898.087
49560;367.2252;-579.0723;-1902.337
49594;368.9288;-575.8415;-1909.331
49627;371.5056;-575.3301;-1911.219
49661;373.1895;-576.0677;-1911.508
49694;374.6842;-576.7365;-1911.428
49728;375.5632;-576.8331;-1911.591
49762;375.4213;-576.9053;-1911.527
49795;374.7373;-577.086;-1911.27
49829;372.8423;-574.9686;-1910.914
49863;370.686;-574.3057;-1907.422
49897;368.1352;-574.3318;-1902.668
49930;366.7062;-574.3448;-1899.794
49964;362.3651;-578.0365;-1896.58
49998;361.3308;-576.9292;-1897.036
50032;357.2344;-574.9451;-1897.208
50065;355.7809;-574.6797;-1896.259
50099;355.4818;-574.455;-1894.969
50132;355.2158;-574.2872;-1892.581
50166;354.5356;-574.2333;-1891.625
50200;352.4796;-573.401;-1890.312
50234;345.8294;-581.2537;-1879.993
50268;346.7806;-576.6051;-1879.374
50302;349.5058;-571.8925;-1878.83
50335;350.6908;-569.0961;-1877.491
50351;350.3254;-568.313;-1873.062
50402;349.3688;-567.5952;-1871.753
50419;346.9047;-565.6572;-1872.834
50469;346.0942;-563.3116;-1874.848
50486;345.8341;-562.7321;-1874.721
50537;348.3449;-554.8149;-1883.023
50571;348.4955;-554.7065;-1883.047
50587;348.1122;-554.7865;-1883.143
50638;343.0462;-556.5688;-1882.069
50672;346.5898;-550.4236;-1907.532
50688;340.7727;-566.2274;-1876.199
50739;340.7336;-566.2408;-1876.194
50756;351.7206;-556.9957;-1909.147
50806;348.3408;-564.6194;-1904.197
50840;348.3704;-564.5148;-1904.639
50857;348.4413;-564.4543;-1905.136
50890;347.9466;-563.077;-1907.794
50925;347.4172;-562.6661;-1908.082
50958;340.0741;-583.6769;-1862.277
50992;347.9674;-560.7565;-1904.907
51026;335.8916;-571.6432;-1874.698
51059;335.7415;-571.4008;-1875.176
51093;335.3913;-571.1166;-1876.086
51127;337.3129;-569.6215;-1877.82
51160;339.2771;-569.5199;-1877.841
51194;340.9981;-570.0976;-1877.229
51227;342.1494;-570.2638;-1877.362
51261;342.4436;-570.7979;-1877.402
51295;343.2059;-571.9746;-1878.639
51329;344.8878;-571.821;-1881.051
51362;349.2041;-571.4557;-1884.469
51396;354.0193;-572.282;-1886.603
51430;355.9698;-573.974;-1886.229
51463;358.7074;-573.7429;-1888.452
51497;361.2137;-573.5511;-1891.002
51531;363.0258;-574.3185;-1893.836
51565;365.1669;-581.8028;-1892.732
51598;369.1901;-583.1003;-1892.609
51632;372.2732;-587.0649;-1889.078
51666;372.62;-587.142;-1890.115
51699;372.423;-586.8742;-1892.848
51733;371.4103;-587.2368;-1896.052
51767;370.834;-586.5535;-1898.255
51801;370.5886;-586.5546;-1898.417
51835;370.4341;-587.1127;-1897.154
51869;370.5012;-587.04;-1896.688
51903;370.4091;-586.8425;-1896.3
51936;369.4464;-586.1961;-1896.43
51970;366.9307;-585.297;-1895.73
52004;365.6153;-581.7374;-1894.721
52037;365.3981;-579.8583;-1890.827
52071;365.8557;-579.3749;-1886.666
52105;365.4346;-578.725;-1883.991
52138;364.3553;-577.9496;-1884.157
52155;362.9414;-577.1705;-1885.365
52206;340.9274;-596.4874;-1874.26
52223;352.2483;-584.6074;-1879.63
52273;352.7931;-584.2162;-1878.725
52290;353.429;-583.6396;-1877.836
52324;353.999;-580.1786;-1879.692
52357;354.2309;-577.5964;-1882.2
52391;353.2291;-576.8265;-1883.622
52425;352.5023;-575.5772;-1884.644
52459;353.5476;-572.791;-1886.05
52492;354.3426;-574.8723;-1880.767
52526;354.8629;-574.6606;-1880.254
52560;355.265;-573.2298;-1881.186
52593;354.9333;-572.8414;-1882.118
52627;353.6971;-572.0768;-1883.819
52661;354.2866;-570.0953;-1886.162
52694;354.5262;-569.881;-1885.318
52728;354.2789;-570.303;-1883.507
52762;354.2991;-569.4573;-1884.246
52796;353.906;-568.3826;-1885.922
52829;352.2919;-568.7724;-1887.094
52863;350.579;-571.1825;-1886.734
52897;349.7885;-571.3941;-1886.747
52930;349.5862;-571.5225;-1886.472
52964;349.448;-571.5472;-1886.328
52998;349.1326;-572.2787;-1885.999
53032;347.6513;-575.4854;-1886.316
53065;346.6217;-578.9047;-1884.959
53100;346.6468;-578.7614;-1885.138
53132;346.9075;-578.3206;-1885.166
53166;347.0926;-577.7711;-1884.898
53200;347.2808;-577.4384;-1885.063
53234;347.2226;-577.4128;-1885.228
53267;346.1192;-579.9492;-1885.162
53301;346.001;-579.5372;-1885.209
53335;347.0753;-577.4484;-1885.356
53368;348.0256;-576.4597;-1884.986
53385;348.4832;-575.7976;-1884.88
53436;348.6712;-575.2217;-1885.342
53453;348.6148;-574.476;-1886.58
53486;349.1044;-575.2621;-1886.678
53537;350.5947;-575.017;-1887.068
53570;353.7286;-574.3811;-1888.347
53587;354.9875;-573.7982;-1888.847
53638;355.7481;-574.1476;-1889.535
53655;356.9697;-574.1273;-1891.917
53689;358.3103;-574.903;-1895.099
53722;358.6059;-575.3118;-1895.526
53756;360.1286;-581.5676;-1892.546
53807;361.573;-582.0166;-1893.815
53823;364.4025;-586.8452;-1894.887
53857;365.9304;-586.8262;-1897.839
53891;366.1425;-585.2192;-1904.954
53924;366.4266;-583.8549;-1907.485
53975;366.9536;-587.2889;-1905.197
53992;367.1482;-587.4338;-1905.12
54025;367.7701;-589.0235;-1903.679
54059;368.2458;-587.6951;-1904.302
54093;367.8344;-587.2582;-1905.197
54127;366.2502;-587.8972;-1906.105
54160;365.1243;-586.8728;-1905.26
54194;363.9495;-585.3726;-1903.011
54228;363.829;-583.8645;-1901.562
54261;363.1457;-582.3823;-1901.49
54295;362.8002;-582.0896;-1901.524
54329;360.1113;-580.8348;-1902.072
54362;355.6127;-584.0664;-1898.818
54396;354.2123;-579.674;-1898.651
54430;353.0145;-579.4224;-1896.951
54464;353.0447;-578.4509;-1897.288
54497;353.538;-576.9599;-1899.816
54531;353.3966;-573.9984;-1905.995
54565;351.8068;-575.0547;-1906.711
54598;350.9685;-575.6092;-1906.466
54632;351.1323;-575.7333;-1906.736
54667;351.383;-575.6652;-1907.366
54700;352.5951;-576.3095;-1909.246
54733;355.8852;-574.1627;-1917.544
54767;355.9917;-576.6755;-1919.985
54800;356.2169;-578.5013;-1921.655
54834;358.7424;-578.7279;-1925.303
54868;348.9371;-627.3281;-1901.323
54902;364.7268;-580.411;-1933.807
54918;364.9113;-580.2037;-1934.542
54969;364.0719;-581.8604;-1933.971
54986;364.0284;-582.377;-1933.922
55019;363.9269;-582.4676;-1933.77
55070;364.8477;-581.6093;-1934.404
55087;364.7398;-581.8167;-1934.061
55121;364.4833;-581.8803;-1933.937
55155;364.1199;-582.4567;-1934.524
55205;364.2026;-580.8498;-1935.316
55222;362.1755;-580.9423;-1933.45
55255;362.4183;-579.6072;-1933.584
55290;362.3953;-579.1487;-1933.11
55323;361.7442;-577.2037;-1933.314
55356;361.2853;-577.3219;-1933.262
55390;356.2954;-579.9283;-1928.394
55424;354.6263;-580.7921;-1925.304
55458;354.1023;-582.1882;-1922.137
55491;354.6655;-581.3831;-1922.352
55525;355.119;-580.4761;-1923.754
55559;354.8974;-580.9697;-1924.823
55592;354.388;-581.3635;-1925.867
55643;354.0234;-581.6859;-1925.966
55660;353.9785;-581.9865;-1925.614
55710;355.1065;-581.7251;-1925.662
55728;355.3499;-581.8016;-1925.624
55761;355.6;-581.8828;-1925.887
55811;356.7444;-581.4438;-1928.325
55828;356.833;-581.533;-1928.479
55862;356.8236;-581.4062;-1928.713
55896;357.0099;-581.0712;-1928.781
55929;357.1905;-580.9554;-1928.747
55963;357.1757;-580.8701;-1928.8
55997;356.8959;-580.5466;-1929.024
56030;355.9113;-580.4923;-1928.588
56064;352.3968;-582.4568;-1923.588
56098;351.873;-583.3456;-1920.931
56132;352.4116;-583.4904;-1919.926
56165;352.9117;-583.3033;-1919.806
56199;352.6384;-586.8844;-1919.057
56233;352.6397;-586.8821;-1919.051
56266;352.4817;-586.4608;-1919.014
56300;352.0558;-586.3707;-1917.172
56334;352.0601;-586.9089;-1915.984
56367;351.8028;-585.8257;-1916.233
56401;350.9084;-587.7035;-1915.578
56441;349.9682;-586.4895;-1916.265
56469;344.0976;-591.7374;-1911.046
56502;343.0572;-590.4032;-1910.058
56536;341.9611;-588.0017;-1906.628
56569;341.0117;-585.773;-1904.42
56604;340.909;-587.0686;-1901.321
56637;340.7019;-584.7787;-1900.705
56671;340.3037;-583.4804;-1900.123
56688;339.4591;-581.5028;-1897.788
56722;339.8728;-580.3071;-1894.922
56755;340.053;-579.237;-1893.77
56789;340.2397;-578.4406;-1892.653
56840;340.5186;-576.9158;-1893.315
56856;341.6592;-573.9553;-1896.577
56890;338.4305;-577.837;-1895.0
56924;338.2074;-577.7021;-1894.764
56980;337.7419;-577.6329;-1893.798
56992;337.3448;-577.462;-1892.966
57027;336.3057;-576.9517;-1892.59
57060;334.9718;-576.29;-1892.191
57094;332.7947;-577.7096;-1891.358
57127;332.5562;-576.2725;-1891.603
57161;332.882;-574.6092;-1891.193
57195;333.6978;-573.4919;-1889.478
57228;334.2406;-575.2772;-1884.938
57262;344.2425;-563.3356;-1908.439
57296;323.162;-583.3425;-1886.522
57351;336.2611;-565.2192;-1920.539
57372;336.6776;-564.8068;-1920.647
57392;337.1485;-564.8288;-1919.191
57442;337.5873;-564.7044;-1918.074
57476;338.6282;-564.6514;-1917.454
57493;337.2188;-572.9941;-1889.536
57526;333.2852;-578.1378;-1888.399
57560;340.9564;-567.1333;-1928.713
57594;336.9568;-571.5576;-1894.233
57628;325.7605;-594.2121;-1854.819
57661;338.5358;-572.2013;-1892.124
57695;338.0577;-572.6133;-1892.856
57729;336.3714;-572.9839;-1894.312
57762;334.5212;-576.6351;-1894.117
57796;335.9899;-576.3015;-1894.888
57830;338.112;-576.437;-1895.428
57863;340.5294;-579.4603;-1893.884
57897;342.6449;-579.0703;-1895.142
57931;346.0233;-577.8075;-1900.356
57964;348.3182;-577.5948;-1903.989
57998;349.6043;-577.9077;-1904.504
58032;351.2492;-579.1385;-1903.763
58066;355.4893;-582.3408;-1902.756
58099;357.912;-582.4607;-1902.173
58133;359.9867;-584.9352;-1902.872
58167;361.3531;-582.4728;-1905.349
58200;361.4012;-582.095;-1905.562
58234;362.0866;-581.2655;-1904.6
58268;362.6544;-580.586;-1903.623
58302;351.329;-601.0911;-1874.43
58335;356.8806;-575.6163;-1894.859
58369;356.017;-576.0665;-1895.557
58403;354.3528;-576.0421;-1895.938
58436;351.162;-576.5406;-1892.753
58473;349.1345;-575.5729;-1888.934
58504;347.8928;-575.6398;-1885.782
58537;346.6823;-574.8517;-1884.467
58571;345.0135;-574.4816;-1883.637
58588;343.5201;-571.4496;-1886.485
58622;341.7431;-571.57;-1886.147
58655;340.9639;-571.8091;-1884.622
58689;340.9942;-572.1072;-1882.881
58739;341.049;-571.9749;-1882.68
58773;340.7707;-572.1168;-1882.518
58790;339.1826;-570.8419;-1885.407
58824;337.9009;-567.4849;-1890.392
58857;338.1184;-564.057;-1895.592
58891;338.3252;-564.2453;-1895.714
58942;339.6359;-565.5159;-1891.347
58959;341.719;-567.3353;-1886.705
58992;339.9192;-572.2997;-1882.129
59026;337.3816;-574.6471;-1881.826
59060;336.6371;-574.2125;-1881.476
59093;336.4632;-573.5339;-1880.609
59127;336.5703;-572.5549;-1880.369
59178;337.4604;-572.1226;-1879.491
59194;337.7441;-571.8774;-1879.142
59228;338.1664;-570.773;-1880.13
59262;338.9882;-569.5059;-1883.176
59295;339.1346;-575.3148;-1880.797
59329;339.4439;-575.1661;-1880.77
59363;339.799;-575.424;-1880.658
59397;341.2971;-574.9766;-1882.723
59430;342.2383;-577.4014;-1882.876
59464;342.3656;-579.796;-1885.183
59498;341.9783;-582.189;-1889.958
59532;331.1059;-611.4949;-1862.194
59565;346.5908;-584.9748;-1895.231
59599;346.1841;-584.936;-1896.785
59632;346.3196;-585.0883;-1896.713
59666;347.4931;-584.5576;-1900.449
59700;348.753;-582.9066;-1905.853
59734;350.2591;-582.525;-1907.44
59768;351.8549;-588.4733;-1906.504
59801;354.5157;-588.4036;-1904.6
59835;356.2924;-588.4157;-1904.481
59869;357.5213;-587.8824;-1904.128
59902;358.2859;-586.9305;-1905.011
59936;358.6678;-586.5911;-1906.443
59970;359.5975;-585.7689;-1907.319
59993;361.9367;-584.5477;-1908.521
60037;363.4535;-584.6184;-1908.632
60054;364.8976;-584.1628;-1907.962
60105;370.0737;-571.6298;-1917.508
60138;365.3222;-574.5485;-1913.887
60155;360.6691;-574.4738;-1910.724
60189;358.4374;-576.0464;-1902.186
60222;357.4252;-576.4457;-1898.664
60256;357.5034;-576.2772;-1897.354
60289;354.0471;-580.3007;-1892.666
60323;353.0203;-576.7318;-1894.959
60357;350.7493;-576.0981;-1895.346
60391;348.5975;-575.3915;-1894.297
60424;347.7204;-575.6453;-1891.431
60458;347.4554;-575.7684;-1890.594
60492;347.478;-575.7413;-1890.606
60526;347.8352;-572.8182;-1894.586
60559;347.3152;-570.3929;-1899.02
60593;345.3328;-573.6616;-1896.728
60627;345.2249;-574.4382;-1894.747
60660;345.1419;-574.7891;-1893.103
60694;346.158;-573.7841;-1893.09
60728;346.4976;-573.8209;-1893.251
60761;344.9602;-575.0545;-1892.171
60795;343.5384;-576.9992;-1891.085
60829;330.9376;-590.7249;-1849.9
60862;329.6577;-594.1044;-1844.054
60896;339.2531;-577.1542;-1887.444
60930;338.1231;-580.9518;-1885.608
60964;337.0359;-582.0274;-1886.455
60997;335.8499;-581.5077;-1886.833
61031;335.2596;-582.1769;-1886.707
61065;338.9824;-560.0941;-1927.083
61098;336.6086;-590.0621;-1878.506
61132;337.2125;-589.7574;-1880.413
61166;345.8628;-565.8381;-1929.738
61199;330.3203;-590.2351;-1904.57
61233;332.5865;-590.0791;-1904.308
61267;336.6266;-585.9797;-1903.819
61301;339.0381;-585.6111;-1903.763
61334;342.8434;-585.747;-1904.509
61368;345.0058;-585.7928;-1906.728
61389;348.7556;-584.0581;-1913.222
61435;350.6997;-583.7583;-1916.137
61452;353.384;-583.1162;-1918.691
61488;357.7068;-585.8427;-1915.234
61536;360.1329;-585.9932;-1916.303
61561;360.9974;-586.0369;-1916.654
61604;362.0111;-585.8268;-1918.144
61628;361.6822;-588.3943;-1919.186
61654;361.7047;-588.9063;-1919.534
61688;363.1983;-587.5612;-1920.111
61722;366.4424;-584.8032;-1918.033
61755;367.6422;-584.4922;-1917.649
61806;368.4896;-584.8961;-1915.23
61823;362.9657;-599.0284;-1903.062
61857;361.0394;-595.9294;-1904.385
61907;359.3154;-594.756;-1902.358
61924;360.3588;-586.5248;-1896.004
61958;360.4987;-582.9955;-1894.144
62009;359.8578;-581.4885;-1891.527
62025;357.167;-578.8491;-1892.81
62059;353.6329;-574.9868;-1895.304
62092;351.2572;-574.866;-1894.398
62126;349.6949;-576.2884;-1887.699
62160;350.9698;-574.1571;-1885.641
62194;352.4447;-572.6674;-1883.258
62227;352.4711;-572.5074;-1883.004
62261;351.5136;-571.6714;-1883.392
62295;350.7627;-571.4069;-1883.729
62328;350.7386;-569.5773;-1884.652
62362;351.6638;-568.3176;-1883.845
62396;353.3966;-565.619;-1886.792
62429;355.0744;-564.5675;-1887.146
62463;354.6852;-564.6639;-1885.938
62497;351.0804;-569.6824;-1883.788
62530;349.2033;-572.3878;-1882.533
62564;349.6489;-576.644;-1876.359
62598;359.5719;-564.0565;-1907.004
62631;358.188;-566.1924;-1904.179
62665;357.2082;-565.9459;-1900.392
62699;357.8177;-563.7827;-1899.786
62733;355.2715;-555.1796;-1894.067
62766;354.6971;-555.8132;-1892.516
62800;356.1396;-554.0037;-1900.034
62834;352.9799;-562.1849;-1867.274
62868;353.2548;-565.7089;-1864.476
62901;352.5293;-568.8571;-1862.634
62935;348.4869;-573.9059;-1864.418
62969;344.3508;-576.1227;-1869.87
63002;360.1377;-561.6541;-1915.752
63036;359.9842;-560.8411;-1916.474
63053;357.6668;-565.2725;-1915.207
63103;357.9335;-564.4797;-1916.596
63122;357.7054;-564.2173;-1917.889
63171;339.8925;-577.734;-1904.555
63188;340.0172;-577.8791;-1904.846
63221;341.929;-578.7651;-1906.142
63255;348.9921;-580.1351;-1905.86
63289;355.244;-581.4214;-1906.314
63322;359.503;-582.5621;-1905.462
63356;362.6588;-588.5665;-1905.863
63390;363.3934;-588.136;-1910.006
63423;364.3519;-589.6326;-1912.012
63458;367.0315;-587.8548;-1912.83
63491;370.6607;-586.0812;-1915.098
63525;371.5688;-585.7565;-1915.395
63558;371.7288;-585.885;-1915.209
63592;371.0997;-585.9066;-1915.546
63626;368.9045;-587.3392;-1915.46
63659;357.6017;-600.1827;-1890.138
63693;365.082;-581.0207;-1906.073
63727;365.6849;-579.9752;-1904.992
63760;364.2675;-580.002;-1900.806
63794;360.7082;-579.3574;-1899.75
63828;355.7584;-578.0491;-1899.141
63862;352.0579;-576.3102;-1896.135
63895;348.3702;-571.9905;-1881.813
63929;349.1882;-569.9538;-1867.35
63963;349.3737;-566.7265;-1867.932
63996;348.3177;-564.963;-1866.784
64030;344.6913;-562.8309;-1867.171
64064;336.8467;-562.0537;-1865.511
64097;336.908;-556.4588;-1866.511
64131;339.7902;-552.1176;-1854.39
64165;341.9946;-549.8094;-1851.575
64199;342.532;-549.2044;-1850.981
64232;341.9654;-559.2896;-1823.972
64266;339.0737;-544.8071;-1856.314
64300;324.9826;-552.4711;-1846.839
64333;326.7322;-550.8724;-1845.719
64367;343.6213;-533.1876;-1881.728
64401;338.2344;-549.5201;-1839.031
64434;333.5832;-556.6661;-1832.911
64468;331.1803;-555.4378;-1837.291
64502;330.8582;-554.025;-1840.096
64523;331.679;-555.6287;-1837.235
64569;334.7041;-552.8129;-1840.318
64603;334.8764;-553.3154;-1839.708
64637;332.6143;-557.9126;-1838.025
64670;327.8945;-560.7461;-1841.56
64704;326.4747;-560.0676;-1846.402
64738;326.632;-566.4399;-1844.134
64771;327.6186;-572.027;-1842.709
64805;329.7362;-573.9686;-1851.032
64839;329.9369;-576.3414;-1863.313
64872;330.9835;-578.1968;-1876.105
64906;338.3743;-582.9246;-1888.027
64940;348.6522;-585.542;-1892.782
64960;361.9776;-589.996;-1901.075
64991;369.323;-590.5469;-1908.996
65033;373.2509;-589.0564;-1915.652
65059;374.2458;-590.7554;-1919.873
65092;375.788;-593.1806;-1921.881
65126;379.4474;-593.8948;-1926.38
65160;387.7164;-593.866;-1928.854
65193;389.276;-594.2557;-1928.986
65227;389.3914;-593.9326;-1929.26
65261;388.7854;-593.6371;-1928.187
65294;386.9178;-591.8013;-1923.13
65328;386.7414;-586.3781;-1915.332
65362;388.1538;-581.7351;-1910.074
65396;388.6585;-578.4613;-1901.706
65429;388.1501;-578.5173;-1898.415
65463;383.8649;-577.6112;-1895.299
65497;381.0544;-575.9241;-1894.128
65530;378.8326;-574.1706;-1891.803
65564;377.338;-571.829;-1883.926
65601;378.4131;-569.6698;-1884.317
65635;378.4477;-569.4771;-1884.2
65668;378.268;-569.5346;-1884.298
65686;372.1828;-579.5683;-1883.561
65736;372.3814;-578.5923;-1887.457
65753;374.3243;-575.1917;-1893.45
65803;376.0273;-574.4817;-1895.926
65837;377.2255;-575.751;-1895.823
65854;378.6905;-577.5591;-1895.867
65905;380.1064;-578.1924;-1897.176
65938;382.9911;-578.8508;-1901.78
65955;383.8595;-578.7202;-1905.064
66006;384.1348;-578.8716;-1905.302
66040;385.2523;-579.1443;-1906.682
66073;386.6347;-581.8585;-1905.485
66092;387.3312;-582.6155;-1905.261
66124;387.9664;-582.9084;-1905.775
66158;389.8499;-582.161;-1907.658
66191;389.9267;-582.3987;-1907.728
66225;390.2419;-582.5649;-1908.218
66275;390.6182;-582.6686;-1908.326
66309;391.0146;-583.6914;-1908.135
66326;391.1606;-583.8871;-1908.021
66359;394.8896;-582.7719;-1910.014
66393;394.949;-582.8926;-1909.239
66429;394.7585;-582.9902;-1904.602
66461;396.5759;-579.8212;-1905.33
66497;399.5338;-578.8572;-1903.234
66528;401.5329;-579.4454;-1898.75
66562;403.7434;-577.5939;-1896.203
66595;405.3146;-575.9071;-1895.339
66629;405.9207;-573.8314;-1894.222
66663;406.3678;-571.8356;-1890.119
66697;405.6348;-567.4589;-1887.305
66730;400.7307;-563.2183;-1878.636
66765;392.0623;-558.6355;-1867.099
66799;369.8571;-553.9852;-1845.745
66833;367.6553;-523.4402;-1852.759
66866;359.575;-511.4119;-1840.582
66900;342.5254;-497.5091;-1822.605
66933;329.9152;-486.3767;-1815.134
66967;324.0606;-466.7736;-1814.253
67001;309.6463;-410.1872;-1804.71
67035;317.3505;-401.8651;-1798.8
67068;315.4421;-368.8997;-1774.652
67102;308.1526;-362.673;-1749.389
67135;344.3041;-369.1917;-1764.706
67169;355.2275;-363.1374;-1752.141
67203;370.0834;-364.6656;-1744.328
67236;392.0786;-368.954;-1729.306
67270;393.584;-366.5192;-1705.162
67304;374.3886;-360.5281;-1645.618
67321;378.3602;-330.7903;-1682.546
67371;320.0075;-302.3624;-1650.219
67405;329.0281;-301.6577;-1705.133
67422;235.3194;-267.4926;-1648.974
67473;236.7509;-268.7416;-1653.27
67506;236.4452;-270.4451;-1653.872
67523;238.2616;-295.7079;-1657.548
67574;237.1488;-296.9749;-1657.451
67590;286.7908;-375.3051;-1641.319
67624;296.7822;-380.5383;-1633.729
67675;388.5633;-388.5939;-1668.656
67691;369.4908;-393.7623;-1608.033
67742;386.4164;-392.354;-1602.683
67759;402.0027;-393.9064;-1593.374
67792;408.6946;-385.4261;-1573.822
67826;399.0788;-367.5923;-1523.489
67860;386.6008;-317.7582;-1514.184
67894;337.8224;-277.4324;-1474.715
67927;303.6717;-278.7497;-1472.475
67961;263.6126;-241.9194;-1466.428
67995;234.7642;-207.9428;-1456.179
68028;184.6411;-194.8394;-1463.815
68062;54.02167;-256.2248;-1575.323
68096;56.6605;-258.0064;-1574.326
68129;-18.25851;-276.9851;-1573.655
68164;-15.5568;-271.6606;-1581.131
68197;20.71622;-277.4593;-1586.055
68230;22.28871;-284.5789;-1600.815
68264;33.56926;-259.0082;-1640.122
68298;36.53389;-278.6691;-1646.325
68332;102.7539;-249.5527;-1640.972
68365;151.5551;-153.5154;-1639.143
68399;151.306;-153.7229;-1639.515
68433;213.0822;-85.08183;-1666.932
68467;165.6785;-72.24076;-1685.878
70675;340.9683;-228.5187;-1297.257
70708;343.7888;-235.4383;-1295.643
70742;348.8038;-248.4993;-1289.644
70776;354.178;-260.4141;-1283.955
70809;357.4115;-265.1689;-1282.426
70843;358.2254;-267.7904;-1282.775
70877;358.7369;-270.8391;-1282.904
70910;359.5243;-274.1408;-1283.025
70944;359.8595;-277.3792;-1282.308
70978;358.6322;-281.3569;-1280.467
71011;359.1139;-289.4172;-1276.898
71045;357.8716;-294.8298;-1275.638
71096;355.0139;-299.6331;-1275.507
71129;351.0903;-304.3284;-1275.505
71146;349.4615;-309.4802;-1277.517
71180;349.4117;-314.8673;-1279.323
71214;357.8733;-322.8145;-1282.656
71248;414.6812;-329.0166;-1294.199
71282;364.7633;-340.5711;-1279.177
71302;352.0392;-348.6273;-1275.479
71354;342.2892;-354.6619;-1274.567
71369;339.9089;-356.3296;-1274.206
71403;339.2443;-356.7816;-1274.472
71437;339.303;-357.0621;-1274.401
71470;334.704;-365.9758;-1269.089
71504;332.2273;-372.1416;-1264.354
71538;331.898;-374.9098;-1262.44
71571;331.2542;-376.8488;-1261.393
71605;331.1092;-377.1556;-1261.069
71639;331.7536;-376.862;-1260.443
71672;372.9514;-348.0465;-1262.039
71706;320.2474;-387.0759;-1237.64
71740;318.2176;-389.8317;-1234.958
71774;317.8457;-393.088;-1229.969
71807;319.6158;-393.6423;-1226.85
71842;320.7305;-393.8653;-1223.97
71875;365.1112;-353.1261;-1217.193
71908;365.1509;-353.3352;-1216.535
71942;365.8072;-352.7448;-1213.782
71976;367.3401;-351.4624;-1208.691
72010;368.8949;-351.5975;-1204.45
72043;371.744;-350.401;-1199.46
72077;333.9562;-401.7336;-1187.902
72111;333.89;-401.8961;-1188.011
72144;334.1028;-401.8951;-1188.177
72178;369.1722;-354.6016;-1184.877
72213;368.576;-355.1245;-1184.659
72246;337.707;-396.0172;-1193.961
72280;339.1716;-395.99;-1194.734
72314;340.1569;-396.5822;-1196.076
72348;341.5223;-397.9444;-1198.988
72366;341.1122;-398.99;-1202.554
72400;335.5893;-401.2342;-1209.443
72433;333.0877;-399.2799;-1213.563
72484;332.6782;-389.6963;-1219.811
72501;332.5238;-385.5857;-1224.13
72534;329.7766;-384.8387;-1228.603
72568;325.6382;-385.5797;-1233.069
72619;302.5704;-402.6952;-1236.748
72636;298.6806;-405.0475;-1238.069
72669;297.5842;-403.9766;-1239.896
72720;296.2567;-401.511;-1242.374
72737;295.2892;-398.3193;-1244.804
72770;294.4475;-397.4556;-1246.521
72804;291.9253;-398.7907;-1247.382
72838;294.9876;-392.6846;-1249.653
72871;296.5335;-390.679;-1250.116
72905;291.6245;-400.221;-1248.297
72939;300.727;-388.2785;-1248.359
72972;299.6749;-391.5383;-1247.262
73006;299.27;-393.5684;-1246.261
73058;298.0439;-397.7016;-1244.088
73074;297.909;-402.3322;-1240.537
73107;298.9393;-406.2474;-1236.064
73141;301.375;-407.4025;-1233.488
73175;303.3061;-408.8576;-1231.127
73208;305.4429;-409.8142;-1228.96
73242;307.4757;-409.4481;-1227.358
73276;310.0632;-408.1007;-1225.471
73309;311.2769;-407.3081;-1223.683
73343;311.8993;-407.3928;-1222.124
73377;312.2575;-409.2691;-1219.436
73410;312.6275;-410.6988;-1216.833
73444;312.6631;-410.9796;-1214.042
73478;312.1484;-409.5531;-1210.833
73512;309.2196;-406.6673;-1205.517
73546;305.8743;-404.2379;-1199.728
73579;303.179;-401.3985;-1194.202
73613;301.2378;-398.067;-1189.425
73670;299.918;-393.9968;-1183.838
73681;301.1928;-386.7605;-1178.349
73697;301.9297;-382.0267;-1173.824
73748;300.3227;-381.0683;-1167.097
73782;299.9346;-379.6514;-1162.589
73815;299.9645;-379.1941;-1159.404
73849;300.3588;-379.0105;-1157.528
73883;301.1693;-378.3927;-1156.715
73900;301.823;-378.4243;-1156.115
73951;302.9478;-378.7532;-1155.673
73967;304.1155;-379.3988;-1155.286
74001;306.3524;-379.9822;-1155.665
74035;308.0725;-381.3096;-1156.449
74068;310.168;-383.0355;-1157.87
74102;312.1685;-383.955;-1159.859
74136;314.5497;-385.1358;-1162.3
74169;316.3398;-387.213;-1165.104
74203;317.9679;-391.634;-1168.166
74237;319.8149;-394.4722;-1170.697
74294;321.1389;-396.0925;-1172.967
74308;321.6491;-397.6152;-1175.28
74343;321.7063;-399.3018;-1176.886
74376;321.668;-400.9374;-1178.679
74409;321.7383;-402.4691;-1180.541
74443;322.4756;-402.8518;-1182.479
74477;325.5728;-401.57;-1185.161
74510;325.7458;-401.8259;-1185.914
74535;326.0465;-401.7205;-1186.367
74568;325.5261;-402.0612;-1186.62
74620;324.9868;-402.4036;-1186.818
74636;324.8615;-402.3593;-1187.028
74687;324.8729;-402.4535;-1187.359
74721;324.9609;-402.5309;-1187.552
74737;325.1774;-402.8479;-1187.924
74770;325.3593;-402.8253;-1188.352
74804;325.4183;-403.0054;-1188.529
74838;325.5081;-403.2096;-1188.684
74871;331.5244;-399.6427;-1191.493
74905;331.9265;-401.3015;-1191.998
74939;332.9926;-403.0333;-1192.688
74973;336.7216;-403.2296;-1194.161
75007;337.2956;-404.5837;-1194.439
75040;338.8311;-404.8797;-1195.189
75074;343.8433;-401.3844;-1196.807
75107;343.3871;-403.289;-1196.406
75141;348.4166;-400.1592;-1197.364
75175;349.1617;-400.631;-1197.458
75209;353.4492;-399.1541;-1198.799
75242;354.3593;-399.9341;-1199.277
75276;354.7822;-400.73;-1199.527
75309;354.9496;-401.3146;-1199.599
75343;356.4845;-400.609;-1200.034
75377;358.3901;-399.9836;-1200.347
75411;359.2918;-401.0166;-1200.293
75444;361.0081;-401.8792;-1200.515
75478;362.4814;-402.8241;-1200.858
75512;365.8354;-401.4861;-1201.827
75545;367.3602;-400.8445;-1202.079
75580;369.7012;-399.753;-1202.017
75613;372.2973;-398.6784;-1201.624
75647;375.3055;-398.1454;-1201.079
75680;378.0397;-397.5938;-1201.081
75716;380.0499;-397.292;-1201.528
75733;381.0399;-397.1709;-1201.965
75784;381.1239;-397.1891;-1201.895
75801;381.2738;-397.1587;-1201.822
75834;381.9955;-396.8118;-1201.44
75886;382.8376;-396.8778;-1201.071
75902;383.4016;-396.6204;-1201.166
75936;383.8975;-395.9986;-1201.529
75970;383.773;-395.8452;-1201.662
76003;383.369;-395.8572;-1201.723
76037;383.1454;-395.9015;-1201.771
76089;383.1346;-395.8824;-1201.786
76104;383.2175;-395.6021;-1201.808
76138;383.3133;-395.5244;-1201.91
76172;382.175;-397.7324;-1202.085
76222;379.6016;-399.847;-1201.66
76256;379.3145;-399.3389;-1201.902
76273;379.1471;-399.0663;-1202.002
76306;379.2937;-398.7448;-1202.222
76340;379.3052;-398.3638;-1202.33
76374;379.2744;-398.2796;-1202.382
76411;379.2372;-398.1479;-1202.419
76445;378.6705;-397.9484;-1202.387
76479;377.4373;-397.2911;-1202.074
76512;376.2787;-396.9542;-1201.531
76546;375.5284;-396.794;-1201.09
76579;375.1046;-396.4182;-1200.899
76596;374.9099;-396.0575;-1200.743
76647;374.7823;-395.8492;-1200.641
76666;374.5153;-395.491;-1200.521
76700;374.0076;-394.9525;-1200.268
76750;373.3506;-394.8105;-1199.923
76767;373.2109;-394.5899;-1199.824
76800;373.1803;-394.3349;-1199.768
76851;374.2906;-392.6226;-1200.627
76885;375.018;-391.9587;-1201.155
76902;375.2322;-391.5258;-1201.613
76939;374.1092;-392.6588;-1201.253
76970;373.5464;-386.4098;-1200.435
77004;373.9279;-386.1534;-1200.747
77037;374.2004;-386.0619;-1200.89
77071;374.5965;-386.1801;-1201.078
77105;375.3626;-386.5145;-1201.097
77138;376.6283;-384.9618;-1202.045
77172;376.3904;-386.9625;-1203.191
77206;376.7082;-386.9247;-1203.565
77239;377.6394;-386.5573;-1204.529
77273;380.0636;-385.9406;-1206.163
77307;385.0358;-387.4531;-1206.669
77341;385.9351;-387.6016;-1207.307
77375;364.7761;-414.8364;-1209.368
77408;373.353;-406.0975;-1212.302
77442;374.9728;-403.9334;-1212.754
77475;378.9107;-400.7753;-1213.981
77509;392.1109;-385.5521;-1210.807
77543;392.1981;-385.8146;-1210.724
77576;394.7858;-391.6082;-1219.258
77610;394.6194;-392.5649;-1219.733
77644;393.6708;-393.6497;-1219.887
77678;393.8987;-391.9626;-1221.213
77711;394.8126;-390.3341;-1222.989
77745;395.7946;-388.684;-1224.216
77779;400.2638;-394.4004;-1230.498
77812;400.0464;-395.6617;-1231.248
77846;409.101;-401.082;-1243.699
77880;401.9474;-395.0779;-1240.175
77913;395.1004;-398.2455;-1236.173
77947;394.4255;-384.0559;-1234.28
77981;391.6129;-389.616;-1235.911
77998;402.5378;-391.1545;-1246.465
78048;405.8434;-409.1321;-1255.658
78082;403.8404;-412.6951;-1255.588
78116;403.1167;-413.7247;-1256.365
78150;401.67;-415.0569;-1257.001
78166;392.4837;-413.0921;-1252.491
78200;392.0711;-413.4997;-1254.365
78233;389.8184;-413.7963;-1254.948
78267;389.1283;-413.7782;-1255.78
78301;388.7437;-412.1912;-1257.895
78335;390.4185;-414.6888;-1262.339
78389;390.7534;-415.1632;-1263.109
78402;390.7351;-415.1854;-1263.022
78436;390.9427;-414.7113;-1262.499
78470;392.3698;-412.9259;-1261.92
78503;394.3551;-410.6674;-1260.801
78537;396.3013;-408.3279;-1259.351
78570;397.6981;-407.9384;-1257.624
78604;401.341;-403.1498;-1254.652
78638;403.0092;-402.6654;-1251.094
78671;404.5739;-401.9415;-1248.319
78705;406.026;-401.4819;-1246.009
78739;407.1016;-402.7686;-1243.991
78773;407.2189;-403.0514;-1243.624
78807;407.9651;-400.7908;-1244.414
78840;407.4279;-400.8738;-1243.705
78874;406.7885;-399.1361;-1243.626
78908;405.9893;-398.3039;-1243.715
78941;404.7858;-398.3363;-1244.094
78975;401.5512;-397.8343;-1247.281
79008;395.5611;-397.4019;-1255.679
79042;382.022;-405.2016;-1260.921
79076;377.3343;-406.649;-1264.126
79109;371.2179;-408.5264;-1268.913
79143;365.5878;-409.2919;-1274.863
79177;356.7327;-414.6973;-1281.821
79211;348.9251;-416.5507;-1289.558
79244;337.4095;-416.5864;-1301.239
79278;329.7424;-415.4629;-1308.533
79312;316.2175;-420.0888;-1324.179
79346;305.7641;-419.782;-1321.546
79381;304.2618;-421.4409;-1321.622
79415;301.9644;-418.9262;-1329.601
79448;297.5296;-420.7394;-1331.521
79465;291.1743;-424.2393;-1332.51
79499;285.0553;-426.6986;-1332.374
79550;282.8148;-426.8598;-1332.287
79566;282.1235;-427.0454;-1332.027
79600;281.9704;-427.316;-1331.928
79635;281.9404;-427.5423;-1332.064
79667;282.0842;-428.1439;-1332.617
79701;282.1187;-428.3896;-1333.287
79735;281.9331;-428.3847;-1334.087
79769;281.988;-428.434;-1334.13
79802;282.4573;-428.9586;-1334.527
79836;284.2817;-429.3266;-1335.219
79869;286.9674;-429.7311;-1336.773
79903;288.9778;-430.5987;-1337.956
79955;289.7652;-430.9166;-1338.786
79973;289.5394;-431.2711;-1338.813
80007;289.0106;-431.5895;-1338.486
80040;289.1297;-431.7194;-1337.771
80074;291.258;-430.7924;-1336.222
80108;292.5479;-430.1516;-1334.66
80145;293.2911;-429.949;-1333.764
80175;293.3795;-429.9165;-1333.103
80209;293.0854;-429.3936;-1332.34
80242;292.7087;-429.1681;-1331.567
80259;292.7077;-429.063;-1331.006
80310;299.1846;-418.5627;-1333.89
80344;300.5288;-418.9311;-1332.909
80361;300.7869;-419.1277;-1332.91
80411;300.8626;-419.3075;-1332.974
80445;310.4574;-418.4628;-1347.363
80479;310.4552;-417.883;-1347.49
80498;302.6369;-423.0475;-1327.485
80532;301.8273;-426.0997;-1326.031
80582;301.5295;-428.0775;-1324.69
80599;301.393;-429.8729;-1323.942
80633;304.0501;-423.7821;-1326.695
80684;303.9201;-423.4586;-1327.767
80701;300.2719;-425.6349;-1326.265
80734;300.0204;-425.3873;-1326.981
80768;299.8457;-425.7162;-1327.887
80801;302.8694;-420.0414;-1337.07
80835;296.0406;-439.681;-1331.568
80869;296.9278;-435.941;-1340.232
80903;304.5889;-423.8267;-1359.978
80936;305.3408;-423.5944;-1361.235
80970;303.5129;-427.1949;-1361.157
81004;305.3831;-427.3347;-1363.078
81037;310.1196;-426.9967;-1368.075
81071;316.0191;-425.6648;-1375.7
81105;320.6684;-426.2523;-1383.966
81139;321.0618;-443.344;-1371.046
81172;332.5794;-434.0649;-1386.113
81206;335.6556;-432.7264;-1389.456
81239;343.0023;-431.3219;-1394.878
81273;354.9511;-424.3386;-1406.83
81307;358.7121;-423.5112;-1408.922
81341;363.6055;-427.8553;-1408.261
81357;370.2597;-429.6521;-1408.005
81408;377.9305;-429.9087;-1405.925
81442;394.8512;-428.7752;-1396.875
81475;400.7431;-426.8741;-1392.408
81509;406.8737;-425.8411;-1383.13
81526;422.1805;-429.4169;-1358.939
81576;425.6349;-427.9374;-1352.409
81610;435.9778;-420.8824;-1335.687
81628;444.0468;-418.9677;-1312.582
81661;447.6923;-415.6305;-1300.883
81694;449.4059;-413.9827;-1284.857
81728;451.1373;-411.0531;-1266.886
81779;454.3888;-405.0335;-1248.215
81812;454.724;-400.3231;-1235.049
81829;457.5996;-392.6451;-1214.201
81863;457.2869;-388.3623;-1200.419
81897;455.68;-384.5449;-1190.573
81930;452.9506;-380.0884;-1178.825
81964;449.6617;-381.0754;-1161.285
81998;448.4255;-377.4781;-1146.009
82031;450.0269;-369.7331;-1134.323
82065;447.076;-369.0993;-1117.442
82116;444.0233;-368.6493;-1107.278
82132;441.5589;-366.9988;-1096.68
82167;439.4113;-364.8761;-1087.599
82200;436.4719;-362.3315;-1075.878
82234;436.0159;-360.1194;-1062.345
82268;436.7148;-358.4982;-1046.817
82318;440.3644;-352.0674;-1034.378
82335;438.3852;-349.3264;-1025.197
82368;438.1622;-346.8176;-1010.203
82402;441.6935;-345.408;-992.9238
82453;455.7111;-342.3541;-972.0875
82469;464.5638;-341.2316;-958.2365
82503;469.2353;-338.3477;-944.7396
82537;470.7363;-337.9884;-937.3587
82570;471.6526;-343.0323;-928.6578
82604;475.2215;-355.4127;-935.6647
82638;489.4727;-355.0129;-948.7285
82672;496.5776;-324.0107;-949.1299
82705;493.2422;-292.0027;-895.539
82739;439.1316;-5.260113;-845.4114
82773;313.154;24.10977;-870.5021
82807;251.7073;140.4292;-845.1057
82840;251.6831;155.5933;-841.9301
82859;171.4727;70.85172;-822.1216
82911;170.7808;71.56977;-822.0706
82949;162.9577;-17.72311;-818.7798
82982;161.8125;-18.5931;-819.8314
82999;207.4178;-22.14526;-878.5262
83049;189.8498;-38.9891;-878.4875
83067;196.4742;-45.91055;-867.6577
83101;194.9747;-46.42086;-869.2666
83135;194.5007;-47.71347;-870.426
83169;195.0387;-48.132;-870.7192
83203;198.7343;-77.04949;-866.6229
83236;209.1947;-98.84045;-867.0355
83269;209.6666;-99.56419;-867.1608
83303;206.5946;-89.39216;-872.9952
83337;206.8188;-91.27334;-874.9191
83370;206.6221;-82.37368;-885.3589
83404;209.0008;-76.01985;-891.2424
83438;221.9827;-108.2878;-898.1924
83471;222.777;-111.4732;-899.0923
83505;224.4233;-112.0781;-901.6035
83539;229.7723;-93.69302;-916.4108
83573;232.6035;-92.26756;-922.1078
83606;235.9577;-93.32942;-926.0056
83640;243.4287;-99.37082;-927.7594
83674;250.6112;-102.5535;-930.8004
83707;276.833;-145.619;-908.4001
83741;277.503;-280.1507;-917.1243
83775;278.6267;-281.1483;-917.2661
83809;282.7988;-284.4976;-917.8477
83842;292.3251;-283.3758;-917.1304
83876;307.2535;-280.0212;-914.9528
83909;314.8377;-281.4383;-915.3817
83943;322.7271;-284.3434;-918.2346
83960;334.146;-295.0403;-921.7432
84010;347.4694;-288.8101;-921.3422
84044;354.9975;-290.0861;-923.7579
84078;363.9258;-288.5363;-923.9709
84095;388.0828;-272.1109;-886.9008
84145;398.2702;-278.7479;-854.1399
84179;400.9503;-278.5415;-851.8717
84196;306.7567;-502.7119;-1059.925
84231;308.0225;-503.2346;-1061.698
84280;314.4501;-505.0753;-1064.047
84314;330.063;-536.4835;-1039.036
84331;332.8248;-529.5596;-1061.433
84364;342.0417;-468.2234;-1051.499
84398;435.1613;-276.4321;-876.3549
84449;263.6105;-549.8524;-902.3145
84482;267.1157;-546.6845;-904.1973
84516;268.7476;-543.7349;-899.3088
84550;487.8953;-183.5266;-941.283
84567;488.5181;-183.0367;-941.6862
84600;494.8588;-172.3504;-947.1735
84634;498.8533;-173.0355;-951.3481
84685;510.5185;-183.4339;-966.2305
84701;514.4442;-188.1794;-977.0062
84735;204.631;-424.4055;-889.6359
84769;205.5653;-423.4138;-889.5189
84819;207.3465;-423.0926;-889.574
84836;223.0934;-407.836;-913.0558
84870;225.1552;-406.0716;-915.7887
84904;226.547;-405.9711;-916.9634
84938;229.6342;-404.2681;-920.8425
84972;520.6543;-440.6151;-1004.987
85005;519.807;-442.6022;-1003.76
85055;532.6138;-449.8996;-1001.203
85072;537.1448;-446.1014;-1005.867
85106;538.7833;-445.1146;-1007.375
85139;540.2784;-444.8706;-1007.681
85173;541.7368;-445.2095;-1007.511
85207;542.3459;-445.0742;-1007.621
85241;541.6204;-445.5432;-1008.07
85275;540.906;-449.4544;-1006.209
85308;539.7849;-451.6801;-1005.88
85342;538.7867;-453.1693;-1005.887
85376;538.4656;-454.0843;-1005.372
85409;227.4428;-429.6118;-941.9659
85443;220.8995;-449.4068;-934.203
85476;490.1197;-307.8627;-987.8962
85510;490.1177;-307.8566;-987.8939
85544;523.3196;-205.8363;-1012.489
85578;492.295;-307.6078;-987.7227
85611;228.5498;-436.5972;-939.3846
85636;228.9228;-436.3785;-939.6297
85679;532.2517;-193.8958;-1013.825
85713;531.8523;-193.3492;-1013.374
85746;532.7664;-194.3184;-1013.801
85780;533.343;-194.9104;-1014.23
85814;533.3247;-193.6201;-1014.271
85847;534.0523;-194.3429;-1015.292
85881;527.1117;-201.2853;-1011.708
85915;525.2652;-203.2877;-1010.724
85949;524.1188;-204.6268;-1010.094
85970;523.5962;-205.105;-1009.787
86021;528.3767;-201.4397;-1013.055
86037;527.043;-204.8919;-1012.442
86071;530.3322;-201.487;-1014.876
86105;531.0915;-198.6474;-1015.222
86138;531.6039;-197.1016;-1015.543
86155;531.871;-196.3412;-1015.587
86200;532.0078;-195.8455;-1015.853
86228;531.0554;-182.058;-1013.392
88150;455.5087;-342.5797;-1727.442
88167;488.9109;-316.5292;-1770.541
88201;525.2302;-280.6572;-1817.862
88235;561.1452;-246.9813;-1860.842
88268;578.1117;-197.906;-1911.629
88302;595.1951;-146.7832;-1955.213
88336;619.2524;-102.8908;-1993.341
88369;624.9394;-42.55642;-2041.073
88403;631.2895;13.2585;-2080.317
88437;630.3755;65.0134;-2109.381
88470;631.8702;116.0573;-2144.927
88504;626.0221;160.733;-2169.792
88538;637.2568;219.6585;-2197.178
88571;632.8096;247.3714;-2217.581
88605;635.06;291.5229;-2247.083
88639;617.129;303.5078;-2264.248
88672;617.984;329.1741;-2284.274
88706;617.3685;345.9199;-2303.254
88740;616.9584;359.1601;-2316.902
88773;615.5483;363.7507;-2330.009
88807;617.9511;367.7921;-2341.076
88841;620.3211;366.948;-2348.933
88875;624.6941;366.6375;-2355.37
88908;632.1183;362.8092;-2362.778
88942;651.0082;361.8196;-2373.325
88976;663.6777;362.6671;-2379.789
89009;668.5573;355.7644;-2383.757
89043;682.1161;349.9693;-2392.033
89060;684.5758;345.487;-2394.197
89110;697.1177;346.4643;-2399.401
89128;697.4999;341.7566;-2408.6
89178;701.9098;340.0093;-2422.122
89211;704.4766;346.7639;-2433.51
89228;700.3628;344.2024;-2451.319
89262;696.2163;343.4336;-2463.345
89296;697.1248;349.3253;-2475.251
89329;698.7854;355.6995;-2484.049
89363;697.7626;354.2718;-2490.311
89414;697.4712;353.9832;-2492.816
89437;697.1238;352.5362;-2495.159
89470;697.0223;349.8961;-2498.458
89504;697.5897;349.8745;-2499.657
89544;697.7975;349.5839;-2500.083
89578;698.4801;349.3609;-2500.453
89595;700.1783;349.0463;-2499.803
89646;705.5559;350.0938;-2498.254
89679;766.8082;400.3246;-2502.479
89713;727.5906;348.3707;-2494.156
89747;780.0059;403.514;-2504.714
89764;780.8596;403.3097;-2505.119
89814;782.6415;403.7164;-2507.008
89831;782.8089;402.2267;-2508.344
89882;818.0992;427.7972;-2527.283
89898;820.0768;430.9266;-2528.006
89932;836.1677;459.7157;-2535.186
89966;837.7667;466.4402;-2533.675
90000;863.0282;474.6847;-2524.998
90033;888.4405;547.345;-2526.12
