
2;-56.49675;-643.2363;-1817.556
30;-55.8823;-643.0031;-1817.609
59;-55.45542;-643.1823;-1817.312
99;-54.75085;-642.9168;-1816.746
136;-54.4384;-642.9359;-1815.945
172;-53.89223;-642.025;-1815.234
213;-52.92807;-640.1571;-1813.549
235;-51.27214;-637.7915;-1811.604
255;-48.8712;-636.9161;-1809.883
289;-46.7524;-636.5817;-1808.364
322;-43.92585;-635.7318;-1806.994
374;-42.53999;-635.6387;-1806.823
395;-41.64972;-635.459;-1806.923
429;-40.77394;-635.3743;-1807.33
454;-39.84945;-636.0318;-1808.309
487;-36.78959;-637.6981;-1809.108
538;-34.61485;-639.319;-1810.27
590;-30.49756;-640.892;-1811.593
616;-23.9924;-645.0276;-1812.982
634;-21.42836;-645.5057;-1814.285
670;-14.20609;-646.8;-1815.346
714;-3.82357;-651.2651;-1814.801
734;3.232654;-649.5853;-1813.341
762;4.776047;-653.5996;-1812.755
813;22.17326;-648.3701;-1804.768
835;30.91138;-643.7776;-1798.349
875;41.19838;-641.698;-1790.659
916;51.127;-639.7053;-1780.899
985;62.88829;-629.8274;-1765.971
1012;82.62814;-625.1841;-1745.622
1037;98.95118;-614.0383;-1725.19
1057;120.5361;-600.3586;-1699.986
1080;145.0168;-578.4418;-1677.83
1108;153.4395;-567.0682;-1662.905
1170;164.2576;-542.8024;-1622.116
1195;174.5585;-533.0509;-1604.76
1229;182.2037;-528.3694;-1592.634
1271;193.1198;-524.2391;-1579.387
1290;200.5963;-523.2955;-1567.964
1340;215.9695;-521.3151;-1551.219
1380;231.8239;-522.1968;-1534.208
1403;252.0358;-525.4636;-1510.47
1443;269.3246;-526.3234;-1488.452
1477;289.0727;-523.5379;-1460.585
1513;326.4221;-508.7246;-1421.582
1527;338.5843;-554.0946;-1376.235
1561;341.5215;-549.6835;-1348.794
1600;351.1071;-538.5512;-1309.956
1706;358.3825;-532.2611;-1285.199
1741;348.8301;-537.3458;-1278.039
1811;341.452;-519.5517;-1216.084
1839;344.6065;-512.105;-1192.525
1890;353.2957;-508.501;-1178.571
1917;360.6363;-506.8204;-1162.765
1972;341.7141;-508.3183;-1139.973
2011;329.2795;-511.988;-1137.27
2033;329.2018;-510.6316;-1123.466
2070;365.2435;-504.1642;-1052.029
2129;372.837;-500.2425;-1032.893
2169;370.4261;-488.7788;-1024.469
2207;397.7015;-483.8518;-977.2954
2254;392.4493;-485.8359;-988.7941
2295;435.2196;-481.8501;-957.9218
2322;339.9943;-217.225;-863.8093
2358;187.9394;94.72308;-401.4553
2376;187.9394;94.72308;-401.4553
2396;187.9394;94.72308;-401.4553
26549;-187.6486;-166.9822;-1188.216
26648;-445.3884;-114.4068;-1218.635
26687;-438.1945;-135.3855;-1183.102
26778;-449.8989;-130.5338;-1183.716
26824;-472.174;-130.8359;-1189.827
26907;-385.1481;-235.7285;-1078.013
26982;-353.3252;-220.3399;-1075.635
27090;-351.2874;-221.6342;-1073.303
27155;-352.2175;-217.6409;-1076.437
27239;-357.1561;-219.1251;-1079.349
27276;-417.4373;-199.6935;-1108.496
27376;-416.2847;-207.8413;-1112.634
27440;-410.7994;-219.8051;-1123.707
27516;-389.8564;-548.5914;-1093.211
27551;-387.7835;-546.1924;-1096.997
27596;-393.3058;-551.2104;-1108.115
27669;-403.7694;-556.5681;-1121.989
27773;-445.4517;-714.9415;-1317.281
27821;-439.2965;-715.064;-1312.704
28023;-462.9023;-713.5966;-1303.537
28090;-472.3914;-707.5614;-1288.168
28143;-473.2546;-711.6902;-1286.337
28230;-487.2952;-700.5354;-1264.481
28303;-495.9869;-694.8855;-1239.412
28337;-531.9056;-673.2307;-1211.089
28386;-537.6537;-683.8069;-1203.048
28419;-539.7676;-683.1765;-1195.908
28488;-549.3816;-678.6779;-1173.473
28573;-552.555;-676.3796;-1167.087
28655;-555.8602;-679.1411;-1172.956
28712;-547.742;-679.451;-1161.853
28765;-536.4904;-684.8456;-1162.579
28816;-481.7674;-624.4423;-1008.379
28877;-480.3845;-630.0574;-1012.519
28996;-465.8107;-493.9938;-885.4967
29056;-491.8087;-519.9964;-891.4535
29103;-515.7938;-487.2325;-867.6486
29264;-524.8753;-471.5242;-847.607
29393;-534.7689;-610.3433;-1027.069
29500;-537.1301;-598.1046;-995.8481
29633;-550.8444;-586.4971;-984.4276
29722;-691.9071;-448.5998;-1013.802
29888;-395.8;-401.3157;-675.1862
29959;-721.8964;-349.7296;-920.0785
30065;-706.3221;-360.0047;-887.7305
30161;-702.8208;-369.5617;-887.5231
30261;-696.4448;-365.9406;-864.3426
30331;-702.9215;-110.1792;-830.99
30426;-702.4149;-103.6861;-834.7689
30852;-697.2475;-95.60293;-833.5956
30971;-697.3146;-93.48193;-833.0302
31054;-695.0164;-92.97982;-824.2437
31146;-685.9336;-96.9321;-802.8335
31225;-678.4867;-103.9736;-787.3408
31490;-649.6523;-104.2286;-760.9667
31665;-645.4084;-104.9963;-756.8899
31765;-647.0163;-119.3073;-751.2606
31858;-630.7018;-116.1232;-757.9267
31943;-662.7925;-110.7723;-797.6945
32015;-670.6517;-96.07819;-805.9193
32074;-698.4755;-240.5659;-803.3267
32131;-699.5892;-230.746;-800.8621
32219;-469.7889;-615.8714;-1187.399
32309;-487.4494;-620.6401;-1144.859
32376;-441.1649;-617.7645;-1212.855
32454;-426.6155;-622.1313;-1188.996
32493;-414.1901;-683.5549;-1181.052
32651;-428.1996;-677.4171;-1200.4
32748;-696.6711;-225.4634;-939.254
32839;-368.9637;-213.8996;-809.2979
33313;-532.8256;-397.7464;-825.8753
33355;-624.7622;-483.1284;-945.4996
33402;-615.2961;-483.8463;-952.2881
33517;-611.5066;-483.2031;-956.5591
33576;-599.9408;-494.3292;-958.7685
33667;-596.2574;-497.2919;-960.2872
33736;-594.3141;-498.3483;-960.9147
33870;-593.4385;-497.6158;-960.871
33946;-591.6947;-498.1729;-960.5738
34021;-591.0797;-499.9824;-960.6489
34114;-547.4552;-422.5685;-866.5376
34251;-548.7495;-422.7599;-865.7494
34362;-551.2963;-422.1256;-864.5881
34451;-601.8818;-127.3421;-889.7313
34491;-619.4967;-114.5384;-840.3059
34583;-640.9467;-12.44143;-933.0756
34715;-696.6069;-47.83465;-961.3021
34767;-699.8177;-99.20184;-870.2361
34831;-622.5165;-73.21992;-827.8409
34897;-601.4981;-58.48399;-819.3876
34955;-577.2635;-49.93834;-789.231
35056;-566.658;-51.23155;-766.3627
35138;-573.7161;-6.195247;-767.5591
35236;-457.7479;103.5725;-848.9573
35745;41.82389;-676.3928;-1597.691
35770;110.7898;-253.3732;-1784.56
35795;129.9266;-877.554;-1847.395
35866;-5.881995;-736.9247;-1700.939
35902;-19.90387;-609.4991;-1770.806
35959;-52.63766;-604.9704;-1819.433
36010;-12.01159;-564.6121;-1783.142
36053;-99.06078;-592.8327;-1764.914
36103;-80.50448;-764.535;-1701.047
36160;-69.93349;-776.1397;-1692.968
36222;-63.20736;-781.8192;-1687.969
36271;-53.53577;-786.5957;-1683.741
36309;-49.57268;-787.8604;-1682.132
36334;-47.59119;-788.8855;-1681.195
36363;-47.72845;-788.8193;-1681.424
36404;-47.44592;-789.0115;-1681.191
36709;-96.46809;-643.801;-1726.961
36900;-165.4323;-532.9098;-1710.589
36954;-171.1614;-526.6962;-1713.244
36982;-162.859;-563.7387;-1667.094
37022;-171.0708;-536.6149;-1659.993
37049;-181.4362;-546.2642;-1648.177
37071;-189.1152;-542.989;-1652.645
37129;-190.2548;-547.5523;-1645.994
37151;-195.8353;-544.6855;-1647.735
37173;-200.4091;-538.3036;-1647.995
37203;-204.8682;-536.6969;-1648.271
37262;-208.3432;-535.9914;-1648.425
37282;-211.6388;-536.0259;-1648.892
37340;-213.5531;-536.008;-1649.432
37371;-215.5901;-536.8041;-1649.343
37389;-217.3633;-536.8448;-1649.007
37430;-218.7076;-539.9105;-1650.08
37470;-220.1264;-541.6531;-1650.527
37499;-221.2359;-543.3032;-1651.233
37524;-221.3922;-543.44;-1651.56
37558;-221.4798;-543.8807;-1651.72
37594;-221.4738;-542.3662;-1652.115
37650;-220.7257;-543.3044;-1653.006
37694;-219.7119;-541.0464;-1653.467
37716;-215.8431;-555.8293;-1661.597
37746;-212.1945;-564.4327;-1664.309
37802;-211.2218;-559.2645;-1665.164
37824;-223.6878;-493.5148;-1736.005
37852;-221.696;-491.4737;-1733.901
37893;-218.543;-502.7761;-1746.623
37929;-184.99;-620.0499;-1687.442
37969;-169.678;-646.9492;-1691.347
38039;-170.4613;-637.296;-1683.966
38077;-196.2765;-558.8176;-1721.261
38114;-193.7064;-555.1043;-1719.301
38131;-192.7634;-541.4578;-1725.315
38176;-190.9962;-518.4541;-1746.631
38215;-119.059;-774.5554;-1827.304
38302;-158.4717;-601.9758;-1694.482
38373;-30.99374;-836.061;-1668.871
38413;-51.62674;-817.7852;-1660.225
38440;20.31204;-854.5187;-1661.166
38483;19.94257;-852.9595;-1658.873
38517;38.73624;-854.5284;-1641.845
38539;44.34429;-853.5663;-1636.396
38563;46.37291;-852.4369;-1634.448
38648;47.53515;-851.2758;-1633.214
38677;60.80246;-850.2134;-1629.818
38698;68.31364;-850.9717;-1629.201
38724;27.71863;-843.1196;-1653.463
38793;23.12729;-841.7646;-1657.308
38836;19.54876;-841.0646;-1660.808
38863;-117.5901;-637.4874;-1699.826
38904;-117.2655;-639.0292;-1700.377
38928;-117.3993;-640.4309;-1700.719
38968;-118.9272;-638.7808;-1699.57
39036;-120.9586;-644.9419;-1698.443
39073;-121.8239;-647.4814;-1696.789
39098;-172.78;-685.5361;-1681.784
39124;-174.51;-683.1075;-1680.446
39175;-175.1262;-685.8923;-1679.864
39210;-137.1302;-641.2896;-1701.855
39232;-178.4316;-553.0461;-1761.271
39256;-181.1294;-557.1965;-1760.915
39292;-171.0158;-595.7631;-1745.304
39326;-174.4733;-594.4339;-1748.595
39362;-175.4928;-592.8443;-1750.558
39402;-178.4344;-592.6735;-1753.027
39439;-179.9834;-595.2441;-1753.503
39482;-173.7959;-612.3119;-1745.156
39522;-159.6574;-641.6869;-1727.388
39560;-157.8031;-646.4932;-1725.291
39594;-172.8792;-622.8643;-1738.787
39629;-174.9804;-619.7669;-1741.69
39668;-175.4424;-621.8122;-1742.363
39761;-172.0806;-628.5557;-1737.357
39805;-172.9086;-627.6531;-1739.156
39842;-171.9188;-630.1286;-1740.349
39883;-172.3129;-630.2067;-1743.856
39944;-160.5892;-649.9977;-1733.154
39974;-162.1638;-648.7487;-1736.051
40000;-158.329;-655.1154;-1733.237
40030;-156.7123;-657.272;-1731.948
40074;-155.8179;-658.5967;-1732.017
40152;-158.5455;-656.244;-1737.521
40194;-159.9037;-656.4311;-1742.995
40238;-160.4056;-656.2068;-1745.86
40292;-153.902;-666.5842;-1744.034
40345;-156.3002;-663.8699;-1748.571
40375;-152.0884;-669.3745;-1747.338
40414;-150.9692;-671.2371;-1746.572
40447;-197.9048;-707.7521;-1744.791
40482;-197.177;-708.6495;-1744.55
40516;-196.5098;-709.8297;-1744.644
40591;-195.8291;-710.701;-1744.659
40665;-194.5986;-712.9169;-1744.753
40701;-194.007;-713.6028;-1744.997
40743;-193.119;-714.6558;-1746.163
40781;-192.6697;-715.3381;-1746.82
40844;-191.4292;-716.9183;-1747.499
40901;-190.8588;-717.2421;-1747.677
40963;-189.69;-718.421;-1747.329
40995;-189.3267;-718.556;-1747.612
41041;-188.7974;-718.9114;-1747.586
41077;-188.4477;-718.8416;-1748.002
41185;-188.4067;-718.7763;-1748.06
41230;-188.3415;-718.5771;-1748.207
41269;-187.6431;-718.7222;-1749.731
41318;-187.6817;-718.3268;-1750.46
41345;-187.5795;-718.4529;-1751.01
41375;-187.2908;-718.4973;-1751.392
41415;-187.3622;-718.2852;-1751.496
41471;-187.0256;-718.259;-1752.277
41553;-186.9192;-718.2285;-1752.449
41594;-186.9813;-718.3726;-1752.368
41653;-186.9799;-718.6014;-1752.881
41680;-186.6403;-718.4418;-1752.57
41725;-186.5736;-718.2797;-1753.013
41764;-186.6871;-717.6139;-1753.058
41798;-186.4944;-717.5496;-1753.099
41835;-186.3595;-717.6289;-1752.984
41865;-186.2683;-717.538;-1750.751
41943;-186.6526;-716.9631;-1747.456
41977;-186.9267;-716.3328;-1743.543
42019;-189.4086;-712.3835;-1729.605
42054;-200.075;-694.8843;-1705.543
42118;-177.4265;-713.7677;-1667.265
42193;-89.88279;-801.4117;-1728.895
42266;-90.30263;-801.2739;-1729.121
42312;222.3018;-783.8378;-1539.67
42359;223.4473;-783.6444;-1539.879
42393;216.8956;-791.7025;-1549.187
42436;218.2638;-791.3116;-1550.449
42475;226.3403;-788.4075;-1550.555
42641;218.2023;-789.7315;-1550.255
42728;210.2158;-785.447;-1542.261
42755;201.6826;-785.7308;-1542.252
42819;197.8954;-781.7;-1537.322
42842;193.1241;-780.5583;-1540.094
42902;189.4235;-778.4437;-1549.917
42951;141.4339;-813.3227;-1621.571
42996;140.878;-813.2654;-1621.494
43063;140.729;-813.23;-1621.614
43114;140.1652;-811.8768;-1623.173
43157;139.8355;-811.601;-1623.925
43212;139.4403;-811.6274;-1624.369
43255;138.2982;-811.6801;-1625.184
43364;138.1344;-811.1713;-1625.511
43509;138.3037;-810.655;-1625.704
43544;138.3863;-810.4693;-1625.572
43642;138.4214;-810.4376;-1625.261
43773;137.6893;-810.6016;-1624.528
43806;138.0413;-810.9965;-1624.432
43854;138.9033;-818.4319;-1619.94
43893;130.3354;-817.5844;-1615.075
43945;120.7842;-818.0427;-1608.498
43981;117.2801;-817.6052;-1605.631
44033;113.5374;-817.9964;-1602.863
44070;108.6866;-820.7554;-1601.118
44110;106.2605;-824.5729;-1602.262
44138;108.881;-827.2357;-1601.573
44202;275.8562;-776.3441;-1558.578
44238;279.5805;-776.1727;-1556.938
44263;291.6182;-776.7892;-1566.592
44313;295.4349;-779.4918;-1571.334
44363;298.1039;-781.278;-1576.354
44416;300.1226;-781.4325;-1578.945
44461;301.4174;-781.6213;-1580.289
44522;303.865;-781.6871;-1582.86
44584;306.2463;-780.9174;-1584.67
44646;309.7711;-779.2984;-1586.076
44747;309.1165;-778.3096;-1583.4
44813;222.2653;-795.97;-1549.365
44877;222.3522;-793.3948;-1545.758
44948;217.386;-789.8442;-1543.292
45029;214.1044;-785.8189;-1542.041
45083;211.8821;-779.516;-1536.995
45128;210.9003;-768.1066;-1527.39
45204;201.4906;-762.352;-1537.754
45261;208.1597;-759.1482;-1548.609
45306;261.5603;-732.2888;-1544.422
45351;273.5779;-726.455;-1546.847
45391;371.8176;-668.2553;-1584.323
45517;242.287;-742.3999;-1539.567
45699;209.864;-768.3021;-1521.948
45750;212.8624;-768.708;-1516.494
45790;242.037;-756.6762;-1508.126
45817;243.7655;-756.0137;-1504.838
45859;246.8938;-756.9508;-1504.277
45892;131.131;-167.0292;-1617.656
45925;273.8495;-753.7675;-1511.283
45977;285.2944;-742.2095;-1509.51
46024;288.8064;-741.3575;-1511.431
46072;-180.1874;-674.925;-1752.083
46104;-94.772;-829.7263;-1704.703
46143;-82.55381;-837.475;-1709.02
46178;-93.13875;-833.4672;-1729.201
46227;-91.93067;-833.9047;-1728.08
46264;-84.96972;-831.6533;-1718.634
46304;-88.7925;-824.8008;-1716.483
46351;-90.71906;-820.6129;-1716.677
46383;-89.86816;-818.2581;-1715.219
46432;-52.6731;-820.2443;-1672.091
46464;-47.52669;-819.4037;-1676.271
46494;-79.06377;-806.2905;-1705.088
46521;-67.98214;-799.294;-1694.05
46542;-66.49637;-796.2499;-1691.5
46568;-54.21761;-795.6844;-1672.207
46608;-75.86816;-787.3669;-1696.829
46642;-57.51089;-787.7486;-1658.762
46669;-58.9423;-784.0665;-1656.036
46695;-59.78432;-781.6839;-1654.815
46735;-100.824;-763.3063;-1677.911
46798;-100.5207;-759.7747;-1678.349
46827;-100.8401;-759.2376;-1677.153
46867;-108.4174;-754.9063;-1683.601
46911;-88.89587;-761.7019;-1654.228
46955;-81.90015;-765.2478;-1648.279
46995;-84.4371;-767.6759;-1661.949
47034;-81.46203;-772.5815;-1659.208
47076;-84.56764;-776.6815;-1676.795
47140;-90.49003;-787.0292;-1691.797
47179;-86.36153;-794.5193;-1704.802
47217;-86.82853;-801.6979;-1725.799
47258;-86.13677;-804.5126;-1728.847
47306;-80.70192;-810.168;-1728.065
47343;-78.89729;-813.7291;-1728.219
47443;-67.54216;-822.0942;-1708.239
47472;-199.2105;-572.1364;-1837.295
47536;-205.2151;-568.057;-1839.699
47573;-196.9491;-599.1454;-1843.102
47651;-168.435;-776.2936;-1737.866
47691;-162.823;-783.1136;-1734.441
47828;-141.5662;-799.5235;-1717.134
47878;-143.3403;-794.6816;-1716.796
47919;-138.4008;-784.0343;-1704.775
47951;-71.58591;-814.9952;-1660.022
47980;-84.20041;-808.2878;-1691.486
48015;-74.57944;-798.712;-1692.378
48051;-73.02309;-795.7801;-1689.483
48079;-69.32138;-797.5363;-1684.746
48112;-74.56475;-793.1342;-1687.218
48192;-77.98833;-788.1992;-1685.557
48315;-83.479;-784.0774;-1679.522
48392;-79.79803;-777.3781;-1642.016
48435;-81.19408;-775.8063;-1640.009
48487;-89.72022;-774.1663;-1661.071
48524;-89.62132;-776.4561;-1674.543
48574;-87.12439;-784.4583;-1692.26
48611;-74.24808;-796.0191;-1715.382
48708;-78.52405;-799.5635;-1724.333
48753;-137.5807;-772.1412;-1800.372
48821;-86.06007;-813.1696;-1778.46
48857;-87.58225;-816.5716;-1777.653
48901;-105.4115;-808.4268;-1783.679
48940;-111.0221;-807.9036;-1782.468
48978;-112.0308;-809.9343;-1783.663
49010;-112.845;-811.5861;-1785.66
49037;-210.1909;-732.3624;-1774.309
49070;-213.1637;-730.5846;-1771.834
49103;-219.6139;-725.4076;-1759.427
49136;-223.0425;-722.3811;-1726.916
49167;-223.0147;-722.8428;-1719.592
49243;-224.6532;-720.4382;-1715.693
49281;-211.7294;-730.6667;-1682.97
49330;-216.6991;-723.7943;-1684.031
49367;-219.268;-718.3803;-1682.165
49408;-220.6599;-712.9774;-1680.236
49485;-215.1133;-713.8612;-1662.977
49525;-204.2831;-713.2531;-1636.64
49565;-198.6075;-715.856;-1635.463
49595;-81.76254;-814.3729;-1732.962
49632;-73.06205;-815.3723;-1718.208
49669;-69.62348;-812.1318;-1718.313
49702;-67.5298;-805.0781;-1720.454
49738;-65.666;-805.3145;-1717.068
49774;-70.73283;-802.7007;-1713.338
49834;-75.93138;-798.5045;-1707.061
49873;-82.97664;-791.5091;-1692.325
49911;-84.50441;-788.4055;-1687.506
49952;-71.17754;-783.2744;-1655.506
49996;-78.40331;-781.399;-1678.209
50036;115.6906;-806.3668;-1605.132
50081;116.9617;-807.4594;-1604.129
50119;127.9338;-825.6512;-1597.304
50182;115.9644;-829.912;-1602.184
50230;124.5336;-840.2422;-1605.947
50270;147.3403;-832.6476;-1590.017
50308;178.0253;-841.8716;-1611.015
50369;154.1745;-841.0078;-1593.881
50407;150.4413;-843.0073;-1596.686
50449;144.0355;-847.5475;-1599.349
50505;144.2606;-849.5443;-1600.523
50563;147.4584;-849.9074;-1599.269
50631;147.6033;-851.0746;-1599.888
50670;147.5478;-851.0491;-1599.757
50715;147.7999;-851.776;-1600.159
50746;147.5751;-852.3112;-1600.809
50842;146.3451;-852.7969;-1601.316
50920;143.1109;-853.2298;-1601.176
51009;149.1954;-848.351;-1595.167
51045;141.8265;-846.7365;-1596.917
51150;262.4393;-758.8301;-1518.614
51191;229.0703;-773.6058;-1537.965
51229;227.9481;-771.2401;-1543.94
51268;212.5397;-767.6799;-1533.72
51310;226.3693;-753.3309;-1528.933
51346;217.7703;-756.7161;-1525.6
51379;220.5518;-754.6613;-1522.624
51461;221.2532;-752.6913;-1518.639
51523;240.2077;-746.1544;-1518.684
51565;243.8771;-747.7935;-1518.395
51598;236.4276;-751.2001;-1520.624
51660;159.0228;-798.1231;-1564.865
51702;159.3785;-797.5297;-1564.238
51744;145.6474;-817.5179;-1590.008
51782;147.2248;-834.6304;-1592.64
51835;153.0668;-838.7031;-1590.06
51915;157.9131;-841.7682;-1588.842
51953;168.747;-837.1384;-1580.47
51993;143.9299;-842.261;-1581.975
52028;144.6871;-842.8439;-1580.193
52065;147.3383;-842.5976;-1578.235
52091;146.7493;-843.923;-1579.166
52119;137.3762;-847.6766;-1585.499
52150;133.863;-849.4604;-1588.076
52180;131.8264;-850.24;-1588.544
52244;137.8864;-850.015;-1586.568
52276;139.2262;-851.4999;-1587.741
52305;137.0786;-854.0082;-1589.781
52346;134.2949;-856.2914;-1592.991
52385;129.7095;-857.6749;-1595.536
52428;130.4382;-856.947;-1594.81
52491;135.8482;-849.0394;-1583.959
52558;134.6985;-843.7494;-1581.279
52622;237.0062;-762.0338;-1500.633
52664;221.972;-771.3875;-1510.303
52726;212.4766;-775.7084;-1519.893
52761;208.5666;-777.0215;-1531.843
52832;216.49;-773.5507;-1535.912
52903;217.9514;-769.4014;-1533.047
53313;106.8059;-820.2359;-1587.147
53355;105.3209;-824.502;-1588.749
53385;103.8754;-829.5115;-1588.86
53407;99.67828;-835.0287;-1585.759
53432;-43.47868;-827.4755;-1686.116
53471;-55.1832;-827.7892;-1693.721
53501;-80.71184;-821.4582;-1705.992
53539;-221.4414;-680.672;-1654.323
53599;-179.8359;-639.1136;-1671.073
53627;-187.0387;-630.7851;-1680.033
53657;-187.3103;-633.2251;-1679.054
53690;-160.3005;-772.0117;-1709.924
53711;-217.7157;-707.0885;-1713.521
53744;-225.2804;-695.2953;-1688.88
53803;-229.0593;-690.1203;-1681.913
53832;-75.88979;-838.9592;-1718.484
53873;-76.42102;-838.4199;-1717.683
53894;-80.97792;-835.9706;-1718.219
53963;-84.68359;-829.9698;-1710.079
53992;-82.17654;-827.3207;-1707.44
54028;-80.59284;-822.608;-1699.807
54052;-72.65361;-822.1652;-1695.055
54093;218.0041;-768.7151;-1493.699
54167;298.5232;-764.7415;-1557.177
54204;293.4491;-766.2311;-1564.719
54256;291.3266;-763.886;-1567.344
54290;146.2328;-817.4226;-1596.351
54323;154.8488;-801.6412;-1563.984
54369;95.70261;-812.1794;-1592.034
54409;172.5535;-787.0584;-1553.904
54444;386.1255;-659.8568;-1552.478
54495;384.6599;-660.8468;-1554.76
54547;384.4167;-661.8493;-1555.873
54601;385.231;-664.7015;-1560.699
54635;254.7242;-756.9928;-1550.125
54665;122.91;-811.897;-1606.795
54702;120.5202;-816.6646;-1601.519
54734;117.5895;-818.9328;-1596.872
54769;114.7178;-823.4369;-1595.038
54801;93.46929;-829.6315;-1599.648
54838;92.00721;-833.04;-1598.48
54870;119.9322;-834.9871;-1591.221
54899;114.7243;-837.6405;-1592.224
54930;115.9537;-839.8055;-1588.581
54959;114.798;-844.7158;-1590.638
54996;112.8363;-847.9908;-1591.51
55027;110.4855;-851.7861;-1593.061
55061;119.1908;-852.3815;-1587.938
55083;120.84;-852.9835;-1587.195
55123;122.9228;-853.2662;-1586.337
55160;125.813;-852.2674;-1585.056
55196;126.5141;-852.3458;-1585.093
55229;124.0278;-852.6356;-1585.498
55262;-184.0065;-765.2582;-1691.137
55302;-237.531;-695.3676;-1679.908
55341;-205.5395;-730.8475;-1651.29
55371;-205.8301;-730.77;-1652.532
55406;-204.5174;-731.9479;-1654.241
55441;-212.2569;-353.4859;-1680.343
55477;-212.9682;-353.7018;-1680.337
55500;-214.3148;-354.877;-1681.484
55588;248.0979;-761.9949;-1516.547
55618;245.0124;-768.3604;-1516.951
55678;238.3873;-767.4437;-1519.405
55699;237.9584;-766.3909;-1518.742
55726;231.3192;-770.0308;-1519.858
55756;221.8458;-767.1882;-1520.908
55790;213.8693;-767.1069;-1529.356
55814;221.6921;-762.3777;-1540.277
55838;225.4336;-758.7353;-1538.19
55885;224.7114;-756.7839;-1534.856
55902;227.442;-749.5383;-1524.918
55962;231.6611;-746.4857;-1525.314
55992;233.571;-747.0156;-1526.034
56044;233.5402;-746.4094;-1524.091
56067;232.0686;-748.8273;-1521.868
56109;234.1667;-750.2894;-1519.286
56133;233.8316;-754.4931;-1522.441
56178;219.9274;-774.1369;-1539.102
56210;224.51;-779.4448;-1541.449
56253;97.15661;-834.7595;-1602.494
56284;96.65452;-838.823;-1602.203
56324;70.92929;-843.1741;-1615.626
56362;115.1184;-846.2747;-1603.874
56389;88.71098;-852.5945;-1618.518
56413;127.6512;-848.8611;-1604.462
56434;130.083;-848.3922;-1598.196
56460;142.6732;-848.1874;-1595.334
56519;132.2686;-850.8593;-1596.434
56542;124.0606;-853.5745;-1596.945
56584;-56.25193;-852.3633;-1712.235
56628;-54.48392;-854.4487;-1709.142
56659;-54.91988;-855.5151;-1706.682
56686;-58.93267;-854.528;-1707.893
56707;-61.24035;-853.9158;-1708.665
56731;-57.83036;-856.2672;-1706.086
56769;-237.8388;-713.5217;-1729.648
56794;-241.8992;-705.2943;-1709.469
56848;-214.2267;-614.9481;-1667.041
56916;-213.7484;-614.5859;-1664.364
56947;-213.2894;-613.0294;-1660.205
56966;-210.7318;-349.8451;-1671.719
57000;-210.6419;-351.7941;-1663.31
57024;-212.7308;-352.6576;-1662.163
57042;-215.1696;-353.344;-1662.705
57069;-20.1835;-835.7435;-1605.797
57129;-19.75879;-835.6183;-1612.789
57170;-12.44097;-834.8716;-1611.087
57201;260.0572;-739.0769;-1499.672
57246;247.5158;-753.5063;-1512.381
57269;242.2166;-758.1439;-1518.924
57323;232.9685;-764.9592;-1524.691
57360;232.097;-764.9233;-1532.183
57388;230.6248;-765.7473;-1530.891
57411;234.6721;-758.9836;-1530.024
57436;237.5364;-756.1512;-1529.806
57466;240.0569;-754.1275;-1529.0
57566;238.8871;-753.7315;-1529.001
57598;232.8561;-756.1985;-1528.626
57632;229.6118;-757.83;-1531.011
57660;228.617;-758.052;-1526.131
57681;230.6749;-761.033;-1522.984
57752;238.4902;-761.6893;-1528.996
57804;329.4155;-718.3438;-1546.509
57886;289.7075;-750.5493;-1539.797
57936;322.2607;-719.2132;-1530.281
58009;309.2731;-754.4404;-1544.648
58058;352.4652;-709.5078;-1537.246
58111;354.1128;-703.6807;-1530.851
58162;354.3277;-697.822;-1524.201
58214;355.1641;-693.8229;-1522.315
58280;357.504;-688.6054;-1521.099
58312;357.7546;-686.7024;-1520.916
58343;354.409;-689.95;-1522.866
58374;347.6047;-705.3984;-1530.127
58406;348.9806;-705.1396;-1531.6
58431;343.743;-717.0089;-1537.142
58475;348.1729;-708.064;-1533.008
58531;352.2625;-697.8414;-1527.975
58575;353.3425;-692.4263;-1523.726
58610;356.0178;-685.0919;-1520.713
58643;356.0365;-685.2747;-1521.746
58674;352.4889;-686.32;-1524.794
58726;345.2304;-683.0107;-1513.936
58748;316.9106;-717.2548;-1518.153
58778;268.1143;-755.8584;-1525.43
58802;256.8361;-765.1757;-1528.324
58856;247.0199;-768.0619;-1534.809
58880;245.4894;-760.1571;-1529.038
58912;243.7998;-757.9688;-1532.78
58954;243.4267;-755.3367;-1535.567
58991;234.3035;-755.0577;-1529.352
59045;232.5513;-754.4906;-1528.436
59093;228.5527;-755.3569;-1527.403
59151;224.6942;-756.1365;-1526.412
59178;221.3066;-756.8917;-1525.442
59220;219.7667;-757.9026;-1527.02
59239;226.2936;-757.222;-1522.504
59287;240.6563;-754.9113;-1524.43
59324;250.8738;-753.7087;-1529.456
59343;261.6852;-753.3975;-1528.951
59400;270.904;-751.7179;-1529.171
59443;281.5514;-750.1688;-1532.901
59481;287.035;-749.9502;-1532.585
59513;291.8572;-752.8269;-1536.62
59563;384.1923;-647.1808;-1537.101
59590;383.9817;-642.6798;-1531.185
59625;382.3451;-638.7858;-1526.141
59659;383.6438;-633.4911;-1526.08
59699;379.3367;-643.3984;-1528.21
59731;381.8141;-638.1011;-1528.658
59764;382.3503;-642.5836;-1533.549
59792;383.8006;-638.6604;-1534.168
59817;383.2536;-638.8685;-1534.62
59838;-248.7608;-721.7022;-1706.464
59869;-265.5723;-695.6198;-1696.591
59917;-255.7795;-715.1844;-1702.459
59975;-86.63239;-862.4331;-1748.443
60011;-69.80426;-868.6013;-1726.139
60061;-68.85945;-868.4586;-1724.283
60095;-68.37921;-867.6135;-1722.07
60125;-59.89645;-869.0676;-1712.167
60148;-92.73234;-848.1677;-1675.661
60220;-80.56082;-849.6272;-1684.899
60256;-73.75039;-848.8016;-1686.086
60294;256.3466;-763.8358;-1540.741
60330;251.9448;-767.9447;-1548.563
60365;236.1053;-766.1046;-1560.861
60394;221.4418;-755.0002;-1548.024
60429;209.1527;-756.0848;-1548.288
60451;209.6097;-756.9603;-1546.091
60504;201.6724;-758.063;-1541.654
60550;210.7643;-746.9318;-1529.795
60568;213.1381;-746.4525;-1530.552
60587;213.7934;-746.7332;-1531.217
60663;213.0695;-749.6954;-1535.068
60702;230.7623;-743.6852;-1539.665
60736;237.6843;-748.5983;-1550.082
60766;241.2569;-748.9988;-1553.357
61020;244.5509;-748.6509;-1549.991
61049;314.1644;-680.6656;-1514.68
61073;318.5288;-683.4066;-1510.402
61126;321.3232;-683.4871;-1508.418
61154;322.6071;-683.5631;-1507.454
61181;323.2047;-682.8346;-1506.899
61224;323.2435;-684.2774;-1506.583
61245;323.2664;-684.5372;-1507.017
61269;323.7776;-684.6071;-1507.323
61300;323.9612;-685.3021;-1508.196
61338;323.1151;-686.6204;-1509.297
61390;323.5585;-686.8929;-1510.224
61442;325.0516;-685.0261;-1510.9
61464;325.8018;-684.7179;-1511.349
61484;325.5641;-685.0372;-1511.34
61508;324.6671;-688.7061;-1512.199
61536;324.5661;-689.37;-1512.512
61588;325.7406;-688.0523;-1512.685
61616;327.1175;-685.6779;-1511.009
61638;327.8752;-684.4127;-1509.504
61705;307.7314;-714.1583;-1512.934
61744;281.6073;-755.5374;-1536.799
61763;267.8345;-758.8682;-1531.178
61798;263.5495;-761.5313;-1536.72
61834;256.1613;-766.6311;-1539.688
61873;240.4955;-770.0977;-1534.001
61902;236.3532;-769.2696;-1529.921
61962;233.952;-766.8796;-1530.016
61980;235.4651;-761.6967;-1529.034
62018;236.3494;-758.748;-1532.254
62042;231.9135;-748.8634;-1536.578
62064;235.9612;-743.9869;-1533.021
62100;231.0194;-744.0859;-1529.195
62137;228.3796;-744.8728;-1528.083
62188;143.11;-789.4694;-1553.21
62245;143.2155;-789.834;-1554.341
62274;142.2825;-790.0616;-1554.771
62311;135.1296;-791.6434;-1551.548
62340;136.497;-791.8912;-1548.452
62373;137.8184;-792.4672;-1546.238
62396;242.7693;-752.4625;-1524.401
62435;252.8367;-751.7434;-1521.335
62472;246.9336;-753.8885;-1513.486
62494;249.9646;-754.6153;-1514.995
62548;253.5304;-756.5465;-1519.455
62585;260.0969;-762.0711;-1529.981
62612;264.1522;-769.2075;-1540.427
62649;287.5929;-790.9921;-1589.523
62673;298.2139;-770.4285;-1559.98
62720;308.3145;-767.7927;-1563.436
62738;309.2606;-766.423;-1558.711
62779;308.9938;-767.4396;-1555.763
62817;303.8712;-774.7012;-1560.954
62853;302.077;-775.2997;-1555.641
62899;307.6491;-776.1644;-1561.238
62924;309.1896;-773.7959;-1558.329
62942;308.3477;-773.6794;-1556.901
62980;310.2154;-769.8284;-1553.617
63052;306.0222;-775.4482;-1558.334
63111;302.8717;-778.194;-1559.14
63142;303.0464;-778.8396;-1560.007
63190;305.156;-776.7949;-1559.515
63674;441.8188;-465.7646;-1708.808
63710;443.7582;-463.7279;-1703.919
63744;442.7974;-461.106;-1700.554
63777;440.745;-466.5477;-1700.95
63812;440.1345;-469.4734;-1700.646
63841;441.461;-472.2953;-1699.066
63870;437.0;-509.0179;-1708.974
63911;435.7056;-509.0268;-1709.056
63947;435.4271;-510.493;-1708.837
63994;435.5843;-512.4772;-1708.982
64030;436.8891;-512.2585;-1710.87
64064;437.0471;-511.9085;-1713.402
64090;440.1777;-514.254;-1714.649
64120;442.5215;-514.5214;-1716.631
64154;445.348;-503.3492;-1717.966
64181;445.0338;-503.8471;-1717.956
64241;443.8105;-506.8794;-1720.416
64276;444.7193;-513.6189;-1724.016
64311;446.4921;-509.735;-1730.096
64332;447.4941;-508.0055;-1730.819
64350;448.6162;-507.2533;-1731.082
64384;449.2456;-508.7873;-1732.246
64405;450.4949;-506.0876;-1736.611
64427;450.8837;-506.5891;-1738.672
64463;451.0021;-507.4823;-1741.259
64533;451.2058;-507.6451;-1741.38
64557;451.4661;-507.1113;-1740.381
64578;451.2871;-506.9566;-1739.896
64599;450.9728;-507.8167;-1738.881
64635;450.8542;-507.8359;-1738.92
64658;450.8786;-507.7854;-1738.926
64695;450.9396;-507.6669;-1738.911
64747;451.0496;-507.2339;-1738.942
64771;451.222;-507.1475;-1739.068
64827;451.3804;-507.2611;-1739.439
64853;441.4852;-560.7234;-1703.627
64877;441.2827;-560.6243;-1702.426
64901;441.5576;-559.6954;-1699.995
64940;441.6722;-558.4081;-1696.885
64975;442.0686;-557.5838;-1694.145
65022;442.2545;-556.8976;-1690.998
65057;442.5952;-556.2104;-1688.9
65074;454.8959;-479.1945;-1710.495
65103;455.1535;-479.8411;-1710.084
65126;454.6478;-479.6763;-1709.798
65160;455.517;-479.0999;-1708.459
65211;457.187;-479.2414;-1707.21
65238;458.5649;-478.64;-1706.333
65262;228.7139;-761.4063;-1492.365
65301;305.8979;-756.1168;-1542.953
65342;303.5312;-756.6182;-1544.703
65395;298.5259;-755.5956;-1551.63
65417;225.4518;-764.3049;-1515.765
65439;145.9032;-814.038;-1580.204
65467;145.2346;-813.8046;-1580.775
65525;93.62711;-814.0296;-1581.63
65561;109.9054;-814.5962;-1584.338
65595;112.571;-814.4914;-1584.874
65628;120.6843;-815.2232;-1587.692
65663;126.363;-815.6419;-1589.759
65705;129.7424;-817.879;-1596.006
65727;283.7189;-769.7803;-1576.33
65764;282.0999;-763.8047;-1559.789
65802;296.5856;-764.7444;-1572.729
65854;291.0807;-767.7691;-1569.508
65876;296.5862;-768.7778;-1571.58
65898;306.9823;-768.7254;-1578.709
65934;318.2199;-770.6166;-1588.55
65989;319.681;-771.7552;-1588.216
66025;321.1317;-774.034;-1587.696
66072;323.7231;-774.9175;-1588.535
66098;326.0775;-776.3978;-1587.459
66121;328.8021;-775.6252;-1587.132
66159;333.4066;-773.2121;-1585.645
66183;335.1379;-773.5641;-1585.182
66208;334.1591;-776.5557;-1587.197
66253;336.9794;-774.0545;-1585.176
66281;338.9756;-771.2286;-1583.888
66308;337.6635;-772.534;-1585.626
66344;338.1633;-772.2725;-1586.31
66370;337.995;-771.6192;-1586.503
66414;338.4822;-770.4506;-1586.56
66455;338.2318;-771.2689;-1588.58
66482;336.6929;-775.4987;-1593.511
66515;336.0172;-778.5095;-1597.697
66536;336.1714;-779.3839;-1599.373
66588;337.7107;-778.6559;-1599.802
66630;339.7126;-776.3636;-1598.877
66661;342.874;-771.2955;-1594.793
66693;351.3547;-762.1033;-1592.743
66711;350.7574;-761.6954;-1593.645
66733;346.7592;-762.6076;-1594.459
66767;316.3834;-762.6249;-1559.728
66804;217.8983;-768.6839;-1497.605
66874;212.4992;-774.8268;-1507.336
66905;205.1514;-770.4276;-1501.228
66931;202.2306;-771.3006;-1508.034
66956;202.6449;-769.0625;-1516.754
66978;195.9456;-770.0802;-1523.178
66998;193.5547;-769.4242;-1526.452
67039;217.2335;-758.7319;-1520.94
67094;211.1918;-759.153;-1517.358
67237;209.4016;-758.1373;-1515.542
67271;209.4957;-758.3627;-1515.308
67302;210.6829;-758.5292;-1514.908
67330;215.0593;-759.8491;-1516.895
67350;231.3649;-756.4224;-1520.968
67368;239.0085;-753.7613;-1521.88
67421;240.6965;-753.115;-1520.417
67449;242.4098;-753.5959;-1513.41
67475;246.1881;-754.9535;-1512.964
67496;247.9704;-756.1736;-1512.421
67532;253.8599;-755.9461;-1510.991
67569;258.1326;-756.5159;-1510.935
67589;259.5594;-761.1918;-1514.835
67622;259.5055;-769.2583;-1522.317
67709;262.7359;-772.206;-1524.278
67738;269.7853;-773.7235;-1527.451
67762;274.9521;-773.688;-1528.597
67790;278.5649;-773.7529;-1528.794
67812;281.0273;-773.6505;-1530.595
67829;280.6528;-775.7428;-1531.487
67863;283.9142;-772.8187;-1529.714
67900;288.5209;-768.6245;-1527.687
67936;290.0589;-770.1121;-1530.26
67989;292.5677;-768.932;-1531.197
68004;295.5741;-766.3786;-1531.144
68053;298.0196;-766.0258;-1533.031
68076;299.5793;-766.5624;-1535.117
68098;300.3623;-767.9351;-1537.725
68133;299.4151;-771.6373;-1541.667
68157;298.5366;-774.6666;-1544.749
68223;298.0257;-777.0262;-1547.185
68272;302.8264;-770.6734;-1543.547
68302;301.23;-772.9639;-1545.354
68355;297.4565;-773.0417;-1544.17
68374;279.6631;-759.0039;-1510.819
68394;271.9796;-757.3557;-1505.057
68445;299.5986;-745.8511;-1517.354
68482;305.4109;-752.1196;-1535.866
68523;308.6897;-752.3766;-1538.441
68566;308.0639;-750.1304;-1542.431
68585;303.8192;-752.828;-1547.067
68620;306.5773;-750.4873;-1547.57
68638;286.71;-736.9537;-1509.138
68660;271.7542;-739.2769;-1504.289
68696;212.6254;-776.0463;-1523.969
68730;209.194;-775.5895;-1529.195
68767;195.4064;-782.7173;-1538.93
68802;184.6342;-785.3748;-1545.241
68825;179.0336;-787.4815;-1549.032
68860;175.5432;-788.2345;-1549.56
68897;171.695;-789.898;-1549.978
68932;169.0236;-791.704;-1550.697
68978;165.0173;-794.7837;-1552.234
69006;140.7277;-809.3036;-1577.75
69044;131.4549;-815.5447;-1575.119
69069;128.9858;-816.8051;-1575.759
69103;129.3398;-817.7542;-1575.301
69142;124.2327;-822.6301;-1579.391
69176;87.02454;-832.5927;-1599.664
69196;106.389;-840.4641;-1598.234
69229;-47.95135;-823.0337;-1702.089
69280;-49.68919;-825.215;-1702.098
69315;-52.77416;-827.072;-1703.756
69358;-58.07942;-827.1559;-1703.72
69374;-48.15221;-832.8602;-1697.469
69396;-45.70527;-835.5178;-1695.997
69447;-67.04475;-827.4252;-1697.896
69486;-50.7302;-838.0402;-1696.555
69503;-176.7327;-623.64;-1657.182
69534;-197.4395;-595.2505;-1744.476
69575;-199.5238;-518.8828;-1839.811
69596;-195.0868;-521.7498;-1854.311
69640;-187.4457;-741.2571;-1723.316
69678;-203.6554;-723.9734;-1736.433
69700;-195.5782;-611.5267;-1788.594
69736;-212.1288;-519.3931;-1821.416
69770;-214.0653;-571.0834;-1732.665
69803;-223.7441;-502.0226;-1718.926
69840;-65.13847;-847.856;-1730.108
69865;-66.85565;-847.0663;-1729.847
69920;-66.74948;-846.6624;-1727.103
69936;-49.42331;-853.3661;-1706.495
69992;-46.3775;-852.6848;-1704.844
70009;-5.604915;-863.2549;-1678.879
70042;1.297936;-862.2756;-1677.127
70099;-15.59873;-847.0175;-1674.441
70133;65.89423;-840.8812;-1595.708
70201;309.5391;-758.6861;-1544.56
70245;275.9431;-764.8913;-1526.779
70277;292.1014;-755.3513;-1537.513
70327;277.3167;-758.6827;-1533.375
70367;232.0689;-753.0583;-1499.724
70384;232.2417;-753.3622;-1502.78
70420;249.4078;-748.2153;-1507.003
70439;262.6776;-743.771;-1510.423
70493;374.8058;-682.2661;-1544.636
70511;301.2309;-729.1884;-1522.762
70552;336.7125;-715.0313;-1540.632
70598;276.9381;-744.6607;-1528.146
70635;254.83;-754.6398;-1528.813
70671;238.8412;-762.8411;-1530.515
70697;180.4693;-783.151;-1530.388
70723;243.0294;-769.5475;-1531.658
70746;122.4663;-821.681;-1590.466
70766;111.739;-825.8734;-1593.626
70827;78.3345;-837.9651;-1611.315
70870;73.15852;-842.6357;-1616.137
70922;68.52125;-846.3008;-1618.739
70955;67.464;-848.3077;-1617.841
70989;68.51959;-850.5588;-1617.893
71026;69.52171;-853.7178;-1618.53
71043;70.33566;-856.3469;-1619.052
71083;70.35272;-859.7573;-1620.742
71099;-71.17162;-837.7698;-1723.518
71135;-69.32336;-840.5538;-1720.378
71190;-233.602;-676.6562;-1651.435
71225;-188.4355;-652.9361;-1701.263
71263;-191.44;-654.1319;-1710.203
71291;-191.8999;-659.3151;-1719.802
71307;-70.34062;-848.2391;-1698.364
71332;-70.68748;-848.7502;-1697.255
71404;-192.108;-663.7861;-1724.528
71454;-196.6608;-650.1986;-1693.209
71483;-201.1806;-641.9779;-1686.321
71525;-89.64713;-844.5621;-1721.76
71564;-76.60619;-849.6725;-1709.648
71582;-71.83998;-850.7711;-1709.685
71606;-64.42787;-852.451;-1703.136
71651;-68.2657;-848.3134;-1706.623
71673;-21.76257;-841.1058;-1629.832
71724;-24.70363;-846.2741;-1654.755
71753;268.9975;-766.4724;-1527.361
71787;269.838;-768.3551;-1534.99
71837;250.5699;-771.5311;-1532.339
71875;240.3596;-774.2338;-1538.825
71901;233.0166;-775.3801;-1535.028
71952;225.361;-777.6953;-1532.68
71992;224.775;-776.4088;-1531.193
72026;224.401;-774.6826;-1531.911
72142;222.2912;-773.4387;-1530.588
72169;220.4952;-773.9688;-1530.071
72211;220.5028;-773.7498;-1529.556
72259;218.8989;-772.98;-1527.195
72277;229.2689;-767.5508;-1524.751
72299;230.004;-767.7912;-1522.497
72333;234.5332;-768.4195;-1519.151
72384;243.6783;-767.6379;-1520.953
72421;248.6395;-767.9137;-1525.019
72448;253.3683;-767.9479;-1528.376
72471;16.39458;-839.9536;-1630.243
72534;16.9007;-838.6338;-1619.351
72574;158.289;-875.541;-1708.839
72597;-63.18966;-844.541;-1730.774
72620;-62.12011;-845.1805;-1729.81
72637;-53.28614;-849.5078;-1725.349
72688;-49.31734;-851.4403;-1722.864
72704;-49.54204;-852.1642;-1723.053
72739;-50.46806;-853.4242;-1723.142
72811;-50.60086;-855.6025;-1723.229
72831;-51.06439;-856.2559;-1723.741
72885;-233.8585;-700.516;-1678.996
72910;-178.9643;-678.9342;-1773.392
72932;-45.64092;-860.4262;-1706.719
72954;-196.1339;-607.0773;-1875.175
72971;-202.1242;-571.155;-1891.579
72994;-206.8089;-561.3879;-1889.093
73028;-211.9576;-554.5564;-1882.129
73080;-225.2592;-535.264;-1857.378
73102;-236.4338;-528.2162;-1818.105
73161;-237.7583;-526.2981;-1812.58
73200;-239.6094;-512.9927;-1808.771
73220;-240.4261;-508.4631;-1806.101
73259;-46.69709;-862.9052;-1707.388
73292;-45.81015;-862.1776;-1707.988
73310;-45.2942;-860.7408;-1707.932
73365;-46.73515;-854.1187;-1704.086
73399;293.7124;-758.8596;-1536.347
73451;250.1944;-753.0065;-1502.455
73467;245.9723;-758.7728;-1511.394
73501;239.6558;-762.2199;-1516.107
73524;233.4354;-759.8304;-1508.782
73557;228.3113;-761.8336;-1510.866
73608;221.8263;-759.73;-1508.005
73629;217.8926;-760.6398;-1512.618
73662;215.1066;-759.821;-1520.527
73696;212.9097;-760.842;-1522.706
73748;218.1367;-758.4601;-1522.608
73768;220.4156;-756.4415;-1521.745
73820;221.8478;-755.9675;-1521.678
73836;223.3186;-755.5574;-1521.495
73870;224.231;-755.6086;-1521.101
73921;222.181;-759.3047;-1514.921
73959;223.6875;-758.6256;-1514.382
73976;227.1136;-756.9779;-1511.973
73994;221.7636;-758.8484;-1506.87
74027;229.3854;-758.1658;-1509.124
74079;235.0235;-758.9483;-1510.496
74113;246.5258;-761.9165;-1518.373
74149;267.108;-756.8908;-1522.883
74191;274.282;-762.4298;-1531.791
74226;288.3528;-755.1282;-1530.794
74242;294.7423;-755.7359;-1533.662
74277;299.8116;-757.2537;-1535.25
74300;303.6748;-757.3056;-1534.733
74325;306.5099;-758.2753;-1535.639
74358;309.3945;-757.5197;-1537.158
74393;307.7067;-764.7576;-1542.993
74426;311.2685;-761.6202;-1541.673
74459;304.5205;-769.775;-1547.029
74528;315.0387;-761.7266;-1546.773
74563;316.7939;-762.1082;-1549.867
74583;320.6652;-758.4731;-1549.598
74602;321.2344;-757.9641;-1549.932
74654;321.8387;-756.7587;-1549.894
74725;321.0303;-758.5692;-1551.98
74744;319.1449;-760.7562;-1553.016
74779;319.1498;-760.5419;-1551.969
74799;319.5883;-759.6064;-1550.728
74833;325.5254;-748.5009;-1543.411
74867;323.8238;-748.4622;-1542.096
74912;320.7816;-750.3011;-1542.036
74934;297.8185;-756.5953;-1529.878
74978;289.6313;-757.7463;-1525.858
74997;279.9284;-754.2094;-1516.432
75030;306.4878;-759.0492;-1552.95
75064;241.9549;-755.6302;-1497.065
75115;253.3673;-755.7925;-1507.134
75138;240.7711;-753.9145;-1496.68
75189;236.3389;-755.0339;-1496.709
75206;230.7833;-760.1402;-1502.527
75229;229.3986;-760.3848;-1502.891
75270;227.9899;-761.5715;-1504.106
75292;226.6033;-762.1795;-1505.031
75326;229.0245;-761.4807;-1509.558
75360;160.1792;-811.0699;-1567.359
75429;156.507;-811.8924;-1568.508
75461;134.9744;-816.6683;-1574.206
75494;129.3806;-819.2101;-1574.917
75562;252.1556;-762.7977;-1519.131
75615;248.5851;-767.0372;-1522.688
75635;97.70821;-833.0903;-1598.502
75672;95.40531;-836.0203;-1602.208
75693;97.99767;-839.7219;-1604.355
75743;100.4419;-844.0064;-1605.307
75760;124.8315;-847.0626;-1606.935
75805;133.5149;-851.1579;-1610.195
75845;122.9995;-854.782;-1613.385
75895;129.4511;-857.9525;-1615.386
75930;126.1592;-860.4827;-1614.675
75948;124.8362;-862.076;-1613.256
75965;121.3165;-863.0878;-1613.554
75999;121.7132;-863.8778;-1611.274
76032;125.1315;-862.5071;-1606.161
76084;126.6063;-862.26;-1604.702
76154;116.808;-863.3032;-1606.594
76175;120.8786;-862.2744;-1604.223
76226;-65.20261;-850.7731;-1720.395
76278;-64.34535;-851.2867;-1720.004
76298;-64.60902;-851.025;-1720.512
76336;-65.08014;-850.7227;-1721.902
76356;-65.36047;-850.4244;-1722.38
76407;-92.4803;-837.4704;-1741.986
76443;-94.88182;-835.9977;-1743.692
76477;-95.85355;-835.2804;-1744.432
76493;-96.26646;-834.9068;-1745.331
76543;-97.11107;-834.3022;-1745.227
76560;-97.30084;-833.618;-1744.775
76611;-77.61092;-842.8755;-1718.161
76661;-74.53941;-844.0284;-1715.629
76700;-72.15677;-844.9116;-1711.945
76722;-82.47571;-839.8834;-1710.84
76756;-97.5534;-831.4943;-1704.302
76772;-104.9174;-826.7783;-1699.393
76810;-106.1815;-826.0646;-1698.59
76850;-106.7123;-825.7953;-1697.285
76864;-108.0941;-825.2708;-1696.796
76898;-111.9504;-823.1909;-1693.597
76933;-113.0118;-822.7906;-1692.916
76967;-165.3064;-786.1078;-1702.056
77001;-169.1455;-783.2898;-1703.171
77034;-178.1497;-774.6103;-1697.427
77069;-177.504;-775.8055;-1698.374
77108;-172.439;-781.1007;-1698.22
77126;-168.7501;-784.8093;-1699.4
77195;-169.5023;-782.1949;-1686.976
77227;-172.1973;-780.1982;-1687.564
77250;-166.8923;-785.2992;-1690.036
77266;-164.2176;-787.7554;-1691.439
77301;-163.7432;-788.696;-1691.457
77352;-242.4452;-704.1053;-1705.049
77395;-242.56;-704.4343;-1705.477
77434;-201.2418;-755.0943;-1696.283
77469;-198.1028;-758.6814;-1695.636
77488;-196.8919;-759.9622;-1695.4
77507;-171.4035;-783.0367;-1686.806
77551;-169.2206;-785.4353;-1685.277
77568;-176.0663;-781.4639;-1689.226
77602;-179.6543;-779.7242;-1694.377
77636;-180.2657;-780.442;-1696.173
77678;-170.078;-789.3938;-1696.93
77697;-180.7225;-781.877;-1702.488
77750;-182.0182;-781.2491;-1703.722
77783;-172.8808;-789.0522;-1698.962
77799;-177.7397;-786.0739;-1703.055
77836;-180.4781;-784.3728;-1705.741
77857;-145.3184;-811.498;-1701.931
77891;-152.5348;-806.7487;-1703.524
77924;-146.8965;-810.6951;-1702.605
77963;-140.6683;-814.8999;-1700.392
77997;-138.2378;-816.5593;-1699.965
78032;-136.9119;-817.2402;-1697.644
78069;-145.2289;-811.7338;-1697.237
78087;-149.651;-808.6189;-1696.103
78143;-151.1698;-807.7034;-1695.149
78196;-151.9336;-807.1664;-1694.793
78214;-153.6645;-805.9272;-1694.248
78234;-154.8804;-805.0541;-1694.172
78271;-156.4203;-803.9252;-1693.92
78305;-148.3695;-809.203;-1690.935
78357;-150.7507;-807.7774;-1690.953
78374;-173.7977;-792.0219;-1701.08
78396;-181.5288;-785.8104;-1702.782
78443;-183.4046;-784.4527;-1703.194
78462;-174.1119;-791.5281;-1697.75
78514;-187.5177;-780.7702;-1702.103
78530;-243.0825;-723.1935;-1725.792
78564;-224.5504;-745.4823;-1717.266
78683;-162.8977;-799.4069;-1689.603
78721;-162.3274;-799.9988;-1690.161
78750;-162.2477;-800.2919;-1690.229
78771;-188.1473;-780.4268;-1699.003
78805;-240.8985;-726.2047;-1718.043
78824;-243.3372;-723.2449;-1719.606
78839;-244.0559;-722.256;-1719.749
78874;-244.7035;-721.4394;-1720.343
78908;-245.4918;-720.3607;-1720.263
78944;-246.5705;-718.9897;-1720.574
78979;-247.7701;-717.1635;-1720.631
78996;-248.6012;-716.0593;-1720.562
79034;-249.1658;-715.2648;-1720.163
79067;-249.6592;-714.3347;-1719.241
79101;-211.5498;-757.5436;-1698.325
79153;-206.8683;-762.0013;-1696.104
79173;-228.7442;-739.1596;-1703.777
79273;-239.6908;-726.0519;-1708.348
79343;-242.7169;-721.6561;-1709.049
79376;-243.1657;-720.9598;-1709.134
79427;-243.5294;-719.1406;-1709.034
79461;-244.462;-716.7741;-1709.706
79495;-244.6109;-715.5914;-1710.45
79511;-244.9023;-714.7064;-1710.074
79528;-244.9418;-714.0923;-1708.537
79562;-244.8484;-713.6448;-1708.117
79596;-245.1257;-712.9672;-1707.85
79629;-245.3066;-712.2325;-1706.987
79664;-245.8205;-710.4801;-1707.1
79700;-245.4362;-709.1501;-1706.669
79734;-244.7482;-706.623;-1703.11
79767;-243.9528;-702.9653;-1696.908
79801;-242.1755;-702.0035;-1688.247
79820;-241.0469;-699.6063;-1679.351
79854;-239.8895;-698.3719;-1671.048
79888;-237.9256;-696.1085;-1667.058
79922;-234.5434;-696.2471;-1659.022
79955;-232.2892;-695.9551;-1652.35
79989;-178.8864;-739.274;-1602.151
80040;-104.5792;-784.5446;-1573.419
80081;-128.8991;-763.5499;-1571.139
80121;-125.2631;-757.1342;-1559.427
80171;-124.7196;-749.9373;-1555.322
80195;-119.5237;-748.654;-1552.646
80214;-117.3367;-741.532;-1544.17
80231;-173.833;-690.7061;-1554.307
80266;-178.1563;-685.1673;-1558.991
80298;-180.0297;-680.1412;-1563.684
80332;-192.948;-665.3475;-1572.966
80365;-194.5789;-664.0657;-1577.28
80399;-193.3951;-667.5306;-1580.181
80433;-203.0925;-661.7599;-1592.323
80468;-186.0674;-681.4554;-1586.764
80493;-184.7585;-684.7495;-1589.56
80527;110.7393;-820.0772;-1592.713
80582;106.0196;-817.6401;-1592.263
80596;101.0444;-816.7348;-1593.304
80629;99.64315;-815.6601;-1593.674
80663;101.5974;-814.7969;-1590.171
80706;101.7076;-813.4299;-1587.317
80761;102.1644;-812.9381;-1586.522
80774;102.0535;-812.5076;-1588.771
80826;102.8494;-812.4676;-1588.561
80859;100.9384;-812.2158;-1587.747
80885;102.0899;-812.1702;-1587.025
80907;104.8142;-812.267;-1585.909
80944;110.1246;-813.8701;-1585.185
80982;92.89764;-814.7698;-1588.85
81019;-40.27378;-795.1363;-1639.569
81040;-36.87666;-797.3738;-1637.329
81063;-25.83173;-803.7582;-1632.244
81097;-20.83076;-806.9087;-1630.961
81130;-12.37335;-812.8492;-1631.704
81164;2.625071;-821.4858;-1628.958
81198;-119.5223;-745.909;-1580.626
81231;-168.3454;-718.2506;-1609.706
81286;-165.5821;-723.5056;-1612.853
81302;-171.7329;-722.3651;-1617.859
81352;-178.211;-719.2141;-1624.25
81422;-200.3952;-699.4762;-1640.305
81439;-211.186;-689.8031;-1653.166
81491;36.51395;-850.0621;-1611.401
81510;-175.5195;-639.9016;-1672.819
81549;-176.677;-633.2197;-1672.721
81582;-178.093;-635.334;-1672.944
81636;-178.4571;-634.8738;-1672.754
81677;-178.6387;-634.1785;-1672.173
81697;-220.9069;-491.474;-1740.989
81729;-221.3902;-513.2831;-1711.028
81781;-199.0981;-702.3541;-1619.614
81814;-108.6824;-783.3615;-1592.853
81833;-107.0459;-784.4248;-1592.759
81867;-104.6119;-784.1747;-1588.103
81895;-98.0565;-784.7097;-1578.521
81928;-130.7022;-735.2554;-1532.337
81980;-132.7504;-727.3784;-1524.584
82020;-131.8388;-722.7213;-1517.628
82035;-112.7825;-726.4993;-1514.872
82070;-111.1357;-728.3442;-1516.245
82105;-119.4098;-722.6633;-1519.532
82156;-196.7755;-574.8746;-1613.504
82173;-193.0676;-574.7785;-1617.915
82207;-193.9301;-573.1385;-1625.059
82226;-206.0369;-560.5963;-1647.025
82260;-212.342;-551.6453;-1665.287
82314;-188.4253;-681.3687;-1585.853
82330;-100.2971;-760.4174;-1608.893
82363;398.5752;-719.3682;-1640.528
82397;398.2808;-721.9167;-1640.22
82431;397.286;-722.1923;-1639.747
82464;397.1612;-723.4216;-1639.984
82499;396.7509;-723.504;-1640.958
82532;396.1028;-723.8605;-1641.895
82566;369.6054;-743.201;-1641.555
82600;351.8766;-758.2786;-1660.187
82651;357.2763;-754.6115;-1662.712
82684;328.0762;-756.0082;-1582.488
82721;331.2363;-754.3707;-1578.423
82738;331.5752;-753.8553;-1575.56
82758;331.6481;-754.6934;-1574.612
82792;327.5721;-760.0829;-1574.616
82826;329.0643;-763.1162;-1574.228
82877;-176.228;-721.7818;-1593.023
82898;-155.4659;-739.7021;-1583.105
82931;-170.7972;-730.6753;-1598.152
82965;-181.1553;-724.7714;-1610.459
83000;-208.8288;-704.2953;-1632.439
83035;-217.5799;-702.3293;-1629.228
83072;-172.5334;-766.7459;-1690.653
83092;-140.6643;-794.2803;-1688.263
83129;-143.6137;-791.5684;-1689.144
83165;-186.006;-643.3648;-1670.954
83196;-186.7188;-641.8297;-1671.196
83250;-190.138;-634.4696;-1673.19
83283;-189.156;-635.2221;-1673.094
83322;-162.7994;-763.7768;-1636.955
83339;-177.1642;-749.8347;-1641.186
83360;-227.8173;-485.3192;-1709.733
83411;-230.0593;-482.045;-1711.812
83444;-187.5234;-729.0034;-1605.059
83480;-193.3008;-720.0539;-1602.329
83500;-193.972;-714.7644;-1594.91
83534;-192.3596;-705.4221;-1576.163
83567;-171.0254;-704.7086;-1535.679
83619;-164.139;-704.541;-1527.384
83656;-153.1604;-709.4923;-1524.22
83675;-153.4826;-704.2972;-1522.559
83693;-161.4895;-683.0044;-1511.859
83727;-197.4081;-562.6784;-1600.988
83779;-207.6655;-547.6073;-1631.764
83794;-214.9198;-533.0668;-1659.296
83828;-215.845;-531.3904;-1665.522
83862;-214.8594;-531.8799;-1673.037
83913;-213.7372;-533.3295;-1680.774
83931;-208.9973;-532.5714;-1682.646
83964;-211.2552;-534.7799;-1689.699
84039;-211.6931;-533.793;-1693.997
84067;-212.7612;-536.9272;-1696.319
84101;-214.5656;-537.0209;-1695.796
84135;-211.257;-548.7217;-1691.447
84195;-213.2295;-544.7706;-1690.721
84208;-214.849;-538.7769;-1688.871
84242;-214.9107;-548.4208;-1696.077
84276;-157.7928;-742.0567;-1622.27
84293;-199.528;-702.2157;-1640.818
84343;-132.4396;-775.3519;-1629.463
84448;-222.3295;-695.3478;-1671.079
84518;-224.144;-695.9097;-1670.983
84554;-193.1446;-628.8946;-1682.814
84590;-222.9192;-481.4388;-1779.3
84641;-181.5246;-651.7839;-1691.484
84663;-181.812;-651.0839;-1691.335
84680;-200.3423;-729.1101;-1674.554
84697;-208.1851;-718.5467;-1670.583
84730;-209.6386;-718.8104;-1669.771
84764;-182.5288;-752.0999;-1660.611
84806;-181.1539;-749.3728;-1641.146
84823;-177.0997;-752.0173;-1636.306
84857;-173.657;-752.862;-1626.101
84890;-168.744;-753.6907;-1615.453
84941;-181.463;-726.8917;-1583.808
84958;-167.1917;-713.515;-1561.909
84992;-159.5988;-717.6166;-1553.874
85042;-149.6703;-723.5478;-1548.553
85059;-145.765;-724.3082;-1548.004
85110;-146.1087;-721.6303;-1547.67
85128;-196.0725;-596.6506;-1651.204
85162;-224.2179;-661.6613;-1631.155
85214;-210.4104;-672.9006;-1637.62
85248;-82.58366;-782.6569;-1616.696
85289;-76.20697;-785.9373;-1618.523
85323;-74.61098;-785.4406;-1615.726
85342;-74.05378;-784.5943;-1613.032
85376;-71.72794;-784.8631;-1612.56
85409;-74.45206;-782.744;-1611.445
85443;-186.522;-701.6198;-1644.0
85477;-72.35451;-785.9749;-1620.176
85510;-63.42736;-792.0839;-1623.111
85561;-60.13826;-794.4664;-1625.123
85578;-57.99394;-797.5228;-1626.918
85611;-48.16159;-802.509;-1619.219
85645;-148.8133;-733.9084;-1600.414
85697;-154.5115;-731.3912;-1600.161
85717;-152.5511;-734.2707;-1594.854
85767;-162.7613;-731.5563;-1599.565
85784;-177.9558;-724.5444;-1611.808
85805;-172.5316;-738.9775;-1622.861
85838;-201.658;-723.3864;-1638.748
85872;-184.7272;-743.2534;-1638.7
85905;-212.2824;-716.0905;-1636.839
85939;-155.7441;-781.714;-1684.731
85958;-228.192;-692.0586;-1661.903
85992;-227.1533;-693.2582;-1661.872
86060;-231.5642;-492.1251;-1751.354
86111;-230.2787;-490.4935;-1751.705
86129;-230.5466;-493.1056;-1744.619
86180;-174.1668;-750.7195;-1622.582
86196;-174.0274;-752.457;-1624.672
86248;-171.0355;-754.5342;-1622.174
86318;-115.1767;-792.9861;-1598.398
86381;-201.0468;-687.4861;-1556.152
86399;-173.4852;-704.4727;-1531.844
86432;-147.7952;-724.0044;-1523.681
86465;-195.1622;-591.5578;-1599.291
86499;-222.1502;-653.6187;-1568.004
86533;-189.7222;-681.8419;-1544.95
86567;-193.9324;-682.9623;-1560.381
86600;-205.1113;-591.2617;-1661.089
86652;-219.4285;-666.039;-1633.43
86668;-214.9095;-671.1241;-1633.206
86701;-208.9094;-674.4206;-1632.926
86736;-205.6803;-677.559;-1633.411
86772;-204.3786;-676.6118;-1633.827
86807;-203.4709;-675.0144;-1633.199
86824;-202.2941;-674.0562;-1632.44
86858;-201.5871;-676.6788;-1633.507
86910;-201.191;-676.9552;-1633.119
86928;-200.6108;-676.9496;-1631.113
86980;-200.0083;-688.4638;-1629.614
86998;-200.2902;-692.0812;-1628.275
87032;-200.9947;-692.9612;-1627.426
87066;-193.3678;-703.5162;-1618.813
87100;-190.2999;-707.5421;-1615.773
87134;-190.8504;-708.7769;-1613.917
87168;-193.3182;-711.5562;-1613.047
87201;-194.3056;-713.8553;-1615.717
87235;-206.4236;-708.3964;-1629.631
87269;-184.3162;-737.9503;-1631.192
87302;-187.4301;-737.8044;-1631.047
87336;-192.0255;-735.4781;-1632.169
87370;-228.3371;-562.0169;-1712.127
87403;-228.1117;-558.2764;-1711.51
87437;-220.7964;-576.5434;-1714.485
87471;-218.6864;-582.9922;-1715.521
87522;-218.7379;-582.9056;-1715.679
87540;-232.6042;-515.2526;-1735.863
87573;-233.075;-502.9431;-1738.154
87607;-233.6812;-481.4516;-1733.523
87640;-234.061;-484.4948;-1732.135
87674;-239.8182;-673.6845;-1636.69
87708;-186.1868;-741.1052;-1614.042
87741;-182.0804;-745.6834;-1611.578
87759;-177.9888;-747.8994;-1604.015
87792;-172.0928;-747.7797;-1590.2
87843;-175.9579;-729.5609;-1562.192
87859;-217.2552;-659.7094;-1543.203
87911;-201.3397;-664.3593;-1522.639
87979;-189.6439;-663.4257;-1505.808
87995;-183.1463;-664.2337;-1500.577
88046;-180.8514;-655.7156;-1494.374
88062;-188.2418;-645.028;-1497.833
88096;-190.4286;-642.3905;-1503.393
88130;-201.269;-627.1309;-1507.465
88180;-203.781;-634.248;-1524.049
88199;-206.1308;-638.6634;-1532.7
88250;-153.0284;-720.6053;-1564.269
88271;-153.448;-718.9398;-1568.068
88322;-164.1001;-700.5601;-1579.363
88338;-188.5666;-679.4147;-1597.801
88372;-189.8253;-685.8226;-1605.325
88406;-192.6447;-688.1359;-1614.684
88439;-195.5609;-689.8255;-1625.403
88473;-195.9874;-696.7885;-1628.978
88490;-182.8065;-717.7608;-1647.168
88542;-183.731;-719.3116;-1640.842
88559;-178.8967;-723.8619;-1635.367
88603;-180.1132;-725.6331;-1631.51
88634;-183.3567;-724.964;-1629.171
88668;-189.6967;-722.9537;-1626.814
88701;-196.5352;-720.9374;-1625.564
88735;-206.6912;-715.0998;-1631.003
88769;-212.9979;-713.2342;-1636.263
88802;-216.9793;-711.6437;-1641.376
88836;-180.2002;-754.8265;-1641.011
88870;-204.893;-733.7772;-1654.229
88904;-212.6964;-726.7684;-1659.363
88921;-217.19;-721.4174;-1662.949
88958;-220.2863;-718.4762;-1665.318
88999;-224.2031;-714.0675;-1666.66
89032;-225.0333;-713.3655;-1667.083
89066;-226.2828;-711.7347;-1667.187
89099;-227.2471;-710.9344;-1666.27
89133;-227.6489;-710.1375;-1665.329
89184;-198.2135;-742.0658;-1642.449
89219;-211.3654;-726.5677;-1639.21
89234;-219.4068;-715.052;-1633.362
89286;-222.4085;-709.2768;-1628.102
89302;-224.6214;-703.2813;-1620.715
89325;-226.9448;-694.375;-1611.515
89375;-215.4505;-699.0206;-1587.068
89408;-210.0329;-701.5447;-1579.046
89442;-203.6523;-704.1982;-1574.852
89461;-210.5249;-695.6625;-1579.651
89495;-200.1928;-703.1304;-1578.104
89529;-196.8449;-705.0637;-1578.943
89563;-196.2461;-702.5024;-1588.55
89597;-199.6609;-700.7924;-1600.188
89630;-201.6214;-699.9597;-1613.724
89663;-199.1312;-704.8493;-1617.206
89698;-199.8707;-706.3129;-1620.421
89731;-198.7945;-708.8433;-1623.082
89765;-198.3259;-706.9942;-1625.885
89799;-58.18611;-799.0599;-1598.986
89850;-195.9178;-710.8253;-1638.389
89866;-69.05569;-795.7812;-1608.034
89900;-66.82828;-796.6221;-1608.391
89937;-64.0004;-798.4706;-1608.235
89954;-61.02459;-800.3626;-1608.838
89988;-57.62704;-801.795;-1606.738
90039;-56.32684;-803.0403;-1605.105
90079;-162.665;-740.2169;-1611.766
90092;-165.7875;-739.5051;-1609.292
90125;-182.7187;-728.8856;-1615.399
90164;-195.9348;-716.195;-1616.847
90198;-207.9157;-714.5659;-1623.922
90231;-212.586;-714.2958;-1630.658
90265;-216.8367;-713.0124;-1636.068
90293;-219.2368;-713.3234;-1640.884
90327;-208.7021;-728.6425;-1639.706
90395;-206.9425;-732.4363;-1639.591
90417;-206.2178;-734.0526;-1640.023
90433;-220.8477;-719.4926;-1652.099
90469;-223.9907;-716.0965;-1654.161
90503;-228.9467;-710.5845;-1657.749
90537;-245.4757;-687.4485;-1668.262
90571;-243.1097;-691.6349;-1668.215
90604;-224.5669;-716.4078;-1654.91
90638;-229.2928;-711.0755;-1651.432
90671;-123.3596;-802.715;-1613.231
90705;-243.68;-682.0107;-1621.695
90739;-241.6782;-684.4857;-1621.575
90773;-238.5568;-687.0612;-1618.98
90806;-229.9317;-692.3334;-1603.765
90840;-223.518;-692.9905;-1589.899
90869;-220.3889;-692.1813;-1582.755
90900;-244.5005;-654.9922;-1588.409
90935;-236.6838;-664.0638;-1584.884
90968;-228.3966;-673.5757;-1582.138
91003;-225.5142;-672.792;-1585.727
91037;-221.6629;-673.8297;-1590.384
91086;-220.8345;-676.8786;-1599.391
91103;-219.605;-680.289;-1608.506
91137;-218.1601;-684.4507;-1618.406
91171;-214.7858;-689.097;-1623.695
91193;-212.8952;-691.7219;-1626.227
91246;-211.2453;-692.6898;-1627.366
91298;-210.3069;-693.3408;-1627.931
91314;-210.0071;-692.9565;-1628.847
91348;-209.8588;-693.1725;-1629.66
91364;-209.4227;-693.6608;-1630.11
91398;-209.3556;-693.6812;-1630.479
91450;-209.2941;-693.9366;-1631.394
91467;-209.1506;-696.761;-1631.436
91492;-201.1796;-707.1846;-1629.34
91526;-198.7165;-712.6819;-1628.109
91576;-199.3612;-714.8738;-1627.711
91593;-201.0412;-716.967;-1627.96
91627;-205.0928;-710.7375;-1634.865
91661;-208.6164;-713.9747;-1636.475
91695;-215.4718;-714.2952;-1644.938
91732;-216.8161;-715.6441;-1648.969
91782;-218.5117;-714.9332;-1652.343
91817;-220.0462;-713.6524;-1654.508
91833;-213.629;-725.3123;-1655.615
91859;-218.2012;-720.6876;-1656.297
91893;-223.008;-715.0217;-1656.86
91927;-217.05;-723.0587;-1657.723
91960;-215.0531;-726.3259;-1659.031
91994;-218.5004;-722.5319;-1661.161
92028;-217.4653;-723.5975;-1660.849
92061;-220.2501;-719.6368;-1660.196
92113;-226.4228;-712.4331;-1660.237
92129;-202.0438;-740.0238;-1643.946
92162;-178.3828;-760.9908;-1630.328
92196;-177.3183;-760.7045;-1626.966
92230;-127.7607;-792.2814;-1603.473
92281;-229.2567;-681.4692;-1590.912
92297;-216.6609;-688.9623;-1575.823
92331;-208.1586;-693.1762;-1564.694
92365;-203.189;-695.5773;-1559.403
92398;-196.2774;-700.5868;-1557.061
92449;-190.732;-702.9409;-1557.765
92465;-192.9653;-695.6242;-1567.985
92499;-200.9873;-690.6763;-1588.429
92533;-199.4714;-699.6032;-1613.699
92567;-198.349;-698.1478;-1622.532
92600;-68.25323;-787.0616;-1596.076
92634;-68.96878;-784.3555;-1596.968
92668;-68.97203;-783.5174;-1596.603
92702;-68.73508;-782.5143;-1595.004
92735;-75.61524;-777.9941;-1593.652
92769;-68.72138;-783.806;-1596.295
92803;-64.7161;-786.5001;-1596.966
92836;-66.52218;-786.7803;-1600.541
92870;-84.20838;-778.218;-1605.58
92903;-198.6753;-690.5635;-1630.642
92937;-70.79556;-791.7374;-1618.83
92971;-61.56134;-801.413;-1619.495
93005;-34.14103;-817.7263;-1630.33
93022;-29.32361;-822.7318;-1631.987
93073;-170.748;-735.4382;-1609.709
93089;-169.4155;-743.9231;-1599.625
93124;-181.5579;-740.081;-1606.587
93158;-197.5789;-731.2724;-1623.026
93191;-206.5354;-727.1259;-1632.882
93225;-78.07803;-819.0413;-1610.941
93272;-194.4458;-747.3098;-1643.272
93291;-198.2859;-744.9956;-1643.242
93325;-204.9623;-735.8857;-1643.488
93359;-206.4556;-734.9671;-1644.753
93410;-209.9156;-732.0665;-1648.155
93426;-215.2192;-726.3538;-1651.76
93460;-218.772;-722.2813;-1654.875
93511;-220.2292;-720.8552;-1656.078
93528;-224.1918;-716.072;-1655.008
93562;-228.7564;-710.4125;-1655.163
93596;-231.3116;-706.8799;-1650.051
93629;-234.6073;-700.6151;-1641.9
93663;-234.4604;-698.7469;-1635.265
93697;-234.1412;-692.3774;-1618.671
93731;-217.1249;-704.8888;-1595.63
93764;-215.1931;-704.0247;-1589.137
93798;-207.9207;-708.157;-1584.383
93849;-200.9448;-713.4497;-1583.047
93865;-195.4199;-718.1;-1584.412
93899;-192.1281;-719.9843;-1586.339
93933;-195.3584;-718.1469;-1596.319
93983;-198.8195;-714.3553;-1602.743
94018;-200.4103;-712.0421;-1609.986
94065;-200.7685;-710.0824;-1613.084
94086;-200.2862;-711.8196;-1617.146
94287;-58.28642;-790.9424;-1578.664
94308;-68.2136;-781.8562;-1579.917
94325;-70.04399;-780.6928;-1581.013
94340;-196.9647;-692.2009;-1630.084
94358;-195.6649;-705.1464;-1631.61
94390;-198.1573;-704.3538;-1631.227
94441;-199.6716;-704.4245;-1629.262
94459;-200.1443;-707.636;-1627.551
94509;-203.6116;-709.007;-1626.206
94543;-204.8407;-710.2705;-1626.999
94560;-176.0565;-739.6919;-1615.006
94593;-184.1226;-744.0122;-1607.962
94644;-205.2477;-733.6038;-1621.25
94661;-210.6692;-732.3307;-1623.322
94712;-216.4706;-729.473;-1628.546
94730;-211.4639;-738.3845;-1628.764
94781;-150.5688;-800.0466;-1678.097
94798;-165.7514;-789.3738;-1678.552
94832;-176.8391;-777.8758;-1680.666
94865;-177.4411;-777.3602;-1680.671
94917;-178.2271;-776.8746;-1680.606
94933;-178.7874;-776.4752;-1680.411
94984;-179.0742;-775.999;-1680.026
95000;-243.6164;-695.9188;-1648.21
95034;-244.0744;-695.1459;-1649.048
95067;-244.3739;-694.1518;-1650.619
95101;-244.4911;-693.0565;-1650.997
95135;-96.62218;-813.4967;-1573.901
95169;-96.99393;-813.2633;-1575.402
95202;-96.51453;-813.4645;-1575.873
95236;-96.398;-813.6569;-1576.923
95270;-96.61314;-813.9088;-1578.041
95303;-96.96722;-814.0632;-1578.896
95346;-97.65157;-813.6877;-1579.198
95403;-102.0078;-811.6569;-1581.429
95437;-100.6782;-812.8127;-1582.248
95471;-100.6335;-812.8123;-1582.302
95503;-100.2215;-812.9744;-1582.536
95538;-100.3204;-812.8488;-1582.607
95572;-99.0256;-813.6672;-1582.968
95623;-98.19738;-814.1081;-1583.434
95638;-96.67397;-815.1277;-1584.05
95672;-96.4969;-815.0143;-1584.479
95689;-95.99812;-815.3062;-1584.677
95723;-96.01131;-815.3113;-1584.859
95773;-95.94511;-815.3784;-1585.151
95790;-96.0743;-815.3135;-1585.382
95824;-96.09417;-815.3221;-1585.649
95857;-96.06546;-815.2687;-1585.734
95891;-96.05376;-815.2332;-1585.827
95925;-96.00187;-815.2524;-1586.152
95959;-96.32708;-815.0336;-1586.546
95992;-96.13567;-815.1194;-1586.911
96028;-96.27283;-814.9769;-1587.103
96084;-96.24117;-814.9032;-1587.271
96131;-96.13382;-814.8566;-1587.388
96165;-96.44027;-814.5596;-1587.551
96199;-96.40363;-814.5905;-1587.763
96232;-96.37893;-814.5003;-1587.858
96266;-96.51439;-814.3846;-1587.891
96300;-96.29145;-814.5305;-1588.124
96333;-95.9696;-814.6783;-1588.313
96367;-96.21095;-814.4057;-1588.417
96401;-95.97398;-814.4894;-1588.832
96435;-249.3121;-675.4824;-1652.418
96468;-248.9128;-676.7216;-1651.735
96494;-248.6882;-677.6619;-1651.12
96544;-248.6167;-678.192;-1651.051
96561;-248.5465;-677.8259;-1650.243
96595;-248.3995;-678.0879;-1650.278
96645;-248.2107;-678.6161;-1649.891
96680;-248.1025;-678.8461;-1650.107
96714;-247.8899;-679.3893;-1649.711
96730;-247.3129;-680.0986;-1649.354
96763;-246.7265;-681.038;-1649.544
96797;-246.3972;-680.9778;-1649.152
96831;-245.919;-681.5145;-1649.019
96865;-245.4946;-682.0571;-1649.083
96898;-95.80479;-815.3024;-1596.108
96932;-94.99146;-815.0836;-1594.594
96966;-94.90237;-815.0443;-1594.582
96999;-95.13078;-814.9261;-1594.859
97033;-96.15092;-814.0799;-1594.894
97067;-96.21313;-814.1024;-1595.202
97101;-96.35161;-814.1629;-1595.574
97134;-96.19511;-814.2021;-1595.771
97169;-95.30014;-814.7317;-1595.35
97219;-95.10378;-814.7204;-1595.292
97259;-94.94102;-814.7726;-1595.658
97276;-95.03828;-814.8191;-1596.351
97293;-95.37758;-814.5786;-1596.76
97328;-95.39156;-814.685;-1597.389
97383;-242.0013;-690.52;-1668.066
97399;-96.15614;-814.211;-1598.271
97433;-95.85359;-814.2484;-1598.202
97466;-94.83242;-814.285;-1597.298
97500;-238.9585;-530.8165;-1734.779
97534;-92.74054;-815.8074;-1599.065
97569;-92.60856;-815.5329;-1599.03
97603;-92.55712;-815.4609;-1598.985
97636;-115.0717;-804.1381;-1606.813
97670;-120.9634;-800.6609;-1608.752
97703;-114.7412;-803.9839;-1605.227
97754;-105.8886;-808.5671;-1603.025
97804;-99.80867;-811.811;-1602.065
97838;-99.04742;-812.0624;-1601.61
97873;-98.49064;-812.3337;-1601.568
97906;-97.90433;-812.5324;-1601.683
97922;-96.83386;-812.9572;-1601.671
97973;-95.91055;-813.3704;-1601.691
98007;-94.08356;-814.2839;-1600.849
98041;-235.7934;-700.0851;-1654.797
98074;-86.19696;-817.2372;-1596.464
98108;-85.75964;-817.4796;-1596.541
98142;-85.60832;-817.5799;-1596.636
98176;-85.22266;-818.0183;-1597.281
98210;-84.33821;-818.3865;-1597.129
98278;-232.3365;-706.3722;-1649.26
98291;-232.3553;-706.3507;-1649.286
98357;-229.3657;-710.2669;-1646.874
98407;-228.6069;-711.3431;-1645.943
98453;-227.9705;-712.7198;-1645.163
98465;-228.5523;-712.8286;-1645.158
98500;-232.3863;-708.0874;-1644.209
98523;-86.25575;-817.2452;-1595.399
98556;-204.0746;-739.4919;-1632.972
98589;-166.9688;-772.0861;-1622.279
98639;-203.9061;-740.7554;-1636.104
98656;-213.3366;-731.3878;-1638.586
98691;-213.198;-732.0701;-1639.587
98742;-74.76349;-820.6718;-1587.761
98758;-73.69394;-821.3834;-1587.544
98792;-66.86192;-824.1082;-1586.565
98826;-62.57663;-825.7764;-1585.527
98860;-64.65158;-825.09;-1585.539
98893;-65.62592;-824.7321;-1584.852
98927;-67.80481;-824.2426;-1585.053
98961;-237.9117;-705.3207;-1634.08
98994;-72.68879;-820.0927;-1576.829
99037;-73.40694;-820.9333;-1579.021
99056;-72.86043;-821.5599;-1578.993
99090;-72.9472;-821.8703;-1579.3
99140;-73.01974;-822.2443;-1579.548
99175;-72.99883;-822.8011;-1579.898
99193;-73.1311;-823.3237;-1580.203
99227;-72.17116;-824.4885;-1580.387
99261;-186.8762;-762.0454;-1613.079
99294;-186.9729;-762.4774;-1612.39
99327;-186.4908;-763.8425;-1613.115
99361;-186.413;-764.4295;-1613.281
99395;-185.9553;-766.0341;-1614.221
99429;-185.9519;-766.2895;-1614.354
99479;-185.2997;-767.5306;-1614.927
99496;-183.6726;-770.4175;-1615.472
99547;-182.9704;-771.8087;-1615.466
99563;-181.1044;-774.2228;-1616.987
99597;-180.0504;-775.3592;-1617.708
99631;-179.8225;-775.9805;-1618.052
99664;-179.0711;-777.1195;-1618.178
99715;-179.5527;-776.8071;-1615.76
99749;-180.1227;-776.074;-1613.566
99765;-179.7345;-776.2444;-1612.127
99799;-179.5446;-776.4954;-1610.979
99850;-179.3978;-776.7949;-1610.321
99867;-178.6372;-776.9624;-1607.476
99906;-178.4241;-776.7318;-1604.67
99946;-166.4727;-784.1486;-1597.413
99982;-167.3212;-783.7267;-1597.114
100016;-165.0796;-785.5915;-1595.909
100032;-163.1196;-787.0453;-1594.594
100066;-161.825;-788.2333;-1594.405
100099;-160.8676;-789.192;-1594.003
100133;-159.4709;-790.3115;-1593.023
100167;-158.1691;-791.2659;-1592.095
100201;-156.2606;-792.8361;-1591.159
100238;-154.4165;-794.8998;-1591.488
100255;-151.7415;-796.6016;-1590.294
100305;-151.3175;-797.2413;-1590.281
100322;-150.771;-797.7678;-1589.887
100356;-149.9155;-797.9551;-1588.646
100406;-148.1172;-799.4012;-1588.065
100440;-146.2766;-800.881;-1587.546
100460;-144.7021;-802.3287;-1587.405
100494;-144.0555;-803.3874;-1587.647
100528;-143.6231;-804.2471;-1587.708
100562;-144.8305;-804.076;-1587.719
100595;-144.8112;-804.7324;-1587.701
100629;-145.136;-804.9731;-1587.901
100662;-146.2013;-803.8331;-1584.966
100701;-146.3279;-804.0432;-1585.054
100732;-146.3696;-803.9927;-1584.899
100765;-148.9564;-801.4952;-1582.997
100799;-149.4134;-798.8879;-1580.442
100832;-152.1937;-795.6866;-1580.291
100866;-150.9618;-794.9197;-1577.966
100900;-149.0559;-796.1997;-1579.549
100933;-152.0169;-790.8284;-1580.503
100967;-151.9456;-789.2545;-1582.362
101001;-151.1095;-786.8201;-1584.142
101035;-150.8233;-785.1907;-1584.75
101053;-149.7998;-783.0609;-1584.904
101103;-149.8184;-780.3157;-1585.195
101120;-141.249;-775.6608;-1582.048
101154;-89.45681;-741.9052;-1550.782
101188;0.1567006;-764.8608;-1521.458
101221;271.4728;-838.9562;-1747.295
101272;269.0033;-849.0964;-1710.805
102802;-165.7331;-748.1069;-1591.134
102854;-160.6848;-760.8369;-1594.72
102870;-137.5712;-766.2;-1570.508
102903;-139.2025;-763.9444;-1574.319
102938;-115.4815;-743.801;-1568.322
102971;-58.59541;-747.1406;-1549.898
103005;0.7766783;-739.0628;-1538.246
103039;-39.9656;-716.856;-1516.773
103072;-158.5356;-650.0638;-1536.708
103123;-166.5542;-656.2308;-1541.349
103158;-176.6582;-664.3679;-1548.393
103173;-187.3147;-664.8806;-1545.298
103207;-194.8503;-661.9818;-1539.682
103245;-201.8752;-658.7248;-1527.204
103279;-125.6189;-712.4982;-1465.196
103314;-212.1076;-653.6809;-1477.469
103349;-109.3499;-723.3278;-1451.45
103367;-233.2704;-636.3856;-1453.511
103401;-235.1526;-626.2892;-1453.255
103434;-228.8299;-641.5271;-1451.253
103468;-227.9393;-654.276;-1436.278
103502;-237.8341;-647.8945;-1421.488
103535;-251.1397;-633.0403;-1404.294
103570;-263.1758;-623.7016;-1403.566
103605;-270.8424;-619.6457;-1401.38
103639;-279.4886;-607.5013;-1396.705
103672;-199.6438;-662.314;-1309.549
103706;-203.7321;-667.0192;-1319.806
103740;-291.2739;-566.7919;-1359.517
103777;-203.7528;-641.8536;-1300.422
103813;-261.9396;-565.8566;-1350.81
103847;-170.5972;-643.777;-1292.166
103881;-164.6886;-622.3253;-1307.895
103898;-156.5361;-616.4933;-1318.883
103949;-132.8975;-626.4559;-1313.522
103969;-122.1763;-629.7884;-1310.33
104002;-119.257;-622.3318;-1298.098
104036;-123.7635;-610.006;-1293.636
104089;-130.6124;-598.6893;-1277.531
104120;-133.2697;-595.1968;-1267.806
104155;-172.1108;-400.0461;-1358.402
104171;-166.1814;-400.0098;-1362.649
104205;-164.2535;-397.8394;-1358.521
104239;-163.9764;-392.2704;-1350.089
104273;-166.7967;-388.4143;-1335.198
104307;-176.275;-389.6096;-1327.555
104360;-168.7907;-558.9572;-1147.694
104374;-202.6369;-531.324;-1173.864
104403;-206.92;-530.2609;-1183.161
104452;-201.4097;-542.0579;-1112.695
104493;-201.1443;-549.5639;-1117.927
104512;-211.8613;-543.6851;-1101.006
104529;-223.0889;-536.5927;-1081.43
104563;-234.4755;-528.7883;-1054.297
104630;-241.2376;-524.5511;-1040.284
104647;-284.6753;-480.2846;-1035.783
104681;-289.9655;-476.1717;-1024.047
104714;-279.0984;-486.107;-965.8272
104731;-326.1102;-434.3326;-978.4125
104782;-291.3961;-467.2522;-901.9117
104799;-293.3389;-468.5333;-894.2525
104850;-293.9367;-468.2054;-876.2022
104867;-293.3919;-465.3683;-856.9436
104901;-291.7573;-464.1691;-838.6469
104952;-286.7856;-466.0791;-822.4284
104968;-300.5533;-455.0612;-823.4378
105002;-273.6893;-468.7148;-825.7296
105036;-139.366;-487.7688;-804.5226
105089;-134.1174;-490.5092;-806.9291
105102;-159.0863;-427.789;-808.0148
105159;-152.9302;-422.2458;-807.5627
105176;-153.0575;-414.611;-816.3661
105209;-136.3662;-388.5988;-817.2767
105244;-104.0981;-278.9695;-871.1116
105260;124.9014;-138.395;-868.9723
105293;95.60618;27.4124;-881.5168
105327;-4.522056;127.5113;-456.0205
105361;16.36299;103.158;-463.0891
105395;16.36299;103.158;-463.0891
105428;16.36299;103.158;-463.0891
105462;16.36299;103.158;-463.0891
105496;16.36299;103.158;-463.0891
105529;16.36299;103.158;-463.0891
105580;16.36299;103.158;-463.0891
105597;16.36299;103.158;-463.0891
105630;16.36299;103.158;-463.0891
105664;16.36299;103.158;-463.0891
108641;398.4005;-696.2517;-1997.957
108676;362.4565;-709.7139;-2021.339
108693;357.1682;-713.8923;-2024.849
108727;347.0028;-717.5784;-2029.83
108762;338.9937;-721.0772;-2032.464
108811;329.1632;-718.4542;-2036.227
108828;326.5069;-718.0774;-2037.229
108861;322.1322;-717.2144;-2038.526
108896;320.6871;-717.3014;-2039.263
108929;319.0942;-717.5436;-2039.726
108964;318.3791;-717.6075;-2040.01
108998;317.4844;-716.3609;-2039.896
109031;317.7212;-715.9686;-2039.649
109065;319.3207;-716.1948;-2038.132
109101;323.3004;-716.6555;-2034.578
109134;326.1377;-713.1799;-2031.97
109168;328.7376;-709.5053;-2028.763
109203;331.1079;-711.5468;-2026.68
109236;331.2798;-710.5223;-2025.039
109270;331.4519;-705.2115;-2020.284
109287;332.8892;-702.0682;-2016.67
109321;334.3366;-698.732;-2011.945
109371;332.4283;-695.127;-2003.68
109388;335.4667;-695.4802;-1993.051
109438;325.9743;-696.9269;-1989.401
109472;320.5865;-697.2819;-1986.742
109506;314.14;-696.2913;-1984.971
109537;311.6273;-696.2082;-1982.022
109571;309.0305;-693.3928;-1977.919
109607;306.4191;-690.5684;-1973.952
109649;297.6469;-681.2438;-1970.576
109682;294.1049;-681.9066;-1966.847
109702;287.9553;-683.0596;-1960.506
109742;279.9159;-681.1358;-1953.628
109809;268.5721;-674.343;-1946.208
109877;266.6295;-674.8817;-1941.422
109944;266.3794;-675.3443;-1941.348
109977;264.6508;-676.1943;-1943.556
110029;263.5357;-677.4182;-1948.268
110049;262.6052;-678.8666;-1954.796
110085;261.4468;-681.5291;-1960.218
110120;261.1135;-682.8892;-1962.223
110138;260.3286;-682.7557;-1962.999
110190;258.4455;-682.6489;-1963.259
110205;255.627;-681.1973;-1961.978
110240;251.3258;-679.6746;-1960.094
110274;241.1998;-676.4216;-1957.927
110308;235.3626;-671.2578;-1956.337
110341;233.7384;-670.9573;-1954.226
110375;228.1735;-666.8099;-1951.824
110426;224.9087;-666.6027;-1948.755
110462;223.3817;-667.2827;-1947.242
110478;217.2816;-665.7168;-1944.596
110515;211.2771;-663.0815;-1941.811
110552;204.3411;-660.6191;-1938.096
110570;200.6457;-658.1501;-1934.966
110622;196.7271;-655.2527;-1932.43
110638;194.749;-653.4053;-1930.267
110673;192.9983;-651.6879;-1927.959
110709;191.5439;-649.0516;-1924.854
110743;190.6531;-647.4714;-1921.15
110776;189.7351;-646.5275;-1917.456
110810;189.7829;-645.045;-1913.142
110861;190.9565;-643.6465;-1906.519
110886;192.5453;-643.0458;-1900.719
110921;197.5807;-642.0767;-1891.559
110955;211.0227;-636.5604;-1878.23
110993;222.1985;-637.3547;-1867.901
111061;232.8328;-632.7903;-1850.114
111120;233.7207;-634.0748;-1849.529
111137;243.7855;-630.8848;-1836.001
111171;300.8027;-618.4482;-1792.169
111222;304.0738;-616.7556;-1789.865
111243;322.9193;-610.4194;-1779.368
111278;333.125;-607.0784;-1772.246
111329;342.7131;-604.2308;-1765.478
111366;348.6846;-600.1566;-1760.788
111418;357.0145;-596.0281;-1753.937
