
2;184.8411;46.3966;-2076.552
30;180.9257;48.15357;-2083.179
59;178.8949;47.31079;-2084.67
99;174.6174;45.86597;-2087.919
136;156.5114;95.3588;-2121.466
172;162.0862;84.90794;-2117.064
212;163.8754;79.64548;-2113.601
234;166.1673;73.11624;-2106.817
255;167.6861;71.79131;-2105.81
288;171.2356;69.71967;-2103.6
322;172.2892;69.69762;-2103.032
374;175.131;68.09389;-2099.204
394;180.0725;65.95796;-2096.521
429;181.9628;66.2225;-2095.572
453;186.5548;64.36046;-2092.512
487;190.6105;62.49834;-2090.848
537;193.8893;61.09165;-2087.876
590;199.9241;59.74343;-2085.728
616;206.9407;58.03365;-2082.687
634;215.6454;54.10033;-2076.66
669;225.2318;51.3937;-2068.923
713;233.9923;51.89225;-2061.969
734;246.2895;49.82823;-2051.244
762;254.6371;48.98438;-2041.031
813;266.856;47.48287;-2030.078
835;287.8332;48.35599;-2023.348
874;300.9149;46.71957;-2015.457
915;321.0841;45.61791;-2006.933
984;337.4034;47.23881;-2000.215
1011;358.1025;43.60609;-1989.267
1036;379.6249;44.46481;-1983.036
1057;400.6283;46.89347;-1976.53
1080;418.5924;46.48145;-1967.528
1107;431.348;49.39572;-1958.639
1170;465.7815;59.536;-1941.161
1194;477.9064;65.10983;-1927.677
1229;491.4599;69.13853;-1913.07
1269;501.8585;73.18967;-1896.322
1289;511.5159;74.98856;-1877.563
1340;517.9266;76.26331;-1857.353
1379;525.6611;79.9158;-1836.377
1402;533.6348;79.12989;-1814.217
1442;542.0824;84.58659;-1793.338
1477;548.7534;91.73773;-1764.77
1512;552.9778;97.68354;-1735.79
1527;557.0499;107.8413;-1700.408
1561;560.417;118.6907;-1668.903
1600;564.0479;133.2049;-1634.501
1706;561.7764;147.7481;-1596.033
1740;565.4751;158.2233;-1573.346
1811;569.7863;180.6902;-1506.966
1838;571.8542;184.1856;-1491.021
1889;576.3088;198.3507;-1459.94
1917;580.8199;199.0552;-1428.897
1972;600.0665;212.1417;-1361.773
2010;595.3687;181.4136;-1305.998
2032;603.2407;179.5569;-1277.528
2069;590.8251;181.2579;-1185.628
2128;598.3049;182.918;-1163.536
2169;607.7554;185.9756;-1134.452
2207;612.1885;190.5183;-1115.402
2253;616.4818;198.0047;-1091.378
2295;644.6074;237.7867;-1077.751
2321;601.6553;43.07176;-946.7792
2358;421.0005;118.1571;-989.4946
2375;421.0005;118.1571;-989.4946
2396;421.0005;118.1571;-989.4946
26548;-125.2817;-54.43678;-1753.839
26647;-148.5869;-34.32833;-1702.106
26687;-151.6139;-33.11913;-1696.417
26777;-157.3912;-32.54448;-1690.836
26823;-161.2797;-32.67984;-1690.325
26907;-166.2378;-34.24892;-1689.411
26981;-173.2946;-41.45261;-1683.72
27090;-182.0703;-47.04783;-1679.211
27154;-188.3159;-55.81685;-1677.704
27237;-192.3335;-56.10518;-1689.949
27275;-196.7472;-56.267;-1709.996
27375;-199.8527;-56.25721;-1726.768
27440;-203.5357;-60.13819;-1751.534
27515;-205.3319;-62.75279;-1764.818
27550;-205.718;-63.87734;-1767.075
27595;-206.3431;-69.11082;-1776.835
27669;-213.2956;-66.76447;-1801.053
27772;-213.3462;-71.17819;-1809.329
27820;-215.6268;-73.97366;-1818.631
28023;-240.7198;-60.49833;-1802.444
28084;-285.6459;-12.57958;-1798.037
28143;-290.9839;-10.86073;-1781.304
28229;-293.1581;-9.691499;-1772.696
28302;-310.177;0.9610946;-1724.876
28336;-311.5288;0.09327487;-1713.294
28386;-318.9168;1.83942;-1692.533
28418;-320.9342;2.051983;-1682.19
28487;-330.775;9.52049;-1648.664
28572;-332.5796;11.42268;-1643.513
28654;-338.7635;12.96839;-1606.574
28712;-342.2584;20.16287;-1585.874
28764;-337.3521;16.78488;-1573.931
28815;-337.7084;24.62869;-1567.038
28876;-334.2535;25.70049;-1562.761
28995;-326.7872;29.84116;-1557.761
29055;-299.1266;34.68708;-1529.524
29102;-285.3849;30.99961;-1516.988
29262;-257.3018;36.40417;-1509.76
29393;-221.8583;34.60988;-1467.588
29499;-217.8274;35.29668;-1460.887
29632;-212.9379;41.05093;-1438.722
29722;-224.7165;53.01916;-1421.317
29888;-245.9506;62.10078;-1354.608
29958;-281.7939;93.96871;-1324.597
30064;-314.9667;137.3035;-1347.249
30160;-320.9773;133.9641;-1327.707
30261;-328.2942;134.5302;-1313.786
30331;-336.2843;137.942;-1303.535
30426;-345.4277;141.6271;-1295.675
30851;-368.4539;149.5188;-1281.753
30970;-369.5215;149.4932;-1280.843
31054;-382.7698;136.8051;-1240.235
31146;-383.0195;137.0224;-1240.145
31224;-390.3929;146.4806;-1243.07
31488;-393.1906;152.386;-1244.328
31664;-391.0896;151.0036;-1245.557
31764;-390.1457;149.5786;-1247.34
31857;-391.977;150.3722;-1256.3
31943;-392.7052;150.1346;-1255.48
32014;-391.3379;140.0779;-1245.055
32073;-391.4202;137.4922;-1245.349
32131;-356.9294;70.6941;-1200.291
32218;-357.1291;69.78129;-1219.211
32309;-358.4118;69.22241;-1245.808
32375;-366.1179;68.61127;-1274.993
32453;-375.8777;77.74924;-1336.133
32492;-376.7819;78.56493;-1339.949
32650;-371.8214;70.99286;-1392.619
32746;-366.018;61.01587;-1421.702
32839;-364.4663;57.32808;-1430.338
33312;-345.154;30.82434;-1466.084
33354;-338.5444;25.04123;-1465.689
33401;-349.9577;5.798672;-1556.296
33517;-350.3472;8.577337;-1555.035
33575;-346.1621;6.396537;-1546.744
33666;-344.9503;7.044674;-1543.608
33735;-343.5047;6.76525;-1541.975
33869;-350.6948;26.4629;-1524.755
33945;-346.8374;20.65276;-1539.279
34021;-339.9781;7.582137;-1532.155
34113;-338.6681;6.901681;-1528.125
34250;-336.5481;7.203053;-1514.419
34362;-335.6588;8.294534;-1510.315
34450;-328.1072;14.24579;-1479.85
34490;-326.295;18.0316;-1461.081
34582;-321.3257;34.90518;-1413.009
34714;-321.2986;36.48718;-1410.738
34767;-323.6237;70.38132;-1301.648
34830;-324.9111;75.47691;-1251.213
34896;-324.9776;77.04794;-1246.269
34955;-325.8041;84.16869;-1219.526
35055;-324.6923;87.04558;-1197.585
35137;-318.2865;91.11136;-1145.822
35235;-312.4202;93.46033;-1130.42
35744;363.5689;-192.2052;-1848.845
35769;391.7843;-187.4131;-1859.276
35795;427.1114;-174.4151;-1872.571
35865;427.954;-174.6345;-1871.718
35901;423.9549;-181.5595;-1863.44
35958;419.0007;-243.859;-1850.122
36008;418.6062;-245.8364;-1849.547
36053;440.9027;-174.8503;-1868.933
36103;440.921;-174.7362;-1868.987
36160;441.1514;-174.6259;-1869.075
36221;441.3867;-173.6898;-1869.023
36270;441.9692;-172.4047;-1868.755
36308;442.9627;-170.5776;-1868.406
36334;443.7652;-169.5524;-1868.153
36362;444.9248;-168.6166;-1867.819
36403;445.1202;-168.0046;-1867.531
36708;444.1082;-165.2925;-1864.931
36898;414.1441;-159.4118;-1862.291
36954;405.1011;-159.5958;-1861.324
36982;402.016;-159.1726;-1862.037
37021;395.8707;-158.1556;-1863.125
37048;385.5232;-157.7213;-1864.896
37071;377.5458;-157.0494;-1864.315
37128;371.5052;-156.4488;-1865.13
37150;364.0471;-153.9068;-1865.492
37173;358.6859;-153.1328;-1865.898
37203;355.5684;-152.4673;-1866.915
37262;350.3251;-151.4712;-1867.842
37282;345.0841;-151.0607;-1868.338
37340;341.4579;-150.7136;-1868.953
37371;338.796;-150.5149;-1869.889
37388;336.3316;-150.8965;-1870.503
37429;334.0462;-150.7755;-1871.085
37470;333.0609;-150.8923;-1871.412
37498;332.4993;-151.1914;-1872.306
37524;332.4554;-152.0394;-1872.802
37557;332.8764;-152.1428;-1873.074
37594;333.0418;-152.1396;-1873.133
37649;334.2803;-152.4181;-1873.564
37693;336.0826;-153.3629;-1873.887
37715;338.727;-153.7403;-1874.739
37745;342.4505;-154.364;-1876.146
37802;346.3223;-154.3911;-1878.016
37823;351.196;-155.8113;-1879.974
37851;354.3415;-156.6172;-1881.495
37892;358.2678;-156.0479;-1883.302
37928;362.727;-155.9002;-1885.9
37968;367.4289;-157.2044;-1888.77
38039;376.569;-159.0128;-1893.217
38077;379.4584;-159.1842;-1894.51
38113;381.8898;-160.8937;-1895.38
38131;386.1256;-161.6219;-1897.617
38174;388.2153;-162.2578;-1898.6
38215;392.2042;-163.0712;-1900.683
38302;394.3704;-164.6083;-1901.748
38372;401.0817;-165.0182;-1905.575
38412;406.9691;-166.0222;-1909.08
38439;416.9496;-166.3147;-1913.607
38482;419.5756;-166.4426;-1915.321
38516;421.4225;-167.9037;-1916.281
38538;422.6277;-168.2384;-1917.002
38563;423.6342;-168.4487;-1917.641
38648;424.7578;-168.5101;-1918.46
38676;425.6398;-168.6161;-1919.282
38697;425.6742;-168.6133;-1919.417
38723;425.7517;-168.6002;-1919.755
38793;425.6176;-168.573;-1919.918
38836;425.3162;-168.5546;-1920.065
38863;423.51;-167.5599;-1920.936
38904;419.8204;-167.6042;-1920.013
38928;418.8985;-167.4806;-1920.169
38967;413.0889;-167.1085;-1918.913
39036;411.3777;-166.9113;-1919.02
39072;409.5566;-166.404;-1919.181
39098;405.187;-165.6273;-1919.539
39123;399.9309;-165.055;-1919.086
39175;397.4793;-165.195;-1919.111
39209;394.0639;-165.2968;-1918.907
39232;391.5792;-164.9348;-1919.18
39256;388.5326;-165.2249;-1919.032
39291;384.6067;-164.9827;-1918.79
39325;381.8139;-165.0316;-1918.559
39361;380.4985;-164.5744;-1919.013
39401;378.6194;-164.349;-1919.033
39438;377.466;-164.6754;-1919.335
39482;376.203;-163.9;-1920.193
39522;373.8386;-164.0097;-1920.18
39559;372.5466;-163.7506;-1920.308
39593;370.8883;-163.9187;-1920.197
39627;370.0623;-164.0083;-1920.151
39667;368.8185;-163.918;-1920.391
39760;368.2174;-163.7071;-1920.557
39805;367.8386;-163.724;-1920.617
39842;366.9821;-163.4696;-1920.8
39883;364.7677;-163.2576;-1920.879
39943;364.0616;-163.1455;-1920.983
39974;362.6277;-162.7391;-1920.93
39999;361.9148;-162.5861;-1921.041
40030;360.4541;-161.6194;-1921.253
40074;359.9369;-161.5182;-1921.283
40149;359.1399;-161.2962;-1921.334
40193;358.2254;-160.9962;-1921.437
40237;357.7819;-160.7804;-1921.521
40291;357.3304;-160.3104;-1921.898
40344;357.1381;-160.1884;-1922.01
40375;356.3952;-159.92;-1922.055
40413;356.0218;-159.7574;-1922.056
40446;355.8554;-159.6865;-1922.096
40481;355.3304;-159.6157;-1921.931
40515;355.1638;-159.5118;-1921.894
40590;354.9195;-159.3554;-1921.804
40664;354.9233;-159.3537;-1921.802
40701;354.9165;-159.3277;-1921.813
40742;354.8967;-159.2111;-1921.565
40781;354.9438;-159.3615;-1921.274
40844;355.2427;-159.1185;-1921.014
40900;355.3042;-158.7662;-1920.295
40962;355.6762;-158.2372;-1919.691
40995;355.7442;-158.0396;-1919.378
41039;355.9567;-157.8479;-1919.048
41076;356.0718;-157.6023;-1918.744
41184;356.1082;-157.5347;-1918.254
41227;356.2649;-157.4266;-1917.861
41269;356.5152;-157.3745;-1917.079
41317;356.3519;-157.3273;-1916.332
41345;356.6469;-157.2718;-1915.959
41375;356.9911;-157.0731;-1915.606
41414;357.0198;-156.8142;-1915.006
41465;357.3164;-156.804;-1914.572
41552;357.4497;-156.6759;-1914.173
41593;357.2266;-156.5277;-1913.385
41652;357.2521;-156.4137;-1912.746
41680;357.3935;-156.2988;-1912.491
41724;357.4131;-156.2167;-1912.003
41763;357.0529;-155.8695;-1910.869
41797;357.0232;-155.8365;-1910.386
41835;357.0752;-155.7956;-1910.146
41864;357.178;-155.769;-1909.939
41942;357.0919;-155.7726;-1909.562
41976;357.0223;-155.8029;-1909.226
42017;357.0001;-155.8167;-1909.043
42054;357.1031;-155.8394;-1908.965
42116;357.1474;-155.9521;-1908.826
42192;357.1985;-155.9948;-1908.793
42265;357.2419;-156.0197;-1908.776
42311;357.2213;-156.0363;-1908.743
42358;357.2101;-156.0345;-1908.678
42392;357.2314;-156.0471;-1908.658
42435;357.2735;-156.0771;-1908.631
42474;357.3088;-156.056;-1908.554
42640;357.1327;-156.1126;-1908.196
42728;357.1607;-156.0652;-1908.071
42754;356.9818;-156.0102;-1907.703
42818;356.2953;-155.4997;-1906.711
42841;356.0225;-155.0101;-1906.314
42902;355.7363;-153.4877;-1904.673
42951;354.222;-151.5099;-1901.372
42996;353.6497;-150.5214;-1900.207
43062;353.0511;-149.7871;-1899.277
43113;352.0533;-147.8641;-1897.903
43157;351.8587;-147.1351;-1897.679
43211;351.6717;-146.7051;-1897.331
43254;351.2389;-145.8691;-1896.528
43363;351.2332;-145.5174;-1896.47
43508;351.2804;-145.4185;-1896.39
43543;351.4802;-145.1877;-1896.686
43641;351.6621;-145.0692;-1896.913
43773;351.9978;-145.2925;-1897.505
43806;352.4987;-145.5552;-1897.861
43853;354.0966;-147.1095;-1898.095
43893;355.7714;-148.4978;-1898.239
43945;356.4236;-149.0467;-1898.127
43981;356.6225;-150.0008;-1897.596
44032;356.7511;-150.7489;-1897.146
44070;357.6123;-151.2991;-1897.075
44109;357.646;-151.4117;-1896.998
44138;357.6451;-151.4183;-1897.013
44201;357.6091;-151.4755;-1897.032
44238;357.6022;-151.4753;-1897.073
44262;357.304;-151.4903;-1897.051
44312;357.1673;-151.623;-1897.075
44362;356.9388;-151.5907;-1897.161
44416;356.33;-151.6986;-1897.166
44460;355.3579;-151.9186;-1896.803
44521;353.6877;-152.4553;-1895.898
44584;351.7076;-152.51;-1895.009
44645;348.8093;-153.2404;-1893.542
44746;346.5953;-153.6957;-1892.635
44812;343.7944;-152.9487;-1892.377
44876;341.0315;-152.4528;-1892.035
44947;338.741;-151.2887;-1892.222
45028;336.6517;-150.6538;-1891.697
45082;332.8409;-150.0777;-1890.047
45127;328.4;-147.4537;-1888.588
45203;317.2613;-134.6422;-1888.932
45260;313.7006;-132.3706;-1887.947
45299;312.4273;-131.8733;-1887.139
45350;309.4388;-131.2321;-1884.938
45390;308.1938;-130.756;-1883.789
45513;314.5753;-134.4033;-1880.526
45699;323.8055;-141.4695;-1874.053
45750;324.4767;-141.3926;-1873.679
45790;326.435;-141.474;-1872.352
45816;326.4944;-141.436;-1871.388
45858;325.9962;-142.0263;-1868.892
45891;325.7888;-141.9108;-1867.739
45923;325.3674;-141.3266;-1866.158
45976;324.3757;-142.1288;-1863.119
46023;323.5124;-142.6106;-1860.366
46067;323.0641;-143.0846;-1858.211
46103;322.4104;-143.1121;-1856.316
46142;321.9036;-143.1685;-1854.955
46177;321.5732;-143.3822;-1853.844
46226;320.79;-143.7354;-1852.115
46264;321.0704;-143.1945;-1851.676
46304;321.3532;-142.9206;-1851.623
46350;321.9959;-142.2657;-1851.857
46382;322.5187;-141.4791;-1852.279
46432;324.2898;-139.7397;-1853.914
46463;323.139;-139.28;-1854.086
46493;321.0659;-138.2829;-1854.482
46520;321.5061;-137.3611;-1855.332
46542;321.1216;-136.0773;-1856.113
46567;320.3912;-134.461;-1856.905
46608;313.7744;-130.3741;-1857.01
46641;313.5285;-129.5019;-1857.537
46668;313.3184;-128.6918;-1858.223
46695;313.3023;-128.9952;-1858.076
46734;313.4251;-129.1761;-1858.067
46797;313.007;-128.2387;-1858.525
46826;313.3173;-128.4673;-1858.512
46866;313.81;-128.5773;-1858.823
46910;314.5713;-128.9317;-1858.855
46955;316.682;-129.9585;-1859.154
46994;319.2191;-131.7606;-1859.369
47034;324.1068;-134.4994;-1859.964
47076;328.3774;-136.5216;-1860.216
47139;330.8628;-138.2836;-1859.879
47179;333.1143;-140.0812;-1859.658
47217;334.5021;-140.3139;-1860.183
47257;334.5382;-140.3112;-1860.191
47305;334.5211;-140.2814;-1860.195
47342;334.5395;-140.1951;-1860.21
47442;333.8601;-139.4928;-1859.882
47472;332.1035;-140.1258;-1858.195
47535;328.8304;-139.4752;-1855.384
47572;325.6628;-140.3004;-1851.655
47650;320.8417;-141.3859;-1846.142
47691;318.62;-141.8684;-1843.209
47827;316.9614;-141.51;-1841.043
47876;316.9774;-140.4372;-1840.723
47919;317.3945;-138.7274;-1841.132
47950;315.2231;-138.0578;-1841.244
47979;313.4651;-136.9124;-1841.797
48014;313.6934;-136.2227;-1842.318
48051;313.8229;-135.2111;-1843.064
48078;313.6943;-133.7275;-1844.267
48112;310.9384;-126.5085;-1847.863
48191;308.303;-123.1782;-1849.392
48314;306.9445;-122.3508;-1849.591
48391;306.0342;-121.3551;-1850.277
48434;305.8337;-121.5966;-1850.319
48486;325.7887;-120.1015;-1866.034
48523;328.0056;-120.353;-1867.826
48573;326.1035;-126.2455;-1863.708
48611;326.5235;-128.0169;-1863.216
48707;326.2021;-129.1744;-1862.693
48752;325.2083;-131.3492;-1862.038
48820;323.9829;-132.7685;-1861.665
48856;322.9364;-134.3199;-1861.266
48900;322.4411;-134.9062;-1861.244
48940;320.8386;-136.0699;-1861.048
48977;320.1631;-136.5254;-1860.935
49009;319.4881;-137.0557;-1860.734
49037;318.4769;-137.3216;-1860.27
49070;317.1839;-137.5188;-1859.464
49102;316.4814;-137.7188;-1858.953
49135;315.3816;-138.5621;-1857.847
49166;313.6109;-139.3772;-1856.279
49242;312.7699;-139.771;-1855.337
49280;312.3513;-139.5913;-1855.047
49329;311.512;-139.2721;-1855.013
49366;311.3822;-139.0856;-1855.22
49407;310.8643;-138.5918;-1855.629
49484;310.8174;-138.3722;-1855.954
49524;309.8;-138.2621;-1856.433
49564;308.0629;-137.8733;-1857.39
49595;307.4565;-137.4401;-1858.348
49632;307.3506;-137.3129;-1858.764
49668;307.4859;-137.0902;-1859.41
49701;306.3784;-136.6241;-1860.385
49737;306.4961;-136.1044;-1861.367
49773;298.4323;-128.7906;-1864.704
49833;298.6264;-127.0235;-1866.35
49872;298.5099;-126.8903;-1866.613
49911;298.4456;-126.8452;-1866.656
49951;317.7433;-126.4588;-1877.178
49995;314.5107;-132.3828;-1871.272
50036;314.356;-134.9196;-1869.628
50080;317.2498;-135.6932;-1869.919
50119;319.6729;-136.202;-1870.481
50181;320.0058;-136.2628;-1870.463
50229;320.2119;-136.5315;-1870.204
50269;320.2702;-136.7495;-1869.938
50308;319.9647;-137.8963;-1868.578
50369;319.9201;-138.257;-1868.151
50406;319.3988;-138.3975;-1867.598
50448;318.6083;-138.2933;-1866.554
50504;316.0096;-139.7099;-1863.134
50562;314.0807;-140.7021;-1860.438
50631;312.1432;-141.116;-1857.168
50669;311.6182;-141.0207;-1856.561
50714;308.6604;-142.1381;-1850.823
50745;308.4679;-142.2849;-1850.062
50841;308.4946;-142.2183;-1849.883
50919;308.5916;-142.2311;-1849.588
51007;308.7649;-142.1013;-1849.55
51044;309.3231;-141.1444;-1850.0
51149;309.7528;-140.7056;-1850.301
51190;309.9883;-138.7746;-1852.422
51228;310.992;-137.6603;-1854.06
51267;311.7012;-136.4104;-1856.132
51309;308.6149;-134.8976;-1857.564
51345;308.1124;-134.4951;-1858.198
51378;308.5591;-134.4127;-1858.64
51460;309.5138;-134.1092;-1859.612
51523;310.094;-134.8009;-1859.561
51565;313.7881;-136.1123;-1860.18
51598;316.3281;-136.8676;-1860.541
51660;318.5561;-137.4153;-1860.769
51701;320.2023;-136.4917;-1861.75
51744;320.456;-136.4557;-1861.644
51782;320.889;-136.6952;-1861.092
51834;321.2835;-136.8627;-1860.823
51914;321.408;-136.9212;-1860.516
51952;321.4246;-137.2245;-1859.766
51992;320.8304;-137.5222;-1857.539
52028;320.5033;-137.8921;-1855.649
52064;319.5891;-137.8736;-1853.471
52090;319.4115;-138.559;-1851.468
52119;318.8985;-138.6909;-1848.978
52149;317.6974;-139.0937;-1845.709
52180;317.2851;-139.7553;-1843.25
52243;316.4037;-140.6673;-1839.98
52276;316.1055;-141.2452;-1837.864
52304;315.6281;-141.155;-1836.343
52345;315.7026;-140.9838;-1835.778
52385;316.1309;-140.4061;-1835.488
52427;316.4652;-140.0768;-1835.404
52490;317.0799;-139.7532;-1835.732
52557;318.6809;-138.4343;-1837.339
52621;321.7446;-137.1442;-1840.381
52663;322.8025;-136.1381;-1842.201
52725;323.8438;-135.2946;-1843.899
52759;323.9802;-134.8638;-1844.608
52831;324.0779;-133.2723;-1846.431
52902;323.4882;-132.0845;-1847.308
53312;341.854;-136.0273;-1852.042
53354;342.7676;-136.6472;-1851.848
53385;343.2166;-137.0771;-1851.852
53406;343.6701;-138.0339;-1851.603
53432;343.8333;-138.3539;-1851.521
53471;343.348;-138.7963;-1851.164
53500;342.8625;-139.4092;-1850.724
53539;341.3954;-140.5798;-1849.462
53598;340.4253;-140.8575;-1848.54
53626;338.5592;-140.9695;-1847.1
53656;336.5924;-140.67;-1845.624
53690;334.2648;-141.5569;-1843.303
53710;332.4154;-141.9968;-1841.448
53744;331.2979;-142.3498;-1840.151
53802;330.2926;-143.0782;-1838.842
53831;329.6233;-143.398;-1838.117
53873;329.1838;-143.4301;-1837.857
53894;329.0341;-143.1837;-1837.81
53962;328.9256;-142.6363;-1838.442
53991;328.9509;-142.1298;-1839.185
54028;329.0262;-141.2811;-1840.761
54051;329.583;-140.5579;-1843.056
54093;329.8245;-140.1862;-1844.78
54166;330.0019;-139.2782;-1847.268
54204;330.2508;-137.839;-1850.7
54255;329.8168;-137.2906;-1852.297
54289;323.2566;-131.5293;-1855.792
54322;322.4701;-131.7522;-1856.131
54369;329.8186;-123.3065;-1869.831
54408;322.886;-124.0562;-1866.685
54443;324.5562;-122.7757;-1869.041
54494;326.652;-121.5572;-1871.911
54546;327.7466;-121.236;-1872.956
54601;326.7572;-124.1338;-1870.519
54635;327.8086;-128.8701;-1868.806
54665;328.9501;-132.1083;-1867.517
54701;329.9033;-134.7952;-1866.566
54733;331.5165;-137.3211;-1866.295
54768;331.9021;-137.8056;-1866.413
54801;332.2096;-139.0759;-1866.004
54836;332.3023;-139.1082;-1866.195
54869;332.2913;-139.1475;-1866.243
54897;332.1038;-139.6168;-1866.048
54929;331.5625;-139.752;-1865.618
54958;330.5781;-140.4304;-1864.894
54996;329.6031;-140.7711;-1864.094
55027;328.3253;-141.232;-1862.898
55060;325.771;-140.6082;-1860.757
55082;322.8036;-141.3833;-1857.84
55122;321.11;-142.1748;-1855.76
55160;319.852;-142.0511;-1854.417
55195;319.38;-142.2539;-1853.597
55228;318.89;-142.3985;-1852.677
55261;316.5133;-143.1387;-1849.715
55302;316.1413;-142.9924;-1849.365
55340;316.058;-142.8179;-1849.277
55371;315.92;-142.9404;-1849.021
55406;316.3884;-142.256;-1849.359
55440;316.7054;-141.6821;-1849.732
55477;316.968;-141.2845;-1849.947
55500;317.1061;-141.1241;-1849.997
55587;318.3516;-140.012;-1851.758
55617;319.0042;-139.144;-1853.142
55677;318.6417;-138.9589;-1853.579
55697;317.5268;-138.7819;-1854.196
55725;316.433;-138.1135;-1855.407
55755;317.2445;-136.539;-1857.806
55790;317.243;-135.1696;-1859.579
55814;316.6666;-134.57;-1860.5
55837;316.4337;-134.0735;-1861.24
55884;309.3883;-127.5253;-1864.915
55902;323.0821;-123.2736;-1878.074
55961;325.4655;-122.5079;-1879.798
55992;314.5125;-128.1502;-1870.418
56043;322.9832;-125.4106;-1876.606
56067;320.8583;-128.1458;-1873.524
56109;319.3806;-132.8844;-1868.926
56132;319.0308;-133.2608;-1868.646
56178;320.1002;-133.7226;-1868.592
56209;319.247;-134.6432;-1867.388
56252;319.6835;-135.3236;-1866.603
56283;320.1035;-135.6786;-1866.302
56324;320.2073;-136.1719;-1865.637
56362;320.0864;-136.7366;-1864.735
56388;319.9952;-137.3341;-1863.924
56412;319.4586;-137.548;-1863.107
56434;318.9372;-137.9601;-1862.139
56459;317.8448;-139.3347;-1860.133
56518;316.7919;-139.9243;-1858.595
56541;315.4694;-140.509;-1856.58
56583;314.0931;-140.8126;-1854.73
56628;313.1386;-141.579;-1852.705
56657;311.9254;-142.3851;-1850.445
56686;310.5403;-142.789;-1848.269
56706;309.4899;-142.5009;-1846.742
56730;308.7134;-143.0039;-1844.705
56768;307.791;-143.5909;-1842.255
56794;307.4736;-143.569;-1841.113
56847;307.3181;-143.3233;-1840.276
56916;307.3401;-143.0625;-1839.68
56947;307.411;-142.7971;-1839.426
56966;307.423;-142.4682;-1839.322
57000;307.9682;-141.2974;-1839.859
57023;308.8625;-140.0634;-1840.581
57042;309.1323;-139.9336;-1840.781
57069;309.7224;-139.3547;-1841.489
57128;310.5403;-138.133;-1842.737
57170;310.797;-137.697;-1843.406
57201;309.5863;-137.0085;-1844.484
57245;308.9311;-136.8233;-1844.939
57269;308.5486;-136.4262;-1845.537
57323;308.9614;-135.9205;-1846.326
57359;308.4139;-134.9685;-1847.261
57387;308.4865;-134.5951;-1847.77
57411;308.8531;-133.3916;-1849.052
57435;308.2796;-132.6092;-1849.57
57465;307.6237;-131.742;-1850.182
57565;304.8665;-127.4468;-1851.725
57597;305.1222;-127.7656;-1851.661
57632;314.9612;-125.4171;-1857.756
57659;314.1234;-126.6291;-1856.644
57681;312.4196;-128.65;-1854.617
57751;313.3348;-129.4876;-1853.84
57803;313.9468;-130.5257;-1852.836
57885;314.3514;-131.4454;-1851.885
57935;314.4433;-132.0012;-1851.276
58008;313.7016;-133.1266;-1849.824
58056;313.6625;-134.6368;-1848.65
58110;312.5608;-136.7473;-1846.318
58162;311.4257;-138.4498;-1844.465
58213;310.744;-138.8724;-1843.557
58279;309.3322;-139.4999;-1841.55
58311;307.48;-139.905;-1839.03
58342;305.7554;-140.1683;-1836.185
58373;303.4461;-140.4763;-1832.236
58405;302.3863;-140.8025;-1830.662
58431;301.6088;-140.797;-1829.399
58474;301.2007;-140.8291;-1828.882
58531;301.199;-140.8265;-1828.871
58574;301.2353;-140.6504;-1828.965
58610;301.2456;-140.4484;-1829.232
58642;301.4621;-140.2715;-1829.799
58674;302.631;-137.3677;-1835.018
58726;303.1906;-136.3872;-1837.32
58747;303.6515;-135.0284;-1840.196
58778;302.5256;-134.3612;-1842.186
58801;301.7201;-133.8125;-1844.43
58855;301.561;-133.4136;-1846.366
58879;300.6914;-132.477;-1849.348
58911;299.8249;-132.339;-1850.624
58954;299.3716;-131.9233;-1852.189
58990;298.8326;-131.998;-1853.0
59044;298.5553;-132.8822;-1853.264
59092;294.994;-128.6767;-1856.712
59151;296.7559;-129.6315;-1858.044
59178;298.7873;-130.3471;-1859.341
59220;301.1367;-131.0036;-1860.808
59239;301.221;-131.9238;-1860.798
59287;300.9572;-132.858;-1860.704
59324;300.7889;-133.933;-1860.505
59342;300.7511;-134.7023;-1860.377
59399;300.8721;-135.3674;-1860.29
59442;301.7894;-136.3865;-1860.375
59480;301.9409;-136.6379;-1860.398
59513;302.2176;-137.0276;-1860.385
59562;302.2396;-137.0884;-1860.404
59589;300.7522;-137.9264;-1859.327
59624;298.5037;-139.7536;-1857.555
59658;296.8834;-140.8595;-1856.349
59697;296.5989;-141.4755;-1855.798
59730;296.1925;-141.9304;-1854.827
59763;295.3878;-142.2777;-1853.726
59792;292.6535;-143.6842;-1850.562
59816;290.3282;-144.5625;-1847.859
59838;290.2189;-144.6252;-1847.108
59869;289.7305;-144.7674;-1846.017
59916;288.619;-145.659;-1844.149
59975;288.1897;-145.6965;-1843.394
60010;286.9442;-145.9737;-1842.28
60060;286.3212;-145.8678;-1842.102
60094;285.7583;-145.2964;-1842.454
60125;285.1368;-145.1902;-1842.691
60148;284.9478;-144.8925;-1843.565
60219;284.6072;-143.8286;-1845.826
60255;284.9907;-142.8092;-1848.865
60293;285.305;-141.914;-1852.699
60328;284.7071;-141.2488;-1855.726
60364;285.9433;-138.889;-1862.722
60393;286.1114;-137.0108;-1867.526
60428;285.5405;-136.2083;-1870.153
60451;285.3277;-136.3581;-1870.821
60503;279.0773;-131.1407;-1875.417
60550;276.5144;-128.8139;-1878.953
60567;276.911;-130.1316;-1879.123
60587;277.413;-130.8674;-1879.496
60662;279.1843;-133.5852;-1879.894
60701;280.0086;-134.4122;-1880.319
60735;281.2814;-135.6156;-1880.743
60765;281.4902;-135.7725;-1880.838
61019;282.1349;-136.5117;-1880.804
61048;283.5833;-138.1504;-1878.25
61073;282.9236;-138.4383;-1875.91
61126;282.0435;-139.8851;-1872.474
61154;281.3935;-141.0;-1869.805
61180;279.6346;-142.1477;-1866.355
61224;278.7859;-142.6359;-1864.297
61244;277.035;-143.1882;-1861.0
61268;276.1451;-143.6416;-1858.424
61300;275.8724;-143.5284;-1857.027
61338;275.4214;-143.6358;-1855.163
61390;274.9333;-143.4108;-1853.328
61442;274.404;-143.5497;-1850.899
61463;273.8279;-143.775;-1848.751
61483;273.5834;-143.8994;-1847.001
61507;273.6501;-143.8569;-1846.29
61535;273.8025;-143.7821;-1845.46
61586;273.881;-143.8787;-1844.773
61615;274.5698;-143.5974;-1844.628
61638;275.6599;-143.102;-1844.67
61704;278.3309;-142.3019;-1845.501
61743;280.2487;-141.6669;-1846.828
61763;282.1078;-141.0372;-1848.272
61798;283.4867;-140.584;-1849.728
61833;284.2558;-140.1595;-1851.054
61872;285.3549;-139.4929;-1853.366
61901;286.7069;-138.1089;-1856.325
61962;288.4116;-137.3804;-1858.319
61980;288.9533;-137.1282;-1859.307
62017;289.0349;-136.6454;-1860.327
62041;289.7539;-135.3447;-1862.474
62064;290.3714;-134.8998;-1863.407
62099;292.6316;-133.115;-1866.166
62136;294.394;-132.8238;-1867.421
62187;292.1586;-130.4322;-1867.977
62245;292.97;-132.3599;-1867.006
62273;293.8524;-132.5201;-1867.185
62310;295.1324;-132.7002;-1867.606
62339;296.5479;-133.0817;-1867.917
62372;298.5873;-133.1431;-1868.574
62396;301.2667;-134.2209;-1868.145
62435;303.1506;-135.1833;-1867.514
62472;308.0491;-135.1156;-1867.549
62494;310.6193;-135.4127;-1867.409
62547;312.1333;-135.6647;-1867.181
62584;313.4683;-135.7814;-1866.98
62612;314.1394;-135.6977;-1866.844
62648;315.7079;-135.9519;-1866.621
62672;315.9768;-135.9944;-1866.367
62719;316.8788;-136.47;-1865.683
62738;317.7028;-136.8864;-1865.029
62778;318.3482;-137.5321;-1864.315
62817;318.7784;-137.7913;-1863.833
62853;318.8929;-138.32;-1862.653
62898;318.7773;-139.8795;-1860.5
62923;317.9111;-140.4348;-1858.7
62941;317.1688;-141.1342;-1856.496
62979;316.9062;-142.2685;-1854.279
63052;316.7797;-142.7693;-1852.825
63110;316.5363;-143.2489;-1851.239
63141;316.5361;-143.3808;-1850.069
63189;316.7306;-143.4781;-1849.309
63674;327.1398;-138.3617;-1860.988
63710;327.0696;-138.1209;-1862.101
63743;326.7514;-137.8003;-1863.431
63777;326.6577;-137.5769;-1864.651
63812;326.0118;-137.3214;-1865.914
63840;325.9505;-137.185;-1867.115
63869;325.3319;-137.3559;-1868.287
63911;325.7679;-138.0887;-1868.841
63946;326.7109;-137.7626;-1870.686
63993;326.7868;-138.1872;-1870.657
64030;327.7784;-138.4471;-1871.402
64063;327.7943;-138.4924;-1871.635
64090;327.8472;-138.8037;-1871.608
64119;328.143;-138.8985;-1871.717
64153;330.3814;-139.1827;-1871.828
64180;331.0143;-139.2659;-1871.492
64240;331.5771;-139.5864;-1870.56
64270;332.1715;-139.6533;-1868.525
64311;332.4109;-139.7134;-1866.889
64331;332.6691;-140.2268;-1864.891
64350;332.4027;-140.9888;-1862.382
64383;332.1654;-140.5146;-1860.637
64405;331.48;-141.3914;-1857.707
64426;330.2061;-142.2305;-1854.378
64463;329.9261;-142.7634;-1852.527
64532;328.9713;-143.0508;-1850.08
64556;328.1694;-143.172;-1847.828
64577;327.5091;-143.9541;-1845.072
64598;327.1087;-144.3135;-1843.302
64634;327.1343;-144.0567;-1842.185
64657;327.08;-144.0738;-1840.656
64695;327.077;-143.6776;-1839.545
64747;327.2278;-143.5154;-1838.596
64771;327.4406;-144.0237;-1837.14
64826;327.6056;-144.0082;-1836.422
64853;327.8751;-143.9887;-1835.906
64876;328.2408;-143.7521;-1835.531
64901;329.2203;-142.934;-1835.666
64940;330.3115;-142.2937;-1835.874
64974;331.1676;-141.615;-1836.419
65022;331.7169;-141.5377;-1836.652
65057;333.7461;-140.3047;-1838.375
65074;334.9158;-139.194;-1839.834
65102;335.6184;-138.8064;-1840.902
65125;336.3865;-138.1769;-1842.741
65159;337.294;-137.7617;-1844.828
65211;338.0773;-137.3667;-1846.834
65238;338.786;-136.9184;-1848.652
65262;338.9126;-137.1249;-1849.876
65300;338.8924;-136.9096;-1851.351
65341;338.7427;-137.1116;-1852.526
65394;338.5758;-137.1953;-1853.829
65416;338.3502;-137.1347;-1855.563
65439;337.8292;-138.2592;-1856.083
65466;337.905;-137.7452;-1857.899
65524;337.0632;-137.617;-1859.391
65561;337.063;-138.8369;-1860.506
65594;337.1626;-139.0003;-1861.442
65628;337.8714;-139.0861;-1862.41
65663;338.1094;-140.2431;-1862.492
65704;338.3476;-140.3333;-1862.914
65726;338.5789;-140.5829;-1863.21
65764;338.6345;-140.6658;-1863.32
65801;338.7051;-140.7785;-1863.369
65853;338.8139;-140.8273;-1863.452
65875;338.9647;-140.724;-1863.564
65898;338.9753;-140.7109;-1863.575
65934;338.9355;-140.696;-1863.512
65989;338.707;-140.6009;-1863.373
66024;338.556;-140.515;-1863.26
66072;338.2458;-140.3319;-1863.036
66098;337.3757;-140.3335;-1862.267
66120;336.9809;-140.2655;-1861.809
66158;335.0223;-141.5751;-1859.19
66182;332.5716;-141.8387;-1856.786
66207;330.5043;-142.0761;-1854.634
66252;329.7647;-142.166;-1853.536
66271;328.8484;-142.0543;-1852.287
66307;327.6563;-141.6176;-1850.671
66343;326.7598;-141.4264;-1849.415
66370;325.8695;-141.3134;-1847.906
66414;325.0688;-141.092;-1846.654
66455;324.6016;-141.1565;-1845.509
66482;324.1575;-141.0341;-1844.682
66514;323.8759;-141.076;-1843.961
66535;323.8714;-141.1183;-1843.707
66587;324.0107;-141.0416;-1843.685
66629;324.0446;-141.016;-1843.688
66661;324.192;-140.9813;-1843.808
66692;325.6351;-139.8515;-1845.5
66710;326.964;-139.3416;-1847.153
66732;328.144;-138.5798;-1849.323
66767;328.9113;-137.927;-1851.401
66803;329.6395;-137.7027;-1853.281
66873;329.0618;-137.9813;-1854.494
66905;327.5384;-138.2534;-1855.82
66930;325.9925;-137.9947;-1857.463
66956;327.2214;-137.2989;-1860.554
66978;327.4515;-137.16;-1861.98
66998;327.4588;-136.8039;-1863.508
67038;326.524;-135.5336;-1865.542
67093;325.6136;-135.8671;-1865.672
67236;324.8914;-135.3092;-1867.95
67271;324.8361;-135.596;-1867.844
67302;325.339;-136.099;-1867.755
67329;326.1839;-136.0746;-1868.106
67350;327.3477;-136.0808;-1868.403
67368;328.3143;-136.3542;-1868.339
67420;329.1624;-136.6071;-1868.11
67449;328.6386;-137.1601;-1867.145
67475;328.7614;-137.127;-1866.884
67496;328.9578;-137.2454;-1866.215
67531;329.0544;-137.5066;-1865.282
67569;328.9282;-137.6453;-1864.351
67588;328.7886;-137.5372;-1863.68
67622;328.3905;-137.5132;-1862.636
67708;327.6535;-137.3223;-1861.443
67736;326.7522;-137.1199;-1859.956
67761;324.6778;-137.7045;-1857.104
67790;323.2968;-138.0745;-1854.677
67811;319.7027;-139.5288;-1850.068
67829;317.4443;-139.9002;-1847.334
67862;315.3847;-140.3177;-1844.597
67899;313.5808;-140.4845;-1842.063
67936;311.9833;-140.9857;-1839.489
67988;311.0198;-141.2488;-1837.278
68004;310.1584;-141.5202;-1835.136
68052;308.4926;-141.4522;-1832.117
68076;307.2457;-141.717;-1829.634
68098;306.6996;-141.8681;-1828.097
68132;306.7573;-142.0257;-1827.48
68157;306.874;-142.2948;-1826.779
68222;306.9609;-141.8723;-1826.349
68271;307.6629;-141.3965;-1826.685
68302;308.2858;-141.0499;-1827.232
68354;310.1305;-140.0736;-1828.823
68374;314.0669;-136.5878;-1833.281
68394;315.8815;-135.6336;-1835.376
68445;317.748;-134.7283;-1837.77
68481;319.772;-134.8054;-1839.68
68522;320.0355;-134.8146;-1840.94
68565;323.5062;-134.4335;-1844.489
68584;325.8169;-134.4919;-1846.766
68620;327.8616;-133.9714;-1849.082
68638;328.724;-133.4252;-1850.366
68659;329.6375;-132.9556;-1851.757
68696;330.4679;-132.4109;-1853.144
68730;330.8183;-132.0778;-1853.837
68767;332.6874;-130.9895;-1855.735
68801;334.7619;-130.2529;-1857.0
68824;336.5493;-129.7587;-1857.684
68859;338.792;-129.3425;-1858.293
68897;339.1037;-129.3933;-1858.132
68931;339.4024;-129.6511;-1857.643
68978;340.0005;-130.101;-1856.912
69005;340.8406;-130.6791;-1856.196
69044;342.4118;-131.8903;-1855.108
69069;344.346;-132.9242;-1854.289
69102;345.9822;-133.5563;-1853.774
69141;346.4986;-134.4103;-1852.68
69175;347.2758;-134.9975;-1851.79
69195;348.011;-135.5766;-1851.015
69229;348.7315;-136.0426;-1850.091
69279;349.0882;-136.7725;-1848.818
69314;349.2287;-137.0941;-1848.157
69357;349.1993;-137.3511;-1847.388
69374;348.8341;-137.9264;-1846.307
69396;348.4592;-138.3221;-1845.299
69446;347.325;-139.5548;-1843.407
69486;345.1;-141.5192;-1839.942
69503;343.8496;-142.3509;-1838.172
69533;342.9023;-142.86;-1836.795
69574;341.6742;-142.8598;-1835.097
69596;340.2847;-142.9042;-1832.826
69639;339.7557;-142.5405;-1831.409
69678;338.2426;-142.714;-1828.737
69700;337.8109;-141.9827;-1827.704
69736;337.1679;-141.5497;-1826.615
69769;336.4698;-141.4307;-1825.64
69803;335.8032;-141.195;-1824.945
69839;335.1873;-141.2117;-1824.468
69865;335.0282;-141.1385;-1824.408
69920;334.5602;-141.0328;-1824.354
69936;333.7006;-141.1713;-1824.398
69991;333.3301;-140.9557;-1825.075
70008;332.8141;-141.1206;-1825.658
70042;332.5833;-139.3616;-1829.287
70098;333.5512;-138.1394;-1835.234
70132;334.2255;-137.7026;-1838.094
70200;334.5517;-137.3;-1840.733
70245;335.1035;-136.7908;-1843.386
70277;335.2221;-136.0919;-1846.743
70327;335.0456;-134.0564;-1850.535
70367;334.2667;-133.7954;-1851.584
70383;333.5239;-134.2366;-1851.644
70420;332.2854;-135.0266;-1852.046
70439;330.7202;-135.6228;-1851.911
70492;330.4237;-135.7709;-1851.989
70511;330.2936;-135.9833;-1852.065
70552;330.1917;-136.3117;-1852.04
70598;329.9492;-136.5339;-1852.129
70635;330.424;-136.3878;-1852.681
70670;331.4694;-136.3198;-1853.396
70696;332.8018;-136.7005;-1853.928
70722;333.5122;-137.0839;-1854.092
70745;334.577;-137.7154;-1854.238
70765;334.8525;-137.7824;-1854.289
70827;335.7693;-137.6975;-1854.883
70870;335.9941;-137.8197;-1855.031
70921;335.9147;-137.9023;-1855.018
70955;335.8618;-138.0648;-1854.959
70989;335.6773;-138.4872;-1854.832
71026;335.3705;-139.055;-1854.527
71042;334.5665;-139.3087;-1854.019
71083;333.2928;-139.7569;-1853.311
71099;331.9447;-140.1869;-1852.599
71134;330.3475;-140.8567;-1851.652
71189;327.4655;-142.5884;-1849.409
71225;325.2595;-143.1424;-1848.136
71262;324.3719;-143.1846;-1847.65
71290;322.9732;-143.6895;-1846.527
71307;321.2653;-144.2457;-1844.94
71332;319.4016;-144.3872;-1843.342
71403;317.9932;-144.1071;-1842.397
71453;317.1733;-144.1505;-1841.675
71482;316.0827;-144.5872;-1840.988
71524;315.7083;-144.4493;-1841.025
71563;315.3758;-144.087;-1841.354
71581;315.0099;-143.5094;-1841.999
71606;314.9855;-143.4026;-1842.576
71651;315.1944;-142.1545;-1844.346
71673;315.3355;-140.8719;-1846.255
71724;315.166;-140.0077;-1847.692
71753;315.8105;-139.3879;-1849.675
71786;316.0449;-138.3043;-1851.834
71836;313.9523;-138.2695;-1853.3
71874;313.6821;-137.7263;-1854.631
71900;314.0884;-137.5631;-1855.443
71952;314.2868;-137.5087;-1856.051
71991;314.7549;-137.3909;-1856.984
72025;315.0523;-137.1731;-1857.75
72141;315.5344;-137.1842;-1858.429
72169;315.6474;-137.2383;-1858.612
72211;315.3816;-137.3097;-1858.845
72259;315.2715;-137.2594;-1859.105
72276;316.7897;-137.3675;-1859.849
72299;316.632;-137.6007;-1859.794
72332;318.0658;-137.7473;-1860.277
72384;318.8728;-137.8194;-1860.531
72421;319.2522;-137.8929;-1860.597
72447;319.3328;-137.7864;-1860.63
72471;319.4187;-137.8184;-1860.523
72533;319.4954;-137.8455;-1860.453
72574;319.5885;-137.9032;-1860.288
72596;319.6558;-137.8198;-1860.177
72620;319.3135;-137.7675;-1859.775
72636;319.3117;-137.7893;-1859.601
72687;319.0397;-137.8892;-1859.211
72703;318.6389;-138.7105;-1858.153
72738;317.1527;-139.3849;-1856.723
72810;316.1911;-139.9545;-1855.533
72831;315.9307;-140.4502;-1854.77
72884;315.193;-140.9388;-1853.684
72910;314.8941;-141.2668;-1852.874
72931;313.6511;-142.5777;-1850.389
72954;313.1853;-142.8533;-1849.216
72971;312.8677;-142.7839;-1848.483
72994;311.9433;-143.1861;-1846.774
73027;312.1503;-143.4487;-1845.933
73079;312.3916;-143.8016;-1845.201
73102;312.4563;-143.8375;-1844.927
73160;312.5146;-143.9603;-1844.535
73199;312.5551;-143.8815;-1844.427
73220;312.5546;-143.8214;-1844.343
73258;312.7443;-143.6929;-1844.398
73292;312.9449;-143.0368;-1844.828
73310;313.4989;-142.344;-1845.722
73364;315.1926;-140.3607;-1848.484
73399;316.4754;-139.2609;-1850.593
73451;317.3842;-138.6164;-1852.243
73467;318.2353;-138.118;-1853.889
73501;317.7192;-137.9494;-1855.165
73524;317.294;-138.2543;-1855.917
73557;317.7733;-137.3595;-1857.952
73607;318.1422;-136.7141;-1859.76
73628;318.0903;-136.317;-1860.887
73662;318.9609;-135.846;-1862.733
73696;319.5538;-136.0686;-1863.504
73747;319.7635;-136.4454;-1863.651
73767;321.0753;-136.5168;-1865.432
73819;321.5216;-136.4342;-1866.024
73836;322.2349;-136.6139;-1866.484
73870;322.9784;-137.7225;-1866.205
73920;322.3307;-138.0946;-1866.094
73958;321.9467;-138.5642;-1865.808
73976;323.0947;-138.6934;-1866.012
73994;323.0193;-138.7458;-1865.943
74027;323.5302;-138.6975;-1865.893
74078;323.9483;-138.6201;-1865.766
74113;324.3522;-138.8116;-1865.356
74148;324.5843;-138.7958;-1865.107
74191;324.7267;-138.7177;-1864.578
74225;324.0811;-138.4595;-1863.542
74242;322.9377;-139.2718;-1861.284
74276;322.0445;-139.2474;-1859.833
74299;321.577;-139.3744;-1858.808
74324;321.1998;-139.5572;-1857.621
74358;319.6142;-140.7239;-1854.807
74392;318.7438;-141.4644;-1852.749
74425;317.2017;-142.2584;-1850.378
74459;316.2983;-142.4363;-1849.007
74528;315.1033;-142.3833;-1847.301
74562;314.9008;-142.2234;-1846.522
74582;314.1502;-142.5473;-1844.491
74602;312.8223;-142.1758;-1842.442
74653;312.3257;-142.1976;-1841.219
74724;312.1662;-142.5744;-1840.065
74744;311.9387;-142.7504;-1839.22
74779;311.5373;-142.215;-1838.745
74799;311.6579;-141.3311;-1838.679
74832;311.9607;-140.9674;-1838.746
74866;313.612;-139.9477;-1839.541
74912;314.2524;-139.5092;-1840.044
74934;315.5697;-138.2596;-1841.562
74978;316.6926;-137.5636;-1842.729
74996;318.0292;-136.2922;-1844.865
75030;319.4782;-135.4828;-1846.961
75063;321.4366;-135.1041;-1849.093
75115;322.5595;-135.2317;-1850.335
75138;322.0339;-135.6073;-1850.67
75189;321.5166;-135.9784;-1851.152
75205;322.5274;-135.6549;-1852.487
75228;323.1003;-135.7961;-1853.077
75270;324.1995;-135.6894;-1854.427
75292;324.8462;-135.9832;-1855.047
75326;325.6204;-136.027;-1855.835
75359;325.9806;-136.1639;-1856.198
75428;326.6819;-137.3301;-1856.067
75461;328.2964;-137.6229;-1857.176
75494;327.7741;-139.0391;-1856.639
75562;328.5108;-138.8157;-1857.175
75614;329.002;-138.8009;-1857.404
75635;329.1382;-138.7162;-1857.44
75671;329.3171;-138.2917;-1857.584
75692;329.3761;-138.1721;-1857.604
75743;329.2946;-138.233;-1857.377
75760;329.2665;-138.2435;-1857.215
75804;328.8311;-138.3983;-1856.611
75844;328.2908;-138.5115;-1856.161
75895;327.7794;-138.6618;-1855.644
75930;326.2497;-139.7701;-1853.841
75948;325.8228;-140.3518;-1853.043
75964;325.1443;-140.667;-1852.475
75998;323.9691;-141.6295;-1851.189
76032;323.1458;-141.8529;-1850.464
76083;322.6926;-142.1947;-1849.854
76154;322.1282;-142.343;-1849.332
76175;321.8884;-142.4269;-1849.031
76226;321.8658;-142.4229;-1848.998
76277;321.6798;-142.4993;-1848.866
76297;321.6394;-142.3837;-1848.915
76336;321.6872;-142.3698;-1849.001
76356;321.4537;-141.9874;-1849.136
76407;321.308;-141.9075;-1849.253
76443;321.0015;-141.4945;-1849.612
76477;321.0059;-141.4551;-1849.753
76493;320.9732;-141.5147;-1849.887
76543;320.9408;-141.4566;-1850.254
76560;320.8481;-140.9511;-1851.122
76611;320.7755;-140.7475;-1851.915
76661;320.4464;-140.8207;-1852.329
76699;320.2695;-140.7421;-1852.945
76722;319.6965;-140.2736;-1853.97
76755;319.3109;-139.9816;-1854.873
76771;318.8841;-139.9765;-1855.316
76809;318.5352;-140.1277;-1855.604
76849;317.7658;-139.9601;-1856.157
76864;317.2414;-140.2053;-1856.433
76898;316.7962;-140.4721;-1856.759
76933;316.3618;-140.6786;-1857.016
76966;316.0331;-140.7726;-1857.417
77000;315.5091;-140.745;-1857.844
77034;315.2721;-140.849;-1858.111
77069;315.0367;-141.027;-1858.328
77108;314.6833;-141.2537;-1858.615
77126;314.4723;-141.6399;-1858.865
77194;314.1892;-141.8686;-1859.086
77226;313.9549;-142.1738;-1859.397
77249;313.4753;-142.1191;-1859.964
77266;313.1547;-142.2583;-1860.335
77301;312.7363;-142.4607;-1860.506
77351;312.1425;-142.5823;-1860.756
77395;311.7958;-142.6098;-1861.049
77433;311.2218;-142.6761;-1861.401
77469;310.7477;-142.8758;-1861.631
77487;310.3033;-142.6936;-1862.265
77507;309.9502;-142.6357;-1862.713
77551;309.6342;-142.7222;-1862.926
77568;309.1217;-142.9988;-1863.16
77601;308.7978;-143.1319;-1863.458
77636;308.3803;-143.4678;-1863.691
77678;307.9452;-143.8019;-1863.863
77697;307.7375;-144.0446;-1864.179
77749;307.2635;-144.0821;-1864.451
77782;306.6182;-144.2043;-1864.626
77799;306.116;-144.1309;-1865.129
77836;305.9814;-144.1726;-1865.344
77857;305.8414;-144.2323;-1865.526
77890;305.4153;-144.1158;-1865.825
77924;304.9843;-143.9405;-1866.231
77963;304.6154;-143.8026;-1866.581
77997;303.9953;-143.8414;-1866.793
78031;303.529;-143.7898;-1866.901
78068;303.3579;-143.8255;-1867.063
78087;303.1374;-143.8533;-1867.194
78142;302.0504;-144.1234;-1867.106
78196;301.7551;-143.7656;-1867.526
78213;301.5404;-143.7028;-1867.692
78234;301.1722;-143.3964;-1868.085
78270;300.9125;-143.1953;-1868.272
78305;300.8379;-142.9208;-1868.685
78356;300.7323;-142.7664;-1868.93
78374;300.1181;-142.8555;-1868.821
78395;299.4153;-142.7381;-1868.81
78442;298.8804;-142.6816;-1868.762
78462;298.8997;-142.5224;-1868.865
78513;298.5151;-142.509;-1868.82
78530;298.5839;-142.2606;-1869.077
78564;298.0651;-142.2729;-1868.848
78682;297.8034;-142.1996;-1868.72
78720;297.8606;-142.0388;-1868.743
78749;297.9066;-141.8695;-1868.762
78770;297.5315;-141.8155;-1868.487
78804;297.2502;-141.7238;-1868.261
78823;297.4144;-141.5001;-1868.263
78839;297.2767;-141.4811;-1868.07
78874;297.6454;-141.3498;-1867.939
78907;297.7681;-141.3475;-1867.879
78943;297.6743;-141.375;-1867.688
78978;297.4503;-141.4501;-1867.406
78996;297.5252;-141.4259;-1867.342
79033;297.1021;-141.7166;-1866.822
79067;297.1607;-141.6877;-1866.772
79101;297.2893;-141.6176;-1866.752
79153;297.3841;-141.62;-1866.746
79172;297.5365;-141.583;-1866.757
79272;299.0519;-142.1284;-1866.558
79343;299.7982;-142.1912;-1866.484
79376;300.6284;-142.7816;-1866.152
79427;301.3628;-142.9758;-1866.073
79461;301.8784;-143.2742;-1865.768
79495;302.6973;-143.2455;-1865.742
79511;303.5748;-143.8782;-1865.237
79528;304.1819;-144.232;-1864.877
79561;304.6232;-144.3386;-1864.599
79595;304.9176;-144.7628;-1863.768
79629;305.8924;-144.4803;-1863.656
79663;307.5934;-144.3987;-1863.56
79699;309.6068;-144.4519;-1863.597
79733;312.5371;-144.2128;-1864.397
79767;314.769;-144.4264;-1864.978
79801;317.3936;-144.4975;-1866.294
79820;319.6367;-143.6349;-1867.885
79854;322.1112;-142.8021;-1869.826
79888;323.7285;-141.354;-1871.121
79921;326.072;-138.4469;-1873.457
79955;327.4905;-136.5622;-1875.202
79989;329.1761;-131.7393;-1879.145
80040;330.4835;-129.6309;-1880.667
80080;331.6414;-124.4756;-1883.171
80121;333.2305;-118.727;-1886.21
80170;339.9538;-103.2655;-1897.484
80194;340.0735;-98.58377;-1900.04
80213;340.1106;-93.60132;-1903.026
80230;339.9479;-87.48851;-1906.394
80265;340.0128;-82.58166;-1908.805
80298;339.7155;-77.01997;-1911.788
80332;339.1101;-70.78056;-1914.579
80365;339.4218;-66.15564;-1916.695
80399;338.5577;-62.05196;-1918.099
80433;337.7794;-57.98858;-1919.912
80468;336.3169;-53.97339;-1922.946
80493;335.6974;-51.90525;-1925.062
80527;334.9846;-49.92918;-1926.952
80582;334.2075;-46.26937;-1930.209
80595;334.0399;-45.68319;-1931.133
80629;333.3919;-41.84041;-1933.66
80663;333.47;-40.19283;-1935.234
80706;332.955;-39.68733;-1935.5
80761;332.9496;-39.23738;-1935.775
80774;332.9849;-39.40973;-1935.712
80825;333.161;-39.85025;-1935.483
80858;333.8513;-40.25807;-1935.098
80885;335.1816;-40.89983;-1934.307
80907;337.274;-42.35014;-1932.664
80943;339.9789;-45.48833;-1930.359
80982;341.3988;-47.78626;-1928.605
81018;343.6905;-50.67634;-1926.767
81039;345.9547;-54.57365;-1924.482
81063;347.0657;-60.05085;-1921.171
81096;349.3854;-65.43317;-1917.865
81130;352.1095;-74.40873;-1913.689
81163;353.0234;-82.99445;-1909.021
81197;354.1531;-91.1465;-1904.428
81231;350.0796;-107.2366;-1893.167
81285;349.0879;-113.1729;-1888.657
81302;349.2581;-118.979;-1883.754
81349;349.7892;-124.751;-1878.889
81422;350.738;-133.5117;-1871.523
81438;349.7248;-141.4955;-1864.465
81490;349.2752;-144.2294;-1861.507
81510;348.4169;-145.5058;-1859.305
81548;348.4767;-146.0374;-1858.445
81582;348.1879;-147.1961;-1857.169
81636;348.4363;-147.4383;-1857.276
81676;348.5797;-147.5899;-1857.343
81697;348.9986;-148.0283;-1857.862
81729;349.9249;-149.2101;-1859.849
81780;351.059;-146.5811;-1864.817
81814;350.0295;-141.5102;-1869.843
81832;347.9639;-136.4068;-1873.721
81867;347.1088;-133.3388;-1875.809
81894;346.8688;-128.781;-1878.522
81928;345.4339;-120.5849;-1882.335
81979;344.8732;-116.1577;-1884.011
82019;343.5408;-111.4434;-1885.684
82035;344.0781;-104.0659;-1889.053
82070;347.274;-90.75717;-1896.3
82105;347.9485;-82.47638;-1900.79
82156;348.4259;-77.22658;-1903.759
82173;348.9165;-71.09712;-1906.767
82207;348.7029;-65.44528;-1909.2
82225;348.0667;-62.05798;-1911.156
82260;347.6252;-61.03172;-1911.83
82313;347.7532;-58.82459;-1913.468
82329;347.8561;-57.30453;-1914.688
82363;348.2007;-55.20585;-1915.945
82397;348.1356;-53.27815;-1916.682
82431;348.186;-52.41098;-1916.923
82464;348.3056;-52.319;-1916.948
82498;348.3824;-52.18942;-1916.891
82532;348.4787;-51.92376;-1916.64
82566;348.5517;-52.8457;-1915.792
82599;349.1179;-52.95823;-1915.41
82651;349.9441;-54.01808;-1914.316
82684;350.9287;-57.76484;-1912.208
82720;351.8333;-61.37318;-1909.338
82738;353.3759;-67.96041;-1904.911
82758;354.3101;-73.66125;-1901.895
82792;355.7471;-83.76902;-1897.515
82826;355.4065;-96.05264;-1890.277
82877;353.9813;-104.2169;-1885.634
82898;353.479;-110.9397;-1882.663
82931;352.329;-119.427;-1877.852
82965;352.0185;-123.9573;-1874.716
83000;352.0184;-131.3087;-1869.507
83034;353.3545;-138.8338;-1865.195
83071;353.6119;-145.0173;-1861.176
83092;352.81;-146.4102;-1859.648
83129;351.7794;-147.347;-1857.867
83165;350.5028;-148.0902;-1855.577
83195;349.4404;-149.1719;-1853.538
83250;349.5105;-149.2956;-1853.345
83283;349.5337;-149.2581;-1853.219
83322;349.4438;-149.606;-1853.008
83338;349.7217;-150.0756;-1853.393
83360;350.4697;-151.0957;-1854.333
83410;351.1995;-150.7377;-1855.783
83444;351.2534;-147.5946;-1859.622
83480;352.7202;-139.3922;-1867.815
83500;353.0283;-134.8276;-1870.93
83533;354.1976;-128.2273;-1874.533
83567;355.7582;-118.1831;-1878.711
83618;354.7172;-111.8571;-1881.296
83656;356.2591;-96.85665;-1889.858
83675;357.324;-86.43736;-1895.152
83693;357.7001;-80.5947;-1898.016
83727;357.0623;-75.52818;-1900.293
83778;356.5738;-68.37986;-1903.159
83794;355.7137;-63.86074;-1905.195
83828;354.769;-62.1144;-1906.04
83862;354.3587;-61.03405;-1906.611
83913;353.9596;-59.66789;-1907.39
83931;353.6574;-58.48177;-1908.716
83964;353.6293;-58.12486;-1909.397
84038;353.4625;-58.25618;-1909.723
84067;353.8977;-59.87619;-1911.713
84101;354.3159;-61.64255;-1912.34
84134;353.8479;-69.41118;-1911.104
84195;354.0992;-75.0437;-1910.945
84208;355.6449;-83.98612;-1909.108
84242;352.7564;-104.3979;-1897.812
84275;351.6292;-111.9073;-1894.503
84293;349.8305;-119.6084;-1890.227
84343;351.0941;-131.682;-1883.367
84448;352.0883;-137.7181;-1879.568
84517;351.6685;-145.2715;-1874.812
84553;349.3561;-150.8854;-1869.415
84588;348.6991;-151.211;-1868.162
84641;348.5598;-151.732;-1867.171
84662;348.4529;-153.0127;-1866.594
84679;348.4915;-153.3727;-1866.686
84696;348.4425;-153.2554;-1867.121
84730;348.685;-153.8236;-1868.413
84764;348.8134;-153.9914;-1869.586
84806;348.6992;-152.9484;-1871.271
84822;347.4158;-149.1359;-1875.232
84856;346.0617;-146.0846;-1877.517
84890;343.9398;-137.7034;-1882.908
84941;343.5391;-131.4052;-1886.404
84958;341.8143;-124.4804;-1888.646
84991;341.8615;-117.1675;-1891.837
85042;344.3165;-103.7445;-1900.718
85059;344.3073;-95.91494;-1905.115
85110;345.3668;-88.92914;-1908.642
85128;345.5948;-84.81116;-1909.753
85162;346.4954;-78.23017;-1913.019
85213;347.7339;-73.19713;-1915.168
85247;347.7615;-67.93119;-1916.916
85289;347.9919;-65.10318;-1917.876
85323;348.032;-63.00854;-1918.477
85341;348.0339;-62.2323;-1918.796
85375;348.0556;-61.37366;-1919.426
85409;348.0599;-61.23915;-1919.418
85442;348.1104;-61.09945;-1919.423
85477;348.1166;-61.17128;-1919.396
85510;348.4733;-62.67243;-1919.185
85561;348.5766;-65.05931;-1919.032
85577;349.0145;-67.2494;-1918.194
85611;349.3343;-71.00697;-1916.824
85645;349.8282;-79.235;-1914.204
85697;348.0437;-93.08085;-1906.785
85716;349.0395;-103.4202;-1901.06
85767;348.7543;-110.9833;-1897.907
85784;348.4732;-117.913;-1894.794
85803;348.3764;-125.5023;-1889.988
85838;349.7411;-134.9347;-1882.898
85872;350.0854;-139.6696;-1878.674
85905;349.343;-142.6541;-1875.264
85939;348.6482;-144.096;-1872.888
85958;348.0339;-145.1845;-1870.71
85992;347.9539;-146.075;-1869.489
86060;347.5919;-147.1987;-1867.729
86110;347.394;-147.9364;-1866.849
86129;347.2952;-147.9723;-1866.798
86180;347.4413;-148.7012;-1866.888
86196;347.3306;-148.8773;-1867.073
86247;347.4954;-147.768;-1868.66
86318;345.5206;-140.2375;-1874.464
86380;345.6935;-130.1266;-1881.139
86398;346.2176;-124.7029;-1883.125
86431;346.3222;-117.2747;-1885.807
86465;346.269;-111.7664;-1887.755
86499;345.2137;-105.1888;-1890.137
86533;347.613;-89.23576;-1898.613
86566;348.8331;-81.66379;-1903.35
86600;348.4915;-78.3541;-1905.443
86652;347.9612;-74.3457;-1907.675
86667;347.8343;-70.66966;-1909.656
86701;347.4406;-66.33984;-1911.745
86736;346.7648;-64.55798;-1912.363
86772;346.1508;-63.47705;-1912.848
86806;345.355;-62.26229;-1913.257
86823;344.8344;-61.53187;-1913.607
86858;344.7664;-61.53781;-1913.678
86910;344.7503;-61.54977;-1913.747
86928;344.8901;-61.88572;-1913.829
86980;344.9585;-62.60088;-1913.945
86998;345.4174;-65.86167;-1913.331
87031;345.5719;-69.10626;-1912.097
87066;344.3324;-82.3345;-1905.554
87100;346.2798;-86.40182;-1904.519
87133;344.0657;-100.3675;-1897.274
87167;343.062;-106.9771;-1894.553
87201;343.209;-115.0794;-1891.191
87235;343.3216;-123.6058;-1886.443
87268;343.3264;-133.3113;-1879.555
87302;343.7986;-140.3199;-1873.654
87336;344.7354;-147.128;-1869.03
87369;345.1654;-150.053;-1866.484
87403;345.0072;-150.3241;-1865.314
87437;344.1038;-150.8516;-1862.552
87471;343.9223;-150.8191;-1861.181
87521;343.7027;-150.7886;-1859.967
87539;343.7591;-150.8474;-1859.408
87573;343.9477;-151.2934;-1858.903
87606;343.9742;-151.2985;-1858.852
87640;344.247;-151.531;-1858.939
87674;344.9411;-151.7358;-1859.384
87708;345.6603;-150.5235;-1860.791
87741;346.0465;-148.8014;-1862.116
87758;346.4827;-147.0173;-1863.37
87792;346.6464;-140.2993;-1867.813
87842;347.2523;-129.5013;-1874.064
87859;347.5729;-126.2578;-1875.503
87910;348.7683;-120.5932;-1877.339
87979;349.5076;-114.6058;-1879.209
87994;350.0177;-107.2504;-1882.474
88045;352.9199;-83.63835;-1894.739
88062;352.4431;-79.53065;-1897.061
88095;351.25;-72.68723;-1901.32
88129;351.2797;-66.9215;-1904.774
88180;350.3076;-64.55459;-1905.777
88198;348.9196;-62.4402;-1906.474
88250;347.6773;-60.61382;-1907.243
88271;346.1941;-58.57319;-1908.417
88322;345.2893;-57.85886;-1908.972
88338;345.0112;-57.16789;-1909.755
88372;344.9258;-56.88571;-1910.377
88406;344.5742;-56.8968;-1911.011
88439;344.381;-57.55781;-1911.381
88473;343.3354;-59.43796;-1912.01
88490;342.6268;-62.09378;-1911.96
88541;342.7623;-65.88998;-1911.259
88559;342.8627;-73.47287;-1909.643
88602;339.3876;-89.43014;-1902.282
88634;337.9356;-97.11178;-1898.256
88667;336.5948;-106.8536;-1894.334
88701;335.2884;-115.2782;-1890.807
88735;335.4056;-120.5467;-1888.402
88768;334.3596;-126.3981;-1884.997
88802;334.0976;-132.7337;-1880.768
88836;334.2192;-143.6658;-1873.796
88870;333.7177;-145.2336;-1872.121
88903;332.7034;-146.6808;-1870.045
88921;331.5942;-147.8369;-1867.989
88958;330.9612;-148.5561;-1866.394
88999;330.6496;-149.2214;-1865.642
89032;330.5073;-149.4976;-1865.38
89066;330.4701;-149.7;-1865.33
89099;330.4872;-149.8471;-1865.436
89133;330.6209;-149.8918;-1865.88
89184;331.132;-150.5114;-1866.969
89218;331.7608;-149.9057;-1868.309
89234;331.4641;-145.6764;-1872.661
89285;330.8707;-142.2106;-1875.78
89302;330.8013;-138.5546;-1878.445
89324;329.854;-133.8195;-1880.851
89374;329.1971;-125.6846;-1884.257
89408;329.3309;-118.9023;-1886.605
89442;330.006;-113.7568;-1888.808
89461;329.9994;-107.711;-1891.039
89495;334.4073;-89.53318;-1901.543
89529;335.0049;-85.94769;-1903.569
89562;335.5058;-81.31579;-1906.144
89596;335.914;-78.26741;-1907.786
89630;335.883;-75.85664;-1908.774
89663;335.9237;-73.57453;-1909.721
89698;335.8856;-70.46768;-1910.76
89731;335.951;-68.87315;-1911.433
89764;335.8947;-67.48088;-1911.801
89798;335.7238;-65.72161;-1912.267
89850;335.9423;-65.09856;-1912.67
89866;336.0575;-64.64252;-1912.993
89900;336.1214;-64.57892;-1913.051
89937;336.1564;-65.05767;-1912.993
89954;336.1735;-65.79166;-1912.986
89988;336.413;-66.53675;-1912.853
90038;337.137;-68.73869;-1912.036
90079;337.8149;-72.36806;-1911.196
90092;335.9222;-85.51388;-1906.491
90125;335.169;-95.14264;-1901.839
90164;334.6425;-103.9593;-1898.304
90197;331.8498;-116.3783;-1893.411
90231;332.0049;-121.5196;-1891.975
90264;331.5433;-127.6005;-1889.693
90293;331.7046;-134.9566;-1886.273
90327;330.4131;-141.5043;-1881.654
90395;328.9643;-144.5481;-1878.769
90416;328.8011;-147.1917;-1877.229
90433;328.4778;-148.6203;-1876.248
90469;327.9395;-149.7404;-1875.447
90503;327.8299;-150.0069;-1875.359
90536;327.6959;-150.3315;-1875.444
90570;327.6368;-151.0024;-1876.234
90604;328.1894;-151.486;-1878.317
90638;328.5341;-152.2426;-1880.354
90671;327.7531;-150.3807;-1883.586
90705;326.8614;-148.2384;-1886.412
90739;325.6174;-142.4926;-1892.391
90772;325.6898;-138.2255;-1896.084
90806;324.3565;-131.3857;-1901.091
90840;324.8219;-125.8059;-1904.1
90869;324.8882;-120.0796;-1906.781
90900;325.1283;-113.223;-1909.724
90934;325.7436;-108.7574;-1912.228
90968;326.0642;-102.6124;-1914.934
91003;329.3869;-88.53054;-1923.826
91036;329.9826;-83.25271;-1926.591
91086;329.4402;-78.90992;-1928.611
91103;329.1984;-76.53607;-1929.623
91137;328.5201;-74.68916;-1929.876
91171;328.4802;-71.12574;-1930.874
91193;328.3551;-69.78041;-1931.219
91246;328.3736;-68.25368;-1931.535
91297;328.2509;-67.64025;-1931.55
91313;328.2333;-67.39012;-1931.447
91348;328.3667;-67.3532;-1931.361
91364;328.4206;-67.61703;-1931.082
91398;328.4215;-69.28146;-1929.858
91449;328.2498;-71.00938;-1928.644
91467;328.8248;-72.06293;-1928.153
91492;327.4845;-82.09588;-1922.212
91526;327.656;-88.9261;-1919.042
91576;327.5999;-96.56881;-1916.002
91593;327.674;-105.6852;-1911.828
91626;327.5559;-113.9415;-1908.397
91660;327.5402;-122.4142;-1904.72
91694;328.2939;-132.2153;-1899.911
91731;328.7996;-138.6153;-1895.84
91782;330.1152;-147.4419;-1891.178
91816;330.0922;-148.5015;-1889.6
91833;329.4597;-150.0219;-1886.538
91859;328.7223;-151.5361;-1883.678
91893;328.2464;-152.4377;-1881.859
91926;328.2269;-152.6488;-1881.251
91960;328.285;-152.8047;-1881.031
91994;328.9571;-153.6152;-1880.89
92027;329.1121;-153.8968;-1880.927
92061;329.0935;-154.0357;-1880.974
92112;329.3847;-154.2928;-1881.495
92128;329.6524;-154.5995;-1882.631
92162;329.3806;-153.4998;-1884.248
92196;329.2528;-150.8293;-1887.234
92229;327.6335;-143.8442;-1893.707
92281;327.7488;-138.4143;-1897.362
92297;327.5333;-133.3408;-1899.97
92331;327.2123;-127.3324;-1902.704
92364;327.4759;-118.98;-1906.021
92398;327.8628;-111.6321;-1908.592
92449;328.188;-103.993;-1911.376
92465;331.8608;-90.0274;-1920.339
92499;333.3136;-82.38046;-1924.125
92533;333.609;-78.16499;-1925.625
92566;333.6514;-74.53266;-1927.113
92600;333.1644;-71.21671;-1928.04
92634;332.4835;-67.84166;-1928.725
92668;331.4418;-66.4689;-1928.707
92701;330.5708;-65.72715;-1928.831
92735;329.9402;-65.26613;-1928.656
92769;329.5319;-64.70425;-1928.563
92802;329.4784;-64.31789;-1928.511
92836;329.7878;-63.2871;-1928.732
92870;329.7038;-63.46027;-1928.095
92903;329.5663;-64.41654;-1926.784
92937;329.2901;-67.09466;-1924.924
92971;328.1393;-74.07757;-1920.072
93005;327.814;-79.28468;-1917.435
93022;327.5149;-86.28075;-1914.312
93072;328.0409;-97.08291;-1909.322
93089;328.7984;-107.4597;-1903.612
93123;329.1105;-118.988;-1896.727
93157;329.2689;-123.9365;-1893.695
93191;329.6953;-129.6248;-1890.157
93225;330.879;-142.0864;-1880.792
93271;330.589;-144.8154;-1877.609
93290;329.8546;-147.0738;-1873.974
93325;328.7174;-148.0213;-1870.693
93359;328.1784;-148.6926;-1868.505
93410;328.0526;-149.0573;-1867.103
93426;327.9641;-149.446;-1866.354
93460;328.1028;-149.5811;-1866.204
93511;328.3581;-149.9015;-1866.027
93528;328.7957;-150.2007;-1866.217
93562;328.9839;-150.1284;-1866.34
93595;329.1634;-149.4472;-1866.985
93629;328.3858;-144.781;-1870.199
93663;328.7311;-136.0735;-1875.94
93697;328.9026;-130.1614;-1879.905
93730;328.8169;-125.9332;-1881.242
93764;327.4554;-119.4276;-1883.0
93798;327.8347;-113.0046;-1884.265
93848;327.332;-108.3519;-1885.557
93865;327.1991;-100.0677;-1888.873
93899;328.9595;-92.73704;-1892.833
93933;331.4279;-81.2691;-1899.205
93983;332.3798;-76.43185;-1902.154
94017;332.5295;-71.78735;-1904.618
94065;332.8476;-67.21462;-1906.806
94085;332.3268;-65.12658;-1907.437
94286;330.7434;-58.52652;-1910.519
94307;330.4849;-58.08272;-1910.827
94324;330.4971;-57.91668;-1910.898
94340;330.968;-58.33601;-1910.449
94358;330.8811;-58.65194;-1910.385
94390;330.9429;-59.36235;-1909.923
94441;330.4566;-64.19205;-1906.063
94458;330.6186;-71.17844;-1900.897
94509;329.6338;-80.05586;-1895.024
94543;330.3849;-88.60809;-1890.613
94559;329.7986;-98.05417;-1886.672
94593;328.7143;-107.3462;-1881.994
94644;329.6841;-115.141;-1878.325
94661;329.8047;-119.5967;-1875.402
94712;330.156;-129.3835;-1868.479
94730;329.2521;-134.8253;-1863.709
94781;328.9365;-137.1501;-1861.384
94797;328.1877;-142.7533;-1856.299
94831;327.6648;-145.1985;-1853.063
94865;327.6134;-146.1155;-1851.439
94915;327.4032;-146.8232;-1849.849
94932;327.2686;-147.3282;-1848.866
94983;327.5066;-147.8147;-1848.487
95000;327.9649;-148.0766;-1848.542
95033;328.1125;-148.1626;-1848.571
95067;328.3018;-148.3851;-1848.671
95101;328.258;-148.5225;-1848.689
95135;328.2853;-148.7724;-1848.772
95168;328.2296;-148.8736;-1848.99
95202;328.0871;-148.9926;-1849.279
95236;327.7616;-148.9789;-1849.55
95269;327.5586;-148.9499;-1849.843
95303;327.3237;-149.0045;-1849.945
95345;327.1678;-149.0177;-1850.13
95402;326.9835;-149.005;-1850.519
95437;326.9392;-149.0186;-1850.683
95471;326.8835;-149.0891;-1850.784
95503;326.8561;-149.0299;-1850.883
95538;326.8405;-149.1196;-1850.941
95571;326.8143;-149.1611;-1850.975
95622;326.7994;-149.1558;-1851.02
95638;326.7986;-149.1589;-1851.03
95672;326.6631;-148.5892;-1851.434
95689;326.7009;-148.6486;-1851.404
95723;326.7158;-148.7571;-1851.338
95773;326.7414;-148.8361;-1851.317
95790;326.8915;-149.1065;-1851.166
95823;326.9546;-149.251;-1851.056
95857;327.0315;-149.3009;-1851.06
95891;327.0943;-149.3584;-1851.077
95925;327.2605;-149.4574;-1851.114
95959;327.3401;-149.5132;-1851.153
95992;327.4928;-149.5825;-1851.219
96027;327.5631;-149.6733;-1851.224
96072;327.6817;-149.7483;-1851.322
96131;327.7188;-149.8611;-1851.318
96165;327.7032;-149.9425;-1851.34
96198;327.7809;-150.0576;-1851.449
96232;327.8026;-150.0889;-1851.485
96266;327.8095;-150.1217;-1851.53
96300;327.9163;-150.1875;-1851.609
96333;327.901;-150.2047;-1851.611
96367;327.9011;-150.2239;-1851.623
96401;328.0471;-150.0975;-1851.932
96435;328.0459;-150.1197;-1851.996
96468;327.9978;-150.131;-1851.981
96494;327.9883;-150.1432;-1852.02
96544;327.9294;-150.1808;-1852.019
96561;327.8399;-150.2106;-1852.03
96595;327.8425;-150.2176;-1852.042
96645;327.8042;-150.2208;-1852.089
96679;327.8176;-150.2247;-1852.143
96713;327.7932;-150.2464;-1852.181
96730;327.8302;-150.3187;-1852.337
96763;327.8345;-150.3304;-1852.577
96797;328.0449;-150.6079;-1852.981
96831;328.1414;-150.7759;-1853.302
96864;328.3022;-150.8885;-1853.656
96898;328.2635;-150.9346;-1853.866
96932;328.5017;-151.0293;-1854.403
96966;328.5329;-151.0753;-1854.806
96999;328.5177;-151.1304;-1855.111
97033;328.5498;-151.3006;-1855.33
97067;328.5299;-151.4758;-1855.581
97100;328.5937;-151.5721;-1856.178
97134;328.5641;-151.6655;-1856.543
97168;328.5459;-151.675;-1856.682
97219;328.4714;-151.6509;-1856.917
97259;328.3836;-151.6627;-1857.243
97276;328.3739;-151.673;-1857.689
97293;328.2566;-151.5941;-1857.998
97327;328.235;-151.7443;-1858.486
97383;328.2431;-151.6282;-1858.966
97399;328.2401;-151.6433;-1859.356
97432;328.1523;-151.6458;-1859.721
97466;328.101;-151.6436;-1860.027
97500;328.0647;-151.647;-1860.183
97534;328.0503;-151.7513;-1860.483
97568;327.6985;-150.3516;-1861.804
97602;327.6739;-150.4384;-1861.966
97636;327.6277;-150.453;-1862.057
97670;327.6494;-150.3922;-1862.316
97703;327.585;-150.3084;-1862.642
97754;327.4308;-150.2;-1862.962
97804;327.302;-150.2241;-1863.156
97838;327.2043;-150.2324;-1863.32
97872;327.1655;-150.2034;-1863.503
97905;327.0154;-150.2142;-1863.592
97922;326.9165;-150.0855;-1863.861
97973;326.7225;-150.0815;-1864.073
98007;326.5995;-150.1759;-1864.262
98040;326.5421;-150.138;-1864.687
98074;326.4799;-150.192;-1864.836
98108;326.3762;-150.1487;-1865.119
98142;326.1247;-150.2093;-1865.191
98176;325.9756;-150.2786;-1865.357
98209;325.9378;-150.2579;-1865.686
98266;325.8127;-150.2075;-1865.827
98291;325.6356;-150.2035;-1865.847
98356;325.3011;-150.1993;-1865.76
98407;325.0872;-150.1295;-1865.763
98453;324.6229;-150.0826;-1865.671
98464;324.1458;-149.9146;-1865.512
98499;323.0059;-148.4421;-1865.861
98522;321.9828;-148.3184;-1865.301
98555;321.5566;-148.4155;-1865.077
98589;321.3284;-148.5;-1864.923
98639;321.0512;-148.6586;-1864.807
98656;320.4316;-148.8358;-1864.456
98691;320.0252;-148.9772;-1864.211
98741;319.7743;-149.0171;-1864.131
98758;319.3729;-148.9523;-1863.934
98792;318.5639;-148.7434;-1863.505
98826;318.0401;-148.5059;-1863.286
98859;317.2809;-148.3907;-1862.923
98893;315.9353;-147.3662;-1862.983
98927;315.1602;-147.4695;-1862.553
98960;314.5497;-147.4917;-1862.267
98994;313.8984;-146.6404;-1862.536
99036;313.4341;-146.6889;-1862.229
99056;312.7947;-146.8544;-1861.677
99090;311.8784;-145.9735;-1861.942
99140;310.6908;-145.2061;-1861.796
99174;310.1225;-144.9858;-1861.667
99192;309.0997;-144.8249;-1861.102
99226;308.6056;-145.0995;-1860.548
99260;307.9158;-144.7821;-1860.299
99293;307.315;-144.5319;-1860.012
99327;306.359;-145.113;-1859.169
99361;305.6552;-144.5912;-1859.086
99394;305.2408;-144.7959;-1858.748
99429;304.6531;-144.3705;-1858.639
99479;303.808;-143.8457;-1858.474
99496;303.1871;-144.1107;-1857.722
99546;302.6768;-143.8755;-1857.668
99563;301.7477;-143.2039;-1857.454
99597;301.0135;-142.854;-1857.168
99630;300.5927;-143.5906;-1856.472
99664;299.8911;-143.15;-1856.198
99715;299.6886;-143.0541;-1856.078
99749;299.2079;-142.3894;-1855.953
99765;298.7479;-142.1377;-1855.61
99799;297.7576;-141.6744;-1854.93
99850;297.01;-141.4464;-1854.349
99867;296.4048;-141.2308;-1853.88
99906;295.9647;-141.0556;-1853.369
99945;295.2498;-140.7312;-1852.761
99982;294.8557;-140.4852;-1852.277
100015;294.3596;-140.271;-1851.768
100032;293.9036;-139.9802;-1851.313
100065;293.3369;-139.7812;-1850.984
100099;292.4626;-139.5619;-1850.424
100133;291.5742;-139.6844;-1849.663
100167;291.3402;-139.6689;-1849.491
100201;290.7926;-139.5769;-1849.217
100238;290.5422;-140.3114;-1848.575
100254;289.6311;-140.1163;-1848.328
100305;288.3078;-139.3322;-1848.252
100322;286.6248;-138.7338;-1847.823
100356;285.3082;-138.5988;-1847.38
100406;284.2469;-138.2609;-1847.371
100440;282.9377;-138.0842;-1847.483
100460;281.4605;-138.0934;-1847.477
100494;278.9408;-137.8749;-1847.496
100527;277.8545;-137.5195;-1848.011
100561;276.8572;-137.366;-1848.738
100595;276.2727;-137.3334;-1849.143
100629;275.4539;-137.3146;-1849.536
100662;275.2493;-137.397;-1849.755
100701;275.1152;-137.4026;-1849.812
100731;275.375;-137.4654;-1850.034
100765;275.7956;-137.4468;-1850.126
100798;277.279;-137.969;-1849.748
100832;279.4688;-138.0121;-1849.456
100866;282.3301;-138.3089;-1848.51
100900;287.7395;-140.2724;-1846.946
100933;291.2817;-140.0965;-1846.562
100967;296.0943;-139.5575;-1846.467
101001;299.821;-138.5092;-1846.292
101035;304.3702;-138.4473;-1845.972
101053;308.7018;-138.8257;-1845.301
101103;315.0189;-139.0558;-1845.656
101120;318.3591;-138.5911;-1845.443
101154;322.1679;-137.6062;-1845.263
101187;324.1842;-136.1114;-1845.468
101221;347.6189;-137.7902;-1848.044
101272;346.5518;-137.602;-1847.653
102802;431.7558;-151.6283;-1783.446
102853;435.5096;-150.5312;-1780.361
102870;375.5207;-98.89037;-1765.356
102903;366.0748;-88.12927;-1766.091
102937;337.3;-113.3133;-1730.275
102971;336.5113;-113.6416;-1726.94
103004;335.7535;-113.2494;-1719.39
103038;335.4877;-112.5879;-1709.78
103072;334.9496;-111.3844;-1700.377
103122;331.7318;-110.4136;-1689.992
103157;327.7259;-109.4959;-1680.616
103173;321.6827;-107.7739;-1670.44
103207;315.3757;-104.3544;-1661.428
103245;308.578;-101.9481;-1652.565
103279;301.882;-99.77502;-1643.904
103314;296.6058;-98.13949;-1636.91
103348;290.3341;-95.49773;-1629.354
103367;285.8101;-93.62762;-1622.997
103400;282.1307;-91.86859;-1615.501
103434;279.0127;-89.16394;-1607.856
103468;276.8564;-86.40272;-1599.537
103501;275.2624;-83.69486;-1590.187
103535;271.1127;-81.35719;-1576.876
103569;269.6177;-78.90895;-1565.443
103604;271.387;-75.18243;-1554.817
103638;272.9091;-71.83842;-1540.211
103672;274.2329;-69.60995;-1524.757
103705;276.3381;-67.50218;-1508.433
103740;279.4581;-64.64078;-1491.198
103777;283.5574;-60.46554;-1474.47
103813;287.1503;-54.7541;-1456.242
103847;291.1944;-48.74332;-1439.36
103881;294.6544;-43.22219;-1422.831
103898;297.7915;-37.1837;-1407.96
103949;299.3605;-33.39351;-1390.872
103969;301.6188;-29.35355;-1377.301
104002;303.1023;-26.77335;-1363.277
104036;304.3107;-24.34562;-1350.324
104088;304.4757;-21.33993;-1337.284
104120;303.2983;-17.25506;-1323.203
104155;302.001;-14.87829;-1309.18
104171;300.5457;-10.71541;-1297.393
104204;298.1823;-7.389959;-1284.471
104239;295.2878;-3.889945;-1272.041
104273;292.7672;-1.479238;-1260.103
104307;288.8981;1.775471;-1247.992
104359;283.5996;3.69285;-1234.773
104374;278.5282;5.073903;-1222.537
104403;272.1306;4.180614;-1209.145
104451;264.4641;2.947114;-1195.971
104493;257.7112;3.917825;-1185.253
104512;247.348;7.017759;-1171.785
104529;236.483;13.72169;-1159.823
104562;226.5308;19.83926;-1147.382
104630;217.3932;26.92581;-1135.557
104646;208.8651;33.11646;-1124.348
104680;202.3617;38.14754;-1114.986
104714;194.433;42.06596;-1104.162
104731;186.4886;42.84003;-1092.784
104782;177.3483;42.29648;-1080.165
104799;171.321;43.25782;-1070.651
104849;166.4436;44.84627;-1060.823
104867;162.1322;47.25296;-1050.641
104901;157.5029;48.98798;-1038.823
104951;152.9501;51.75674;-1026.671
104968;147.8419;52.95445;-1014.005
105002;139.1748;51.86775;-996.7609
105036;133.1244;51.13012;-982.7883
105088;131.7912;53.66992;-971.2545
105102;132.3304;58.9371;-958.6418
105158;135.6765;66.64175;-945.603
105175;145.1919;82.49749;-933.3237
105209;160.1183;110.3185;-920.5768
105243;168.9276;120.7349;-911.1695
105259;161.4177;118.2767;-892.7542
105293;155.2872;135.5188;-877.1915
105327;113.6076;108.1113;-868.5756
105361;166.5089;143.0564;-840.7991
105395;-58.823;185.4677;-917.8856
105428;-58.823;185.4677;-917.8856
105462;-58.823;185.4677;-917.8856
105496;-58.823;185.4677;-917.8856
105529;-58.823;185.4677;-917.8856
105580;-58.823;185.4677;-917.8856
105596;-58.823;185.4677;-917.8856
105630;-58.823;185.4677;-917.8856
105664;-58.823;185.4677;-917.8856
108640;616.2228;-9.608355;-2151.682
108676;594.3452;-9.290997;-2156.742
108693;577.0239;-11.05889;-2161.96
108726;557.062;-10.73368;-2168.856
108762;545.5232;-9.232509;-2174.086
108811;535.0148;-8.457713;-2180.219
108827;526.3504;-6.488035;-2187.719
108861;517.0381;-9.540965;-2192.167
108895;507.8298;-10.89491;-2196.434
108929;495.7486;-15.457;-2200.009
108963;486.938;-19.00624;-2201.644
108997;480.266;-19.9584;-2202.569
109031;470.5086;-23.30667;-2202.098
109064;464.1197;-25.63858;-2201.403
109101;460.2824;-28.71535;-2199.705
109134;458.0973;-30.31068;-2198.477
109168;458.1264;-30.46036;-2198.218
109202;458.0531;-31.72702;-2197.3
109236;459.0598;-32.99334;-2196.1
109270;460.1553;-33.12095;-2194.006
109286;462.2185;-33.85971;-2190.394
109320;468.3389;-32.6455;-2187.26
109371;483.608;-28.38032;-2183.739
109387;515.1406;-16.58664;-2186.073
109438;519.243;-14.75334;-2185.175
109472;527.7986;-12.40766;-2182.896
109505;536.0652;-10.56519;-2180.696
109537;544.9623;-9.007266;-2177.594
109570;554.5648;-6.581489;-2174.465
109606;572.3352;-3.368139;-2173.106
109648;578.312;-3.061606;-2169.904
109682;586.4908;-2.674686;-2166.367
109702;593.5254;-1.45162;-2163.174
109741;599.9174;-2.203061;-2158.766
109809;608.2499;-2.107407;-2152.628
109877;610.5514;-2.376141;-2148.122
109943;611.665;-1.339615;-2146.094
109977;612.3123;-1.024136;-2144.84
110028;612.082;-0.9912181;-2144.119
110049;610.5695;-0.8770192;-2143.235
110084;606.1114;-1.484792;-2141.862
110120;599.8173;-0.7541667;-2141.358
110137;593.6744;0.4096866;-2143.47
110190;586.5809;0.4142919;-2146.522
110205;573.96;2.197633;-2149.944
110239;566.5427;2.741073;-2152.27
110274;555.051;5.484258;-2156.07
110307;542.8247;9.300365;-2158.538
110341;531.2521;14.11231;-2161.742
110375;522.7759;17.10065;-2163.917
110426;508.3969;20.06705;-2165.745
110462;501.0876;23.29358;-2167.926
110478;493.2874;25.49272;-2168.594
110515;476.951;27.95276;-2166.663
110552;468.1231;31.4098;-2166.953
110570;460.3615;35.17735;-2167.229
110622;453.0392;39.34965;-2167.388
110638;447.1903;43.95172;-2167.914
110672;442.6621;47.19264;-2166.921
110709;439.87;50.17349;-2166.062
110742;438.0169;52.60698;-2164.737
110776;437.6671;56.90377;-2163.067
110810;438.2569;59.86915;-2159.567
110861;442.2126;64.99197;-2154.717
110886;447.4831;69.90331;-2148.032
110921;459.6476;74.89355;-2138.38
110955;469.7932;78.3501;-2130.638
110993;485.3651;84.22101;-2122.31
111060;528.0025;105.1025;-2104.031
111120;512.6375;96.1125;-2105.111
111137;531.1893;104.2621;-2096.929
111171;588.5124;132.5436;-2069.831
111222;594.4771;136.0025;-2066.438
111243;609.4186;144.8407;-2060.893
111278;620.7824;153.0556;-2055.897
111328;634.1017;161.1707;-2049.893
111366;642.9748;164.8091;-2042.97
111418;659.7352;170.3234;-2035.424
