
0;-119.8528;-745.9584;-2593.035
30;-119.2888;-746.1551;-2593.417
70;-118.99;-746.6755;-2593.326
100;-118.8369;-755.2037;-2590.449
150;-118.6122;-753.1951;-2590.293
180;-121.0626;-745.8157;-2588.978
200;-121.063;-745.7716;-2588.811
250;-121.6741;-743.7383;-2588.302
300;-120.4433;-745.1666;-2587.973
310;-120.3572;-755.0176;-2585.226
340;-119.332;-758.7928;-2584.676
380;-119.2634;-760.6647;-2584.064
410;-119.7289;-754.5439;-2583.859
440;-118.9486;-754.0213;-2583.831
480;-118.2514;-753.532;-2583.875
510;-118.8045;-758.5105;-2582.455
570;-118.9419;-761.5438;-2581.573
590;-118.5218;-759.877;-2581.752
600;-118.2661;-760.9553;-2581.43
640;-117.5925;-762.4677;-2581.153
670;-116.4759;-763.4985;-2581.159
710;-111.9701;-757.5236;-2582.967
740;-109.9647;-756.6745;-2583.879
770;-109.0452;-758.432;-2583.704
810;-103.3414;-762.5675;-2584.475
840;-99.36495;-757.8768;-2584.915
890;-89.79179;-764.5471;-2585.825
910;-85.16698;-766.173;-2586.555
930;-67.72269;-770.976;-2587.863
970;-61.91183;-772.4647;-2588.551
1000;-50.04913;-772.5198;-2588.51
1040;-42.40405;-772.5096;-2588.743
1090;-36.59498;-772.2903;-2588.592
1110;-26.01585;-772.0162;-2590.037
1140;-19.14975;-766.7583;-2592.713
1170;-13.7607;-769.5715;-2595.538
1200;-9.207947;-771.7198;-2598.698
1250;-3.383933;-772.7974;-2601.746
1270;-0.308359;-774.381;-2603.042
1300;3.810842;-775.4777;-2603.941
1340;8.148181;-772.0426;-2604.49
1370;13.50936;-775.2606;-2606.49
1400;17.17222;-776.6844;-2607.483
1440;24.04884;-778.1172;-2609.08
1470;28.18037;-779.1042;-2610.362
1500;33.03973;-781.3947;-2612.283
1530;40.31321;-780.0733;-2614.052
1570;43.16255;-780.4088;-2615.394
1600;48.18774;-779.579;-2617.679
1650;54.19263;-780.2832;-2619.959
1680;60.06506;-781.5928;-2624.148
1720;64.56943;-782.6213;-2627.491
1750;67.88597;-783.9282;-2629.645
1780;72.68812;-785.2193;-2633.445
1800;83.17951;-785.6293;-2635.042
1830;89.02051;-785.8271;-2637.294
1890;92.68333;-786.205;-2638.274
1910;96.14819;-786.2892;-2638.781
1930;97.40811;-785.1135;-2638.673
1970;101.8746;-783.6925;-2639.361
2040;107.0607;-782.7656;-2638.832
2070;110.2781;-782.809;-2638.398
2110;110.365;-782.4075;-2638.049
2140;111.9893;-781.2878;-2637.649
2180;112.5355;-781.1959;-2637.569
2200;113.2001;-780.925;-2637.542
2240;112.1234;-774.8724;-2637.044
2270;112.3855;-772.0859;-2636.576
2310;112.3828;-772.636;-2636.746
2340;111.7039;-774.2415;-2637.59
2370;111.165;-774.5268;-2638.443
2410;110.0872;-776.2394;-2640.04
2440;109.0269;-777.2261;-2640.936
2470;107.8372;-777.6687;-2641.636
2510;107.9002;-778.0528;-2641.941
2550;107.597;-771.0903;-2642.024
2570;105.3729;-772.5654;-2642.509
2610;102.8679;-775.0193;-2642.349
2630;101.3473;-776.4108;-2641.486
2670;102.352;-776.9528;-2641.23
2710;104.2405;-775.0847;-2640.977
2730;104.5853;-775.9549;-2640.719
2770;104.8317;-777.2665;-2640.591
2800;105.5347;-778.0035;-2640.379
2840;105.5412;-779.0176;-2640.235
2880;105.7949;-779.9629;-2639.689
2890;105.7661;-780.1318;-2639.391
2930;105.9779;-780.0576;-2638.956
2980;106.7475;-779.6738;-2638.168
3010;106.8362;-779.6634;-2637.905
3030;107.5737;-779.6896;-2637.441
3080;108.6212;-779.5786;-2636.954
3110;108.9916;-779.8079;-2636.99
3140;109.4012;-779.8068;-2636.915
3180;108.7195;-773.3472;-2635.968
3210;109.7338;-765.0832;-2635.73
3260;100.9704;-762.0758;-2636.389
3300;97.92188;-740.8953;-2637.855
3330;95.21249;-735.1569;-2637.617
3370;86.84577;-727.5708;-2637.144
3420;86.82618;-726.2186;-2637.422
3450;86.97301;-726.2345;-2637.54
3480;87.35101;-725.6044;-2637.942
3520;89.58475;-723.1766;-2638.676
3550;91.04903;-721.9201;-2639.325
3570;91.05376;-718.5746;-2640.277
3620;91.16043;-718.6806;-2640.472
3640;91.35759;-719.1987;-2640.878
3670;91.2914;-719.608;-2641.041
3720;91.18016;-719.6486;-2641.409
3750;90.04054;-720.2399;-2641.856
3780;90.44315;-724.6177;-2641.88
3820;89.6608;-728.322;-2641.349
3830;89.25356;-733.2533;-2641.423
3890;101.6779;-743.9542;-2640.539
3900;94.83345;-748.0981;-2639.602
3930;94.89408;-748.2394;-2639.513
3970;97.65392;-752.2313;-2639.314
4000;96.14104;-754.1644;-2639.2
4030;97.52644;-756.1044;-2639.101
4070;96.00683;-765.9149;-2639.166
4120;98.06422;-772.5057;-2639.494
4130;98.76935;-774.4131;-2639.215
4170;94.76796;-766.9001;-2638.461
4200;96.47906;-770.6521;-2638.08
4240;94.71268;-771.8998;-2637.592
4270;88.63488;-775.2372;-2638.429
4300;88.10381;-775.5706;-2638.184
4350;87.54903;-775.7576;-2638.354
4370;88.17294;-776.2498;-2638.462
4420;88.26361;-776.2864;-2638.457
4450;88.24975;-776.243;-2638.294
4490;89.22969;-776.541;-2637.924
4520;89.33646;-776.379;-2637.852
4550;89.72739;-775.9511;-2637.294
4570;89.87312;-775.8267;-2636.96
4600;89.66315;-775.4724;-2636.254
4630;90.48264;-765.5903;-2634.547
4670;90.59421;-765.0249;-2634.202
4720;94.87957;-761.8057;-2633.4
4750;94.65026;-763.2565;-2633.845
4770;96.9409;-760.4211;-2634.241
4820;99.71379;-757.7326;-2635.427
4850;93.42573;-750.0691;-2637.007
4880;86.51138;-742.4723;-2637.602
4916;83.20947;-737.587;-2638.496
4946;82.06052;-736.1047;-2639.003
4966;82.03268;-733.9305;-2639.674
5016;82.26234;-730.8112;-2640.088
5046;82.67989;-728.3425;-2640.689
5066;82.14574;-727.3698;-2640.902
5116;82.16406;-725.5314;-2641.63
5146;81.98655;-725.7008;-2641.791
5166;81.9932;-725.6158;-2641.925
5216;81.78363;-725.9061;-2642.354
5246;82.06255;-725.997;-2642.511
5286;82.47743;-727.1896;-2642.636
5316;82.97665;-728.8636;-2642.7
5346;83.64985;-731.987;-2643.082
5366;85.16513;-735.6429;-2643.087
5416;86.07882;-737.6474;-2642.266
5426;86.95061;-740.9699;-2641.529
5486;85.64576;-744.4862;-2641.582
5516;86.38794;-750.3417;-2640.9
5546;83.07116;-764.2195;-2641.513
5566;84.27092;-762.3036;-2641.542
5616;83.38273;-768.6605;-2642.06
5646;83.18711;-771.2475;-2642.364
5686;84.13393;-774.244;-2642.591
5696;83.43126;-775.3254;-2642.989
5746;83.42604;-775.7397;-2643.027
5776;83.36889;-775.7546;-2643.047
5816;83.64088;-776.179;-2643.438
5846;84.62013;-777.0746;-2643.433
5856;84.5331;-776.816;-2643.367
5916;85.87208;-777.9186;-2642.99
5946;86.03375;-778.7654;-2642.992
5976;85.94434;-778.8819;-2642.823
5996;86.15549;-778.9916;-2642.68
6046;86.52142;-778.9382;-2642.574
6076;87.18024;-779.0707;-2642.484
6096;89.96258;-779.2651;-2641.86
6146;88.9062;-777.9379;-2641.87
6176;88.56355;-777.6846;-2642.001
6216;87.15614;-777.3247;-2642.097
6246;87.36618;-763.0061;-2642.495
6276;88.22682;-759.2959;-2642.872
6316;86.25358;-753.7364;-2643.346
6336;84.53188;-748.9228;-2644.198
6376;84.35233;-744.8903;-2645.133
6416;82.933;-741.6388;-2645.831
6436;82.20325;-738.6148;-2646.765
6476;83.34386;-731.3019;-2647.826
6506;83.71231;-729.345;-2648.544
6546;84.82503;-726.8492;-2648.767
6576;85.08916;-726.4966;-2648.865
6606;85.13876;-726.4536;-2648.838
6636;85.64051;-724.9821;-2649.003
6666;83.21267;-704.4046;-2650.822
6716;83.48608;-704.6357;-2650.844
6746;83.48407;-704.8033;-2650.838
6766;84.00813;-707.0484;-2650.659
6796;86.70045;-723.9975;-2649.207
6836;86.74678;-724.2894;-2648.951
6886;87.40919;-726.161;-2647.757
6896;87.4909;-732.2001;-2646.023
6946;87.63911;-737.3976;-2644.902
6986;87.31994;-742.1842;-2643.877
6996;86.83072;-745.3969;-2642.919
7046;82.82358;-766.5438;-2642.273
7076;82.24279;-768.9164;-2641.826
7096;84.1049;-766.7169;-2641.134
7146;84.47331;-769.057;-2640.744
7186;83.44669;-771.8604;-2640.472
7206;83.43199;-773.5114;-2640.239
7246;84.12865;-775.2147;-2640.387
7276;85.3175;-777.0908;-2639.867
7296;84.18326;-777.4364;-2639.774
7346;84.06485;-777.5692;-2639.814
7376;83.99489;-777.4656;-2639.765
7396;84.1654;-777.4105;-2639.779
7446;85.40233;-776.4483;-2639.267
7476;85.4364;-776.2454;-2639.155
7506;85.64251;-776.3803;-2639.002
7546;86.0201;-776.5452;-2638.647
7576;86.07516;-776.3405;-2638.52
7616;86.53383;-776.4107;-2638.213
7646;88.58901;-776.4056;-2636.886
7666;90.90862;-776.2452;-2636.058
7706;89.66157;-774.0294;-2635.479
7736;88.9621;-773.1102;-2635.279
7776;87.7967;-772.1147;-2635.052
7806;86.75916;-770.7679;-2634.837
7836;85.03709;-759.0276;-2633.846
7876;88.32738;-761.7267;-2633.814
7906;86.7878;-745.433;-2636.831
7946;85.73388;-738.2437;-2638.976
7966;85.22556;-733.5595;-2640.048
8006;84.52856;-731.2708;-2640.563
8046;83.41309;-729.0548;-2641.159
8066;83.00503;-726.8882;-2642.225
8106;81.45391;-723.0111;-2642.338
8156;80.93781;-722.0978;-2642.43
8176;81.0457;-721.2713;-2642.643
8206;80.82713;-721.1943;-2642.521
8236;81.05769;-720.5322;-2642.77
8276;81.30041;-720.1636;-2642.95
8306;82.04907;-720.8093;-2643.7
8336;82.4224;-720.734;-2643.987
8366;82.83955;-720.8751;-2644.082
8406;83.23395;-720.9118;-2644.123
8436;83.50628;-721.9064;-2643.755
8476;84.43237;-726.1722;-2643.508
8506;82.23901;-739.8509;-2639.915
8546;82.59021;-743.3563;-2639.568
8566;83.92949;-759.6066;-2638.498
8606;84.4819;-761.5618;-2638.705
8636;85.11123;-763.9313;-2638.357
8676;85.34922;-766.517;-2637.994
8706;85.86549;-767.6926;-2637.905
8736;85.9811;-768.9543;-2637.793
8776;85.53183;-769.9965;-2637.498
8806;85.88189;-770.8899;-2637.478
8836;85.61468;-772.33;-2637.691
8866;85.65633;-771.9363;-2637.474
8926;83.06773;-772.9045;-2637.383
8976;83.06989;-772.9458;-2637.374
8986;83.05692;-773.0064;-2637.493
9006;83.09914;-773.0666;-2637.564
9036;86.07784;-774.9596;-2637.99
9076;85.91122;-774.9;-2637.949
9106;85.9632;-775.0071;-2638.057
9136;85.68452;-775.0831;-2638.097
9176;85.5779;-775.0982;-2638.139
9206;85.29083;-774.9007;-2637.966
9236;85.25243;-774.8529;-2637.96
9276;86.0815;-775.5552;-2637.686
9306;85.77479;-774.9116;-2637.651
9336;86.91679;-763.6288;-2637.353
9376;86.57439;-760.9288;-2637.86
9406;85.0037;-763.0883;-2638.042
9436;84.5882;-756.6664;-2639.339
9476;83.98735;-751.6158;-2639.923
9506;82.71609;-746.5841;-2641.3
9536;79.77802;-739.7651;-2642.896
9566;79.04623;-735.7438;-2644.483
9606;79.02696;-731.9113;-2646.006
9636;79.28638;-727.3043;-2647.628
9676;77.44662;-727.1039;-2648.582
9706;76.28432;-726.3365;-2648.806
9736;72.23591;-724.1621;-2648.891
9766;72.62205;-723.2924;-2649.635
9806;70.5391;-708.763;-2651.562
9836;72.08273;-708.7953;-2651.796
9866;69.52729;-688.6844;-2653.427
9906;71.06239;-695.4763;-2652.491
9936;71.76548;-698.4724;-2651.922
9971;75.84057;-720.254;-2649.162
10001;75.30892;-721.7125;-2647.419
10031;75.58177;-723.3122;-2646.32
10071;76.97369;-727.0419;-2644.801
10101;76.52558;-732.4369;-2642.02
10151;76.11639;-738.9673;-2641.706
10181;78.0858;-760.7601;-2639.427
10201;77.73234;-765.1101;-2639.565
10251;79.70449;-760.6813;-2639.781
10281;80.32452;-762.1244;-2639.732
10311;81.03278;-764.8807;-2640.295
10331;81.01033;-765.9083;-2640.3
10381;81.21301;-767.3667;-2640.357
10391;81.18553;-769.5936;-2640.534
10451;81.16377;-770.9097;-2640.41
10461;78.98061;-770.3913;-2640.282
10501;78.26077;-771.8705;-2640.868
10531;78.41556;-772.218;-2640.922
10561;78.53429;-772.5059;-2640.956
10601;78.53174;-772.4802;-2640.94
10641;78.54718;-772.6065;-2640.913
10681;78.20042;-772.9125;-2640.975
10701;78.66521;-773.1268;-2640.596
10751;78.8922;-773.1302;-2640.305
10781;80.4109;-775.1569;-2640.226
10821;80.44124;-774.8618;-2639.922
10841;80.51344;-774.9821;-2639.65
10881;80.94917;-774.6219;-2639.413
10911;80.75059;-774.4445;-2639.127
10941;85.67244;-761.4204;-2638.079
10981;85.10054;-762.7379;-2637.924
11011;84.22998;-760.3123;-2637.809
11051;81.71175;-755.8421;-2637.465
11071;80.03192;-754.0601;-2637.365
11111;79.18758;-751.1692;-2637.895
11151;78.65948;-748.4129;-2638.335
11161;78.36282;-745.4097;-2638.196
11201;78.17125;-742.1779;-2638.742
11251;76.4408;-737.2875;-2639.79
11271;74.88631;-735.0991;-2639.629
11311;74.45108;-734.399;-2639.53
11351;74.12571;-731.7874;-2639.362
11361;74.04768;-729.9163;-2639.04
11401;73.94854;-729.8845;-2639.009
11451;73.81517;-729.5711;-2638.963
11481;73.814;-729.1359;-2638.865
11511;74.1062;-727.8226;-2638.712
11551;74.08791;-726.9414;-2638.776
11581;74.07657;-726.9372;-2638.797
11611;74.0933;-726.8918;-2638.823
11641;74.78362;-727.7477;-2638.979
11661;72.55886;-737.5023;-2639.319
11711;73.71463;-738.5377;-2639.245
11741;73.54918;-741.9087;-2638.825
11781;75.56461;-744.4068;-2638.507
11811;76.48056;-746.1576;-2638.475
11851;79.36217;-761.7365;-2637.448
11871;79.28097;-762.7639;-2637.479
11911;80.10611;-765.3333;-2637.133
11941;80.25957;-766.6208;-2637.177
11981;80.44465;-763.9095;-2636.949
12011;81.61624;-768.6695;-2637.019
12051;81.51968;-768.8052;-2637.253
12071;80.27464;-769.0493;-2637.374
12111;80.1809;-769.1692;-2637.328
12141;79.84939;-769.3586;-2637.243
12171;79.68778;-769.6495;-2637.237
12221;79.96064;-769.7831;-2637.19
12241;79.895;-769.7906;-2637.199
12281;80.08758;-770.3099;-2636.929
12311;80.35065;-770.815;-2636.825
12341;80.61311;-771.0472;-2636.607
12381;80.19607;-771.3662;-2636.297
12411;80.94339;-765.1252;-2634.689
12441;80.76326;-766.5631;-2634.195
12471;81.19958;-767.1204;-2633.849
12511;82.44941;-762.0684;-2632.766
12541;83.11857;-759.0278;-2632.766
12581;83.24939;-754.0781;-2632.405
12601;82.26601;-751.3278;-2632.71
12641;81.51107;-748.4235;-2633.183
12671;80.76889;-744.6381;-2633.878
12711;77.59101;-735.1901;-2634.737
12741;76.35579;-732.1959;-2634.992
12771;70.52946;-722.1802;-2636.201
12811;70.72692;-722.0026;-2636.133
12841;70.78065;-721.9529;-2636.124
12871;71.0957;-717.5087;-2635.551
12901;70.54955;-717.6617;-2635.518
12941;70.38687;-717.3577;-2635.465
12971;67.83831;-695.8252;-2638.425
13011;67.15559;-687.3508;-2639.216
13031;68.04527;-693.003;-2638.435
13071;69.46879;-693.4072;-2638.78
13101;70.1437;-699.1077;-2638.229
13141;71.47974;-705.9968;-2638.135
13171;75.28062;-721.3342;-2636.968
13201;77.26662;-724.6799;-2637.234
13241;78.09029;-728.0255;-2637.215
13271;79.63473;-733.1698;-2637.327
13301;80.26128;-734.191;-2637.259
13341;81.90635;-736.8885;-2637.352
13391;82.85619;-741.4634;-2637.333
13421;80.60432;-757.2081;-2636.213
13441;81.95872;-756.4492;-2636.082
13471;81.98081;-761.8698;-2636.845
13501;82.23498;-765.9417;-2637.053
13541;81.68011;-767.7532;-2636.793
13571;81.24589;-769.0422;-2636.488
13621;79.63483;-772.2004;-2637.025
13651;79.569;-772.1818;-2636.982
13671;79.03724;-771.4891;-2636.827
13701;79.06273;-771.7146;-2636.817
13731;78.83808;-771.8703;-2636.826
13771;79.02161;-772.1223;-2636.634
13801;78.94202;-772.2502;-2636.631
13831;79.28594;-772.3145;-2636.593
13891;79.95638;-773.2798;-2636.663
13911;79.67819;-772.2978;-2636.09
13951;80.13837;-772.1635;-2635.838
13981;80.03647;-772.2436;-2635.437
14001;80.27647;-772.2107;-2634.969
14031;81.26855;-771.5928;-2633.788
14071;81.79988;-771.2151;-2633.224
14101;85.09022;-760.5142;-2632.033
14151;85.61218;-759.1794;-2632.31
14181;84.05313;-757.7568;-2632.88
14221;82.29667;-750.5903;-2634.363
14231;79.99287;-746.949;-2635.486
14271;79.36536;-736.7734;-2636.684
14301;77.79074;-730.6491;-2638.24
14361;77.58411;-728.8541;-2638.978
14371;77.54739;-727.807;-2639.705
14411;75.28014;-720.2416;-2641.411
14431;74.188;-719.4389;-2641.799
14471;75.04503;-718.7793;-2642.316
14511;74.72572;-718.1436;-2642.336
14541;75.01285;-718.3205;-2642.291
14571;75.016;-717.7208;-2642.39
14611;75.34657;-717.6632;-2642.296
14641;75.50343;-717.8815;-2641.782
14671;75.59859;-719.8994;-2641.195
14701;75.44376;-724.002;-2639.574
14741;75.87132;-728.436;-2638.472
14771;78.14439;-733.3287;-2637.404
14801;78.69404;-736.2382;-2637.191
14841;79.62713;-740.8319;-2637.146
14871;82.34793;-760.569;-2639.126
14901;83.71597;-762.9245;-2638.686
14931;86.19724;-761.6387;-2638.53
14966;86.13704;-764.458;-2639.028
15006;85.02496;-766.9463;-2639.213
15036;82.19563;-770.7346;-2640.469
15076;80.03107;-771.5214;-2641.329
15106;80.54691;-772.8079;-2642.053
15156;79.95976;-772.5031;-2642.193
15166;80.10366;-773.1991;-2642.419
15206;80.5806;-773.1581;-2642.73
15236;81.10762;-773.1671;-2642.855
15286;81.19582;-773.1964;-2642.852
15296;81.26525;-773.3553;-2642.877
15336;82.58382;-773.4086;-2642.96
15366;85.76835;-774.3947;-2642.051
15406;85.87705;-774.7827;-2642.163
15436;85.76016;-774.3635;-2642.071
15466;85.57582;-774.2;-2641.934
15506;85.51397;-774.2537;-2641.854
15536;85.48077;-774.2319;-2641.802
15566;86.7589;-775.265;-2641.427
15606;89.69459;-761.4815;-2640.462
15636;88.64589;-763.6747;-2640.821
15686;87.13777;-760.4238;-2641.533
15696;84.89582;-757.4323;-2641.659
15736;84.99783;-749.7528;-2642.657
15786;83.83546;-745.6321;-2645.013
15816;83.46001;-741.3244;-2647.143
15836;81.23725;-734.8033;-2648.421
15886;80.51212;-731.5093;-2650.099
15916;79.95418;-728.2071;-2651.522
15936;79.48376;-726.0356;-2652.227
15986;79.65912;-724.205;-2653.033
16016;79.74105;-723.1794;-2653.61
16046;79.98557;-722.5302;-2654.131
16086;79.97553;-722.4995;-2654.141
16116;80.40192;-722.0249;-2654.064
16146;82.09454;-720.866;-2654.196
16186;81.93622;-720.7932;-2653.753
16196;81.65146;-721.0599;-2652.637
16236;81.81997;-721.41;-2651.224
16276;81.61763;-724.0773;-2649.368
16306;81.97141;-728.6249;-2645.969
16346;82.63651;-731.905;-2644.328
16366;80.80085;-738.2978;-2642.071
16406;79.77699;-741.1643;-2640.436
16446;83.19407;-744.5353;-2639.738
16466;84.11195;-761.9547;-2639.29
16506;86.04889;-766.2039;-2638.528
16536;85.83472;-770.2899;-2639.138
16586;86.36929;-771.1035;-2639.089
16606;86.77538;-772.3481;-2638.982
16636;86.30623;-773.1946;-2639.09
16686;85.76258;-773.3279;-2639.17
16706;84.90657;-773.6204;-2639.317
16736;85.05127;-774.6871;-2639.913
16776;84.42029;-778.843;-2640.125
16806;83.91487;-777.5995;-2639.952
16836;83.63649;-777.6543;-2639.994
16876;83.87164;-777.9113;-2640.097
16906;86.84473;-778.7164;-2639.637
16936;86.86994;-777.6617;-2639.528
16976;86.50789;-777.6677;-2639.706
16996;86.48399;-777.463;-2639.554
17036;87.24934;-776.9908;-2639.438
17076;87.59505;-776.6151;-2638.893
17116;87.72229;-774.9422;-2638.358
17146;87.72578;-774.759;-2638.099
17176;87.77316;-774.4005;-2637.914
17216;86.50436;-772.6118;-2637.783
17236;94.117;-758.1772;-2636.88
17286;89.35783;-751.2017;-2637.596
17316;86.40273;-744.0926;-2638.816
17346;83.72347;-737.8499;-2640.477
17366;82.19585;-734.8151;-2641.648
17406;82.95914;-729.1359;-2644.537
17436;79.08134;-722.6078;-2646.685
17476;69.75895;-680.7552;-2652.572
17506;71.07719;-682.1061;-2652.185
17536;76.1465;-698.232;-2651.003
17576;77.04958;-697.2742;-2651.946
17606;78.40355;-709.5275;-2651.177
17636;79.5547;-710.8097;-2651.195
17676;75.97038;-688.392;-2653.03
17706;76.99855;-692.7419;-2650.893
17736;80.72022;-718.4435;-2650.179
17776;76.38449;-684.2126;-2651.891
17806;78.34673;-689.1022;-2651.209
17836;82.13964;-719.2585;-2648.928
17876;81.98022;-721.095;-2647.793
17896;81.90783;-725.6515;-2646.222
17956;82.17253;-730.9746;-2644.616
17966;80.60366;-742.7935;-2642.272
18006;80.76859;-755.0211;-2641.835
18036;80.83076;-758.6309;-2641.227
18077;82.97567;-762.0038;-2640.329
18107;84.1026;-764.3367;-2641.038
18157;85.47866;-766.8804;-2641.147
18167;86.4819;-768.7929;-2641.179
18207;87.25829;-769.0792;-2640.965
18247;87.72191;-769.8112;-2641.052
18297;87.75683;-771.7041;-2640.713
18307;87.79565;-773.3905;-2640.491
18337;87.86488;-773.7745;-2640.324
18377;87.30581;-774.0422;-2640.143
18407;84.88538;-773.6625;-2640.011
18437;84.39403;-773.9042;-2640.01
18467;82.96893;-774.7513;-2640.115
18507;82.58415;-774.7365;-2640.087
18537;82.62444;-774.6558;-2640.177
18577;82.47999;-774.7979;-2640.327
18607;82.48816;-774.7744;-2640.328
18657;82.56717;-774.6386;-2640.438
18667;86.27876;-774.9045;-2640.368
18707;85.52496;-775.6024;-2640.47
18747;85.34042;-775.6047;-2640.442
18767;81.73905;-767.0636;-2639.509
18807;83.05186;-758.4478;-2640.668
18837;83.17589;-757.0886;-2640.937
18867;83.03331;-756.566;-2640.994
18907;82.03091;-755.2281;-2640.723
18937;82.17052;-752.9244;-2641.07
18967;81.87347;-750.5833;-2641.091
19027;80.62884;-746.4123;-2640.955
19037;82.39695;-743.7133;-2641.498
19067;82.18768;-741.4882;-2641.917
19107;81.86772;-738.9544;-2642.073
19137;82.71743;-734.1049;-2643.152
19167;83.65279;-730.2221;-2643.567
19207;82.79272;-724.3819;-2643.965
19237;80.38059;-716.2136;-2644.758
19267;79.67388;-709.9445;-2645.335
19307;78.5274;-702.498;-2646.066
19337;78.05196;-699.9855;-2646.484
19387;77.09038;-698.7156;-2646.719
19397;76.79995;-697.7383;-2647.035
19437;76.82018;-697.8176;-2647.15
19487;77.06119;-698.181;-2648.076
19517;76.66545;-699.6397;-2648.342
19557;79.50423;-707.8467;-2649.573
19587;81.01958;-717.2711;-2650.529
19617;81.25033;-719.8771;-2650.998
19647;79.56803;-723.1773;-2651.15
19667;79.14559;-725.3823;-2651.258
19717;80.87939;-728.1428;-2651.503
19727;80.49166;-729.2394;-2651.207
19787;78.14773;-732.4884;-2650.298
19807;76.92265;-735.9568;-2649.942
19847;77.07847;-739.5345;-2649.621
19887;76.30782;-742.0832;-2648.579
19917;75.30235;-748.1331;-2647.719
19937;74.64617;-753.3736;-2647.753
19967;74.19267;-774.2006;-2648.024
20019;74.28024;-774.7979;-2647.723
20039;75.26618;-774.9507;-2647.833
20079;75.02729;-775.0202;-2647.649
20119;75.1447;-775.0209;-2647.702
20139;75.6226;-775.0379;-2647.712
20179;75.13052;-777.5968;-2648.242
20209;76.02124;-775.3138;-2648.064
20249;76.03298;-775.6989;-2648.368
20289;76.66213;-776.0612;-2648.729
20309;76.23428;-776.658;-2649.329
20339;77.6246;-771.8307;-2649.342
20369;82.45906;-760.2797;-2651.016
20399;83.45438;-757.9753;-2650.735
20439;84.87767;-754.4818;-2649.724
20469;84.40934;-751.2717;-2649.094
20499;85.57483;-745.5407;-2648.161
20539;85.19629;-743.7879;-2647.413
20589;85.84404;-741.0621;-2646.648
20609;87.19091;-735.1447;-2646.156
20649;89.89674;-728.603;-2646.596
20669;87.96166;-712.7834;-2646.002
20719;87.71595;-707.8548;-2645.775
20749;87.33862;-700.7946;-2646.121
20769;86.21069;-696.965;-2645.409
20809;85.09766;-696.866;-2644.916
20859;84.29533;-697.1533;-2644.677
20879;84.70847;-695.9901;-2645.711
20899;84.95197;-696.6743;-2645.75
20959;85.95358;-688.0865;-2649.026
20969;85.13144;-696.6786;-2645.426
20999;85.29466;-690.7845;-2646.803
21039;84.79166;-695.9479;-2645.932
21069;84.74334;-698.6998;-2644.997
21099;84.82061;-698.8055;-2645.281
21139;85.57513;-703.8002;-2646.135
21169;86.835;-723.1567;-2649.867
21199;87.63979;-727.9664;-2651.146
21239;87.35999;-732.0532;-2651.827
21289;87.11957;-735.485;-2651.829
21299;86.47928;-738.9225;-2651.616
21339;86.19758;-740.1992;-2651.967
21369;85.2131;-742.7945;-2652.235
21419;80.91888;-747.9353;-2651.12
21449;80.95481;-748.7688;-2651.254
21489;79.19888;-751.6321;-2651.293
21499;76.1804;-759.4371;-2652.392
21549;76.46756;-759.5861;-2652.297
21589;78.76713;-772.6539;-2653.386
21599;84.13631;-775.9345;-2654.767
21649;84.07502;-776.432;-2654.801
21659;83.82432;-776.5366;-2654.63
21719;83.90472;-777.078;-2654.632
21749;82.91933;-779.1401;-2654.733
21759;81.07585;-781.9954;-2654.896
21819;80.40542;-782.4833;-2655.2
21849;79.22539;-782.8447;-2655.222
21879;79.14474;-782.8423;-2655.363
21919;78.22944;-776.6442;-2654.542
21929;78.82018;-769.4218;-2654.765
21979;80.12318;-762.5529;-2654.335
21999;82.28132;-755.6563;-2653.208
22029;82.54603;-751.8116;-2653.031
22059;82.41061;-747.7166;-2653.227
22119;82.96677;-744.5885;-2653.304
22149;82.35873;-743.0653;-2653.013
22179;81.72031;-737.2631;-2652.722
22199;82.31076;-733.5331;-2652.967
22229;79.07891;-718.0827;-2653.546
22269;82.44589;-715.1628;-2654.794
22319;82.8541;-709.1365;-2656.524
22349;83.53278;-706.0096;-2657.916
22379;83.26559;-704.4874;-2658.515
22419;82.45769;-704.1409;-2658.626
22449;81.59998;-703.7626;-2658.685
22479;80.81525;-703.0462;-2658.346
22509;76.34325;-705.3276;-2657.071
22549;76.48698;-687.9489;-2660.938
22579;76.53016;-688.122;-2660.888
22619;77.41324;-686.834;-2660.785
22629;78.38007;-687.1964;-2660.931
22669;77.50844;-701.3943;-2656.986
22719;79.23174;-701.6394;-2657.373
22749;83.77436;-713.9786;-2656.962
22769;85.95425;-723.5864;-2655.891
22819;85.85925;-729.0248;-2655.286
22849;85.19285;-734.2166;-2655.347
22889;85.17822;-736.3302;-2655.085
22909;85.09363;-737.5211;-2654.647
22929;84.50032;-740.1142;-2654.141
22979;83.36366;-742.2403;-2653.457
23019;79.81104;-750.6011;-2652.153
23049;78.75363;-753.0727;-2651.867
23079;78.6915;-767.9026;-2651.839
23109;76.67017;-772.8663;-2650.015
23149;79.00644;-776.4982;-2648.245
23259;82.59886;-779.3214;-2648.238
23309;84.4347;-779.0726;-2648.571
23329;83.66029;-779.4485;-2647.996
23339;82.99036;-780.9675;-2647.85
23379;82.9108;-781.0807;-2647.656
23419;81.89378;-781.1009;-2647.336
23449;81.56914;-780.7598;-2647.358
23479;80.48826;-780.7681;-2647.676
23509;80.51766;-780.2912;-2647.919
23549;82.50952;-761.7648;-2649.231
23579;84.77577;-756.9087;-2649.022
23609;85.15575;-752.4747;-2648.976
23649;85.28403;-747.4454;-2648.924
23679;84.64893;-744.9603;-2649.244
23719;84.19747;-742.8153;-2649.176
23739;85.55672;-736.7404;-2649.517
23779;85.47545;-734.1783;-2650.207
23809;87.80649;-714.459;-2653.215
23849;87.84097;-709.7536;-2653.283
23909;88.30361;-702.3141;-2654.123
23919;86.6827;-701.2112;-2653.658
23939;85.11768;-700.6888;-2653.752
23969;84.31625;-690.3904;-2656.15
24009;83.90847;-690.5544;-2656.185
24039;82.85948;-705.8831;-2652.209
24069;82.88918;-706.0562;-2652.334
24109;83.54192;-703.4781;-2653.273
24149;84.51623;-683.9057;-2662.08
24181;83.92452;-679.6348;-2662.786
24221;83.2088;-702.4508;-2654.383
24231;82.619;-706.1325;-2655.515
24281;84.33312;-722.2501;-2655.087
24311;85.02659;-726.4626;-2655.186
24351;85.35634;-734.032;-2655.575
24371;86.09077;-737.1032;-2654.825
24411;84.72439;-738.9183;-2653.876
24451;84.00233;-740.6244;-2652.754
24481;83.05382;-742.3307;-2652.285
24511;80.49965;-750.2051;-2650.334
24551;78.97385;-760.7178;-2649.171
24581;79.43103;-760.1653;-2648.813
24611;80.00903;-765.2129;-2647.252
24651;79.192;-774.0034;-2645.856
24681;82.82886;-774.9843;-2647.208
24711;82.29878;-776.4943;-2646.616
24751;80.68362;-776.8057;-2645.595
24781;82.00994;-777.0352;-2645.987
24811;80.24895;-778.2566;-2645.08
24841;80.47597;-778.5723;-2644.508
24881;80.10877;-779.5942;-2644.252
24911;80.06292;-779.4327;-2644.183
24941;79.41328;-774.1398;-2643.075
24971;80.14757;-768.2731;-2642.994
25011;81.81016;-761.1369;-2642.703
25046;84.59087;-755.7145;-2642.543
25076;85.89493;-752.1584;-2642.34
25116;84.04185;-747.3524;-2641.168
25146;83.02569;-744.1002;-2641.133
25166;83.85154;-740.8298;-2641.575
25216;84.41953;-734.9496;-2642.207
25246;82.99028;-726.5425;-2642.306
25286;82.94225;-711.4417;-2642.466
25316;82.40343;-709.587;-2642.646
25346;81.95565;-705.5326;-2642.933
25386;81.83315;-704.2825;-2642.791
25416;82.90211;-697.0171;-2644.032
25456;82.4099;-709.4988;-2643.921
25476;83.85461;-684.5099;-2651.521
25516;84.87191;-693.0015;-2650.721
25546;84.64962;-715.5554;-2645.681
25566;85.82067;-687.5273;-2651.371
25616;87.69444;-656.7675;-2654.687
25646;83.726;-669.282;-2653.43
25656;82.95151;-663.9971;-2654.588
25696;82.53556;-706.8959;-2646.835
25746;82.90263;-707.7589;-2647.459
25776;84.76517;-721.1508;-2648.177
25796;87.17419;-728.6888;-2649.204
25846;86.84787;-732.3435;-2648.478
25856;87.44303;-733.4722;-2648.728
25916;86.62008;-736.8488;-2648.674
25926;85.16862;-741.2859;-2648.721
25966;84.14755;-745.3408;-2647.996
26016;82.8064;-762.132;-2647.795
26046;81.54362;-764.7295;-2647.303
26076;81.27072;-769.3342;-2647.257
26116;81.952;-771.8079;-2646.851
26146;81.63544;-773.8196;-2646.778
26176;78.52354;-777.9403;-2645.6
26196;79.89872;-777.7869;-2645.991
26246;79.673;-778.919;-2645.621
26276;79.64389;-777.0684;-2645.035
26306;79.72061;-777.1016;-2644.957
26346;79.78204;-777.1273;-2645.003
26376;77.42288;-772.1199;-2644.774
26416;78.99335;-764.5827;-2645.875
26446;80.82024;-760.2387;-2646.432
26476;83.82592;-753.4399;-2646.798
26506;85.09272;-748.5892;-2646.37
26546;83.89813;-743.152;-2646.024
26576;83.74545;-740.0359;-2646.444
26606;83.42253;-736.7905;-2646.888
26626;83.53144;-725.598;-2647.646
26676;85.9125;-716.3423;-2648.352
26706;83.94732;-705.5554;-2648.87
26746;82.84744;-702.4484;-2648.336
26786;81.47714;-700.9667;-2647.893
26806;80.82213;-694.4825;-2647.795
26846;79.56112;-695.0751;-2647.906
26876;79.07528;-652.3882;-2658.126
26906;77.16025;-697.9787;-2649.309
26936;77.80808;-676.28;-2653.103
26976;78.97856;-660.7963;-2655.734
27006;78.32691;-660.3156;-2655.693
27046;78.42518;-660.5095;-2656.339
27076;77.32302;-686.9596;-2649.751
27106;77.69558;-707.072;-2649.375
27146;81.33168;-713.5022;-2650.04
27176;82.89183;-720.506;-2649.668
27206;81.83561;-728.4465;-2648.671
27246;79.8333;-734.8046;-2648.648
27276;78.32233;-737.3672;-2648.51
27306;78.18929;-738.0724;-2648.23
27346;77.6385;-741.4301;-2647.95
27376;78.96922;-745.3022;-2647.393
27406;77.16019;-749.3217;-2646.228
27436;74.16083;-769.0089;-2647.542
27476;74.69022;-772.9911;-2646.908
27506;74.42302;-775.7607;-2647.292
27546;75.77715;-777.851;-2647.386
27566;76.07698;-779.3504;-2647.417
27606;76.82912;-779.531;-2647.197
27636;75.76293;-780.423;-2647.264
27676;75.94394;-781.3777;-2647.877
27706;76.06158;-782.2285;-2648.447
27736;76.43566;-782.8002;-2649.239
27776;76.66553;-782.7362;-2649.645
27806;76.92175;-782.2713;-2650.419
27836;76.67048;-781.8152;-2651.261
27876;73.69341;-771.5541;-2651.677
27906;76.3628;-763.1796;-2652.404
27936;77.26521;-757.1346;-2652.28
27976;78.42422;-753.9268;-2652.148
28006;79.51786;-747.7026;-2652.162
28036;79.44368;-744.6795;-2652.312
28076;79.67068;-743.5109;-2652.428
28106;80.44674;-738.7235;-2653.347
28136;83.73486;-731.1553;-2654.907
28166;83.37335;-718.12;-2656.59
28206;81.97057;-712.4821;-2656.256
28236;81.88284;-710.0032;-2656.563
28286;81.41031;-707.2385;-2656.975
28296;80.60409;-704.1719;-2656.708
28336;80.89342;-666.9871;-2659.148
28366;79.83266;-655.576;-2666.881
28406;80.54857;-659.8248;-2668.188
28456;80.30318;-650.2099;-2669.855
28486;78.89117;-660.9827;-2665.636
28496;78.796;-671.9933;-2665.745
28556;78.30094;-676.7126;-2668.552
28596;78.48624;-677.8977;-2668.387
28616;78.17848;-704.0656;-2658.351
28656;78.99705;-716.437;-2659.014
28676;79.85201;-722.0023;-2658.565
28726;79.77597;-728.5921;-2658.77
28746;80.39391;-732.8628;-2659.105
28776;81.02253;-735.2863;-2659.833
28806;79.89462;-738.2444;-2659.317
28836;80.64409;-739.7775;-2659.092
28876;78.53045;-743.6146;-2658.447
28926;76.20171;-751.9343;-2657.984
29006;74.19585;-765.7157;-2656.465
29046;75.50539;-769.3901;-2656.835
29076;77.89056;-772.1176;-2658.099
29116;79.11735;-773.6829;-2658.78
29136;79.24211;-774.7558;-2658.454
29176;83.27553;-776.5999;-2660.111
29206;80.6647;-780.6973;-2659.843
29236;80.71834;-780.7621;-2659.793
29276;80.75186;-780.7181;-2659.724
29306;80.77179;-780.6936;-2659.706
29336;80.91815;-776.0208;-2659.163
29376;80.9939;-771.2135;-2659.166
29406;82.19534;-767.5067;-2659.584
29436;82.88976;-763.3339;-2659.241
29476;86.03925;-756.2203;-2659.095
29506;86.13461;-751.5581;-2658.635
29556;86.26447;-748.8029;-2658.381
29576;86.16481;-747.3702;-2658.225
29626;86.58376;-744.9279;-2657.74
29646;87.22206;-738.5714;-2656.261
29686;86.51273;-729.0303;-2653.603
29706;86.84573;-723.2017;-2653.124
29736;82.83691;-707.3876;-2652.048
29776;81.52859;-706.4582;-2651.379
29806;80.55563;-705.7953;-2650.709
29836;80.30987;-703.7585;-2650.523
29886;80.46295;-703.9435;-2650.48
29896;81.34279;-705.3636;-2650.317
29936;82.40807;-685.5552;-2654.597
29986;83.11452;-644.8011;-2659.485
30016;81.76506;-671.2216;-2657.76
30036;80.27985;-672.5925;-2656.985
30068;80.1658;-668.6618;-2657.779
30098;78.82071;-706.3112;-2650.425
30138;79.22474;-707.634;-2650.381
30168;83.57378;-718.3342;-2651.146
30198;83.34541;-724.5089;-2650.928
30238;83.52836;-731.4852;-2650.382
30268;83.57455;-734.7511;-2649.916
30318;85.14285;-737.2615;-2649.523
30348;84.71489;-740.6115;-2648.402
30368;78.95289;-749.1359;-2646.115
30398;78.79261;-753.0075;-2645.622
30438;78.91607;-767.0699;-2646.11
30488;79.35699;-772.366;-2645.36
30518;79.52274;-773.7643;-2645.102
30548;79.19234;-778.8825;-2644.848
30588;80.46245;-779.2711;-2645.294
30608;79.45722;-779.8243;-2644.885
30648;80.16124;-781.1376;-2644.368
30688;81.37396;-781.778;-2645.385
30718;82.37981;-782.2664;-2645.836
30748;85.02594;-784.3804;-2645.891
30778;85.04821;-784.3328;-2646.086
30818;84.94917;-784.2903;-2646.211
30848;83.21703;-783.928;-2646.997
30878;82.36311;-777.3613;-2648.025
30918;80.33833;-770.955;-2648.867
30948;81.80502;-761.3388;-2648.545
30978;83.8312;-754.7086;-2647.38
31008;83.69173;-749.9631;-2646.963
31048;83.08204;-745.9658;-2646.54
31078;83.22888;-744.408;-2646.664
31108;84.14134;-740.9517;-2646.576
31148;85.76321;-737.3873;-2646.798
31178;85.99258;-727.6851;-2647.293
31208;88.8008;-720.76;-2648.24
31238;88.76878;-714.0961;-2649.017
31278;87.1189;-709.2871;-2649.188
31308;84.27651;-705.7899;-2648.746
31348;82.60694;-704.1304;-2649.095
31378;82.25041;-703.9964;-2649.278
31408;81.76057;-704.126;-2649.336
31448;81.5724;-703.5668;-2649.756
31478;81.81215;-691.7249;-2652.729
31528;81.6226;-688.7634;-2653.347
31538;81.35191;-673.1523;-2656.457
31578;81.59628;-700.1467;-2651.006
31608;79.5153;-708.6075;-2651.697
31648;83.83533;-722.3097;-2652.41
31678;83.30202;-728.7865;-2653.114
31708;83.13071;-733.0963;-2653.151
31738;82.54462;-740.1233;-2653.306
31778;82.57796;-740.2123;-2653.173
31808;82.82872;-741.1149;-2652.748
31838;82.46674;-743.8264;-2651.823
31878;80.14474;-747.0836;-2650.036
31908;74.22272;-768.4613;-2648.75
31948;74.22246;-772.4959;-2648.483
31968;75.97823;-775.6465;-2648.175
32008;75.85818;-778.8251;-2648.078
32038;78.39116;-781.4618;-2647.182
32078;78.42039;-781.5936;-2647.067
32128;78.57;-781.7151;-2647.07
32138;78.20313;-781.5508;-2647.05
32178;82.60778;-780.8681;-2649.414
32208;81.6616;-783.3329;-2649.691
32238;81.4852;-784.569;-2650.066
32278;81.4702;-784.4063;-2650.166
32318;81.40598;-784.2654;-2650.485
32358;81.64564;-775.7959;-2652.518
32378;81.36844;-767.9246;-2652.1
32408;82.29318;-764.2549;-2652.275
32438;83.5487;-759.2813;-2651.494
32478;84.7031;-754.0571;-2650.585
32508;85.04855;-749.5537;-2650.662
32538;86.38796;-742.8325;-2651.168
32578;86.41481;-737.6078;-2651.709
32608;86.59682;-727.3738;-2652.285
32638;86.01644;-715.3855;-2653.622
32678;86.79691;-705.816;-2654.385
32708;86.54109;-698.3855;-2655.798
32738;85.46693;-698.1652;-2655.449
32778;83.58051;-701.5338;-2654.803
32808;82.30524;-702.5375;-2654.857
32838;82.14629;-703.0505;-2654.809
32878;82.61521;-704.0391;-2655.051
32908;83.46909;-704.9597;-2655.367
32938;83.34177;-705.1174;-2655.385
32968;86.18493;-658.9033;-2665.907
33008;84.35925;-661.022;-2664.632
33038;84.61042;-661.251;-2664.581
33068;82.8047;-703.5323;-2656.249
33108;81.92093;-705.7053;-2656.62
33138;83.3581;-725.7328;-2658.347
33178;82.07438;-731.743;-2658.607
33208;81.47775;-734.3091;-2658.033
33238;80.65368;-736.2847;-2658.02
33268;81.06176;-739.7616;-2658.237
33308;80.50452;-741.7838;-2657.537
33338;79.57685;-746.9775;-2657.523
33388;76.82336;-753.9509;-2657.381
33418;73.31847;-772.2969;-2656.492
33458;73.17214;-775.6094;-2656.946
33468;73.3728;-776.8333;-2656.469
33508;72.82592;-778.4711;-2656.164
33558;77.19561;-777.1221;-2657.583
33578;76.1024;-778.2261;-2656.64
33598;76.22783;-778.143;-2656.575
33638;78.05513;-776.8861;-2656.654
33668;74.76831;-779.7388;-2655.244
33698;74.0943;-774.1442;-2654.038
33738;73.92704;-774.4566;-2653.974
33768;72.41064;-771.7433;-2654.856
33818;73.21343;-768.4996;-2655.964
33848;74.91778;-764.9067;-2657.02
33868;75.05899;-762.0681;-2657.403
33918;77.64665;-756.3106;-2657.413
33948;79.30331;-749.9736;-2656.336
33968;80.27612;-745.0336;-2655.931
34018;80.1053;-742.7313;-2654.851
34048;80.92134;-739.9669;-2654.27
34088;82.71333;-737.7075;-2654.25
34119;86.90876;-731.6204;-2653.942
34149;88.73264;-726.3595;-2653.918
34179;84.29;-717.233;-2652.547
34199;82.76192;-713.2383;-2652.137
34249;81.62022;-710.9281;-2651.5
34279;81.45184;-711.0227;-2651.239
34299;81.39028;-711.063;-2650.866
34349;81.33286;-710.9899;-2650.74
34379;81.44476;-711.0842;-2650.745
34419;81.27542;-711.4724;-2650.638
34449;81.02031;-711.3395;-2650.573
34479;80.40046;-710.9225;-2650.411
34509;80.42556;-711.7844;-2650.394
34539;79.27269;-725.9285;-2650.098
34579;80.34454;-734.9158;-2650.601
34609;80.45071;-739.4383;-2651.421
34649;81.41479;-740.7059;-2651.247
34679;82.44688;-742.7073;-2651.691
34709;82.57972;-743.1354;-2651.496
34749;80.68964;-744.8628;-2652.019
34779;79.30402;-745.8962;-2651.542
34809;78.28426;-746.7964;-2651.279
34839;76.39667;-748.4548;-2651.191
34879;72.15129;-769.1097;-2652.004
34909;70.7056;-771.7095;-2652.038
34959;70.44957;-773.3484;-2652.294
34979;70.65074;-775.0129;-2652.57
35019;70.01338;-777.0327;-2651.769
35039;70.02983;-777.0762;-2651.807
35081;67.14741;-780.0447;-2652.678
35111;67.84241;-779.9263;-2653.428
35151;67.86439;-779.795;-2653.485
35181;67.47981;-780.7272;-2653.963
35211;67.28879;-780.5563;-2654.589
35251;69.83197;-773.0496;-2656.64
35281;69.70446;-770.9056;-2657.124
35311;69.51381;-766.8777;-2658.632
35341;68.42809;-764.0125;-2658.459
35381;69.22932;-760.4036;-2658.877
35411;68.91022;-757.3196;-2659.336
35441;69.35873;-753.4081;-2658.011
35481;70.4172;-750.1971;-2657.592
35511;69.80119;-748.8224;-2657.142
35551;69.21057;-746.7916;-2656.84
35581;69.96417;-741.1407;-2655.941
35611;71.23961;-726.6536;-2655.157
35641;73.16936;-720.0657;-2656.173
35681;74.77638;-712.6832;-2656.48
35721;74.56528;-708.0254;-2656.317
35741;72.69946;-706.5094;-2656.396
35781;72.63821;-706.3569;-2656.473
35811;72.56618;-706.1126;-2656.488
35851;74.69376;-669.9562;-2675.167
35881;74.57416;-670.1007;-2675.086
35911;74.51414;-668.7298;-2675.452
35951;74.30066;-669.0451;-2675.11
35971;74.50088;-672.2247;-2673.125
36021;73.37073;-702.696;-2658.757
36041;73.95506;-704.9867;-2659.319
36091;78.33875;-721.3366;-2661.436
36121;79.3866;-725.2029;-2662.115
36141;79.14978;-733.0944;-2662.65
36171;77.18275;-737.1764;-2662.912
36231;76.97895;-740.6282;-2662.928
36241;76.98483;-741.32;-2662.658
36291;76.83916;-742.5406;-2662.547
36301;75.62678;-745.9161;-2662.282
36341;74.96757;-747.2365;-2661.772
36371;74.74018;-748.4189;-2661.161
36421;73.77479;-752.3629;-2660.352
36461;72.63182;-754.2122;-2659.807
36511;74.4362;-754.912;-2659.904
36541;74.11913;-758.0265;-2659.579
36581;74.01698;-759.3231;-2659.248
36611;73.95832;-772.2986;-2658.303
36641;73.94292;-772.2763;-2658.29
36681;78.37643;-769.4791;-2658.135
36711;78.45715;-770.4915;-2658.123
36741;77.65678;-771.8575;-2657.616
36781;77.0491;-772.4556;-2657.279
36831;76.36835;-773.1469;-2657.017
36841;76.40254;-773.5055;-2656.919
36881;76.92278;-774.5908;-2657.028
36911;77.89432;-775.5812;-2657.66
36951;78.69276;-777.2381;-2657.545
36981;78.98402;-778.3173;-2657.628
37021;80.02129;-779.016;-2657.663
37041;80.59415;-774.392;-2657.594
37081;80.64304;-773.9243;-2657.52
37111;81.03664;-772.6091;-2657.511
37151;80.96956;-771.7118;-2657.324
37171;81.16194;-770.9435;-2657.442
37211;81.17837;-770.2438;-2657.34
37241;81.89851;-768.0219;-2657.643
37281;81.92101;-765.786;-2657.538
37311;81.73671;-765.7462;-2657.484
37341;81.59805;-765.5208;-2657.12
37381;81.03493;-765.4883;-2656.611
37411;81.23334;-764.2864;-2656.177
37441;81.4007;-762.7397;-2655.772
37481;82.68483;-760.2366;-2654.363
37511;85.06869;-760.4031;-2652.576
37541;85.11297;-758.9278;-2652.193
37581;85.16926;-758.6949;-2651.488
37611;86.52962;-756.5447;-2650.238
37641;87.65344;-756.6254;-2649.535
37671;93.16462;-753.5182;-2648.608
37711;95.69279;-751.0842;-2647.405
37741;102.7271;-749.8889;-2646.255
37771;104.0007;-749.105;-2645.892
37811;107.3334;-748.3123;-2645.381
37841;108.7086;-748.3604;-2645.426
37871;111.7785;-747.8882;-2645.228
37911;116.7831;-766.1199;-2645.471
37941;123.6315;-753.218;-2646.797
37971;125.4577;-750.574;-2647.748
38011;127.6208;-748.6832;-2649.48
38041;130.3729;-747.459;-2651.699
38081;132.2014;-746.0376;-2652.908
38111;134.3016;-745.8587;-2653.723
38141;136.423;-746.4443;-2654.565
38181;139.0758;-747.1287;-2655.688
38211;140.4078;-748.0209;-2656.169
38241;140.3025;-764.3995;-2655.401
38281;140.6044;-767.8425;-2655.319
38311;148.456;-755.0403;-2655.587
38341;149.1884;-752.2714;-2655.734
38371;150.407;-750.3898;-2655.409
38411;151.8107;-750.474;-2655.609
38461;152.8203;-749.6429;-2655.517
38471;154.3797;-748.1534;-2655.355
38531;159.4969;-743.918;-2655.693
38541;161.3019;-743.3613;-2655.88
38581;162.1208;-742.0549;-2655.091
38611;163.6387;-743.2413;-2653.846
38641;163.463;-743.597;-2650.44
38681;162.9108;-742.7225;-2644.881
38711;163.8078;-744.9255;-2638.085
38741;164.2679;-745.1788;-2632.401
38771;164.3589;-740.6981;-2624.446
38811;165.8834;-736.6491;-2616.856
38841;166.646;-733.0859;-2609.038
38871;173.7251;-731.5925;-2597.611
38911;179.0005;-721.7238;-2584.506
38941;181.5289;-716.8488;-2573.028
38991;189.1016;-713.1011;-2563.762
39021;205.1375;-715.1281;-2553.211
39041;206.842;-715.1943;-2549.973
39081;206.9122;-714.812;-2546.239
39121;210.4305;-712.8375;-2543.849
39141;216.1605;-711.1456;-2540.37
39191;232.0127;-711.1061;-2532.567
39201;239.4681;-710.9766;-2530.854
39241;254.3681;-711.1479;-2529.071
39271;266.2665;-710.7219;-2524.815
39311;282.9201;-709.1392;-2519.295
39341;297.973;-709.0055;-2514.483
39371;317.9331;-713.979;-2508.616
39411;328.4476;-715.1385;-2503.18
39441;346.0056;-713.1333;-2497.677
39521;363.5771;-709.5911;-2490.385
39661;384.4649;-707.9959;-2480.655
39671;392.0378;-704.0725;-2477.643
39691;423.6919;-709.5713;-2469.388
39711;431.0558;-708.8356;-2466.59
39741;434.4946;-707.4507;-2463.894
39781;443.0876;-702.4557;-2460.506
39811;448.1617;-699.9025;-2457.86
39861;452.0307;-698.1078;-2454.902
39871;458.1707;-696.8673;-2452.076
39931;461.5925;-700.2469;-2448.995
39951;468.5196;-699.1226;-2445.724
39981;473.6922;-710.8078;-2441.962
40011;476.131;-714.49;-2439.868
40041;477.3108;-716.1744;-2438.098
40091;478.044;-716.7419;-2436.865
40107;478.3942;-717.6733;-2435.603
40145;478.9663;-718.4899;-2434.529
40185;478.9412;-718.7437;-2434.227
40225;478.9792;-719.4634;-2434.07
40245;479.3203;-719.8427;-2433.894
40275;479.914;-720.6143;-2433.849
40305;480.615;-720.7914;-2433.635
40335;481.8129;-721.3989;-2433.182
40375;486.6311;-723.7232;-2433.314
40405;489.4547;-724.3185;-2433.108
40455;493.8138;-724.8039;-2431.973
40485;497.3739;-725.3421;-2431.152
40505;498.3319;-725.5194;-2430.591
40555;498.7674;-725.4009;-2429.794
40585;500.8773;-724.6691;-2428.692
40605;501.2223;-724.7388;-2428.126
40655;501.8681;-724.6733;-2427.564
40715;502.4294;-724.2832;-2427.174
40739;503.7841;-723.5915;-2426.336
40755;504.1102;-723.3477;-2426.307
40767;505.6244;-723.0387;-2426.099
40807;505.8736;-723.0977;-2426.124
40857;506.0874;-723.0886;-2426.111
40887;507.0381;-722.9775;-2425.974
40917;507.852;-723.1426;-2425.491
40957;508.8094;-722.8641;-2424.944
40967;510.1385;-723.0057;-2423.777
41017;510.5241;-723.0163;-2422.423
41057;510.5665;-722.6798;-2421.071
41077;510.6013;-722.7534;-2419.101
41117;510.0204;-722.9525;-2416.583
41157;510.1119;-722.7106;-2413.901
41167;509.9577;-722.5336;-2410.992
41207;508.9244;-722.9463;-2408.384
41237;508.2631;-722.9283;-2406.394
41277;508.0782;-722.4423;-2404.284
41307;507.2511;-721.6497;-2402.386
41337;506.3388;-721.5807;-2400.956
41377;493.7018;-746.9249;-2397.391
41427;491.707;-735.6544;-2395.415
41457;491.5342;-730.2406;-2394.487
41477;489.7987;-743.3504;-2393.847
41507;486.6064;-733.6063;-2393.098
41547;481.0948;-728.9963;-2392.899
41577;479.6469;-727.6377;-2393.162
41617;477.5798;-726.9578;-2393.694
41637;469.9468;-743.8824;-2395.26
41677;463.7623;-732.546;-2396.045
41707;461.9074;-703.3649;-2398.237
41747;460.3456;-701.9504;-2398.296
41777;456.6242;-701.3112;-2398.236
41807;444.6878;-758.902;-2399.847
41847;444.3382;-758.274;-2399.882
41867;438.2555;-774.9528;-2399.614
41907;434.2402;-773.6321;-2400.42
41937;432.711;-773.5385;-2400.92
41977;429.0634;-774.6426;-2404.044
42007;428.2229;-773.9578;-2404.79
42037;423.6192;-774.3965;-2407.527
42077;421.8879;-774.533;-2408.392
42107;418.8646;-773.4571;-2410.409
42138;416.4746;-773.1208;-2411.509
42178;415.117;-771.9821;-2412.485
42208;414.1146;-770.0851;-2413.898
42238;413.3211;-767.895;-2415.787
42268;412.7148;-766.6512;-2417.352
42298;412.2684;-765.8116;-2420.457
42358;413.0477;-764.7291;-2425.591
42368;416.0766;-766.081;-2435.705
42408;402.6497;-767.7221;-2464.983
42438;443.1889;-767.8428;-2449.623
42468;405.5362;-770.5252;-2491.068
42508;437.8498;-720.6541;-2469.061
42538;439.2168;-720.3218;-2472.205
42568;440.9092;-721.4267;-2477.905
42608;440.9639;-731.2217;-2485.805
42658;445.1396;-742.3638;-2492.11
42688;449.1884;-737.3151;-2495.666
42718;456.8518;-730.7986;-2500.844
42738;461.028;-728.573;-2503.552
42788;463.7843;-728.9625;-2505.602
42818;479.3134;-723.8448;-2513.589
42858;480.4673;-725.0549;-2513.64
42878;484.2718;-723.4741;-2512.628
42918;499.5312;-730.0794;-2506.263
42958;507.4409;-741.9539;-2489.498
42968;517.5173;-742.8862;-2473.915
43008;529.1453;-774.6862;-2450.513
43058;530.4523;-776.0975;-2444.903
43068;532.4603;-775.198;-2437.881
43108;533.7716;-773.9543;-2435.54
43138;531.4579;-807.9683;-2436.917
43168;538.2398;-737.4568;-2462.714
43208;544.0131;-683.6636;-2492.484
43238;544.1018;-679.5687;-2501.5
43288;540.7946;-670.2271;-2516.058
43318;533.083;-657.2014;-2527.713
43358;532.3372;-652.8972;-2534.136
43368;531.9704;-649.5309;-2537.354
43408;533.0781;-643.2579;-2538.626
43438;533.6545;-647.9629;-2538.658
43468;535.9881;-651.1598;-2537.289
43518;545.3076;-666.3349;-2529.08
43548;548.5903;-684.3385;-2521.728
43588;549.172;-692.8394;-2516.162
43618;549.7924;-701.8749;-2508.926
43648;550.4984;-703.5791;-2505.207
43688;550.4563;-704.665;-2502.456
43718;554.1463;-711.6744;-2499.578
43748;554.254;-711.5622;-2499.463
43788;554.3626;-710.9488;-2499.507
43798;554.986;-713.4512;-2500.177
43838;554.9608;-713.2668;-2500.611
43868;554.7946;-732.8664;-2503.703
43918;554.7845;-736.7368;-2504.931
43938;553.7977;-740.3878;-2506.288
43988;553.0739;-742.6927;-2507.533
43998;551.6816;-744.9807;-2509.12
44048;550.9681;-746.1827;-2510.417
44068;546.9367;-748.3296;-2511.61
44118;545.7053;-748.9933;-2511.79
44148;544.9036;-749.4714;-2512.061
44178;543.4281;-750.0098;-2512.138
44218;542.1498;-749.9548;-2512.323
44238;540.0653;-750.5544;-2512.766
44278;538.4998;-750.9244;-2513.395
44318;535.6638;-751.7701;-2514.242
44348;534.9628;-751.8405;-2514.863
44378;532.4992;-752.7458;-2515.866
44418;526.4854;-755.6266;-2517.622
44448;519.25;-757.5954;-2518.555
44478;515.8456;-757.3836;-2519.437
44518;511.986;-758.9125;-2521.275
44548;509.2152;-759.4904;-2522.2
44578;502.4961;-761.2929;-2523.62
44618;498.4861;-761.6628;-2523.942
44648;496.2576;-761.444;-2524.301
44678;494.7058;-761.3585;-2524.706
44708;491.1108;-760.9896;-2525.29
44748;488.0031;-761.642;-2525.95
44778;485.3592;-760.4138;-2527.478
44808;484.9271;-759.7767;-2530.272
44848;486.2226;-761.4603;-2536.504
44878;495.1339;-746.3537;-2549.186
44908;498.3535;-743.7853;-2554.165
44948;502.3594;-742.2325;-2561.117
44978;507.1279;-740.9733;-2569.74
45028;515.8303;-741.0989;-2580.483
45068;525.7368;-739.8499;-2591.137
45088;536.2949;-741.1409;-2602.092
45118;548.4365;-764.4696;-2617.906
45151;562.9281;-763.0623;-2629.711
45181;573.5794;-762.5439;-2640.18
45211;576.456;-762.8378;-2646.636
45251;592.2915;-763.9943;-2661.844
45281;596.2842;-761.2853;-2667.848
45321;604.5978;-760.7021;-2679.229
45331;614.2283;-759.9225;-2690.043
45391;619.6725;-760.2512;-2696.993
45401;630.92;-761.8248;-2710.11
45441;633.7757;-763.9354;-2714.493
45471;637.2514;-765.4333;-2719.367
45501;640.4637;-765.7703;-2723.003
45551;648.1793;-765.0117;-2726.6
45581;648.6031;-765.1985;-2726.775
45601;651.5344;-764.9572;-2727.32
45651;652.5238;-765.3801;-2726.701
45681;653.7032;-765.0342;-2725.024
45721;656.6287;-764.3063;-2723.155
45751;657.6205;-764.0691;-2721.251
45781;661.0914;-759.4865;-2713.877
45821;662.3583;-760.9617;-2706.094
45851;668.0695;-751.5843;-2693.405
45881;670.0053;-748.3467;-2687.664
45921;670.1321;-744.9709;-2680.477
45941;669.8636;-741.6092;-2675.366
45981;669.6357;-739.309;-2671.999
46011;669.9578;-737.4502;-2670.083
46051;670.0396;-735.2821;-2668.48
46081;669.5768;-734.0325;-2668.24
46111;669.5205;-733.0699;-2668.585
46151;669.8235;-724.8374;-2669.509
46161;668.357;-714.0959;-2669.45
46221;665.6178;-704.6593;-2666.663
46251;664.1494;-694.7216;-2661.806
46291;662.6827;-699.43;-2655.335
46311;664.4555;-698.2723;-2647.437
46351;662.5118;-700.0043;-2637.408
46391;660.8553;-704.2961;-2623.057
46421;654.8732;-707.1823;-2606.562
46451;647.8152;-709.5019;-2589.285
46491;641.5505;-711.1262;-2572.343
46521;630.395;-711.1981;-2550.044
46551;624.8458;-711.0168;-2537.306
46591;619.001;-714.1484;-2516.649
46711;609.6544;-706.3547;-2470.17
46731;596.2667;-750.9866;-2424.576
46751;595.9042;-699.667;-2409.849
46791;595.0208;-697.5347;-2407.895
46811;593.8789;-692.9966;-2404.385
46841;593.2253;-696.6607;-2399.983
46881;593.1822;-697.7141;-2395.832
46921;594.2103;-679.6582;-2388.097
46951;594.7303;-685.3071;-2382.872
46981;598.3005;-667.6511;-2379.445
47011;600.6443;-663.8477;-2374.511
47041;604.438;-681.1435;-2365.233
47081;605.3954;-684.9144;-2363.232
47111;607.0746;-687.0358;-2360.547
47151;609.7374;-686.2651;-2358.116
47181;613.081;-687.7444;-2355.832
47211;619.7493;-690.8961;-2351.674
47251;625.4647;-691.5702;-2348.192
47281;630.7672;-693.7468;-2344.897
47311;637.4916;-697.1209;-2341.843
47341;648.3864;-737.6552;-2329.926
47381;649.3394;-735.9064;-2329.233
47411;652.0313;-735.6431;-2326.979
47441;657.456;-735.4955;-2324.608
47471;676.8799;-712.4747;-2315.985
47511;680.3896;-717.9675;-2314.386
47541;682.8779;-720.9044;-2312.14
47581;688.598;-725.7453;-2308.52
47611;695.4575;-720.0812;-2304.458
47641;698.8287;-718.0173;-2302.181
47681;701.082;-716.6627;-2299.176
47711;703.5682;-714.1982;-2296.111
47741;705.9562;-716.0859;-2294.073
47781;707.2721;-714.2252;-2292.782
47811;708.22;-715.3822;-2292.778
47841;709.5865;-712.6235;-2293.214
47871;712.153;-705.5402;-2295.772
47911;712.9526;-694.2643;-2300.301
47941;720.4246;-666.5629;-2306.3
47971;721.1514;-656.7054;-2308.997
48011;721.5519;-631.1885;-2312.326
48041;719.3711;-630.4709;-2314.323
