
0;-378.065;-312.9167;-2615.324
30;-377.8281;-313.0009;-2615.157
70;-376.7181;-314.0176;-2613.667
100;-376.392;-314.9623;-2614.228
150;-376.0329;-314.2724;-2614.665
180;-375.9497;-311.7154;-2614.999
200;-375.798;-311.3953;-2614.16
250;-375.8394;-310.7587;-2614.194
280;-376.0949;-310.8267;-2613.353
310;-375.985;-313.4513;-2612.048
340;-375.9149;-313.3934;-2611.96
380;-375.4754;-314.0146;-2611.5
410;-374.1248;-314.3712;-2610.438
440;-373.4577;-313.8493;-2610.746
480;-372.2667;-315.0034;-2609.825
510;-371.8669;-315.3941;-2609.728
570;-371.168;-315.791;-2609.92
590;-369.4596;-317.213;-2609.806
600;-368.1952;-317.559;-2609.746
640;-366.2958;-320.6264;-2608.866
670;-358.9396;-328.2067;-2605.359
710;-351.4113;-331.2302;-2608.102
740;-348.8866;-334.5955;-2606.229
770;-347.9671;-335.7504;-2606.199
810;-343.2196;-336.9882;-2606.659
840;-339.0309;-339.5065;-2607.64
890;-331.9092;-343.7438;-2610.361
910;-329.2268;-343.9942;-2611.424
930;-322.0231;-348.7673;-2611.264
970;-315.9652;-350.5677;-2612.021
1000;-307.2971;-353.1986;-2612.591
1040;-296.7028;-356.5207;-2614.224
1090;-287.9326;-360.5925;-2614.748
1110;-277.1359;-362.5542;-2615.911
1140;-266.3985;-366.3999;-2614.985
1170;-254.1589;-367.3492;-2615.471
1200;-245.7572;-368.652;-2614.005
1250;-236.4074;-368.1085;-2615.203
1270;-227.9007;-369.887;-2615.502
1300;-221.4713;-369.2205;-2617.144
1340;-210.4082;-371.4802;-2616.01
1370;-200.2843;-368.1704;-2616.18
1400;-191.0248;-369.4504;-2616.103
1440;-182.2375;-369.7575;-2616.664
1470;-173.4231;-368.4717;-2620.348
1500;-165.1275;-366.5196;-2622.367
1530;-150.3425;-375.9137;-2626.241
1570;-141.2013;-372.8331;-2627.704
1600;-131.3581;-373.414;-2628.304
1650;-119.9017;-374.4676;-2629.786
1680;-108.7154;-377.7677;-2635.412
1720;-100.7182;-377.0615;-2639.987
1750;-93.85222;-377.6223;-2644.441
1780;-89.37612;-382.4211;-2648.82
1800;-80.7146;-382.8598;-2655.682
1830;-77.77711;-382.4682;-2660.646
1890;-73.48967;-383.823;-2663.742
1910;-72.36634;-386.8348;-2669.201
1930;-69.40249;-384.9791;-2674.002
1970;-69.13399;-384.0109;-2676.555
2040;-73.27953;-383.229;-2686.349
2070;-74.63232;-384.3449;-2688.038
2110;-77.9372;-385.614;-2692.848
2140;-79.38629;-385.8859;-2694.321
2180;-82.42509;-385.6808;-2697.195
2200;-87.18412;-386.2455;-2703.608
2240;-91.11743;-386.3359;-2705.261
2270;-93.19913;-386.92;-2706.07
2310;-94.50315;-388.5608;-2706.531
2340;-96.6749;-387.6084;-2709.124
2370;-97.71286;-388.6915;-2709.632
2410;-99.57307;-388.7494;-2709.319
2440;-100.8364;-389.3538;-2709.094
2470;-100.2583;-390.2974;-2707.985
2510;-99.95522;-392.0004;-2707.238
2550;-103.0524;-394.8246;-2707.948
2570;-102.2229;-396.0044;-2707.137
2610;-104.2833;-397.1776;-2707.427
2630;-104.3143;-397.2885;-2707.036
2670;-104.3642;-397.164;-2706.764
2710;-99.78712;-394.7949;-2704.429
2730;-95.09362;-391.3362;-2701.246
2770;-94.05428;-390.0077;-2700.839
2800;-94.10887;-389.7327;-2700.798
2840;-95.2953;-389.7407;-2700.716
2880;-94.86105;-389.7091;-2700.345
2890;-92.30672;-386.9796;-2699.655
2930;-92.06832;-385.6665;-2698.896
2980;-89.90999;-383.4125;-2697.163
3010;-87.00319;-381.2518;-2695.386
3030;-85.15038;-379.1848;-2693.625
3080;-84.34544;-375.57;-2694.64
3110;-84.92747;-370.4221;-2697.575
3140;-81.24055;-359.5489;-2701.625
3180;-85.81224;-357.8698;-2703.038
3210;-89.95981;-348.2141;-2704.83
3260;-97.16775;-332.4278;-2707.894
3300;-96.69785;-320.1405;-2711.523
3330;-133.6022;-279.0763;-2724.426
3370;-129.3292;-262.0631;-2731.356
3420;-120.0134;-256.1134;-2706.731
3450;-124.2398;-252.9476;-2709.005
3480;-135.1836;-240.9378;-2749.799
3520;-137.77;-241.7137;-2750.101
3550;-146.1062;-240.8805;-2752.03
3570;-145.8796;-240.9448;-2752.184
3620;-145.0384;-224.8116;-2746.836
3640;-140.6106;-241.5435;-2745.708
3670;-138.6258;-258.3532;-2722.075
3720;-130.7834;-247.9222;-2723.849
3750;-127.9157;-249.8534;-2723.124
3780;-111.6681;-295.3215;-2718.652
3820;-109.9793;-299.3965;-2711.337
3830;-109.3353;-299.8858;-2711.0
3890;-105.2856;-310.9449;-2707.46
3900;-103.3794;-313.9891;-2705.445
3930;-95.7169;-326.9511;-2702.403
3970;-95.36592;-333.1692;-2698.748
4000;-100.2809;-348.4229;-2691.762
4030;-100.8691;-352.1882;-2689.78
4070;-100.5531;-355.218;-2689.052
4120;-97.7731;-360.1878;-2687.579
4130;-96.8161;-364.4921;-2685.119
4170;-96.78218;-366.8817;-2684.318
4200;-96.93875;-367.6771;-2684.184
4240;-102.9974;-374.3873;-2682.844
4270;-106.6576;-381.6924;-2679.998
4300;-106.9898;-382.6044;-2680.488
4350;-106.8665;-383.1678;-2681.22
4370;-106.7637;-383.2662;-2681.39
4420;-108.2996;-383.6943;-2683.794
4450;-110.0875;-386.5049;-2688.193
4490;-110.2644;-387.0041;-2688.713
4510;-110.7091;-385.7578;-2689.306
4550;-110.2785;-385.8578;-2690.008
4570;-110.3487;-384.5425;-2690.555
4600;-108.6312;-384.0555;-2690.279
4630;-107.7829;-382.4209;-2690.764
4670;-109.8062;-375.0099;-2696.969
4720;-126.5666;-358.0074;-2717.389
4750;-124.7207;-351.9863;-2718.776
4770;-123.3245;-348.4666;-2718.296
4820;-124.9321;-332.7151;-2717.228
4840;-129.485;-321.5885;-2718.616
4880;-139.2979;-308.1123;-2726.79
4916;-142.9564;-300.1159;-2725.81
4946;-138.1443;-253.9242;-2726.337
4966;-138.1943;-253.8537;-2726.092
5016;-140.9808;-255.2617;-2721.27
5046;-156.6361;-252.3248;-2723.552
5066;-161.3142;-249.5641;-2727.803
5116;-158.0595;-238.1426;-2738.265
5146;-162.9024;-263.1526;-2727.07
5166;-131.9176;-265.8412;-2702.158
5216;-142.6691;-270.5307;-2726.171
5246;-130.1931;-287.7037;-2729.0
5286;-131.1468;-290.2007;-2726.374
5316;-129.9137;-300.303;-2722.543
5346;-128.5039;-312.0803;-2718.159
5366;-115.0197;-335.9152;-2704.805
5416;-113.2841;-338.814;-2703.504
5426;-109.6518;-346.2862;-2699.095
5486;-109.1905;-347.7232;-2697.491
5516;-108.63;-351.512;-2694.727
5546;-108.3918;-362.6658;-2688.813
5566;-106.7623;-364.7921;-2687.407
5616;-106.2027;-369.4361;-2684.95
5646;-105.2714;-373.1284;-2683.873
5686;-107.4293;-377.0851;-2682.383
5696;-111.7976;-382.7952;-2682.661
5746;-113.0493;-384.7285;-2683.574
5776;-114.4541;-384.9215;-2684.931
5816;-115.8913;-384.5488;-2687.348
5846;-116.3054;-386.6142;-2690.195
5856;-116.5961;-388.4204;-2692.222
5916;-113.3615;-389.1265;-2691.558
5946;-112.6569;-389.3701;-2690.921
5976;-112.2282;-389.2848;-2690.813
5996;-109.8377;-388.826;-2690.231
6046;-108.5221;-388.413;-2690.318
6076;-106.5609;-386.2846;-2690.563
6096;-104.8642;-384.165;-2691.428
6146;-104.7109;-378.8337;-2693.827
6176;-107.05;-373.0959;-2695.181
6216;-109.9977;-366.3038;-2700.465
6246;-113.356;-347.4034;-2711.977
6276;-113.0005;-346.6766;-2712.956
6316;-115.5786;-337.3194;-2715.138
6336;-118.1835;-327.5959;-2715.99
6376;-118.3842;-313.9817;-2721.187
6416;-135.1015;-304.0254;-2728.442
6436;-140.9094;-290.9331;-2706.812
6476;-134.7006;-265.8392;-2702.369
6506;-151.4701;-243.165;-2717.27
6546;-149.9286;-243.2111;-2718.058
6576;-150.9691;-246.7848;-2720.273
6606;-151.3124;-250.7079;-2722.317
6636;-151.1116;-250.5309;-2730.379
6666;-155.7819;-235.3475;-2801.059
6716;-155.7285;-235.2866;-2800.988
6746;-157.061;-237.0868;-2802.813
6766;-155.1766;-237.5296;-2801.501
6796;-136.7348;-287.209;-2713.458
6836;-120.4061;-296.1022;-2717.013
6886;-118.8642;-298.3005;-2716.978
6896;-116.7167;-308.6302;-2712.934
6946;-110.0222;-318.4861;-2709.71
6986;-106.661;-328.2407;-2704.37
6996;-105.3354;-339.2123;-2699.929
7046;-103.1587;-343.02;-2697.786
7076;-103.8654;-348.5237;-2695.287
7096;-102.8852;-354.926;-2691.469
7146;-101.8988;-358.8006;-2688.049
7186;-98.93881;-366.8705;-2679.802
7206;-97.99426;-370.5616;-2678.118
7246;-96.48421;-370.9861;-2677.25
7276;-98.48898;-377.2222;-2676.855
7296;-106.1624;-380.6049;-2678.443
7346;-108.7749;-380.7596;-2680.861
7376;-107.8503;-380.5027;-2681.328
7396;-111.3747;-380.6273;-2684.191
7446;-111.7884;-382.0905;-2685.722
7476;-112.6018;-383.8421;-2687.697
7506;-112.6746;-384.1401;-2687.681
7546;-110.4652;-382.8641;-2686.034
7576;-108.7641;-381.6437;-2685.544
7616;-108.2894;-381.0384;-2685.283
7646;-108.814;-380.5025;-2685.566
7666;-108.0197;-379.656;-2685.664
7706;-106.6714;-372.4535;-2687.102
7736;-106.7125;-371.0088;-2688.841
7776;-111.8363;-363.9836;-2697.045
7806;-118.2406;-351.7454;-2709.911
7836;-117.3846;-347.5723;-2711.465
7876;-120.6317;-338.3643;-2715.518
7906;-123.6722;-325.1951;-2720.339
7946;-136.0558;-302.9012;-2722.805
7966;-126.5478;-299.7704;-2725.164
8006;-141.1539;-256.6363;-2736.828
8046;-133.8706;-256.3049;-2697.665
8066;-141.3753;-252.498;-2702.664
8106;-150.0345;-241.6398;-2715.675
8156;-152.6682;-246.1006;-2719.093
8176;-154.8981;-238.692;-2712.227
8206;-150.5351;-279.3958;-2715.852
8236;-150.7378;-277.2841;-2710.786
8276;-151.5464;-267.7185;-2717.248
8306;-154.9935;-260.9466;-2720.261
8336;-151.2719;-254.8485;-2717.035
8366;-134.4583;-247.6524;-2723.34
8406;-131.6621;-267.6449;-2714.669
8436;-115.8504;-290.3078;-2718.492
8476;-109.2918;-298.567;-2714.469
8506;-108.8807;-317.6658;-2705.272
8546;-107.8108;-326.176;-2702.053
8566;-108.2131;-333.4214;-2698.446
8606;-106.4535;-335.9687;-2696.195
8636;-103.2666;-345.1373;-2690.72
8676;-100.756;-352.8157;-2684.941
8706;-100.0486;-358.2234;-2680.633
8736;-99.49513;-361.328;-2679.448
8776;-98.77216;-372.9112;-2673.554
8806;-98.57087;-373.4124;-2673.238
8836;-98.98289;-375.8725;-2673.25
8866;-103.7673;-379.4676;-2676.925
8926;-108.4824;-382.0438;-2677.91
8976;-108.7915;-381.9356;-2677.987
8986;-109.6942;-379.6756;-2679.828
9006;-112.7458;-380.6926;-2681.966
9036;-115.8332;-384.851;-2684.31
9076;-116.6672;-385.2186;-2685.053
9106;-116.1812;-383.069;-2685.069
9136;-114.036;-382.3341;-2685.282
9176;-112.9892;-382.1227;-2685.262
9206;-110.8666;-379.5091;-2686.216
9236;-110.6867;-377.8245;-2686.999
9276;-109.9912;-376.2682;-2688.437
9306;-110.2138;-374.3639;-2690.372
9336;-115.9057;-361.2379;-2701.823
9376;-125.6429;-355.8887;-2714.826
9406;-129.6793;-352.6503;-2718.594
9436;-132.7872;-344.987;-2721.694
9476;-133.6712;-340.7352;-2722.772
9506;-140.0639;-328.6092;-2726.063
9536;-143.7059;-311.227;-2730.264
9566;-146.6782;-300.5835;-2733.601
9606;-141.306;-255.1861;-2743.083
9636;-152.901;-253.3467;-2733.858
9676;-153.862;-251.5292;-2730.767
9706;-159.9561;-248.2021;-2736.344
9736;-160.8031;-247.5599;-2736.936
9766;-167.8739;-238.9589;-2745.811
9806;-179.393;-207.1383;-2795.036
9836;-176.1314;-213.0455;-2792.084
9866;-175.3973;-206.0139;-2814.859
9906;-171.9696;-219.3255;-2808.273
9936;-174.1108;-223.676;-2808.484
9971;-148.1448;-252.5343;-2745.767
10001;-149.7323;-284.589;-2721.308
10031;-124.8558;-301.4261;-2726.423
10071;-124.1246;-310.5215;-2720.818
10101;-121.1449;-321.084;-2713.881
10151;-120.5128;-330.7675;-2707.946
10181;-118.1904;-339.9344;-2701.19
10201;-116.2775;-343.8679;-2698.007
10251;-113.8612;-348.8418;-2695.111
10281;-109.8686;-357.1871;-2691.024
10311;-109.3428;-359.2826;-2688.698
10331;-109.1128;-362.416;-2687.229
10381;-110.1872;-364.3394;-2686.167
10391;-112.1423;-369.4916;-2684.294
10451;-112.0398;-373.3858;-2682.836
10461;-114.7922;-377.8816;-2684.129
10501;-116.0883;-380.1734;-2684.213
10531;-116.1105;-380.0157;-2684.466
10561;-115.9972;-379.1922;-2684.922
10601;-116.7314;-379.2461;-2685.955
10641;-119.31;-382.6468;-2687.003
10681;-119.6055;-384.0828;-2688.327
10701;-119.4226;-383.7396;-2688.344
10751;-116.3179;-384.1387;-2688.268
10781;-115.8139;-383.7608;-2688.158
10821;-114.0666;-381.6166;-2687.953
10841;-113.9559;-381.5528;-2688.196
10881;-112.2426;-376.4483;-2691.063
10911;-113.7298;-375.2568;-2692.18
10941;-116.6575;-363.631;-2699.463
10981;-121.3836;-358.843;-2704.854
11011;-125.4027;-353.0826;-2711.95
11051;-125.1811;-350.9797;-2713.072
11071;-125.5706;-348.9491;-2713.673
11111;-127.3775;-343.966;-2714.002
11151;-133.1839;-331.3594;-2715.82
11161;-136.5828;-328.163;-2716.373
11201;-134.7187;-321.3958;-2717.077
11251;-137.5942;-312.5709;-2721.5
11271;-142.1406;-308.1636;-2721.817
11311;-136.5624;-304.8448;-2722.08
11351;-142.83;-295.3065;-2719.625
11361;-150.1515;-261.7005;-2745.403
11401;-150.4785;-262.0556;-2746.029
11451;-151.5848;-263.0264;-2746.894
11481;-151.9741;-263.7285;-2746.743
11511;-149.653;-270.9171;-2715.95
11551;-150.4382;-274.1536;-2731.947
11581;-148.087;-279.5909;-2722.923
11611;-147.9494;-284.5098;-2720.713
11641;-145.1325;-289.7802;-2717.229
11661;-135.8372;-305.4476;-2713.317
11711;-134.1804;-312.4339;-2709.55
11741;-134.1832;-314.2171;-2707.58
11781;-132.962;-325.259;-2704.949
11811;-131.9914;-327.6644;-2701.843
11851;-110.9325;-346.8871;-2680.888
11871;-109.5716;-348.4199;-2681.033
11911;-108.5771;-352.1801;-2678.157
11941;-106.9603;-353.2662;-2676.203
11981;-103.7043;-357.5032;-2672.792
12011;-103.227;-360.5666;-2672.201
12051;-106.7547;-372.8344;-2669.966
12071;-107.7659;-374.5556;-2669.888
12111;-111.4912;-375.6466;-2671.312
12141;-110.8756;-377.3459;-2671.938
12171;-115.1507;-378.8799;-2676.462
12221;-117.5784;-380.3017;-2678.422
12241;-118.7644;-382.8358;-2679.626
12281;-118.4185;-382.7362;-2680.042
12311;-118.2828;-381.5402;-2680.519
12341;-118.6068;-381.4553;-2680.437
12381;-118.4449;-380.7266;-2680.94
12411;-118.2068;-378.9004;-2682.629
12441;-117.8309;-377.2501;-2683.829
12471;-117.9456;-372.6473;-2686.323
12511;-122.5681;-362.6332;-2695.771
12541;-125.6006;-356.859;-2702.855
12581;-122.6532;-350.0716;-2705.308
12601;-125.0947;-340.3325;-2709.21
12641;-137.3721;-319.7767;-2714.628
12671;-137.8188;-317.0725;-2714.941
12711;-144.0563;-265.2715;-2709.459
12741;-147.0711;-266.1129;-2721.316
12771;-155.1992;-252.8043;-2712.94
12811;-156.3122;-248.4738;-2710.373
12841;-156.76;-244.599;-2712.092
12871;-170.4678;-230.1952;-2706.501
12901;-169.1298;-240.8344;-2674.731
12941;-164.9859;-233.2324;-2687.039
12971;-171.7622;-212.3994;-2764.681
13011;-175.0854;-208.006;-2778.779
13031;-172.0461;-217.97;-2781.068
13071;-173.4802;-215.5523;-2787.679
13101;-172.9795;-225.8471;-2792.08
13141;-162.2444;-247.6729;-2786.742
13171;-138.2952;-282.6009;-2707.012
13201;-139.2602;-287.8091;-2706.952
13241;-131.813;-300.7198;-2706.882
13271;-129.5578;-305.7229;-2706.007
13301;-122.2348;-323.9884;-2697.892
13341;-118.3008;-329.1089;-2696.856
13391;-113.3001;-338.8423;-2692.758
13421;-108.7673;-349.8925;-2683.05
13441;-108.7683;-350.0795;-2683.091
13471;-110.4378;-357.3424;-2680.96
13501;-109.4254;-361.2563;-2679.006
13541;-108.5738;-367.3553;-2675.436
13571;-109.8228;-369.3988;-2673.436
13621;-109.62;-370.06;-2672.214
13651;-113.0705;-372.7468;-2674.671
13671;-122.2185;-378.2783;-2681.554
13701;-122.3715;-378.5587;-2681.589
13731;-122.2381;-379.1631;-2681.193
13771;-122.4903;-380.2549;-2681.262
13801;-123.3345;-381.4753;-2681.864
13831;-123.3694;-382.3229;-2682.306
13891;-120.3743;-382.8767;-2680.878
13911;-120.5126;-383.2368;-2680.968
13951;-120.2817;-383.0645;-2680.338
13981;-119.9121;-382.9662;-2680.304
14001;-119.1337;-378.4586;-2681.6
14031;-121.2537;-375.3727;-2684.077
14071;-125.8958;-366.7278;-2691.991
14101;-131.5538;-353.1448;-2704.916
14151;-132.7521;-349.5493;-2707.998
14181;-132.1409;-346.8584;-2709.392
14221;-137.2046;-322.5795;-2714.885
14231;-144.0185;-318.3882;-2719.554
14271;-126.4527;-317.5149;-2727.047
14301;-140.4531;-287.4951;-2681.605
14361;-139.7177;-282.5574;-2684.628
14371;-145.8357;-273.4229;-2700.704
14411;-156.8112;-260.0165;-2714.104
14431;-175.6402;-249.1996;-2761.284
14471;-175.6157;-248.2269;-2760.26
14511;-175.168;-239.4786;-2756.125
14541;-178.3189;-216.1623;-2716.91
14571;-173.0659;-220.4024;-2720.279
14611;-164.8128;-244.623;-2712.631
14641;-155.29;-257.2145;-2724.905
14671;-118.6681;-295.4772;-2724.686
14701;-126.9675;-304.4517;-2723.394
14741;-131.2881;-309.2859;-2719.598
14771;-128.2062;-321.1326;-2713.238
14801;-126.6857;-327.5887;-2710.515
14841;-121.7105;-337.2591;-2703.535
14871;-114.0512;-346.3996;-2696.59
14901;-112.3025;-349.3619;-2693.552
14931;-111.6102;-354.9884;-2690.769
14966;-108.8545;-357.8274;-2688.248
15006;-108.127;-360.251;-2685.958
15036;-107.2996;-371.5123;-2680.092
15076;-109.677;-375.4536;-2679.218
15106;-110.1959;-375.6255;-2679.46
15156;-112.6452;-380.7479;-2682.716
15166;-114.9588;-383.4804;-2684.712
15206;-116.1974;-382.8423;-2685.712
15236;-116.7461;-382.2893;-2686.374
15286;-118.8333;-382.7311;-2687.703
15296;-119.4456;-382.7803;-2688.736
15336;-120.1485;-384.2643;-2690.995
15366;-119.9613;-385.0518;-2691.517
15406;-119.9417;-383.5872;-2691.837
15436;-118.6593;-383.4303;-2690.555
15466;-118.7379;-383.443;-2690.549
15506;-116.9948;-383.1978;-2689.705
15536;-116.5525;-382.7604;-2689.685
15566;-116.2375;-382.0201;-2690.388
15606;-116.802;-369.7552;-2696.67
15636;-119.9206;-363.9207;-2703.545
15686;-128.7267;-353.9159;-2717.216
15696;-131.4584;-347.2303;-2724.068
15736;-133.2477;-339.7773;-2725.775
15786;-134.1261;-328.7655;-2728.77
15816;-137.1441;-319.4453;-2732.531
15836;-143.2685;-298.973;-2735.629
15886;-145.3455;-289.5481;-2736.294
15916;-145.0145;-288.001;-2726.937
15936;-146.7353;-280.1616;-2735.879
15986;-149.7;-253.479;-2726.434
16016;-151.9316;-251.5345;-2727.598
16046;-153.6461;-249.8872;-2725.937
16086;-153.5742;-247.8707;-2727.028
16116;-153.3661;-246.3773;-2728.886
16146;-153.5022;-247.5825;-2728.851
16186;-140.9707;-277.7258;-2707.14
16196;-143.9427;-271.7156;-2729.265
16236;-143.4939;-275.5752;-2728.839
16276;-139.4144;-285.1953;-2726.458
16306;-129.0781;-318.2131;-2716.616
16346;-124.4483;-324.7505;-2712.697
16366;-119.3152;-336.0409;-2707.391
16406;-116.0774;-347.436;-2702.316
16446;-114.1619;-350.0531;-2699.551
16466;-110.3314;-353.8719;-2696.176
16506;-107.0245;-360.4825;-2690.191
16536;-104.2508;-365.387;-2686.212
16586;-99.71613;-368.98;-2682.47
16606;-98.78469;-373.8922;-2679.39
16636;-99.92741;-376.8723;-2677.374
16686;-103.5021;-381.7923;-2678.463
16706;-107.3712;-383.5296;-2680.021
16736;-109.5774;-383.0641;-2681.724
16776;-111.7119;-400.0618;-2678.447
16806;-113.7554;-393.5236;-2681.106
16836;-115.5911;-393.206;-2682.911
16876;-116.1983;-392.7072;-2683.931
16906;-117.0922;-390.8994;-2684.929
16936;-115.9536;-387.2632;-2684.863
16976;-115.9985;-386.9112;-2684.488
16996;-115.7455;-386.6018;-2684.231
17036;-115.8637;-383.6895;-2684.396
17076;-114.7721;-380.9682;-2684.899
17116;-114.608;-375.4286;-2688.42
17146;-115.3181;-369.0371;-2691.363
17176;-117.4951;-360.1625;-2697.125
17216;-126.3492;-349.8736;-2705.144
17236;-130.1543;-341.6934;-2708.457
17286;-137.3617;-328.1534;-2714.47
17316;-143.0036;-302.5105;-2723.034
17346;-135.7494;-300.1974;-2731.234
17366;-136.1793;-278.3935;-2699.455
17406;-148.309;-263.9373;-2707.814
17436;-155.7609;-256.2487;-2717.544
17476;-159.5227;-206.2839;-2776.348
17506;-169.1756;-209.6127;-2769.299
17536;-119.7403;-235.2238;-2782.852
17576;-122.1418;-224.811;-2788.261
17606;-128.3654;-229.1223;-2768.264
17636;-124.4919;-232.5639;-2767.016
17676;-152.2647;-204.7067;-2796.101
17706;-155.8097;-258.7327;-2797.615
17736;-149.0791;-267.5399;-2778.727
17776;-166.2334;-209.9127;-2816.935
17806;-166.9178;-216.4713;-2811.979
17836;-148.1375;-269.0572;-2692.396
17876;-145.5443;-280.1768;-2704.46
17896;-136.6775;-296.6833;-2714.146
17956;-128.005;-312.1738;-2710.888
17966;-124.4754;-321.0847;-2704.909
18006;-121.2893;-328.4874;-2701.594
18036;-116.9411;-334.307;-2696.716
18077;-113.8182;-340.3413;-2691.908
18107;-111.8401;-345.4841;-2689.045
18157;-107.1145;-353.5028;-2682.948
18167;-106.519;-357.2934;-2681.011
18207;-104.6904;-361.7481;-2679.482
18247;-102.4958;-365.5474;-2676.196
18297;-101.5768;-372.2505;-2673.624
18307;-102.6248;-377.046;-2672.066
18337;-102.6359;-377.0811;-2672.027
18377;-103.3179;-377.7869;-2672.171
18407;-106.1854;-382.1295;-2674.338
18437;-111.3936;-381.0111;-2677.415
18467;-111.5075;-381.0512;-2677.663
18507;-111.5799;-381.5938;-2677.548
18537;-110.7968;-380.5681;-2678.13
18577;-114.7407;-380.0074;-2682.291
18607;-114.6989;-380.0076;-2682.32
18657;-117.5957;-379.6393;-2685.196
18667;-118.1308;-381.1131;-2685.921
18707;-123.1489;-380.8494;-2688.904
18747;-123.1152;-380.8293;-2688.829
18767;-123.1444;-380.7289;-2688.918
18807;-124.1332;-379.0747;-2687.112
18837;-125.3139;-377.5051;-2682.396
18867;-125.515;-377.1348;-2681.522
18907;-126.8283;-373.1886;-2678.87
18937;-126.6628;-371.5179;-2679.026
18967;-126.6516;-368.7014;-2679.949
19027;-124.1134;-366.2191;-2682.444
19037;-120.3728;-362.8953;-2686.294
19067;-119.8729;-359.7653;-2688.941
19107;-118.5639;-357.3682;-2690.922
19137;-113.9759;-348.6944;-2692.344
19167;-113.0107;-345.8161;-2693.659
19207;-111.3803;-342.6624;-2695.895
19237;-99.89633;-324.4016;-2699.882
19267;-99.65159;-322.7806;-2700.119
19307;-97.20647;-313.9978;-2699.971
19337;-88.34866;-303.3617;-2700.238
19387;-80.94022;-298.7599;-2702.449
19397;-80.38228;-297.5573;-2703.381
19437;-83.35376;-297.6697;-2705.258
19487;-82.90948;-303.9109;-2707.26
19517;-91.78319;-320.3042;-2708.074
19557;-105.0057;-330.629;-2707.698
19587;-109.0821;-335.5039;-2704.566
19617;-111.6069;-344.4004;-2701.591
19647;-112.4564;-345.4652;-2701.014
19667;-115.5873;-349.6095;-2699.431
19717;-115.6055;-352.5384;-2697.345
19727;-118.8092;-356.0161;-2695.322
19787;-123.2099;-364.8828;-2689.612
19807;-124.388;-364.9965;-2686.723
19847;-125.8148;-368.7751;-2684.342
19887;-126.2938;-369.8033;-2680.89
19917;-125.8239;-369.8898;-2680.519
19937;-122.8454;-370.3279;-2679.281
19967;-121.5965;-371.8547;-2679.993
20019;-116.0456;-372.3746;-2680.052
20039;-114.23;-372.101;-2680.525
20079;-111.257;-370.8886;-2679.479
20119;-108.1644;-371.0854;-2680.252
20139;-107.4263;-372.104;-2679.875
20179;-107.014;-373.6993;-2679.009
20209;-107.0578;-373.5151;-2679.08
20249;-107.6989;-374.7542;-2679.102
20289;-108.233;-374.8665;-2678.126
20309;-109.7268;-375.8579;-2674.61
20339;-109.3996;-375.2905;-2672.272
20369;-107.5374;-372.1666;-2671.356
20399;-107.4903;-369.1565;-2667.865
20439;-107.4833;-368.2087;-2667.419
20469;-106.2163;-366.1898;-2667.745
20499;-98.89638;-357.5536;-2669.162
20539;-96.19591;-356.2583;-2673.455
20589;-93.11545;-352.9435;-2680.304
20609;-88.88107;-349.3949;-2681.073
20649;-76.07462;-334.2714;-2683.287
20669;-67.52705;-331.6324;-2688.085
20719;-70.17075;-330.4449;-2685.389
20749;-76.56632;-296.556;-2719.413
20769;-68.0322;-287.6196;-2708.808
20809;-70.88715;-297.3808;-2711.74
20859;-48.04536;-262.1169;-2660.76
20879;-46.90085;-259.5935;-2659.491
20899;-47.71336;-259.6197;-2660.2
20959;-48.15872;-241.2036;-2670.053
20969;-54.18922;-245.3848;-2678.869
20999;-51.93121;-241.7478;-2682.828
21039;-57.3286;-243.6956;-2683.891
21069;-66.70131;-278.6202;-2692.195
21099;-91.25871;-313.3678;-2699.934
21139;-86.24317;-319.698;-2698.939
21169;-97.44112;-334.2739;-2696.824
21199;-98.56938;-343.3237;-2695.087
21239;-102.8623;-347.76;-2693.658
21289;-104.6304;-352.2507;-2690.715
21299;-108.4078;-357.48;-2686.495
21339;-110.7301;-359.2581;-2683.176
21369;-112.2621;-362.2182;-2678.07
21419;-111.5787;-365.7738;-2675.032
21449;-111.8932;-366.4462;-2674.187
21489;-112.9937;-368.0701;-2672.128
21499;-112.2673;-370.1784;-2671.385
21549;-111.3822;-370.277;-2672.023
21589;-108.6529;-369.4407;-2672.937
21599;-99.10677;-372.2414;-2672.898
21649;-96.68384;-372.9266;-2673.295
21659;-96.63102;-372.2188;-2672.814
21719;-95.76877;-373.1848;-2672.313
21749;-95.52557;-373.6834;-2672.703
21759;-96.71102;-374.0109;-2672.979
21819;-100.2147;-375.3611;-2671.625
21849;-102.2011;-376.8697;-2670.167
21879;-103.3284;-377.1745;-2666.686
21919;-104.2326;-376.5971;-2665.735
21929;-105.0668;-375.853;-2665.144
21979;-108.3851;-371.4362;-2665.099
21999;-108.8138;-370.8121;-2665.188
22029;-110.8007;-366.8067;-2667.736
22059;-108.3992;-363.0399;-2672.147
22119;-106.0563;-356.7254;-2679.853
22149;-106.1102;-351.2651;-2684.236
22179;-102.9646;-349.8875;-2685.553
22199;-91.38297;-347.7818;-2686.681
22229;-85.96381;-340.3177;-2689.334
22269;-82.24789;-337.3414;-2688.37
22319;-62.36345;-324.9551;-2691.012
22349;-77.52962;-313.5408;-2701.923
22379;-78.97501;-313.0507;-2700.595
22419;-70.67554;-307.4695;-2693.853
22449;-67.64942;-305.8853;-2688.902
22479;-50.58334;-280.6343;-2669.734
22509;-51.98792;-278.2564;-2672.571
22549;-51.65951;-248.5965;-2711.4
22579;-51.64708;-248.4757;-2711.495
22619;-52.64134;-247.3326;-2711.146
22629;-53.78851;-247.7505;-2710.949
22669;-77.38951;-271.3734;-2665.5
22719;-81.51268;-332.9879;-2691.281
22749;-84.00832;-334.6894;-2689.551
22769;-92.48958;-350.9596;-2687.239
22819;-94.76093;-352.0031;-2686.19
22849;-97.26617;-353.0076;-2684.589
22889;-100.6093;-356.468;-2681.099
22909;-103.4796;-362.3235;-2677.817
22929;-107.6144;-365.2623;-2674.783
22979;-109.5689;-366.1739;-2672.005
23019;-110.9821;-368.078;-2670.815
23049;-113.0498;-368.5794;-2669.845
23079;-113.0607;-368.6064;-2669.794
23109;-112.6524;-375.3705;-2667.063
23149;-111.8267;-374.7997;-2666.828
23259;-101.5592;-375.5609;-2668.528
23309;-96.16572;-374.317;-2668.077
23329;-95.97317;-374.4006;-2668.867
23339;-95.83558;-373.4695;-2668.391
23379;-98.94322;-373.0223;-2667.489
23419;-100.1808;-373.8545;-2666.352
23449;-100.5759;-371.4084;-2659.812
23479;-101.8211;-372.5384;-2657.613
23509;-101.8539;-371.2009;-2655.043
23549;-102.468;-369.1982;-2654.109
23579;-102.8722;-368.8435;-2654.184
23609;-101.5548;-362.218;-2655.354
23649;-98.5415;-357.7745;-2661.114
23679;-96.10291;-351.0272;-2668.925
23719;-93.1914;-348.2032;-2672.836
23739;-79.5529;-339.9406;-2676.807
23779;-78.72816;-338.3066;-2677.591
23809;-64.83364;-331.754;-2681.321
23849;-60.3841;-325.0086;-2678.729
23909;-80.24579;-292.8961;-2718.674
23919;-78.22694;-289.4642;-2713.304
23939;-76.46578;-301.7016;-2714.137
23969;-61.43582;-249.5721;-2709.059
24009;-52.22506;-246.376;-2699.612
24039;-48.64358;-255.4576;-2686.514
24069;-48.67256;-255.2635;-2686.039
24109;-60.70019;-240.2042;-2671.144
24149;-50.09568;-245.1922;-2649.519
24181;-60.77065;-247.4432;-2692.053
24221;-71.11768;-307.3719;-2676.892
24231;-66.24901;-332.837;-2691.604
24281;-82.72546;-342.8396;-2684.151
24311;-86.79906;-348.8607;-2683.737
24351;-97.9671;-354.0284;-2684.439
24371;-102.3046;-360.3009;-2681.829
24411;-103.2816;-364.9455;-2675.827
24451;-106.0299;-367.0171;-2672.959
24481;-107.2287;-368.486;-2668.956
24511;-111.7902;-368.8508;-2666.904
24551;-112.1784;-371.18;-2661.512
24581;-111.4011;-371.472;-2660.801
24611;-110.9198;-371.7576;-2660.752
24651;-108.4421;-376.261;-2659.75
24681;-101.5892;-377.3125;-2663.886
24711;-99.02595;-378.2179;-2664.337
24751;-97.46338;-378.7113;-2664.131
24781;-96.49626;-378.6082;-2663.61
24811;-95.75501;-377.6588;-2663.396
24841;-96.78902;-377.1194;-2663.359
24881;-99.48116;-376.5424;-2662.028
24911;-100.6603;-375.3088;-2660.522
24941;-101.8444;-377.0828;-2656.034
24971;-101.5785;-372.7184;-2653.023
25011;-102.5302;-365.9832;-2649.233
25046;-102.6109;-365.8504;-2649.422
25076;-99.32315;-362.4485;-2650.059
25116;-96.95094;-360.7029;-2651.561
25146;-85.54066;-353.7491;-2666.008
25166;-84.40165;-351.7383;-2667.136
25216;-79.19047;-344.9259;-2670.287
25246;-62.54066;-336.7083;-2677.206
25286;-47.77383;-309.7965;-2663.667
25316;-77.36951;-304.1248;-2711.487
25346;-73.93815;-300.1602;-2811.209
25386;-73.86439;-307.987;-2820.151
25416;-51.59048;-275.4107;-2753.575
25456;-47.36288;-257.5479;-2687.79
25476;-44.93784;-246.9177;-2688.396
25516;-47.17661;-239.9483;-2684.0
25546;-43.06326;-268.272;-2648.716
25566;-53.86259;-231.9276;-2688.783
25616;-50.02863;-223.7216;-2743.947
25646;-49.11642;-225.4703;-2746.223
25656;-46.87993;-229.8459;-2754.112
25696;-56.13313;-302.9724;-2757.624
25746;-85.05887;-331.4248;-2687.772
25776;-89.74197;-338.5695;-2685.142
25796;-96.67337;-345.617;-2684.454
25846;-100.1613;-350.798;-2683.167
25856;-104.0494;-354.576;-2681.039
25916;-106.5311;-359.5009;-2677.501
25926;-110.1184;-363.9864;-2674.625
25966;-112.0433;-367.0044;-2672.537
26016;-112.1794;-371.5645;-2667.258
26046;-112.9307;-371.6094;-2667.163
26076;-108.5385;-373.1259;-2667.241
26116;-105.3472;-374.7636;-2667.263
26146;-104.6424;-374.9955;-2666.766
26176;-102.8571;-377.0218;-2666.992
26196;-99.18336;-376.8343;-2668.028
26246;-99.0573;-376.7563;-2667.861
26276;-99.24334;-375.5388;-2667.127
26306;-99.51726;-375.017;-2666.365
26346;-100.1049;-374.4869;-2665.382
26376;-101.1186;-374.7726;-2662.318
26416;-102.5304;-373.0174;-2661.323
26446;-104.528;-370.3325;-2660.285
26476;-104.5806;-366.551;-2659.804
26506;-104.1826;-364.4655;-2661.08
26546;-99.69777;-360.4728;-2666.487
26576;-97.31908;-353.4367;-2675.753
26606;-94.99158;-350.5617;-2678.407
26626;-89.13142;-340.3554;-2681.091
26676;-84.34409;-332.396;-2684.007
26706;-61.27147;-305.3928;-2690.723
26746;-70.14552;-289.8348;-2726.051
26786;-66.82688;-286.905;-2717.997
26806;-69.13792;-299.9566;-2765.74
26846;-51.31763;-281.1866;-2750.11
26876;-54.33582;-223.2077;-2707.854
26906;-49.57198;-246.0764;-2690.862
26936;-36.90992;-252.0116;-2744.912
26976;-36.55978;-243.1138;-2751.288
27006;-34.50082;-239.4017;-2753.616
27046;-43.06937;-235.1605;-2760.064
27076;-54.74321;-279.429;-2802.575
27106;-103.3331;-340.0504;-2688.738
27146;-101.9569;-341.3989;-2688.088
27176;-101.2824;-344.8232;-2687.095
27206;-103.0967;-352.3966;-2683.281
27246;-105.181;-355.5975;-2681.454
27276;-107.1743;-359.4237;-2678.781
27306;-108.1504;-361.683;-2676.826
27346;-109.0402;-364.0813;-2673.463
27376;-111.5526;-364.4449;-2670.588
27406;-115.2011;-368.0277;-2668.076
27436;-114.6558;-370.8805;-2666.57
27476;-113.0847;-375.5051;-2664.252
27506;-112.8925;-375.8392;-2664.086
27546;-112.5512;-376.1394;-2664.151
27566;-110.3151;-377.0435;-2664.503
27606;-109.4528;-378.2698;-2664.321
27636;-100.349;-378.0456;-2665.665
27676;-99.32095;-377.8062;-2666.561
27706;-98.90228;-377.8563;-2666.753
27736;-99.41909;-377.6381;-2667.282
27776;-100.0601;-377.084;-2667.76
27806;-100.3478;-377.0883;-2667.364
27836;-101.3426;-376.3547;-2666.231
27876;-101.7386;-375.356;-2666.51
27906;-101.7129;-370.4116;-2664.801
27936;-102.0602;-370.0795;-2665.172
27976;-101.5086;-366.925;-2666.828
28006;-99.60121;-364.1202;-2670.831
28036;-95.96206;-355.7381;-2677.308
28076;-95.02155;-352.7286;-2681.232
28106;-93.44562;-350.6159;-2684.763
28136;-87.6227;-340.5882;-2685.255
28166;-71.58578;-336.1367;-2688.904
28206;-60.23135;-333.3706;-2696.6
28236;-63.99939;-326.5251;-2715.431
28286;-73.76982;-315.1087;-2726.623
28296;-75.49971;-310.5059;-2732.993
28336;-63.14923;-265.0518;-2791.573
28366;-64.39825;-223.4916;-2723.757
28406;-61.96666;-223.1974;-2714.48
28456;-55.77911;-206.3121;-2733.418
28486;-51.00639;-228.2661;-2752.688
28496;-62.47562;-221.7964;-2711.636
28556;-66.33318;-253.9122;-2668.455
28596;-55.50422;-261.7659;-2670.674
28616;-62.64254;-333.938;-2701.431
28656;-70.31108;-340.3078;-2698.196
28676;-76.21631;-346.5464;-2694.476
28726;-89.67552;-354.5443;-2690.178
28746;-91.78548;-356.9155;-2689.243
28776;-97.56969;-362.6562;-2685.895
28806;-103.6193;-367.0427;-2684.336
28836;-103.4923;-368.5212;-2681.968
28876;-104.4085;-369.8455;-2680.189
28926;-109.2947;-374.4308;-2678.014
29006;-111.0237;-376.0755;-2676.651
29046;-110.8068;-376.1237;-2676.036
29076;-106.6926;-377.3164;-2675.517
29116;-105.1409;-378.5111;-2674.775
29136;-104.7534;-378.3033;-2674.749
29176;-98.95;-378.2282;-2677.101
29206;-96.09109;-377.963;-2678.12
29236;-96.11834;-377.8927;-2678.211
29276;-97.63924;-376.993;-2677.7
29306;-98.01408;-376.9232;-2677.354
29336;-99.76673;-377.1505;-2674.241
29376;-100.3919;-375.3283;-2672.896
29406;-101.6035;-373.5797;-2671.782
29436;-102.7173;-372.6227;-2671.569
29476;-102.9042;-369.0804;-2670.671
29506;-101.9813;-365.4301;-2670.878
29556;-99.88409;-362.23;-2673.169
29576;-94.42125;-354.3615;-2677.498
29626;-90.75264;-350.0061;-2679.688
29646;-81.79556;-343.9913;-2680.394
29686;-79.61561;-342.0929;-2680.494
29706;-67.91805;-334.5666;-2684.626
29736;-48.9229;-299.5508;-2681.073
29776;-71.86931;-308.2973;-2734.892
29806;-58.31273;-297.8185;-2723.578
29836;-72.99712;-302.3292;-2724.645
29886;-68.97888;-295.2313;-2701.491
29896;-58.45544;-286.3815;-2724.587
29936;-44.91441;-257.1375;-2734.197
29986;-43.17671;-232.7493;-2754.543
30016;-39.96029;-233.5004;-2750.671
30036;-47.11866;-231.2204;-2739.16
30068;-30.65945;-242.0752;-2763.051
30098;-50.92459;-321.1943;-2677.177
30138;-70.3742;-343.1396;-2691.596
30168;-78.24452;-347.6476;-2687.835
30198;-84.6697;-351.774;-2685.262
30238;-90.28884;-357.1599;-2681.426
30268;-94.94893;-362.1171;-2678.583
30318;-94.81631;-366.8396;-2673.345
30348;-97.59197;-367.892;-2668.995
30368;-101.0085;-370.7765;-2665.387
30398;-103.4214;-372.0006;-2663.432
30438;-102.2701;-374.1045;-2659.503
30488;-103.1602;-374.8307;-2658.779
30518;-103.2904;-374.9185;-2658.679
30548;-101.514;-375.5291;-2658.459
30588;-96.32108;-377.1711;-2658.886
30608;-96.15556;-376.7865;-2658.892
30648;-96.42207;-375.9298;-2659.215
30688;-96.54988;-376.062;-2659.242
30718;-94.92408;-375.786;-2659.935
30748;-95.26273;-375.5341;-2659.567
30778;-95.89864;-375.1268;-2659.194
30818;-96.06047;-375.3825;-2658.825
30848;-97.54667;-376.6028;-2655.608
30878;-97.29604;-375.2302;-2655.295
30918;-98.08948;-371.6678;-2653.866
30948;-99.89381;-369.6582;-2653.939
30978;-99.13023;-367.5204;-2653.594
31008;-97.10281;-364.7458;-2654.276
31038;-92.60367;-360.9695;-2659.083
31078;-88.54758;-352.5284;-2665.871
31108;-85.73218;-351.4811;-2669.053
31148;-83.51122;-349.4049;-2670.45
31178;-73.68558;-341.6396;-2672.762
31208;-72.97434;-337.8048;-2671.849
31238;-54.37128;-321.3583;-2668.872
31278;-74.0916;-309.4323;-2702.458
31308;-74.01947;-308.1403;-2702.762
31348;-66.73232;-305.4057;-2693.222
31378;-59.23803;-339.1923;-2658.979
31408;-55.84108;-249.1819;-2684.944
31448;-55.65671;-249.9217;-2684.088
31478;-34.66643;-245.1914;-2731.789
31528;-40.04136;-244.4027;-2735.782
31538;-55.87208;-239.3818;-2751.885
31578;-55.72856;-296.9651;-2821.728
31608;-75.79177;-342.1198;-2692.18
31648;-85.96709;-348.4516;-2688.292
31678;-97.8248;-354.2992;-2687.434
31708;-97.96938;-355.9472;-2685.509
31738;-99.40013;-360.9837;-2681.917
31778;-99.95561;-363.7438;-2677.939
31808;-100.7702;-365.3112;-2674.302
31838;-104.0472;-368.6017;-2671.613
31878;-104.1441;-370.2401;-2669.651
31908;-104.1094;-371.4642;-2665.372
31948;-104.6012;-372.763;-2663.39
31968;-104.7924;-373.3696;-2661.966
32008;-104.7895;-373.7953;-2661.953
32038;-103.2258;-374.3531;-2662.174
32078;-99.57424;-377.8701;-2663.331
32128;-95.57491;-378.8096;-2664.801
32138;-95.72839;-378.3126;-2664.637
32178;-95.73763;-378.2881;-2664.627
32208;-96.71353;-379.1272;-2665.055
32238;-98.02449;-380.9681;-2664.431
32278;-98.29314;-380.7475;-2664.37
32318;-99.937;-379.9922;-2662.792
32358;-100.1884;-380.105;-2663.042
32378;-100.8231;-377.8248;-2663.197
32408;-101.9962;-375.6059;-2662.133
32438;-101.431;-374.039;-2662.218
32478;-99.29583;-368.7535;-2665.306
32508;-93.54885;-363.7531;-2668.813
32538;-91.30975;-358.0971;-2675.473
32578;-85.06648;-353.1849;-2678.247
32608;-72.14866;-340.1146;-2684.74
32638;-69.98454;-333.5721;-2687.113
32678;-48.83542;-300.4142;-2691.102
32708;-49.99715;-288.1194;-2719.319
32738;-51.82877;-288.6543;-2714.388
32778;-56.89404;-292.482;-2710.821
32808;-56.33236;-291.377;-2710.008
32838;-55.94641;-291.5319;-2710.278
32878;-54.94007;-284.6367;-2707.122
32908;-55.9873;-280.8;-2692.258
32938;-55.34343;-256.6527;-2695.146
32968;-39.86923;-233.6754;-2750.201
33008;-47.38163;-228.4296;-2747.362
33038;-34.95585;-250.3671;-2781.782
33068;-76.34457;-335.2526;-2693.162
33108;-79.28329;-337.7873;-2693.158
33138;-91.8369;-346.2847;-2689.151
33178;-93.44845;-352.9692;-2687.893
33208;-100.8088;-357.1796;-2686.394
33238;-103.1123;-362.2719;-2684.031
33268;-103.9523;-365.7481;-2681.645
33308;-102.6175;-370.431;-2677.986
33338;-103.9602;-371.7746;-2676.082
33388;-104.2538;-373.3899;-2674.627
33418;-104.6879;-376.469;-2671.539
33458;-104.9427;-377.6561;-2670.392
33468;-104.6082;-379.367;-2669.31
33508;-104.8282;-380.3201;-2668.57
33558;-103.87;-380.2607;-2668.328
33578;-99.3318;-381.061;-2669.571
33598;-99.62589;-380.9569;-2669.151
33638;-99.5531;-380.6886;-2669.058
33668;-100.1638;-380.0005;-2668.301
33698;-102.1458;-380.1581;-2667.662
33738;-103.9211;-381.8045;-2667.063
33768;-105.1412;-381.5383;-2666.995
33818;-105.8441;-382.4655;-2665.788
33848;-106.2428;-381.551;-2665.267
33868;-109.5991;-378.0305;-2664.049
33918;-110.427;-376.8715;-2663.456
33948;-110.6024;-375.3944;-2663.154
33968;-109.4729;-371.0083;-2663.241
34018;-107.3983;-369.8313;-2666.25
34048;-102.267;-366.6205;-2674.632
34088;-100.1614;-362.3329;-2677.037
34119;-100.5008;-359.2987;-2679.861
34149;-94.65024;-349.0065;-2679.387
34179;-95.51742;-347.1595;-2679.895
34199;-89.05469;-333.0898;-2675.909
34249;-83.8462;-334.5012;-2687.501
34279;-82.6159;-335.4238;-2687.304
34299;-68.66032;-332.3135;-2698.005
34349;-80.21478;-330.9733;-2700.624
34379;-84.87759;-317.3389;-2705.313
34419;-79.15894;-319.8781;-2701.026
34449;-78.7527;-325.7352;-2700.457
34479;-86.41849;-327.7579;-2702.024
34509;-89.35435;-329.6962;-2710.321
34539;-94.93009;-339.3642;-2703.024
34579;-110.4056;-360.6641;-2683.519
34609;-112.6099;-362.88;-2683.071
34649;-112.9793;-363.5694;-2683.595
34679;-118.4494;-366.1895;-2685.074
34709;-122.9143;-366.0807;-2702.616
34749;-126.3399;-378.5976;-2691.563
34779;-122.2705;-386.9477;-2681.037
34809;-122.5264;-387.6371;-2679.448
34839;-123.4968;-388.046;-2676.281
34879;-123.7247;-388.0797;-2674.866
34909;-123.3947;-388.1099;-2674.277
34959;-123.5152;-388.3039;-2673.715
34979;-123.3883;-388.5872;-2673.521
35019;-122.4486;-393.2273;-2670.78
35039;-121.3538;-392.1996;-2670.958
35081;-120.9539;-391.2871;-2670.791
35111;-120.8002;-391.2443;-2670.792
35151;-120.3183;-391.3721;-2670.702
35181;-120.3373;-391.3315;-2670.652
35211;-120.77;-391.2809;-2670.651
35251;-121.3645;-391.5686;-2670.254
35281;-122.6732;-392.0185;-2667.836
35311;-123.2694;-390.7262;-2668.124
35341;-123.2374;-388.459;-2667.93
35381;-121.6578;-384.7218;-2666.966
35411;-118.9682;-379.2113;-2667.107
35441;-117.0852;-375.2811;-2667.668
35481;-111.9705;-371.3003;-2671.835
35511;-105.1702;-365.7678;-2677.736
35551;-101.6416;-363.4883;-2681.321
35581;-96.06349;-359.6284;-2684.439
35611;-70.7478;-348.7936;-2691.898
35641;-64.49648;-343.3836;-2692.767
35681;-74.95028;-336.4877;-2701.54
35721;-78.8055;-328.8845;-2703.838
35741;-85.0583;-332.4613;-2684.01
35781;-81.99424;-325.3498;-2673.095
35811;-57.71206;-318.6808;-2656.114
35851;-44.74014;-251.4694;-2621.596
35881;-60.27654;-246.0881;-2626.494
35911;-61.67097;-249.2507;-2627.801
35951;-63.02539;-250.7501;-2629.073
35971;-67.88471;-256.0384;-2674.87
36021;-88.73099;-332.6561;-2698.124
36041;-73.57378;-340.7535;-2700.977
36091;-80.81228;-349.2891;-2697.753
36121;-86.1477;-353.2611;-2695.817
36141;-88.80814;-356.6269;-2692.98
36171;-91.83272;-360.8505;-2693.945
36231;-96.75064;-366.2498;-2690.154
36241;-100.3016;-369.7475;-2687.357
36291;-104.1189;-370.6875;-2685.375
36301;-107.0489;-373.3194;-2684.548
36341;-112.095;-375.5677;-2682.466
36371;-112.2281;-375.6452;-2682.416
36421;-114.035;-378.5627;-2681.569
36461;-115.3537;-380.1626;-2680.537
36511;-115.6954;-381.6558;-2681.776
36541;-115.3721;-381.6972;-2682.136
36581;-114.1061;-382.0458;-2683.857
36611;-111.6449;-380.4007;-2684.137
36641;-110.3267;-379.3376;-2686.448
36681;-108.4345;-379.7289;-2687.738
36711;-107.4158;-379.5903;-2688.332
36741;-106.7935;-379.4565;-2688.431
36781;-106.8203;-380.6205;-2689.088
36831;-106.535;-381.5622;-2689.263
36841;-106.2965;-381.6692;-2689.377
36881;-104.6664;-382.0134;-2688.967
36911;-104.2563;-382.4949;-2689.21
36951;-105.1824;-383.3695;-2689.991
36981;-105.3332;-384.9394;-2689.848
37021;-105.3379;-385.0365;-2689.867
37041;-105.0681;-384.9299;-2689.866
37081;-105.1595;-385.0506;-2690.081
37111;-105.4804;-386.1173;-2690.098
37151;-105.3993;-386.6386;-2690.823
37171;-104.6649;-387.4532;-2690.857
37211;-103.9028;-387.2186;-2689.337
37241;-103.8645;-387.1133;-2689.103
37281;-103.7497;-387.1366;-2688.987
37311;-102.9784;-386.2168;-2687.315
37341;-102.2207;-385.7337;-2686.952
37381;-101.8707;-384.1469;-2686.282
37411;-100.7391;-383.7272;-2685.156
37441;-100.4336;-381.8833;-2683.663
37481;-98.65891;-380.061;-2682.372
37511;-97.59647;-378.313;-2681.699
37541;-95.1567;-375.558;-2679.946
37581;-93.46077;-374.7258;-2679.442
37611;-86.88125;-374.8622;-2679.699
37641;-82.12566;-371.822;-2679.054
37671;-70.95425;-367.3797;-2679.548
37711;-67.85306;-366.4672;-2678.236
37741;-65.50369;-365.1735;-2680.503
37771;-59.57222;-364.1511;-2682.274
37811;-56.96663;-363.5576;-2683.264
37841;-51.55099;-363.8636;-2683.67
37871;-45.14503;-363.1907;-2682.945
37911;-41.47689;-362.3448;-2683.27
37941;-38.83319;-361.3659;-2682.923
37971;-34.77128;-360.722;-2683.787
38011;-31.42554;-360.1823;-2683.878
38041;-25.77893;-360.3177;-2685.34
38081;-20.162;-361.4697;-2687.903
38111;-16.21758;-362.196;-2688.619
38141;-13.54165;-362.4417;-2689.533
38181;-10.37541;-363.0082;-2690.367
38211;-6.026639;-365.8921;-2689.566
38241;-0.02097245;-369.797;-2688.515
38281;3.347393;-371.4941;-2689.544
38311;3.68609;-371.453;-2689.844
38341;5.39908;-372.0687;-2689.84
38371;5.838842;-371.8899;-2690.702
38411;6.603289;-371.7197;-2691.76
38461;7.190075;-372.3193;-2692.305
38471;7.295712;-372.2674;-2692.382
38531;7.609821;-371.6907;-2692.573
38541;7.606448;-371.6466;-2692.545
38581;7.596416;-371.2862;-2691.6
38611;7.720841;-370.818;-2689.336
38641;7.675825;-370.5358;-2685.631
38681;6.984034;-370.2667;-2681.471
38711;4.761177;-368.5943;-2675.298
38741;-0.5560476;-365.9177;-2668.77
38771;-2.608479;-362.8487;-2663.961
38811;-2.336444;-361.8272;-2660.702
38841;-3.026454;-361.335;-2658.795
38871;-6.612226;-360.3334;-2652.66
38911;-9.213148;-357.722;-2647.401
38941;-9.007518;-356.5742;-2644.013
38991;-9.493459;-356.1602;-2640.434
39021;-8.441035;-355.1512;-2635.37
39041;-7.533188;-355.1564;-2632.292
39081;-5.348495;-354.3564;-2628.464
39121;-3.490833;-350.9828;-2619.884
39141;1.776774;-350.4772;-2614.568
39191;8.604721;-351.3936;-2608.834
39201;15.14053;-352.2638;-2604.526
39241;22.43763;-351.8576;-2597.547
39271;34.04961;-351.6317;-2589.186
39311;46.35384;-352.508;-2583.218
39341;60.52928;-353.6125;-2576.258
39371;75.05173;-353.5868;-2568.966
39411;91.80592;-354.2004;-2561.036
39441;110.4886;-348.5308;-2555.073
39521;136.6807;-345.9149;-2546.357
39661;188.5578;-336.9439;-2539.773
39671;195.7349;-333.7291;-2537.552
39691;234.4037;-319.0396;-2522.979
39711;246.3131;-312.2538;-2519.143
39741;254.629;-312.1941;-2516.654
39781;262.9007;-309.1754;-2512.61
39811;276.1331;-306.8688;-2509.021
39861;284.6214;-306.4924;-2506.856
39871;293.5062;-307.4896;-2502.225
39931;299.212;-305.9839;-2499.673
39951;303.3047;-306.4899;-2496.674
39981;310.1504;-305.6301;-2490.264
40011;312.7575;-304.6034;-2487.999
40041;314.9913;-303.9528;-2484.132
40091;316.4896;-303.4659;-2481.649
40107;317.4854;-303.4945;-2480.157
40145;318.4213;-303.2973;-2478.612
40185;319.4514;-302.8477;-2477.053
40225;320.6878;-303.1198;-2475.135
40245;322.1753;-302.7769;-2473.016
40275;324.4408;-302.7066;-2470.947
40305;326.5999;-302.8562;-2469.979
40335;329.6703;-302.3754;-2468.121
40375;333.8043;-301.9362;-2467.143
40405;338.3176;-301.1689;-2466.565
40455;342.6873;-300.3155;-2465.911
40485;346.8349;-299.9071;-2465.745
40505;352.3165;-298.1036;-2464.365
40555;355.1952;-297.451;-2464.361
40585;359.2077;-295.9172;-2464.145
40605;361.8548;-296.2754;-2463.283
40655;364.453;-295.7296;-2462.029
40715;367.5439;-294.3398;-2460.987
40739;370.5475;-293.2198;-2460.556
40755;373.4658;-292.6394;-2460.309
40767;376.6968;-292.0411;-2459.762
40807;379.4692;-292.1463;-2457.557
40857;382.3744;-291.8957;-2456.577
40887;385.0197;-291.8732;-2455.014
40917;385.46;-292.3629;-2454.152
40957;386.1989;-291.793;-2452.704
40967;386.4716;-291.7125;-2451.995
41017;386.4471;-291.6375;-2451.328
41057;385.7229;-291.2986;-2450.056
41077;384.2959;-291.413;-2448.151
41117;381.2483;-291.8401;-2444.677
41157;379.1706;-292.4277;-2441.647
41167;377.0026;-292.6048;-2438.284
41207;372.3431;-294.3873;-2433.604
41237;367.2886;-294.2587;-2429.504
41277;362.4682;-295.0942;-2423.605
41307;357.1847;-294.4093;-2419.328
41337;352.4359;-295.9668;-2414.686
41377;346.3382;-296.4594;-2410.706
41427;340.7838;-296.8105;-2407.363
41457;334.5394;-296.748;-2404.987
41477;328.6772;-296.3307;-2402.184
41507;322.3134;-297.723;-2400.416
41547;312.2693;-299.889;-2399.485
41577;306.5373;-301.1563;-2399.062
41617;297.0284;-303.5577;-2398.469
41637;290.2368;-306.4639;-2397.95
41677;283.207;-309.0374;-2397.806
41707;274.8389;-313.6696;-2399.261
41747;269.8861;-317.8577;-2400.038
41777;263.3415;-319.7969;-2402.262
41807;253.8404;-323.4246;-2406.012
41847;249.9427;-324.254;-2406.532
41867;243.1564;-325.9562;-2408.384
41907;238.0046;-326.0348;-2408.269
41937;224.1018;-327.5986;-2410.552
41977;220.7829;-327.4933;-2409.573
42007;216.2929;-327.4273;-2408.872
42037;211.7489;-328.0236;-2406.088
42077;206.4952;-327.9496;-2404.108
42107;201.1693;-326.5142;-2402.347
42138;196.8744;-325.0092;-2400.558
42178;194.8357;-322.9354;-2399.029
42208;193.5298;-321.7804;-2399.291
42238;192.0432;-319.3655;-2399.967
42268;191.8667;-318.3591;-2400.835
42298;191.5063;-317.47;-2402.0
42358;191.9051;-316.6454;-2406.285
42368;195.0214;-316.7109;-2412.098
42408;197.6331;-317.8074;-2418.248
42438;205.5856;-320.6492;-2428.486
42468;207.1494;-321.5042;-2432.804
42508;212.8603;-323.0788;-2439.194
42538;221.0017;-324.4063;-2450.024
42568;224.9306;-325.6806;-2457.148
42608;228.9446;-324.9464;-2464.226
42658;237.5691;-328.8063;-2475.264
42688;245.1003;-328.9836;-2483.131
42718;255.3837;-330.0823;-2492.749
42738;269.8482;-330.1376;-2501.456
42788;278.8644;-330.4794;-2506.823
42818;286.5886;-329.5182;-2513.118
42858;295.9698;-330.655;-2517.175
42878;302.5147;-330.6593;-2520.887
42918;310.0039;-333.0002;-2525.268
42958;317.6784;-337.2797;-2526.923
42968;322.121;-340.5875;-2527.05
43008;326.8581;-344.2378;-2526.878
43058;334.2003;-350.9161;-2522.581
43068;339.0867;-354.2181;-2522.21
43108;342.6243;-354.9687;-2522.706
43138;345.7388;-353.6035;-2523.84
43168;353.9542;-341.7613;-2530.789
43208;360.4002;-294.9285;-2541.512
43238;359.6003;-271.4544;-2547.364
43288;370.9005;-226.7917;-2567.718
43318;368.1861;-221.5707;-2574.144
43358;365.3821;-204.3378;-2586.069
43368;368.1121;-198.9805;-2591.9
43408;374.2636;-190.6861;-2590.407
43438;379.3901;-198.0413;-2593.362
43468;388.4573;-224.3998;-2595.983
43518;395.9975;-274.0494;-2591.352
43548;397.3222;-296.36;-2587.098
43588;397.1928;-312.1401;-2584.833
43618;394.4109;-325.946;-2583.4
43648;393.2102;-332.2573;-2581.182
43688;391.9328;-335.9789;-2580.835
43718;391.2141;-337.8159;-2580.244
43748;390.4853;-338.0266;-2579.242
43788;389.7953;-337.7747;-2578.475
43798;388.4439;-337.5725;-2578.326
43838;387.665;-337.3258;-2577.484
43868;386.8984;-337.2112;-2576.48
43918;385.792;-337.6785;-2574.801
43938;384.6766;-338.8435;-2573.193
43988;383.8906;-339.3077;-2571.276
43998;382.0027;-340.9462;-2567.586
44048;380.4444;-341.5311;-2565.434
44068;376.8949;-343.9813;-2564.555
44118;375.3506;-344.6552;-2563.131
44148;373.5224;-344.5311;-2562.322
44178;371.1344;-344.6559;-2559.594
44218;367.8612;-344.7065;-2559.09
44238;363.8847;-344.6861;-2556.76
44278;359.9423;-344.3312;-2555.537
44318;356.5619;-344.6671;-2553.344
44348;352.0607;-344.9828;-2553.61
44378;347.8763;-345.3579;-2552.311
44418;339.8677;-346.8468;-2551.519
44448;333.4605;-348.6353;-2551.033
44478;329.8209;-348.9941;-2550.05
44518;321.8873;-351.5448;-2547.481
44548;316.1323;-351.7825;-2545.266
44578;307.7663;-353.5193;-2542.376
44618;299.2086;-353.8752;-2539.253
44648;296.11;-354.4501;-2538.924
44678;292.8304;-355.3056;-2538.771
44708;287.2655;-356.2566;-2537.718
44748;284.9623;-356.9652;-2537.805
44778;281.6901;-356.9012;-2538.062
44808;278.7947;-356.0708;-2537.992
44848;278.1552;-356.2541;-2538.482
44878;277.888;-355.4444;-2539.928
44908;278.1614;-355.5597;-2541.245
44948;278.382;-354.0635;-2542.733
44978;281.4736;-353.4226;-2545.482
45028;290.557;-351.2903;-2553.188
45068;296.9432;-350.6749;-2557.985
45088;312.4905;-349.8666;-2566.666
45118;325.4026;-353.1733;-2578.062
45151;343.6694;-352.4494;-2594.484
45181;360.092;-353.6426;-2605.363
45211;376.5849;-360.5922;-2623.002
45251;393.5955;-356.35;-2637.117
45281;406.7717;-354.8653;-2655.425
45321;418.1652;-351.7054;-2667.704
45331;431.6503;-354.9598;-2684.04
45391;447.2663;-360.2697;-2693.702
45401;458.0867;-361.3268;-2701.916
45441;462.7218;-360.1588;-2706.828
45471;472.6334;-358.9948;-2713.641
45501;482.026;-358.558;-2716.452
45551;490.4993;-355.2714;-2721.236
45581;490.843;-354.9428;-2723.058
45601;499.429;-351.8007;-2724.875
45651;502.8917;-349.4466;-2725.247
45681;504.0823;-350.7195;-2725.934
45721;504.4599;-350.9267;-2726.187
45751;506.4485;-350.8926;-2726.806
45781;508.7365;-351.2158;-2726.477
45821;508.5214;-351.7979;-2725.966
45851;508.8205;-352.5706;-2725.075
45881;508.8827;-351.3722;-2720.62
45921;507.5166;-351.9517;-2718.265
45941;500.8966;-352.1679;-2716.146
45981;496.9292;-347.855;-2713.175
46011;495.7845;-344.6227;-2712.353
46051;490.7065;-331.3208;-2709.896
46081;492.7077;-321.6132;-2708.41
46111;493.0118;-317.4346;-2709.562
46151;499.0585;-301.8405;-2707.881
46161;500.2344;-293.4266;-2708.962
46221;502.2631;-256.5982;-2718.448
46251;502.7989;-254.6376;-2717.497
46291;501.3853;-270.3699;-2694.449
46311;500.5639;-277.714;-2686.093
46351;496.7558;-288.9228;-2671.664
46391;489.5015;-296.5437;-2658.872
46421;476.5014;-303.4185;-2644.061
46451;460.9547;-310.7277;-2628.482
46491;445.097;-323.1321;-2609.192
46521;430.113;-324.6909;-2589.226
46551;425.1432;-323.9352;-2573.045
46591;415.8407;-321.0926;-2554.992
46711;392.5308;-316.6729;-2524.917
46731;380.3196;-317.3536;-2499.963
46751;374.5619;-315.0925;-2490.924
46791;371.6847;-312.3793;-2484.063
46811;367.7557;-309.1648;-2479.902
46841;364.9944;-305.3146;-2475.137
46881;366.0318;-303.0722;-2471.723
46921;364.7147;-303.0407;-2469.149
46951;364.9323;-302.1826;-2466.751
46981;365.6757;-301.1252;-2462.184
47011;369.6601;-301.2372;-2458.323
47041;375.6482;-299.5402;-2454.433
47081;378.4657;-300.2107;-2452.798
47111;381.7291;-299.0674;-2449.8
47151;388.691;-298.4694;-2443.525
47181;395.9726;-296.0692;-2434.709
47211;408.7209;-293.7207;-2427.602
47251;415.7355;-295.1932;-2424.099
47281;420.1554;-295.1354;-2420.847
47311;432.3624;-294.0143;-2412.879
47341;446.8027;-294.2032;-2405.52
47381;458.933;-292.4301;-2400.596
47411;464.2141;-290.8239;-2396.597
47441;484.4545;-288.7646;-2385.753
47471;494.6674;-289.2738;-2381.277
47511;504.6404;-291.1864;-2377.904
47541;510.7476;-291.2993;-2372.659
47581;520.369;-288.7208;-2363.897
47611;528.0093;-285.7485;-2357.654
47641;535.9307;-282.5705;-2351.954
47681;544.0273;-280.5877;-2345.324
47711;546.4172;-280.2007;-2344.101
47741;550.1749;-278.2506;-2340.865
47781;551.9672;-276.9664;-2338.699
47811;553.123;-275.8102;-2337.5
47841;555.4185;-269.2719;-2336.991
47871;559.3789;-258.0051;-2338.602
47911;561.3447;-255.8335;-2341.146
47941;562.9094;-233.0222;-2352.438
47971;566.2324;-220.0916;-2357.829
48011;568.9179;-200.8236;-2363.926
48041;569.5936;-198.9908;-2365.545
