
0;-299.0812;-233.8149;-2665.986
30;-298.8933;-233.8773;-2666.019
70;-298.1014;-235.0651;-2665.66
100;-297.81;-236.0021;-2665.812
150;-297.3349;-235.3031;-2666.449
180;-297.0442;-232.5145;-2667.272
200;-296.8849;-232.3746;-2667.015
250;-296.677;-231.2607;-2667.263
280;-296.8522;-231.1808;-2667.076
310;-295.8354;-234.4563;-2665.206
340;-295.7798;-234.2786;-2665.239
380;-295.2627;-234.8782;-2664.736
410;-294.4807;-235.1117;-2664.568
440;-293.8781;-234.2691;-2664.928
480;-292.7914;-235.3883;-2663.818
510;-292.2147;-235.8061;-2663.352
570;-291.9174;-235.9875;-2663.304
590;-290.56;-236.9781;-2662.958
600;-289.114;-237.1559;-2662.451
640;-286.5959;-240.3178;-2660.422
670;-280.3771;-252.8694;-2653.287
710;-275.3336;-253.7418;-2654.343
730;-272.2465;-257.9054;-2652.45
770;-270.7806;-259.1941;-2651.801
810;-265.0331;-259.2725;-2651.935
840;-261.7975;-261.1647;-2652.289
890;-255.084;-264.434;-2653.343
910;-251.9598;-264.331;-2654.13
930;-243.1414;-268.1811;-2654.235
970;-234.5769;-269.4404;-2655.357
1000;-224.8322;-272.0508;-2655.472
1040;-214.3487;-274.3912;-2656.367
1090;-205.6247;-277.5494;-2655.275
1110;-194.587;-280.3127;-2654.432
1140;-183.2137;-283.9479;-2653.14
1170;-171.7273;-286.2527;-2653.913
1200;-163.4165;-288.2304;-2653.105
1250;-154.135;-288.7263;-2653.762
1270;-145.4745;-291.9606;-2653.935
1300;-138.629;-291.9395;-2655.08
1340;-127.9089;-297.1181;-2653.86
1370;-117.0039;-293.7847;-2658.089
1400;-107.3063;-296.0044;-2658.293
1440;-98.75053;-296.3833;-2658.977
1470;-88.78288;-294.0779;-2661.45
1500;-81.25794;-292.8336;-2662.015
1530;-68.64087;-301.0019;-2661.913
1570;-57.23484;-298.4655;-2664.149
1600;-46.76673;-300.0235;-2665.116
1650;-35.48959;-300.7064;-2668.885
1680;-26.05744;-304.2127;-2672.364
1720;-14.88093;-302.509;-2679.574
1750;-9.728215;-303.3368;-2681.89
1780;-3.58463;-307.3825;-2685.925
1800;4.534564;-308.2903;-2691.095
1830;9.551528;-306.9635;-2696.482
1890;14.2626;-307.4095;-2699.546
1910;15.02925;-308.9117;-2700.957
1930;18.62621;-306.1907;-2706.729
1970;19.28534;-304.0522;-2710.085
2040;17.20911;-300.4653;-2715.966
2070;15.76301;-300.3977;-2718.088
2110;13.20055;-299.0687;-2720.895
2140;11.07441;-298.5888;-2723.114
2180;8.448885;-296.7979;-2725.601
2200;4.907566;-296.0913;-2728.353
2240;-1.217963;-297.5719;-2730.714
2270;-3.347687;-298.0771;-2730.995
2310;-5.592606;-300.1216;-2731.705
2340;-7.824619;-299.6615;-2732.818
2370;-9.36428;-301.0135;-2733.351
2410;-10.8195;-300.9033;-2733.658
2440;-11.48322;-301.1643;-2733.555
2470;-11.43647;-301.6632;-2733.101
2510;-11.34817;-302.465;-2732.286
2550;-15.99985;-305.7468;-2730.027
2570;-15.72513;-306.6158;-2728.844
2610;-18.42383;-307.7648;-2726.93
2630;-18.61679;-307.936;-2726.262
2670;-18.43464;-307.7421;-2725.667
2710;-14.71593;-305.3224;-2723.676
2730;-11.05301;-301.9535;-2722.21
2770;-9.468639;-299.9346;-2721.837
2800;-9.409768;-299.8127;-2721.834
2840;-10.0558;-300.1081;-2722.071
2880;-9.897654;-300.2282;-2721.959
2890;-8.128846;-299.4421;-2722.04
2930;-7.341598;-298.9694;-2721.493
2980;-5.058735;-297.805;-2720.299
3010;-2.406183;-296.3591;-2719.935
3030;0.4393511;-293.7079;-2719.692
3080;2.232309;-287.0388;-2721.058
3110;3.029564;-282.0826;-2724.046
3140;5.801545;-272.2968;-2730.655
3180;2.905024;-271.8947;-2731.125
3210;-0.4941022;-266.7776;-2733.405
3260;-8.638754;-256.0804;-2736.994
3300;-9.336448;-244.1258;-2741.398
3330;-36.18391;-209.5935;-2757.524
3370;-34.68847;-188.7993;-2766.304
3420;-33.40586;-189.5547;-2765.63
3450;-35.47303;-186.5441;-2767.859
3480;-38.46476;-167.38;-2777.827
3520;-40.26707;-166.3209;-2778.573
3550;-44.61635;-162.4737;-2779.185
3570;-44.25512;-160.6838;-2779.647
3620;-46.07481;-154.4198;-2780.765
3640;-46.6478;-164.4532;-2777.581
3670;-44.96178;-186.1783;-2767.872
3720;-42.29268;-181.9316;-2769.194
3750;-40.10643;-182.889;-2768.184
3780;-24.78974;-217.4594;-2758.55
3820;-23.10086;-224.3569;-2753.154
3830;-22.52228;-224.6546;-2752.694
3890;-20.38291;-241.0958;-2743.48
3900;-18.90344;-243.895;-2741.587
3930;-12.8411;-251.9669;-2738.322
3970;-11.85927;-257.1028;-2734.945
4000;-14.72745;-273.2311;-2723.113
4030;-14.92573;-276.8692;-2720.568
4070;-14.59001;-278.9351;-2719.232
4120;-12.65258;-282.1836;-2717.226
4130;-11.6353;-286.477;-2714.753
4170;-11.67257;-288.0121;-2714.167
4200;-12.0572;-288.6671;-2713.622
4240;-19.72068;-297.3344;-2710.647
4270;-22.62803;-303.0943;-2708.005
4300;-23.83062;-303.9183;-2706.912
4350;-24.23447;-304.3158;-2706.584
4370;-24.38751;-304.3586;-2706.244
4420;-25.65278;-304.0038;-2706.639
4450;-27.27788;-304.9103;-2707.927
4490;-27.4615;-305.0377;-2708.088
4510;-27.66569;-303.2778;-2709.274
4550;-27.33979;-303.1681;-2709.784
4570;-26.10954;-299.7715;-2711.257
4600;-23.35151;-298.5777;-2711.797
4630;-21.73505;-294.9353;-2712.955
4670;-21.27878;-283.482;-2720.032
4720;-31.96667;-266.8161;-2734.734
4750;-31.7933;-262.5277;-2737.728
4770;-31.90507;-262.2398;-2738.279
4820;-34.43954;-254.0849;-2742.203
4840;-40.05972;-245.3549;-2745.845
4880;-48.58036;-232.6314;-2754.154
4916;-50.93561;-226.5303;-2754.117
4946;-53.39286;-196.6155;-2762.284
4966;-53.37634;-194.7491;-2762.311
5016;-54.11649;-194.3147;-2762.567
5046;-59.74471;-180.8967;-2769.071
5066;-61.72119;-177.3305;-2771.255
5116;-63.4105;-163.1325;-2778.165
5146;-65.66107;-192.9068;-2767.944
5166;-57.20788;-203.0118;-2760.04
5216;-56.68715;-201.0219;-2760.709
5246;-45.14306;-210.7505;-2761.653
5286;-44.7452;-214.4205;-2758.792
5316;-43.16475;-222.9179;-2755.97
5346;-41.55585;-237.0337;-2748.953
5366;-32.07964;-261.4297;-2736.126
5416;-30.14265;-264.4453;-2734.221
5426;-26.19296;-271.875;-2729.502
5486;-25.60719;-273.3758;-2727.178
5516;-25.08788;-275.635;-2724.911
5546;-24.1472;-283.9445;-2718.464
5566;-22.73722;-285.3768;-2717.202
5616;-22.17066;-290.7444;-2714.162
5646;-21.71184;-293.1789;-2712.937
5686;-25.5848;-299.0671;-2709.937
5696;-29.21586;-302.8909;-2708.902
5746;-30.90635;-304.6383;-2708.475
5776;-31.67168;-304.5123;-2708.653
5816;-32.87989;-304.1354;-2709.601
5846;-33.4118;-304.8369;-2710.262
5856;-33.84739;-305.7356;-2711.548
5916;-32.14911;-306.4014;-2712.363
5946;-31.44441;-306.839;-2712.369
5976;-30.65355;-306.6689;-2712.556
5996;-27.92336;-306.3405;-2713.079
6046;-26.5624;-305.8295;-2713.289
6076;-23.36985;-302.7132;-2714.697
6096;-21.31804;-300.2725;-2716.307
6146;-20.39774;-292.0631;-2718.492
6176;-21.03842;-285.5479;-2721.26
6216;-22.93076;-279.1888;-2726.134
6246;-25.28025;-261.2348;-2738.667
6276;-25.37909;-261.4051;-2739.079
6316;-28.2146;-256.4792;-2741.43
6336;-31.50623;-252.281;-2743.087
6376;-32.32953;-233.8105;-2752.045
6416;-42.36012;-230.0092;-2753.673
6436;-43.84514;-227.5236;-2753.723
6476;-43.432;-195.2921;-2760.676
6506;-52.86299;-173.1957;-2771.502
6546;-52.572;-172.7693;-2771.649
6576;-53.34588;-174.4277;-2771.092
6606;-54.9331;-177.9364;-2770.063
6636;-55.21506;-176.4165;-2770.993
6666;-62.04788;-128.6914;-2795.767
6716;-61.8126;-128.5438;-2795.753
6746;-62.35729;-128.3397;-2796.242
6766;-60.65442;-130.7393;-2794.49
6796;-47.53723;-218.5269;-2753.035
6836;-36.71349;-221.5523;-2754.037
6886;-34.47055;-223.4031;-2752.993
6896;-30.40645;-233.3553;-2748.182
6946;-23.66632;-241.4041;-2744.885
6986;-20.80134;-256.453;-2735.835
6996;-20.08937;-264.2746;-2730.916
7046;-18.09764;-268.137;-2727.651
7076;-18.42836;-273.0172;-2723.821
7096;-17.31188;-277.9283;-2720.106
7146;-16.42871;-281.8973;-2716.84
7176;-14.57984;-291.1496;-2709.656
7206;-14.68454;-295.4335;-2706.187
7246;-13.95505;-295.6024;-2705.902
7276;-15.5575;-298.6091;-2705.515
7296;-23.89793;-302.5381;-2705.052
7346;-25.47952;-302.0721;-2705.671
7376;-25.33582;-301.9267;-2705.841
7396;-28.52841;-301.703;-2707.316
7446;-29.01885;-302.0075;-2707.519
7476;-29.81321;-302.3522;-2708.692
7506;-30.17587;-302.7461;-2708.771
7546;-28.67013;-301.7052;-2708.093
7576;-25.91626;-299.007;-2708.458
7616;-25.06191;-298.0624;-2708.358
7646;-25.30433;-297.277;-2708.441
7666;-24.22338;-295.9511;-2708.686
7706;-22.3442;-288.397;-2710.359
7736;-22.21622;-286.1416;-2711.734
7776;-24.38264;-276.8224;-2719.681
7806;-28.32753;-262.9242;-2730.189
7836;-28.55917;-261.8351;-2731.065
7866;-32.22367;-257.5438;-2734.869
7906;-35.79399;-244.5453;-2741.478
7946;-44.18144;-228.9575;-2747.558
7966;-37.70529;-224.2916;-2751.912
8006;-50.12578;-192.421;-2759.07
8046;-49.8423;-192.7996;-2758.846
8066;-52.19051;-187.3661;-2761.63
8106;-58.03482;-175.4029;-2767.792
8156;-58.34386;-175.9344;-2767.504
8176;-57.90565;-174.9684;-2767.611
8206;-55.47581;-198.4572;-2754.04
8236;-54.78478;-200.1015;-2753.234
8276;-56.08881;-192.6894;-2757.499
8306;-59.00661;-185.6255;-2760.76
8336;-56.29607;-181.6104;-2761.455
8366;-54.08602;-181.9243;-2761.424
8406;-44.41688;-198.1967;-2754.735
8436;-33.06857;-211.9019;-2753.986
8476;-25.05147;-219.6707;-2752.157
8506;-25.98033;-251.1579;-2733.331
8546;-24.91973;-255.5187;-2731.26
8566;-24.61353;-259.8553;-2728.959
8606;-22.60939;-261.6085;-2727.046
8636;-19.103;-270.1912;-2720.724
8676;-17.68493;-276.2186;-2716.3
8706;-16.97742;-281.9163;-2711.271
8736;-16.89307;-284.7451;-2709.862
8776;-16.83231;-294.349;-2705.073
8806;-16.70649;-295.2383;-2704.813
8836;-17.12738;-296.8836;-2704.444
8866;-22.65834;-299.9059;-2705.449
8926;-27.38444;-301.8506;-2704.602
8976;-27.66806;-301.9239;-2704.599
8986;-28.94935;-300.3734;-2705.613
9006;-31.58703;-300.7689;-2705.838
9036;-34.55985;-303.4835;-2706.227
9076;-35.584;-303.5882;-2707.363
9106;-35.00113;-301.6757;-2707.928
9136;-33.29237;-300.9684;-2708.434
9176;-31.74223;-300.6788;-2708.871
9206;-28.61257;-296.2928;-2710.575
9236;-27.86002;-294.3131;-2711.801
9276;-26.6667;-291.4621;-2712.92
9306;-26.16959;-288.6458;-2714.354
9336;-29.00587;-272.0822;-2724.348
9376;-35.18489;-265.4293;-2735.674
9406;-38.7024;-262.6008;-2740.127
9436;-41.82992;-257.4758;-2744.367
9476;-43.12189;-256.586;-2744.931
9506;-50.35533;-250.5644;-2747.937
9536;-54.7013;-236.2875;-2754.48
9566;-56.52896;-226.6868;-2757.906
9606;-57.3639;-188.6409;-2769.349
9636;-60.23473;-183.3446;-2772.085
9676;-61.09257;-183.3234;-2772.306
9706;-66.34857;-177.1603;-2774.887
9736;-66.55254;-174.1029;-2775.772
9766;-71.72344;-156.0118;-2782.469
9806;-73.76743;-112.7485;-2801.775
9836;-73.30326;-116.0749;-2799.891
9866;-73.59991;-92.02354;-2811.338
9906;-74.26024;-116.4844;-2803.155
9926;-74.42973;-116.8597;-2803.019
9971;-57.35054;-179.9732;-2768.584
10001;-55.47752;-205.6348;-2760.087
10031;-41.69039;-219.1799;-2760.298
10071;-40.36847;-234.0907;-2752.091
10101;-36.17945;-249.2928;-2742.205
10151;-35.10236;-257.2879;-2737.695
10181;-33.29422;-266.2677;-2731.811
10201;-31.24878;-269.9664;-2728.565
10251;-29.69975;-273.9317;-2725.068
10281;-26.08428;-280.1599;-2721.907
10311;-25.33594;-282.0872;-2719.751
10331;-25.22642;-284.5928;-2717.4
10381;-26.42335;-287.0819;-2715.667
10391;-28.95406;-292.4906;-2712.594
10451;-29.22697;-295.7537;-2711.234
10461;-32.8708;-299.807;-2711.203
10501;-34.36831;-301.0102;-2710.059
10531;-34.55228;-300.6935;-2710.108
10561;-34.6273;-299.8283;-2710.135
10601;-35.67052;-299.8336;-2710.161
10641;-38.59929;-302.1143;-2709.277
10681;-38.94331;-302.6319;-2709.659
10701;-38.70681;-302.1165;-2709.681
10751;-36.95983;-302.5112;-2709.42
10781;-35.8327;-301.9098;-2709.865
10821;-32.55004;-298.4312;-2710.987
10841;-32.35332;-298.2038;-2711.21
10881;-29.27253;-291.0483;-2714.215
10911;-29.8168;-289.4739;-2715.004
10941;-30.16956;-273.8796;-2723.261
10981;-32.54914;-270.3246;-2728.39
11011;-36.1492;-264.5004;-2735.52
11051;-36.35562;-263.8318;-2736.026
11071;-36.82189;-263.1354;-2736.577
11111;-38.28862;-261.8658;-2737.361
11151;-43.40973;-254.1523;-2741.005
11161;-47.21308;-251.6105;-2742.252
11201;-45.31458;-242.3313;-2745.561
11251;-47.25309;-235.5966;-2748.237
11271;-50.23843;-231.17;-2750.473
11311;-48.064;-229.1942;-2752.563
11351;-52.3561;-223.6734;-2753.1
11361;-59.73754;-185.3034;-2766.667
11401;-60.26269;-185.542;-2766.502
11451;-60.89273;-185.6986;-2766.441
11481;-61.36277;-185.8257;-2766.479
11511;-59.85413;-197.0691;-2760.731
11551;-60.1654;-196.8935;-2760.873
11581;-59.45544;-205.687;-2756.535
11611;-58.62853;-210.9494;-2753.757
11641;-56.4469;-216.7386;-2750.776
11661;-50.65791;-227.3014;-2746.533
11711;-47.02733;-235.5196;-2742.695
11741;-46.58555;-235.623;-2742.769
11781;-43.49591;-239.4097;-2740.55
11811;-40.13084;-241.0045;-2738.944
11851;-23.94749;-276.7357;-2712.152
11871;-23.72067;-277.079;-2712.155
11911;-23.20759;-279.8128;-2710.919
11941;-22.3651;-280.7253;-2709.499
11981;-20.98276;-283.9491;-2707.074
12011;-21.35585;-286.9317;-2705.368
12051;-25.76929;-297.9254;-2702.533
12071;-27.44364;-299.4218;-2701.54
12111;-31.26476;-299.9102;-2700.789
12141;-31.24709;-300.8138;-2700.791
12171;-34.62346;-301.6106;-2701.907
12221;-36.48722;-301.5805;-2702.09
12241;-37.75736;-303.2831;-2702.594
12281;-37.65926;-303.2474;-2702.724
12311;-37.27194;-301.6905;-2703.424
12341;-37.33817;-301.6296;-2703.44
12381;-35.90288;-298.8885;-2704.943
12411;-34.91308;-296.4954;-2706.571
12441;-33.97365;-293.8325;-2707.646
12471;-32.44829;-285.7588;-2710.446
12511;-34.66124;-276.0432;-2717.944
12541;-37.23714;-270.3475;-2725.15
12581;-37.14481;-268.2355;-2726.433
12601;-40.21857;-261.9527;-2730.679
12641;-50.47725;-244.418;-2738.728
12671;-51.26072;-242.9187;-2739.328
12711;-57.0038;-198.2771;-2752.925
12741;-58.43445;-197.8307;-2752.95
12771;-61.97924;-184.9639;-2759.128
12811;-63.16757;-182.9554;-2760.004
12841;-62.69642;-179.5206;-2762.053
12871;-81.62543;-157.8284;-2771.311
12901;-77.71339;-178.0124;-2756.039
12941;-67.36089;-166.4719;-2762.99
12971;-72.75191;-124.5437;-2785.58
13011;-84.55461;-98.87814;-2795.516
13031;-78.06352;-115.8818;-2791.241
13071;-75.32309;-111.7553;-2794.653
13101;-74.29361;-117.1473;-2794.035
13141;-70.56458;-140.4005;-2783.545
13171;-52.14624;-213.4418;-2747.188
13201;-51.89093;-216.4252;-2746.109
13241;-47.47754;-225.192;-2745.242
13271;-44.14931;-229.8004;-2742.589
13301;-37.21893;-251.871;-2729.497
13341;-35.04229;-254.2785;-2728.324
13391;-31.69492;-261.9349;-2723.931
13421;-27.95639;-276.3401;-2713.371
13441;-27.90049;-276.315;-2713.341
13461;-28.62521;-280.5106;-2710.019
13501;-27.28513;-282.8874;-2707.911
13541;-26.69815;-289.582;-2703.317
13571;-27.5047;-290.9472;-2702.181
13621;-27.37106;-291.3358;-2701.62
13651;-31.21054;-293.7019;-2701.911
13671;-38.24055;-296.7372;-2704.167
13701;-39.14548;-297.4374;-2703.773
13731;-39.45031;-298.2742;-2702.972
13771;-40.12692;-299.4344;-2702.631
13801;-40.89161;-299.9331;-2702.815
13831;-41.09422;-300.4082;-2703.264
13891;-39.32138;-300.8715;-2702.96
13911;-39.30441;-300.9326;-2702.9
13951;-38.88072;-300.5806;-2702.68
13981;-38.00271;-300.1374;-2702.838
14001;-35.95303;-293.0667;-2704.365
14031;-37.19365;-289.4031;-2706.017
14071;-38.25533;-275.4125;-2714.748
14101;-41.88703;-263.1249;-2725.378
14151;-43.18731;-259.2869;-2729.096
14181;-43.39668;-259.2796;-2729.754
14221;-48.88177;-245.4411;-2738.499
14231;-55.38998;-241.519;-2741.071
14271;-47.9256;-240.0033;-2743.785
14301;-50.5333;-234.2184;-2742.697
14351;-53.44726;-222.9918;-2744.87
14371;-58.21428;-212.6995;-2748.457
14411;-71.83498;-187.5717;-2753.145
14431;-79.01614;-162.1334;-2771.363
14471;-79.0061;-162.0843;-2771.381
14511;-78.91312;-157.6645;-2773.003
14541;-78.61033;-156.0444;-2772.522
14571;-77.71295;-156.1478;-2773.115
14611;-72.37963;-178.3443;-2765.251
14641;-67.63347;-182.5936;-2762.853
14671;-36.47091;-215.1673;-2756.469
14701;-42.66328;-226.0683;-2750.214
14741;-45.40358;-231.0563;-2746.637
14771;-42.48855;-246.2455;-2739.066
14801;-40.80095;-249.9352;-2737.047
14841;-36.37973;-259.1292;-2730.229
14871;-30.37735;-270.2608;-2723.465
14901;-28.6832;-272.578;-2721.533
14931;-27.80648;-277.0915;-2717.988
14966;-25.50533;-278.7371;-2716.723
15006;-24.79127;-280.3253;-2715.02
15036;-24.62085;-294.1766;-2709.641
15076;-26.51268;-297.0695;-2708.481
15106;-27.22544;-297.0606;-2708.481
15156;-30.88923;-301.3517;-2709.212
15166;-32.91671;-302.5359;-2709.23
15206;-34.3684;-301.6672;-2709.803
15236;-35.32246;-301.0943;-2710.335
15286;-37.17048;-301.1482;-2710.617
15296;-37.94794;-300.5977;-2710.921
15336;-38.34231;-300.5932;-2711.579
15366;-38.39485;-301.172;-2711.986
15406;-38.17529;-300.1784;-2712.523
15436;-37.02839;-300.383;-2712.171
15466;-37.02402;-300.4341;-2712.227
15506;-34.98431;-299.7293;-2711.702
15526;-34.36734;-299.3056;-2711.923
15566;-33.10221;-297.2369;-2713.1
15606;-29.84701;-276.9691;-2720.735
15636;-31.33662;-272.0552;-2725.638
15686;-38.26265;-263.6191;-2737.628
15696;-40.76528;-258.0937;-2743.089
15736;-42.70267;-254.7136;-2744.957
15786;-45.20475;-247.123;-2748.59
15816;-48.15925;-240.4657;-2751.92
15836;-53.31467;-222.3372;-2757.769
15886;-53.89404;-217.0551;-2759.499
15916;-55.44026;-219.8363;-2757.646
15936;-57.9225;-212.0613;-2760.193
15986;-62.30684;-188.8355;-2767.637
16016;-64.74676;-185.1547;-2768.387
16046;-66.91004;-179.082;-2769.612
16086;-66.62624;-176.8783;-2770.686
16116;-66.54984;-175.7686;-2770.744
16146;-65.82174;-178.8771;-2769.159
16186;-57.68601;-224.9771;-2743.795
16196;-57.6396;-207.2;-2752.204
16236;-56.29709;-207.5614;-2752.696
16276;-51.98047;-211.5784;-2752.078
16306;-41.95994;-242.0624;-2740.196
16346;-37.53388;-248.8832;-2736.38
16366;-32.74997;-260.1949;-2730.301
16406;-30.18818;-272.3666;-2724.073
16446;-28.45413;-274.3043;-2721.981
16466;-25.50609;-277.4168;-2719.99
16506;-22.91903;-282.7778;-2716.262
16536;-20.14645;-286.0343;-2713.257
16586;-17.24136;-289.7122;-2710.482
16606;-16.87294;-294.8277;-2707.648
16636;-17.74651;-297.2173;-2706.406
16686;-22.50729;-301.9876;-2705.127
16706;-25.50483;-302.5484;-2704.889
16736;-28.40103;-302.5131;-2705.233
16776;-34.07233;-328.0727;-2701.595
16806;-36.61992;-315.4311;-2703.193
16836;-37.51483;-313.6001;-2703.488
16876;-37.64399;-311.265;-2704.186
16906;-38.07804;-308.0855;-2706.081
16936;-36.20168;-304.4071;-2706.411
16976;-36.04501;-304.2694;-2706.265
16996;-35.46878;-303.937;-2705.972
17036;-33.74125;-298.0793;-2707.019
17076;-31.77175;-294.1412;-2708.085
17116;-29.96506;-285.4392;-2711.726
17146;-28.78799;-275.3138;-2715.859
17176;-30.16265;-265.9208;-2721.823
17216;-35.7951;-259.9786;-2727.679
17236;-39.62504;-255.6088;-2731.263
17286;-47.76905;-248.4701;-2735.209
17316;-55.06581;-226.3866;-2744.979
17346;-51.52245;-224.2258;-2749.357
17366;-52.28727;-222.1686;-2748.764
17406;-63.27659;-200.3354;-2753.08
17436;-68.19318;-185.3941;-2752.488
17476;-73.77917;-113.4001;-2788.053
17506;-78.56436;-116.1152;-2779.906
17536;-46.44428;-129.7538;-2779.002
17576;-47.11496;-125.1769;-2780.955
17606;-49.45805;-144.8656;-2776.016
17636;-46.16444;-148.1177;-2775.67
17676;-56.51479;-116.0592;-2787.678
17706;-64.01268;-125.9831;-2780.369
17736;-56.5402;-174.0348;-2758.978
17776;-70.6363;-90.43246;-2801.43
17806;-68.69611;-100.2472;-2797.504
17836;-52.80856;-205.436;-2745.742
17876;-52.49646;-206.6094;-2746.109
17896;-48.42478;-214.1348;-2745.285
17956;-41.81789;-235.0998;-2738.484
17966;-37.67474;-244.9011;-2732.926
18006;-35.5075;-252.2873;-2728.773
18036;-31.67237;-257.5883;-2725.286
18076;-29.02146;-264.5321;-2720.355
18107;-27.28766;-268.1191;-2717.952
18157;-23.66307;-276.0125;-2713.493
18167;-23.03323;-279.8773;-2711.098
18207;-22.01461;-283.6279;-2709.758
18247;-19.90208;-287.7479;-2707.326
18297;-20.00368;-295.2317;-2704.628
18307;-21.37214;-300.9462;-2703.2
18337;-21.44117;-301.0022;-2703.232
18377;-22.02053;-301.2778;-2703.273
18407;-24.82961;-304.6185;-2703.854
18437;-29.88985;-303.0183;-2705.785
18467;-30.03149;-302.7593;-2705.989
18507;-30.29489;-303.3066;-2705.643
18537;-29.60203;-301.8206;-2706.481
18577;-31.93878;-301.405;-2707.883
18607;-31.97249;-301.2899;-2708.222
18657;-34.56448;-299.6946;-2710.814
18667;-35.10636;-300.813;-2711.645
18707;-38.81691;-300.4323;-2713.549
18747;-38.85736;-300.3686;-2713.571
18767;-39.19482;-299.7952;-2713.995
18807;-40.13892;-297.8154;-2714.715
18837;-40.61045;-297.2482;-2714.711
18867;-41.17746;-296.6761;-2714.721
18907;-42.51561;-291.5829;-2715.474
18937;-42.72505;-285.7316;-2718.474
18967;-43.10527;-280.333;-2720.87
19027;-40.71058;-274.946;-2724.324
19037;-38.08143;-268.6117;-2729.259
19067;-37.59991;-262.3327;-2732.591
19107;-36.01927;-256.3578;-2735.633
19137;-32.59125;-248.5029;-2738.833
19167;-31.80255;-246.1596;-2739.678
19207;-30.63508;-243.1864;-2740.971
19237;-22.04909;-221.1397;-2749.137
19267;-21.67942;-219.2253;-2750.229
19307;-18.49719;-206.6793;-2755.546
19337;-10.44984;-193.526;-2766.019
19387;-4.165013;-186.3255;-2772.469
19397;-4.45157;-184.6989;-2774.008
19437;-6.002539;-185.1272;-2774.03
19487;-8.831125;-203.289;-2769.775
19517;-16.43188;-223.0178;-2758.466
19557;-28.64141;-237.1597;-2751.438
19587;-29.83288;-238.8389;-2749.494
19617;-32.30206;-249.3604;-2745.884
19647;-33.26881;-250.3442;-2744.866
19667;-36.78816;-255.3809;-2742.406
19717;-37.04852;-258.0314;-2740.11
19727;-39.84767;-261.8199;-2737.341
19787;-46.3142;-276.9879;-2726.594
19807;-46.47309;-276.8912;-2725.811
19847;-47.01919;-280.3334;-2723.539
19887;-46.46623;-281.4329;-2722.656
19917;-45.45419;-282.0228;-2721.412
19937;-42.79186;-283.8312;-2719.616
19967;-41.21685;-286.2374;-2718.654
20019;-37.37122;-288.2762;-2718.742
20039;-35.78676;-288.3546;-2719.006
20079;-33.78554;-288.4794;-2718.621
20119;-31.43891;-289.4525;-2719.081
20139;-29.98348;-291.1911;-2718.502
20179;-29.29576;-294.4144;-2717.282
20209;-29.35351;-294.3864;-2717.292
20249;-29.64091;-295.0758;-2717.228
20289;-29.69553;-295.081;-2717.266
20309;-29.78238;-295.1843;-2717.338
20339;-29.67422;-294.8661;-2717.473
20369;-28.27334;-290.8604;-2719.155
20399;-27.93173;-287.241;-2720.239
20439;-27.32843;-284.499;-2720.945
20469;-25.0248;-279.3574;-2722.086
20499;-19.62809;-267.6599;-2727.491
20539;-17.14024;-264.1929;-2730.688
20589;-13.6274;-257.5064;-2735.409
20609;-10.76125;-254.2838;-2737.553
20649;-1.43158;-239.6284;-2742.239
20669;4.347256;-235.4242;-2745.11
20719;3.398094;-234.6053;-2743.001
20749;2.257617;-211.5919;-2757.735
20769;14.97692;-195.3714;-2759.607
20809;15.76502;-198.5839;-2755.402
20859;15.04914;-141.934;-2770.014
20879;12.04348;-134.1755;-2775.983
20899;13.0286;-136.0246;-2778.635
20959;12.90936;-131.8186;-2780.587
20969;13.28327;-135.9918;-2777.508
20999;19.17578;-131.1703;-2782.176
21039;10.74849;-134.856;-2786.93
21069;6.499614;-153.7332;-2783.557
21099;-16.23433;-212.6711;-2759.55
21139;-11.44892;-221.4678;-2757.462
21169;-21.9337;-241.4469;-2749.852
21199;-22.67511;-249.2794;-2746.431
21239;-26.6425;-254.8029;-2743.335
21289;-28.37387;-260.3516;-2739.771
21299;-31.7921;-267.6689;-2734.986
21339;-33.0547;-270.4937;-2732.45
21369;-34.33025;-274.7466;-2727.333
21419;-33.0998;-280.113;-2722.993
21449;-33.28031;-281.0986;-2722.093
21489;-34.03577;-283.1848;-2721.132
21499;-33.04271;-286.7866;-2718.859
21549;-32.59154;-287.0402;-2718.43
21589;-30.18362;-286.6374;-2718.577
21599;-24.55994;-289.7868;-2718.747
21649;-22.3211;-291.1497;-2718.95
21659;-22.04609;-290.9671;-2719.065
21719;-20.85017;-292.7402;-2718.899
21749;-20.53884;-293.5604;-2719.049
21759;-21.62736;-294.5087;-2718.532
21819;-23.97952;-296.6589;-2717.514
21849;-25.01343;-297.6131;-2716.925
21879;-25.25014;-297.5883;-2717.232
21919;-26.08861;-296.6129;-2718.01
21929;-27.17971;-295.1962;-2718.31
21979;-30.2438;-289.2706;-2720.224
21999;-30.58879;-287.9351;-2720.783
22029;-32.89659;-281.2454;-2725.572
22059;-29.65185;-274.5298;-2730.698
22119;-26.95481;-266.4133;-2736.851
22149;-26.17898;-256.0268;-2743.17
22179;-24.69126;-255.3568;-2743.833
22199;-19.82157;-255.6004;-2743.417
22229;-11.97942;-243.642;-2748.622
22269;-9.591183;-241.4196;-2748.664
22319;8.005138;-222.3517;-2757.843
22349;0.8215445;-215.1492;-2760.851
22379;-0.2998043;-215.3564;-2760.981
22419;2.450867;-211.0382;-2760.796
22449;5.618235;-206.2556;-2761.624
22479;1.351948;-173.5461;-2776.108
22509;1.127814;-173.583;-2776.167
22549;3.995959;-162.3096;-2779.232
22579;5.82824;-158.1464;-2781.502
22619;9.644483;-148.147;-2785.194
22629;8.283478;-148.345;-2785.697
22669;-0.8306215;-147.5494;-2786.884
22719;-15.17521;-241.0552;-2749.745
22749;-16.62147;-243.7632;-2747.721
22769;-21.7709;-260.6178;-2739.792
22819;-22.58314;-261.0189;-2739.612
22849;-23.58053;-261.2168;-2739.139
22889;-28.07221;-265.8323;-2734.143
22909;-30.89288;-274.0561;-2727.158
22929;-33.6;-277.236;-2723.97
22979;-34.99436;-278.9419;-2722.396
23019;-36.53364;-282.619;-2720.24
23049;-37.08927;-283.2133;-2719.721
23079;-36.65372;-284.0395;-2718.678
23109;-35.01315;-297.0789;-2709.179
23149;-34.0857;-296.4145;-2709.328
23259;-25.78907;-296.9243;-2712.692
23309;-20.92525;-295.866;-2714.355
23329;-20.6922;-295.6838;-2714.593
23339;-20.62671;-295.6137;-2714.531
23379;-21.88398;-295.4993;-2713.668
23419;-22.74893;-296.4102;-2712.428
23449;-22.53265;-294.4298;-2712.894
23479;-22.95105;-294.7176;-2712.661
23509;-23.18318;-293.5285;-2712.674
23549;-23.68586;-288.9974;-2712.932
23579;-24.15137;-288.2627;-2712.974
23609;-22.44688;-273.0051;-2720.632
23649;-20.79509;-269.9916;-2723.061
23679;-16.82876;-259.0049;-2730.267
23709;-14.26914;-255.1612;-2732.969
23739;-5.130822;-246.5571;-2737.935
23779;-4.568358;-244.0564;-2740.053
23809;3.590927;-236.6035;-2744.198
23849;7.168988;-225.8819;-2747.846
23909;2.899389;-200.2188;-2762.888
23919;4.087094;-195.7669;-2762.159
23939;8.583462;-205.6817;-2751.535
23969;10.12056;-141.2739;-2777.572
24009;11.23568;-139.7041;-2778.484
24039;9.915101;-151.067;-2773.688
24069;10.57985;-148.2255;-2774.875
24109;10.43037;-133.1516;-2773.588
24149;-6.325533;-123.0095;-2783.78
24180;-0.9682137;-120.2381;-2796.793
24221;-8.475518;-205.4103;-2770.559
24231;0.8985623;-246.3518;-2749.37
24281;-11.64469;-253.0633;-2740.2
24311;-14.23039;-256.8309;-2738.55
24351;-23.889;-261.1496;-2737.909
24371;-28.9305;-270.2393;-2732.927
24411;-30.46859;-275.7502;-2727.237
24451;-32.17176;-277.9683;-2724.614
24481;-33.13929;-279.9048;-2722.005
24511;-36.0701;-281.5953;-2719.363
24551;-35.23935;-284.2213;-2716.404
24581;-33.80923;-285.8089;-2713.608
24611;-32.91891;-287.0977;-2711.97
24651;-29.47162;-295.3514;-2707.372
24681;-25.88399;-296.155;-2708.183
24711;-22.86759;-297.9078;-2708.029
24751;-21.26077;-299.6389;-2707.901
24781;-20.15767;-299.7114;-2708.322
24811;-19.9925;-299.7097;-2708.239
24841;-20.4092;-299.4396;-2708.193
24881;-21.74548;-298.9078;-2707.787
24911;-22.35777;-296.8414;-2708.613
24941;-22.49777;-297.0399;-2708.301
24971;-22.56845;-292.3845;-2708.867
25011;-22.61331;-280.787;-2711.897
25046;-22.64859;-280.6054;-2711.888
25076;-18.64021;-273.5732;-2716.451
25116;-17.36684;-271.3769;-2718.404
25146;-6.844847;-257.2075;-2731.008
25166;-6.435702;-255.7255;-2731.414
25216;-3.866245;-250.6181;-2733.563
25246;6.876435;-242.1971;-2739.027
25286;15.97545;-203.3996;-2753.642
25316;13.25746;-202.5982;-2754.616
25346;9.252096;-157.1865;-2768.842
25386;5.736039;-151.6437;-2769.586
25416;8.853277;-155.0309;-2764.157
25456;6.860244;-166.0833;-2753.872
25476;4.927443;-153.6369;-2761.184
25516;3.295308;-152.2392;-2761.74
25546;3.956078;-153.0882;-2763.836
25566;5.016201;-145.8101;-2762.149
25616;15.39844;-121.9397;-2770.417
25646;1.467735;-139.5086;-2774.687
25656;4.870722;-133.9916;-2784.672
25696;-1.292788;-198.7814;-2756.343
25746;-13.51256;-229.4513;-2749.776
25776;-19.93611;-247.2656;-2740.79
25796;-24.00428;-252.1626;-2741.176
25846;-27.87274;-259.2996;-2737.844
25856;-31.57245;-265.3161;-2735.654
25916;-33.29092;-272.19;-2729.679
25926;-35.90379;-276.8777;-2726.966
25966;-37.21497;-280.4559;-2724.907
26016;-36.86144;-287.5137;-2720.253
26046;-37.17238;-287.8894;-2719.647
26076;-32.63306;-290.6979;-2717.621
26116;-29.1651;-293.3727;-2716.132
26146;-28.16133;-295.0265;-2714.724
26176;-26.11219;-298.3829;-2713.475
26196;-24.07878;-298.3209;-2713.354
26246;-23.76371;-298.4016;-2713.128
26276;-23.5668;-297.6634;-2713.116
26306;-23.7011;-297.2593;-2713.13
26346;-23.90627;-296.6026;-2713.232
26376;-23.93886;-296.282;-2713.535
26416;-25.08289;-293.2995;-2714.256
26446;-26.631;-289.0366;-2715.589
26476;-26.3578;-281.2951;-2719.251
26506;-25.40098;-277.1714;-2721.62
26546;-20.88983;-270.0952;-2727.707
26576;-18.20269;-261.3897;-2733.354
26606;-16.31246;-257.4385;-2734.943
26626;-10.71746;-244.3192;-2739.285
26676;-4.585514;-228.9467;-2745.025
26706;12.59116;-184.0672;-2766.203
26746;11.67833;-182.4652;-2768.591
26776;29.13446;-171.7537;-2775.692
26806;19.45702;-170.6627;-2766.5
26846;18.76081;-169.7192;-2765.528
26876;0.7348936;-120.7488;-2771.748
26906;5.80395;-137.3701;-2768.768
26936;6.188822;-142.2841;-2770.571
26976;14.43831;-131.2189;-2781.768
27006;10.80431;-135.4686;-2780.645
27046;8.768735;-131.8388;-2788.643
27076;-0.1058455;-146.4385;-2785.432
27106;-30.74392;-249.0579;-2744.012
27146;-28.91616;-248.7532;-2743.982
27176;-28.49793;-251.0291;-2743.147
27206;-29.27199;-259.6192;-2737.807
27246;-30.46315;-262.4914;-2736.067
27276;-33.20149;-268.8729;-2731.535
27306;-33.81326;-272.2886;-2729.501
27346;-34.94405;-277.093;-2725.884
27376;-36.39244;-277.9409;-2724.789
27406;-39.92709;-283.7733;-2720.753
27436;-39.53773;-288.4666;-2718.419
27476;-37.35123;-295.2722;-2714.252
27506;-36.90566;-295.7127;-2713.686
27546;-36.39201;-296.8897;-2712.813
27566;-34.91928;-298.1421;-2712.852
27606;-33.89185;-301.2672;-2711.515
27636;-26.57677;-301.4888;-2713.007
27676;-25.27739;-300.9997;-2714.205
27706;-24.63922;-301.3206;-2715.112
27736;-24.86563;-301.2803;-2715.442
27776;-25.5202;-300.6534;-2716.308
27806;-25.70581;-300.5848;-2716.99
27836;-26.34072;-298.0535;-2720.572
27876;-26.70086;-296.565;-2721.958
27906;-26.64158;-288.2877;-2726.473
27936;-26.6821;-287.8589;-2726.691
27976;-25.60154;-282.8078;-2729.493
28006;-23.98577;-279.817;-2731.825
28036;-19.77486;-267.2091;-2739.818
28076;-17.94495;-261.3656;-2743.588
28106;-17.18406;-259.8019;-2745.165
28136;-12.89672;-246.6346;-2750.444
28166;-4.210356;-241.2443;-2755.007
28206;2.920783;-235.3143;-2760.2
28236;10.96565;-199.483;-2775.698
28286;9.679905;-198.051;-2774.714
28296;6.635758;-193.146;-2774.835
28336;0.06679073;-132.3312;-2794.212
28366;-5.107083;-124.2903;-2795.118
28406;-5.251164;-112.121;-2801.586
28456;-5.186604;-103.8253;-2804.631
28486;-2.91759;-122.6336;-2797.895
28496;-3.102214;-120.4995;-2800.323
28556;-7.957508;-116.1504;-2808.151
28586;-6.811526;-119.4479;-2811.534
28616;-2.252285;-231.984;-2771.784
28656;-9.072479;-244.0356;-2763.448
28676;-12.64091;-250.3617;-2759.176
28726;-22.91833;-261.3125;-2752.331
28746;-24.92142;-264.9311;-2750.251
28776;-30.08105;-274.5226;-2744.289
28806;-34.73445;-279.5153;-2741.655
28836;-34.4973;-282.3451;-2738.563
28876;-35.05836;-284.0237;-2736.325
28926;-38.94869;-290.6122;-2731.769
29006;-39.59145;-292.8171;-2730.423
29046;-38.70681;-293.3029;-2729.75
29076;-33.42318;-297.1742;-2728.341
29116;-30.98841;-300.6557;-2726.241
29136;-30.0804;-300.7757;-2725.911
29176;-24.94678;-300.958;-2728.095
29206;-23.0492;-301.0442;-2728.543
29236;-22.88744;-301.0093;-2728.599
29276;-23.40664;-300.3774;-2728.552
29306;-23.37706;-300.0165;-2728.719
29336;-23.57959;-299.5056;-2728.977
29376;-24.15695;-296.2615;-2729.519
29406;-25.4154;-293.1554;-2730.51
29436;-26.4997;-291.1016;-2730.678
29476;-25.63099;-282.9168;-2733.497
29506;-24.06412;-276.7314;-2735.185
29556;-21.17216;-270.6941;-2737.779
29576;-15.632;-259.9638;-2742.383
29626;-13.07845;-255.151;-2743.799
29646;-5.940249;-247.0293;-2745.662
29686;-5.216882;-245.8858;-2745.566
29706;0.7498346;-235.3682;-2751.606
29736;14.75702;-177.3083;-2772.245
29776;11.87327;-182.3897;-2769.975
29806;12.76672;-184.1163;-2769.857
29836;6.356131;-190.7564;-2757.896
29886;7.929966;-187.5399;-2759.663
29896;8.563324;-181.9964;-2759.032
29936;12.44246;-143.0878;-2774.042
29986;13.12608;-125.3289;-2780.428
30016;15.20559;-127.5069;-2784.407
30036;10.32958;-128.2409;-2784.776
30068;13.68003;-133.3859;-2787.869
30098;4.027678;-212.9191;-2761.971
30138;-7.593245;-244.2859;-2755.802
30168;-11.83924;-250.1732;-2750.802
30198;-15.58516;-254.7378;-2746.636
30238;-20.67647;-262.8938;-2739.887
30268;-24.94006;-269.7418;-2736.542
30318;-25.21275;-278.2106;-2729.432
30348;-27.24009;-280.1263;-2726.653
30368;-29.46487;-283.5605;-2723.129
30398;-31.50405;-285.901;-2720.842
30438;-29.95431;-289.6648;-2717.201
30488;-30.15542;-291.96;-2715.116
30518;-30.18292;-292.8391;-2713.501
30548;-26.89618;-295.2835;-2712.667
30588;-22.66318;-297.761;-2712.385
30608;-22.32637;-297.8047;-2711.687
30648;-22.3251;-297.6989;-2711.635
30688;-22.41018;-298.1858;-2711.507
30718;-20.38872;-298.2073;-2712.297
30748;-20.43797;-298.2938;-2712.207
30778;-20.69672;-298.2301;-2712.011
30818;-20.64389;-298.2961;-2712.058
30848;-21.00755;-298.5621;-2712.073
30878;-20.94194;-295.8223;-2713.984
30918;-21.82523;-289.0408;-2716.302
30948;-22.71634;-287.3644;-2716.262
30978;-21.53014;-283.2183;-2718.255
31008;-19.32887;-278.832;-2721.235
31038;-15.55911;-271.9122;-2726.901
31078;-10.31942;-259.6029;-2734.293
31108;-9.111697;-258.8188;-2735.011
31148;-8.46575;-257.8227;-2735.102
31178;-0.6750405;-247.7338;-2740.357
31208;-0.5507014;-244.7526;-2740.229
31238;11.25409;-221.2197;-2754.36
31278;8.357963;-216.7933;-2756.903
31308;7.623947;-215.0553;-2756.845
31348;5.935003;-217.3892;-2753.198
31378;5.563055;-238.3644;-2736.375
31408;15.48335;-143.0319;-2784.935
31448;2.483526;-156.329;-2772.935
31478;2.952937;-158.3893;-2773.774
31528;8.849081;-153.0776;-2781.773
31538;2.312897;-145.0747;-2786.796
31578;-1.235501;-150.2054;-2787.097
31608;-8.052798;-249.2841;-2746.156
31648;-14.78329;-255.8354;-2742.845
31678;-23.68392;-262.6667;-2741.839
31708;-24.28176;-264.4286;-2740.556
31738;-25.72922;-271.0195;-2737.016
31778;-26.59252;-275.1972;-2733.946
31808;-27.55717;-277.6921;-2731.023
31838;-30.90753;-282.2988;-2727.849
31878;-31.31681;-285.5179;-2724.23
31908;-30.90925;-287.1396;-2722.172
31948;-30.40871;-290.4734;-2718.581
31968;-30.23454;-291.6347;-2717.702
32008;-29.72656;-293.6546;-2716.172
32038;-27.76075;-295.3773;-2716.606
32078;-24.38747;-299.9265;-2716.605
32128;-21.18955;-301.2821;-2718.016
32138;-21.2028;-301.2231;-2717.729
32178;-21.15489;-301.2975;-2717.656
32208;-21.49444;-302.0491;-2717.616
32238;-22.63616;-304.9185;-2716.539
32278;-22.80984;-304.7921;-2716.822
32318;-23.41418;-303.3389;-2718.406
32358;-23.77394;-302.8401;-2719.34
32378;-24.57341;-297.526;-2721.759
32408;-25.29994;-294.098;-2723.029
32438;-23.7911;-290.1065;-2725.579
32478;-20.65386;-280.0594;-2731.697
32508;-15.18902;-271.6505;-2737.669
32538;-11.7106;-262.815;-2742.2
32578;-7.752721;-258.4096;-2744.545
32608;2.725862;-243.1304;-2752.744
32638;3.922037;-231.9565;-2757.417
32678;17.09347;-173.996;-2780.231
32708;19.20532;-171.9303;-2781.87
32738;19.36639;-170.4776;-2782.33
32778;17.361;-174.3988;-2777.987
32808;17.03028;-174.2313;-2776.794
32838;15.95019;-176.8451;-2773.885
32878;11.76863;-175.9599;-2770.934
32908;11.86987;-172.3015;-2770.618
32938;9.391409;-134.3471;-2780.837
32968;13.88707;-124.0765;-2794.918
33008;12.39187;-123.0142;-2794.78
33038;12.66837;-129.2995;-2796.251
33068;-10.20914;-237.788;-2758.262
33108;-12.17475;-240.7307;-2755.644
33138;-22.48884;-253.9099;-2749.159
33178;-23.11232;-260.4903;-2746.452
33208;-29.39085;-266.2074;-2743.524
33238;-32.38969;-276.2324;-2738.755
33268;-33.89706;-281.8634;-2735.213
33308;-33.00033;-284.4177;-2733.124
33338;-34.04913;-286.2161;-2731.11
33388;-33.70049;-289.1837;-2729.08
33418;-33.5089;-294.0177;-2725.276
33458;-33.21786;-296.1072;-2724.026
33468;-32.3327;-298.7111;-2722.521
33508;-32.15319;-300.9537;-2721.151
33558;-30.54537;-301.7758;-2720.942
33578;-25.27658;-302.6465;-2722.306
33598;-25.50375;-303.0106;-2721.978
33638;-25.41966;-303.0011;-2721.984
33668;-25.54907;-302.8935;-2721.844
33698;-26.21442;-303.1953;-2721.854
33738;-28.35808;-305.51;-2720.201
33768;-28.94242;-304.9527;-2720.43
33818;-29.06942;-305.0135;-2720.542
33848;-29.98164;-302.3824;-2721.488
33868;-34.16315;-295.5573;-2723.992
33918;-34.81065;-293.9766;-2723.633
33948;-35.14552;-291.0205;-2724.553
33968;-33.69453;-280.9962;-2729.125
34018;-32.20971;-279.4044;-2730.489
34048;-27.65954;-272.4713;-2736.742
34088;-25.2761;-263.3867;-2742.419
34119;-25.48285;-259.7043;-2743.743
34149;-23.18566;-252.8219;-2745.461
34179;-24.03759;-251.6569;-2745.718
34199;-24.32425;-246.145;-2746.864
34249;-23.41663;-250.8924;-2744.35
34279;-21.61466;-250.7008;-2742.38
34299;-10.41138;-241.2535;-2746.518
34349;-16.67748;-240.1411;-2746.264
34379;-23.91668;-228.358;-2748.47
34419;-23.1414;-230.7545;-2748.554
34449;-22.25781;-236.6821;-2748.915
34479;-26.36872;-238.1271;-2750.457
34509;-27.07691;-237.1274;-2750.816
34539;-30.8989;-243.3369;-2748.891
34579;-43.1221;-268.3893;-2739.368
34609;-44.86543;-271.0802;-2737.932
34649;-45.67342;-272.6696;-2737.527
34679;-48.85068;-274.6428;-2737.176
34709;-52.29841;-274.4984;-2736.423
34749;-54.77407;-285.1735;-2731.83
34779;-52.88202;-301.3293;-2723.798
34809;-53.82372;-304.0047;-2722.755
34839;-53.86822;-304.1196;-2722.646
34879;-53.81803;-304.2518;-2722.591
34909;-53.22699;-304.6473;-2722.292
34959;-52.92736;-305.8153;-2721.66
34979;-52.03933;-307.9074;-2720.542
35019;-49.85802;-319.5371;-2715.372
35039;-47.52464;-316.9219;-2716.299
35081;-46.51134;-315.0726;-2717.111
35111;-46.23373;-315.0153;-2717.232
35151;-45.54122;-315.705;-2717.334
35181;-45.51815;-315.7289;-2717.366
35211;-45.81907;-315.7583;-2717.552
35251;-45.97403;-315.9429;-2717.706
35281;-46.03286;-315.9648;-2717.802
35311;-46.12923;-312.963;-2720.289
35341;-45.86969;-310.4203;-2721.705
35381;-44.06997;-304.934;-2724.66
35411;-40.75907;-296.3982;-2728.946
35441;-38.6863;-290.4915;-2732.608
35481;-34.69374;-285.4404;-2736.634
35511;-28.28211;-276.5096;-2744.232
35551;-25.44101;-273.7572;-2746.034
35581;-21.16667;-269.4365;-2747.661
35611;-5.500565;-259.3958;-2756.067
35641;-0.8899683;-254.0129;-2759.633
35681;2.646894;-232.9176;-2770.548
35721;1.418961;-228.3706;-2769.49
35741;-2.82912;-229.1823;-2763.323
35781;-0.6313115;-225.3721;-2762.479
35811;3.926144;-219.106;-2761.679
35851;-17.77787;-96.64764;-2823.195
35881;-18.63555;-94.79781;-2824.581
35911;-18.55584;-94.98233;-2824.006
35951;-19.19673;-94.85244;-2824.121
35971;-10.29514;-101.3174;-2830.711
36021;-21.15307;-243.098;-2757.876
36041;-8.509467;-251.6581;-2765.384
36091;-14.52015;-260.0592;-2761.362
36111;-17.15342;-262.8957;-2758.932
36141;-18.79699;-265.6743;-2757.472
36171;-20.9129;-269.3438;-2756.35
36231;-27.0402;-278.9314;-2750.319
36241;-29.30658;-283.6474;-2747.181
36291;-31.07327;-284.6019;-2745.807
36301;-34.2063;-289.6357;-2741.655
36341;-37.65502;-292.1371;-2739.624
36371;-37.73059;-292.4792;-2739.338
36421;-38.31265;-295.8005;-2737.381
36461;-38.5323;-297.6084;-2736.56
36511;-38.23096;-299.8967;-2735.416
36541;-37.40643;-300.2766;-2735.228
36581;-36.05249;-301.2674;-2735.092
36611;-33.10837;-300.4789;-2736.31
36641;-32.41255;-300.469;-2736.704
36681;-30.65888;-300.9128;-2737.593
36711;-28.76016;-300.9131;-2738.731
36741;-27.56427;-300.5115;-2739.362
36781;-27.29139;-302.0718;-2738.957
36831;-26.78262;-303.2565;-2738.576
36841;-26.09179;-303.1219;-2738.97
36881;-23.93678;-303.0946;-2739.732
36911;-23.57856;-303.7993;-2739.743
36951;-24.39418;-305.0251;-2738.986
36981;-24.54561;-307.2572;-2737.658
37021;-24.55638;-307.2886;-2737.67
37041;-24.23612;-307.0918;-2737.798
37081;-24.29646;-307.1128;-2737.909
37111;-24.62417;-308.2496;-2736.836
37151;-24.3974;-308.6364;-2736.813
37171;-23.90907;-309.632;-2736.465
37211;-23.63248;-309.6827;-2736.198
37241;-23.50801;-309.6193;-2736.123
37281;-23.32191;-309.7725;-2735.725
37311;-22.87881;-309.436;-2735.729
37341;-22.20786;-308.9694;-2735.65
37381;-21.73815;-307.4279;-2735.218
37411;-20.98532;-307.1387;-2735.067
37441;-19.73373;-304.4766;-2734.876
37481;-17.3844;-301.8898;-2734.695
37511;-15.10144;-298.8978;-2734.603
37541;-12.32615;-295.5739;-2734.209
37581;-9.922892;-293.9847;-2733.282
37601;-3.790685;-292.7598;-2733.087
37641;-0.1145646;-289.7415;-2732.905
37671;11.57413;-281.9483;-2735.154
37711;13.46402;-281.5241;-2734.592
37741;16.14402;-278.2804;-2735.976
37771;21.37662;-276.0583;-2737.683
37811;25.36309;-273.9658;-2739.225
37841;29.73877;-274.1702;-2739.511
37871;35.30036;-272.7091;-2740.56
37911;40.74277;-270.429;-2742.203
37941;44.72049;-267.921;-2742.912
37971;48.6785;-266.6695;-2744.149
38011;53.59507;-265.475;-2744.979
38041;57.77034;-265.0085;-2745.365
38081;63.35785;-265.8808;-2746.082
38111;67.81667;-266.7566;-2746.944
38141;71.31454;-266.5628;-2747.938
38181;74.41982;-267.141;-2748.229
38211;79.12725;-270.9876;-2747.053
38241;84.17883;-275.4799;-2745.682
38281;86.64331;-277.0626;-2745.371
38311;87.96884;-276.1932;-2745.235
38341;90.54071;-276.2071;-2744.851
38371;91.57986;-275.3082;-2744.857
38411;92.46312;-274.6853;-2744.692
38461;93.48328;-274.4685;-2744.516
38471;93.73373;-273.9902;-2744.408
38531;94.15299;-272.6458;-2744.307
38541;94.355;-271.7921;-2743.61
38581;94.31036;-270.6771;-2742.272
38611;94.04756;-269.7651;-2739.734
38641;93.51086;-269.2472;-2736.669
38681;91.97921;-269.3336;-2733.33
38711;89.23535;-267.09;-2727.939
38741;84.38368;-264.4863;-2722.375
38771;81.8821;-261.1147;-2717.021
38811;81.46055;-258.7551;-2714.108
38841;79.50547;-257.0681;-2711.015
38871;75.42469;-255.4899;-2704.585
38911;72.53734;-252.9172;-2699.68
38941;72.45392;-251.5648;-2696.867
38991;71.74731;-250.6325;-2693.447
39021;72.16844;-249.8957;-2689.733
39041;73.40491;-249.361;-2686.224
39081;75.11992;-249.1277;-2681.335
39121;77.56635;-246.7232;-2675.837
39141;82.50053;-246.0716;-2670.873
39191;90.02711;-248.3127;-2664.29
39201;95.89839;-251.7203;-2656.786
39241;104.4136;-251.2339;-2651.199
39271;116.5794;-252.9576;-2643.48
39311;131.3033;-254.954;-2636.249
39341;145.6416;-257.9991;-2627.109
39371;162.6146;-259.1734;-2617.766
39411;181.1105;-256.6047;-2608.01
39441;198.9467;-252.2718;-2602.153
39521;220.8198;-249.026;-2593.877
39661;273.7954;-239.7901;-2579.906
39671;280.6081;-236.4847;-2577.637
39691;325.446;-220.5855;-2558.933
39711;340.0449;-212.6237;-2553.437
39741;348.2509;-213.5804;-2548.483
39781;356.2754;-210.6905;-2543.366
39811;370.5198;-207.2121;-2538.693
39861;377.9913;-206.9299;-2534.621
39871;385.2904;-207.9988;-2528.517
39931;390.7937;-206.3538;-2524.659
39951;394.7299;-207.2897;-2520.183
39981;399.97;-207.3181;-2515.213
40011;402.4839;-206.5915;-2512.579
40041;404.6252;-206.4031;-2509.39
40091;406.0164;-206.2906;-2506.776
40106;407.245;-206.2815;-2504.511
40145;408.0024;-206.3931;-2502.946
40185;408.9103;-205.967;-2501.549
40225;410.3613;-206.2551;-2499.854
40245;412.1956;-206.0025;-2498.011
40265;414.3586;-205.8958;-2496.409
40305;417.1991;-206.0053;-2494.901
40335;420.8742;-205.5787;-2493.571
40375;424.9394;-205.4118;-2492.246
40405;431.132;-204.1987;-2491.097
40455;436.9532;-202.7118;-2490.23
40485;442.4006;-201.6157;-2489.206
40505;447.251;-200.1532;-2488.335
40555;450.8159;-199.873;-2486.969
40585;456.5691;-197.5561;-2485.052
40605;459.6149;-198.9088;-2482.249
40655;463.2153;-198.5073;-2480.227
40715;466.1955;-198.0905;-2478.398
40738;470.221;-196.9803;-2476.755
40754;472.8103;-197.3907;-2475.308
40767;475.8428;-197.9969;-2473.678
40807;477.8004;-200.2212;-2471.114
40857;479.3773;-200.6865;-2470.337
40887;482.2076;-201.3231;-2468.635
40917;483.0336;-203.5305;-2466.053
40957;483.4657;-203.4872;-2465.24
40967;483.6934;-203.5933;-2464.655
41017;483.8086;-203.3571;-2463.841
41057;483.5211;-202.8852;-2462.859
41077;482.4218;-202.629;-2460.469
41117;479.6897;-203.0346;-2457.153
41157;477.7915;-202.9626;-2454.84
41167;475.5352;-203.2577;-2452.576
41207;469.3353;-205.8604;-2448.236
41237;464.3944;-205.8399;-2445.266
41277;459.7071;-206.5435;-2441.35
41307;455.0862;-204.7808;-2438.446
41337;448.609;-206.9129;-2434.73
41377;441.141;-207.2774;-2431.775
41427;435.9379;-206.9735;-2429.882
41457;429.5137;-205.8443;-2428.244
41477;423.9707;-204.8635;-2426.992
41507;415.5334;-206.7623;-2425.371
41547;406.2513;-207.7433;-2424.285
41577;399.8148;-208.4901;-2423.736
41617;392.1072;-209.126;-2423.222
41637;382.6714;-212.7043;-2422.088
41677;374.5552;-215.1991;-2422.546
41707;365.7078;-219.1165;-2423.168
41747;359.6919;-222.2818;-2424.526
41777;352.1338;-222.5035;-2426.781
41807;342.7314;-224.9016;-2429.838
41847;337.0905;-225.0611;-2432.481
41867;328.7999;-225.9819;-2435.351
41907;323.2509;-225.0908;-2437.504
41937;310.5729;-226.0671;-2440.459
41977;306.4934;-226.6705;-2440.977
42007;300.7887;-226.852;-2441.586
42037;296.0096;-227.7738;-2440.961
42077;290.0645;-228.4929;-2440.694
42107;284.6076;-227.6687;-2440.781
42138;280.9014;-227.1909;-2440.589
42178;277.9725;-225.6195;-2441.297
42208;275.4681;-224.4521;-2441.95
42238;273.2838;-221.9009;-2444.133
42268;272.5438;-221.2216;-2445.562
42298;271.8748;-220.2483;-2448.063
42358;271.9804;-218.8985;-2453.15
42368;275.083;-220.1813;-2460.575
42408;277.6846;-222.0381;-2466.05
42438;285.2192;-224.374;-2476.033
42468;286.9917;-226.0013;-2480.293
42508;294.6832;-227.4914;-2489.354
42538;302.3045;-228.627;-2496.721
42568;306.9736;-230.6743;-2501.334
42608;312.5488;-231.3883;-2507.909
42658;322.2217;-236.3612;-2518.496
42688;328.8051;-237.0012;-2524.4
42718;341.1888;-236.9792;-2533.492
42738;355.4377;-236.8327;-2540.97
42788;365.4246;-237.4487;-2547.288
42818;373.0274;-236.9881;-2551.757
42858;382.1247;-239.4057;-2554.722
42878;390.4792;-239.8271;-2558.028
42918;399.3832;-242.2032;-2562.44
42958;406.9348;-247.3629;-2563.919
42968;411.3615;-252.7543;-2564.424
43008;416.7273;-257.2338;-2565.03
43058;423.0351;-264.577;-2562.917
43068;429.1965;-265.8483;-2563.819
43108;433.7338;-265.2762;-2564.403
43138;437.2775;-262.8011;-2564.959
43168;440.4038;-257.1618;-2565.164
43208;448.3149;-204.4078;-2573.698
43238;449.5638;-181.9682;-2576.056
43288;459.7353;-132.7994;-2594.903
43318;458.7135;-128.8034;-2595.586
43358;459.0286;-111.6599;-2600.76
43368;460.2653;-106.1412;-2604.269
43408;466.54;-98.41104;-2606.625
43438;470.6364;-105.4397;-2607.365
43468;480.0718;-130.0269;-2605.077
43518;486.2105;-177.6731;-2595.657
43548;489.804;-202.4416;-2592.548
43588;490.6405;-218.5457;-2589.797
43618;487.5204;-234.3395;-2586.69
43648;486.6032;-242.0078;-2584.645
43688;484.8981;-247.1107;-2583.918
43718;483.5553;-250.3407;-2583.249
43748;483.1314;-250.6532;-2583.036
43788;482.3647;-250.9584;-2582.612
43798;480.8789;-251.5203;-2582.309
43838;480.3228;-251.7817;-2581.716
43868;479.373;-252.3301;-2580.523
43918;478.2822;-253.7082;-2578.768
43938;476.0871;-256.8016;-2576.346
43988;475.4777;-257.6427;-2575.09
43998;474.2779;-259.4595;-2572.922
44048;473.4369;-260.4782;-2572.044
44068;468.9459;-264.8873;-2570.712
44118;467.7753;-265.7491;-2569.621
44148;466.5108;-265.8857;-2569.295
44178;464.07;-267.1946;-2568.494
44218;460.9525;-267.4811;-2568.419
44238;456.3363;-268.013;-2567.177
44278;452.2249;-268.3427;-2566.596
44318;448.3342;-269.015;-2565.152
44348;443.2626;-268.8742;-2564.979
44378;438.9601;-268.8269;-2564.462
44418;430.9211;-269.5524;-2563.829
44448;423.7595;-270.6933;-2562.996
44478;419.9324;-270.6817;-2562.749
44518;411.3369;-272.5517;-2561.853
44548;405.438;-271.9323;-2561.222
44578;395.7285;-273.5967;-2560.808
44618;387.7037;-272.847;-2560.232
44648;384.2812;-272.6906;-2561.162
44678;380.0399;-272.292;-2562.832
44708;373.9139;-272.3037;-2563.649
44748;370.7063;-272.5479;-2564.97
44778;367.9123;-272.1317;-2566.439
44808;364.7534;-271.1482;-2567.996
44848;363.5011;-271.4474;-2569.223
44878;363.1049;-270.1465;-2571.294
44908;363.4891;-269.7824;-2573.264
44948;364.8614;-268.0329;-2576.093
44978;369.1111;-267.5189;-2580.314
45028;377.3408;-266.5671;-2586.641
45068;384.4424;-267.5538;-2592.576
45088;403.0349;-267.498;-2607.701
45118;411.86;-271.7729;-2615.347
45151;431.4303;-270.9416;-2633.666
45181;448.9223;-271.6031;-2645.853
45211;462.1853;-277.869;-2656.619
45251;489.7446;-267.617;-2682.281
45281;496.9659;-267.2523;-2692.03
45321;511.1959;-263.2806;-2707.209
45331;520.8112;-266.0283;-2717.42
45391;534.9742;-273.9615;-2726.232
45401;544.2119;-275.9599;-2734.262
45441;551.5466;-275.048;-2740.341
45471;561.6324;-274.8328;-2747.123
45501;570.205;-274.7856;-2751.245
45551;578.9291;-272.9781;-2757.728
45581;579.0476;-272.9837;-2758.527
45601;585.4124;-271.4892;-2761.772
45651;589.2922;-268.9669;-2763.059
45681;590.4564;-271.1537;-2762.359
45721;591.0944;-271.4868;-2762.596
45751;592.965;-271.2075;-2762.977
45781;594.485;-270.9471;-2762.561
45821;594.5012;-272.0025;-2759.68
45851;595.0212;-271.8383;-2756.016
45881;594.5905;-269.5921;-2749.742
45921;592.4934;-269.5755;-2744.333
45941;586.7944;-268.1487;-2737.464
45981;583.4136;-261.2075;-2733.067
46011;582.5693;-251.6496;-2727.381
46051;580.1801;-236.6693;-2724.16
46081;582.5389;-224.2016;-2721.087
46111;581.9789;-222.0919;-2720.05
46151;586.5248;-202.9123;-2716.598
46161;588.4599;-185.9772;-2714.122
46221;588.4516;-156.9681;-2715.993
46251;588.6841;-152.5439;-2713.943
46291;586.3908;-168.8513;-2698.147
46311;584.8434;-175.9367;-2689.455
46351;580.8794;-187.6934;-2673.409
46391;573.1195;-197.9208;-2659.931
46421;562.2789;-205.5873;-2646.02
46451;544.8965;-216.2171;-2628.394
46491;533.1444;-226.0869;-2611.698
46521;518.1732;-229.4688;-2592.885
46551;514.39;-228.8181;-2582.412
46591;503.3666;-227.8228;-2564.95
46711;480.8089;-227.2969;-2539.036
46731;465.9093;-227.7139;-2514.478
46751;460.7287;-226.5379;-2508.34
46791;457.6669;-223.0734;-2502.688
46811;453.7374;-218.9482;-2498.226
46841;451.9539;-215.3484;-2495.363
46881;453.3976;-211.8017;-2492.887
46921;451.3184;-212.0336;-2489.871
46951;451.2764;-210.9779;-2487.627
46981;451.6657;-209.8574;-2484.356
47011;455.5381;-208.714;-2481.806
47041;461.6182;-205.5939;-2478.889
47081;464.6439;-205.583;-2476.177
47111;468.8019;-203.2938;-2472.839
47151;475.1052;-202.3244;-2468.838
47181;481.4297;-201.2695;-2462.484
47211;495.5922;-197.9208;-2456.039
47251;504.2696;-198.351;-2452.904
47281;509.484;-198.3005;-2448.233
47311;520.537;-198.2047;-2441.199
47341;533.8046;-200.4049;-2433.048
47381;546.3722;-198.5612;-2427.866
47411;552.0673;-197.64;-2423.293
47441;572.2468;-195.8453;-2417.064
47471;582.277;-197.396;-2411.965
47511;592.6502;-197.9997;-2407.337
47541;599.1788;-197.8268;-2402.702
47581;608.811;-195.3351;-2396.957
47611;617.1919;-192.0268;-2392.089
47641;624.5291;-189.2998;-2387.219
47681;630.847;-189.7689;-2381.8
47711;634.1818;-190.0664;-2378.069
47741;638.3599;-188.8975;-2374.163
47781;640.0049;-189.0747;-2370.651
47811;641.282;-188.2414;-2367.699
47841;646.3432;-177.8714;-2365.658
47871;650.7103;-165.8834;-2365.605
47911;650.7586;-165.8096;-2365.316
47941;654.8465;-134.2375;-2369.642
47971;657.495;-118.7896;-2373.347
48011;662.9408;-84.33696;-2382.905
48041;662.9385;-84.36513;-2382.907
