
0;-200.3426;-330.7953;-2658.688
30;-199.3861;-331.1199;-2658.948
70;-199.2317;-332.349;-2659.189
100;-199.1834;-332.678;-2659.026
150;-198.8314;-332.2646;-2659.205
180;-198.5481;-330.3218;-2659.132
200;-198.4262;-330.305;-2658.979
250;-197.9959;-329.2854;-2658.607
300;-197.9722;-329.3602;-2658.247
310;-197.4788;-331.8995;-2655.563
340;-197.4951;-331.7881;-2655.62
380;-197.1282;-331.9445;-2655.057
410;-196.7263;-331.8621;-2655.12
440;-195.8747;-330.8343;-2655.257
480;-194.9865;-331.4428;-2653.658
510;-194.5938;-331.7059;-2652.896
570;-194.3823;-331.7039;-2652.788
590;-193.0107;-332.2757;-2652.255
600;-191.0011;-332.157;-2650.605
640;-188.8413;-334.4051;-2647.189
670;-186.2933;-339.5602;-2642.532
710;-180.482;-339.9947;-2642.4
740;-177.7017;-343.0279;-2639.651
770;-175.9674;-344.3304;-2636.892
810;-169.1247;-343.7429;-2635.968
840;-165.412;-344.712;-2635.194
890;-158.504;-348.2307;-2634.944
910;-156.2175;-348.266;-2635.063
930;-146.7098;-353.0029;-2634.191
970;-138.7579;-354.3022;-2633.882
1000;-128.537;-356.427;-2632.543
1040;-119.291;-357.7517;-2631.385
1090;-110.805;-359.0716;-2627.977
1110;-102.3187;-360.0378;-2626.455
1140;-90.95049;-362.3975;-2623.991
1170;-81.38463;-363.447;-2625.044
1200;-71.59063;-366.122;-2624.743
1250;-64.05827;-366.1752;-2624.989
1270;-56.98547;-368.7021;-2625.947
1300;-50.15059;-368.9887;-2626.351
1340;-42.67445;-372.5183;-2625.668
1370;-27.64096;-372.5854;-2634.325
1400;-19.39386;-374.9073;-2633.926
1440;-11.71237;-375.6326;-2634.086
1470;-1.846148;-373.4194;-2634.746
1500;5.402938;-371.2885;-2633.833
1530;17.17228;-377.9175;-2630.592
1570;27.47777;-375.6689;-2632.814
1600;38.27652;-376.6715;-2633.693
1650;51.0145;-378.1185;-2640.865
1680;57.72232;-380.196;-2643.906
1720;69.83328;-380.5582;-2652.614
1750;73.85651;-381.2003;-2654.117
1780;80.48434;-385.8835;-2658.153
1800;89.69147;-386.8718;-2662.364
1830;96.15232;-387.5366;-2667.605
1890;102.2618;-388.4813;-2671.315
1910;102.7055;-389.1051;-2671.219
1930;106.4017;-386.6263;-2676.523
1970;107.8867;-384.1555;-2680.585
2040;106.7028;-379.397;-2683.07
2070;105.5723;-378.652;-2685.48
2110;104.4945;-377.1102;-2686.083
2140;102.7739;-376.0357;-2688.268
2180;100.8296;-373.9119;-2689.677
2200;96.79635;-372.4935;-2690.49
2240;87.39795;-373.7667;-2694.522
2270;85.55095;-373.7724;-2694.001
2310;83.60225;-375.1193;-2694.783
2340;80.92487;-374.6751;-2694.695
2370;79.45353;-376.1762;-2695.276
2410;78.5843;-376.2471;-2695.771
2440;77.90449;-376.5347;-2695.447
2470;77.96844;-376.6122;-2695.354
2510;78.30534;-376.7368;-2693.976
2550;70.03327;-378.8372;-2686.955
2570;70.2313;-378.5697;-2686.124
2610;65.55446;-378.7815;-2680.606
2630;65.56847;-378.4937;-2680.028
2670;66.2321;-377.7579;-2678.837
2710;71.38141;-373.6883;-2676.938
2730;76.65894;-369.4261;-2676.243
2770;78.78253;-367.6747;-2675.881
2800;78.81978;-367.6057;-2676.084
2840;76.75938;-368.9695;-2678.145
2880;76.83542;-369.0861;-2678.291
2890;77.9171;-369.2755;-2679.062
2930;78.54853;-369.4897;-2678.723
2980;80.62498;-369.1491;-2677.203
3010;82.51797;-368.5709;-2677.696
3030;85.98965;-366.6246;-2677.48
3080;88.89056;-362.1803;-2676.487
3110;89.70264;-359.8341;-2678.289
3140;93.2744;-352.5915;-2687.117
3180;90.4474;-353.0111;-2687.225
3210;87.42828;-350.4814;-2690.402
3260;77.63993;-342.3633;-2696.433
3300;75.61935;-333.0008;-2700.643
3330;53.03247;-318.8236;-2712.259
3370;48.8192;-293.7177;-2722.625
3420;50.966;-299.2122;-2733.412
3450;46.82431;-298.7915;-2741.086
3480;47.95407;-284.8179;-2732.652
3520;44.28514;-282.4041;-2729.474
3550;40.78149;-277.8228;-2723.0
3570;42.27217;-276.358;-2722.126
3620;38.47805;-272.5579;-2727.294
3640;36.99111;-274.5864;-2726.094
3670;42.92782;-301.8125;-2729.124
3720;43.24488;-295.6313;-2733.443
3750;43.65791;-294.7791;-2733.108
3780;54.48896;-310.0692;-2726.315
3820;59.40992;-322.0698;-2720.812
3830;61.0319;-322.3047;-2719.908
3890;62.63474;-328.524;-2713.889
3900;63.54599;-330.8618;-2711.516
3930;71.22366;-336.685;-2707.612
3970;71.89621;-340.2103;-2703.448
4000;69.85223;-355.9725;-2685.104
4030;69.20753;-359.1406;-2681.942
4070;69.63849;-360.3619;-2680.013
4120;71.43025;-361.9501;-2678.0
4130;71.95628;-363.6512;-2676.986
4170;72.06075;-364.4965;-2676.595
4200;71.79213;-364.618;-2675.313
4240;63.26684;-371.5425;-2671.682
4270;60.14118;-375.4137;-2669.67
4300;57.05336;-374.6797;-2665.498
4350;56.3571;-374.4032;-2664.412
4370;56.11434;-373.798;-2663.666
4420;54.39208;-372.3851;-2663.879
4450;53.10756;-372.5353;-2664.526
4490;53.02308;-372.6745;-2664.602
4520;53.41029;-372.0493;-2665.233
4550;53.99468;-371.9482;-2665.655
4570;56.1988;-369.585;-2666.421
4600;60.66324;-368.7067;-2667.009
4630;62.8594;-366.4016;-2666.863
4670;64.72282;-362.2029;-2669.017
4720;56.83974;-354.351;-2677.499
4750;56.98439;-348.2073;-2686.818
4770;56.19442;-347.6921;-2691.253
4820;52.88345;-341.8044;-2699.429
4850;45.08227;-334.0685;-2705.062
4880;33.11431;-327.4819;-2713.687
4916;30.53252;-322.8107;-2714.806
4946;23.11765;-300.0659;-2729.864
4966;23.17699;-297.3246;-2730.353
5016;23.09693;-297.6109;-2734.479
5046;24.81935;-296.7917;-2736.748
5066;25.06784;-296.7886;-2736.725
5116;23.48711;-282.6865;-2740.65
5146;22.74551;-302.678;-2735.602
5166;23.48123;-305.6922;-2738.473
5216;26.03184;-302.3308;-2729.961
5246;37.48259;-308.8236;-2728.338
5286;37.52876;-311.9076;-2725.359
5316;40.23995;-318.3503;-2720.976
5346;41.96681;-327.7699;-2712.553
5366;47.90112;-339.1116;-2704.806
5416;51.73614;-344.5388;-2700.224
5426;56.1839;-351.9274;-2694.343
5486;56.67565;-353.5978;-2690.806
5516;57.38866;-355.0969;-2687.503
5546;58.5018;-361.5507;-2680.32
5566;59.69239;-361.9601;-2678.975
5616;60.55047;-365.5898;-2675.886
5646;61.37722;-367.207;-2674.156
5686;57.19287;-371.0804;-2671.289
5696;52.92481;-373.5462;-2669.292
5746;50.32303;-374.1958;-2667.465
5776;49.7915;-373.6162;-2667.2
5816;49.0733;-373.1737;-2667.427
5846;48.56222;-373.3299;-2667.374
5856;48.09117;-373.5414;-2668.26
5916;50.5367;-374.3189;-2671.05
5946;51.60234;-375.0955;-2671.115
5976;52.44027;-375.2177;-2671.354
5996;55.89814;-375.404;-2672.667
6046;56.96663;-374.8085;-2672.415
6076;60.25647;-372.6891;-2673.391
6096;62.10083;-371.6724;-2674.57
6146;63.92971;-366.3369;-2673.937
6176;64.50111;-363.8583;-2674.953
6216;63.4978;-359.9957;-2678.15
6246;62.03071;-346.2779;-2693.027
6276;61.57849;-346.2179;-2694.338
6316;57.59828;-341.1397;-2699.421
6336;50.68633;-336.2927;-2704.748
6376;50.66523;-325.2085;-2711.749
6416;32.72158;-321.7183;-2711.478
6436;35.20563;-324.4639;-2722.633
6476;38.81573;-305.391;-2738.857
6506;36.46089;-297.2069;-2741.908
6546;37.95396;-293.7339;-2740.89
6576;36.26835;-294.1371;-2739.168
6606;32.5863;-295.12;-2737.058
6636;28.89184;-288.8091;-2732.76
6666;11.76544;-244.0891;-2702.912
6716;12.19356;-244.2607;-2702.707
6746;11.73514;-244.4463;-2702.208
6766;13.74047;-246.4155;-2701.582
6796;31.58376;-316.8125;-2722.068
6836;45.47382;-318.0643;-2723.447
6886;48.35102;-319.45;-2720.427
6896;52.29193;-327.2832;-2713.538
6946;59.61782;-332.8313;-2710.551
6986;61.0859;-340.4885;-2702.626
6996;61.15863;-346.315;-2694.977
7046;63.08466;-350.1779;-2690.54
7076;62.22343;-354.4527;-2684.691
7096;63.54734;-358.2746;-2680.449
7146;64.16047;-360.558;-2677.802
7186;65.69563;-366.092;-2673.433
7206;65.50221;-368.64;-2668.562
7246;66.27685;-368.6017;-2668.545
7276;65.60385;-370.1877;-2668.098
7296;54.42329;-372.714;-2666.123
7346;53.40134;-372.1245;-2665.992
7376;54.27346;-371.4182;-2666.483
7396;52.07709;-371.3775;-2667.09
7446;51.5787;-371.261;-2666.633
7476;50.91862;-371.2118;-2667.394
7506;50.50335;-371.7174;-2667.695
7546;53.07292;-370.6557;-2666.679
7576;57.16402;-368.5037;-2667.57
7616;57.79361;-368.0753;-2667.125
7646;57.68845;-367.8818;-2666.644
7666;58.78046;-367.1744;-2666.666
7706;60.24518;-361.77;-2666.501
7736;60.53665;-360.604;-2666.574
7776;59.95372;-357.6251;-2670.092
7806;56.38852;-348.1729;-2678.238
7836;55.34383;-345.162;-2681.305
7876;49.66419;-340.7525;-2688.046
7906;46.1055;-332.2167;-2695.202
7946;36.28932;-322.9867;-2703.104
7966;45.12309;-317.6569;-2713.078
8006;33.00376;-303.9743;-2712.732
8046;31.85184;-307.7588;-2739.4
8066;31.49492;-305.0927;-2740.138
8106;26.88316;-298.1594;-2739.749
8156;26.63898;-296.6702;-2736.148
8176;29.24571;-300.0345;-2743.06
8206;33.75459;-302.8346;-2717.94
8236;36.01032;-307.2664;-2720.213
8276;33.90012;-303.242;-2721.146
8306;29.43193;-299.4417;-2722.123
8336;32.34461;-296.7513;-2725.492
8366;30.22474;-292.3521;-2727.329
8406;38.61876;-304.2818;-2720.684
8436;45.1399;-308.4055;-2719.544
8476;58.93501;-317.0437;-2717.103
8506;55.19596;-331.111;-2701.896
8546;56.1604;-338.0238;-2696.755
8566;56.61525;-343.4951;-2692.647
8606;58.82795;-344.9572;-2690.078
8636;61.74145;-351.0352;-2682.989
8676;63.0934;-354.441;-2679.213
8706;63.65399;-357.4292;-2675.202
8736;63.71577;-359.2029;-2673.334
8776;63.95015;-365.4315;-2669.502
8806;64.23736;-366.2213;-2669.156
8836;64.25986;-368.085;-2668.388
8866;58.0186;-369.9595;-2668.667
8926;52.82549;-370.9282;-2665.429
8976;52.71302;-370.9307;-2665.433
8986;51.61393;-369.4632;-2666.26
9006;49.11772;-369.4966;-2664.81
9036;46.09008;-371.1133;-2663.883
9076;44.90348;-371.3768;-2665.65
9106;45.8942;-369.6806;-2666.409
9136;48.12829;-369.1288;-2666.767
9176;50.18174;-369.449;-2667.543
9206;53.61969;-366.7118;-2668.182
9236;54.24088;-365.5818;-2668.898
9276;55.76989;-363.5719;-2668.834
9306;56.45323;-362.031;-2668.698
9336;55.57598;-355.3289;-2671.457
9376;49.9258;-351.0182;-2684.22
9406;46.70927;-348.8161;-2689.713
9436;42.30092;-344.3016;-2699.224
9476;40.19254;-342.9642;-2700.284
9506;30.09681;-337.6768;-2704.15
9536;22.56149;-326.8733;-2715.46
9566;22.5495;-322.938;-2717.209
9606;18.755;-291.0536;-2726.602
9636;21.06976;-290.446;-2738.657
9676;19.54325;-295.1491;-2742.31
9706;15.74966;-293.6558;-2740.406
9736;14.05087;-290.9868;-2739.654
9766;8.679653;-281.5877;-2737.069
9806;-3.742922;-251.2523;-2722.164
9836;-3.477423;-251.3736;-2721.493
9866;-5.175716;-230.0719;-2713.915
9906;-3.460822;-236.706;-2711.742
9936;-2.219487;-239.441;-2709.451
9971;20.39577;-287.3088;-2715.521
10001;23.45586;-304.8884;-2719.896
10031;37.8515;-313.6776;-2723.14
10071;39.05107;-322.5691;-2714.86
10101;42.28512;-332.8096;-2704.578
10151;43.61384;-341.2248;-2698.474
10181;44.9932;-347.3051;-2693.419
10201;46.63339;-350.0861;-2689.831
10251;47.85574;-352.2799;-2686.122
10281;52.45721;-357.2285;-2683.155
10311;53.50301;-358.734;-2681.265
10331;54.45854;-360.3762;-2678.243
10381;53.74618;-361.9389;-2676.364
10391;51.868;-365.2635;-2673.431
10451;51.70761;-367.5467;-2672.323
10461;47.93958;-370.3518;-2671.83
10501;45.91492;-370.7693;-2668.842
10531;45.77724;-370.049;-2668.487
10561;45.68058;-368.6209;-2667.978
10601;44.21864;-368.1325;-2667.475
10641;40.83383;-369.3556;-2665.555
10681;40.18143;-369.7314;-2665.836
10701;40.68041;-369.2551;-2665.797
10751;43.03009;-369.229;-2665.259
10781;44.90477;-369.3215;-2665.995
10821;49.36477;-367.1655;-2667.016
10841;49.47662;-367.0947;-2667.027
10881;52.17462;-362.9463;-2667.353
10911;52.23587;-362.7525;-2667.36
10941;53.31375;-354.009;-2671.179
10981;51.26414;-351.7733;-2677.562
11011;48.85693;-349.1625;-2683.961
11051;48.19793;-347.5116;-2685.217
11071;47.55095;-346.8956;-2686.657
11111;44.68225;-345.8961;-2689.737
11151;38.38808;-340.572;-2696.159
11161;33.59694;-339.4165;-2698.589
11201;35.11607;-334.7075;-2701.145
11251;32.55194;-328.3451;-2704.429
11271;30.36041;-326.6624;-2706.79
11311;34.5805;-323.3638;-2715.088
11351;28.75275;-319.5311;-2717.369
11361;20.67204;-297.2914;-2712.749
11401;18.10256;-295.6506;-2710.882
11451;17.31325;-294.9299;-2709.804
11481;16.05608;-292.8668;-2710.653
11511;22.03416;-307.1168;-2722.072
11551;16.96993;-297.1559;-2713.251
11581;18.57471;-303.222;-2715.134
11611;19.26063;-306.2204;-2713.478
11641;20.61567;-309.3498;-2712.624
11661;29.84369;-319.1143;-2708.64
11711;33.44383;-325.6588;-2704.823
11741;38.10944;-328.5843;-2705.822
11781;45.29912;-333.8506;-2698.715
11811;49.00875;-335.9871;-2697.248
11851;53.97778;-349.9066;-2684.356
11871;55.08252;-353.0251;-2681.548
11911;56.153;-358.7539;-2678.218
11941;56.82988;-359.2216;-2676.286
11981;57.77905;-360.4467;-2674.211
12011;57.31838;-361.8716;-2671.587
12051;53.68441;-369.3641;-2669.421
12071;51.50929;-369.7758;-2667.684
12111;47.09303;-369.7956;-2664.354
12141;47.31521;-370.1212;-2664.325
12171;44.1476;-370.9288;-2664.367
12221;41.39374;-369.8069;-2662.67
12241;40.50557;-371.0242;-2662.953
12281;40.77818;-371.0575;-2662.936
12311;41.50569;-370.5003;-2663.332
12341;41.51015;-370.5361;-2663.261
12381;43.41763;-369.3997;-2663.763
12411;44.38663;-368.2137;-2663.806
12441;45.60495;-366.7903;-2663.427
12471;48.14076;-362.4388;-2662.86
12511;48.05699;-358.0344;-2666.007
12541;45.82249;-354.0569;-2673.574
12581;45.14032;-348.7695;-2677.734
12601;41.76378;-343.6223;-2683.649
12641;32.3612;-332.9605;-2693.353
12671;28.74579;-330.2268;-2697.209
12711;20.68304;-297.9879;-2725.987
12741;13.47471;-295.8494;-2712.155
12771;16.82423;-294.3144;-2728.495
12811;16.23587;-295.4372;-2731.112
12841;16.76375;-294.8029;-2731.857
12871;19.38526;-289.4026;-2741.332
12901;23.72162;-312.9919;-2745.265
12941;25.89431;-302.4865;-2747.53
12971;1.043159;-238.1921;-2713.442
13011;3.803607;-228.4079;-2707.885
13031;3.612291;-233.9112;-2704.649
13071;3.549349;-234.4136;-2704.102
13101;1.676492;-240.085;-2699.918
13141;0.4274269;-246.8506;-2694.61
13171;28.65587;-311.7212;-2715.518
13201;29.44698;-314.9144;-2713.281
13241;34.23081;-321.5293;-2712.375
13271;38.20536;-324.1206;-2707.658
13301;42.81353;-334.0831;-2695.756
13341;45.52578;-335.8592;-2692.685
13391;49.33065;-341.3527;-2687.11
13421;52.90645;-353.4311;-2677.862
13441;53.10737;-353.3411;-2677.136
13471;51.79808;-357.0237;-2670.421
13501;54.0509;-359.2256;-2667.644
13541;54.45409;-362.782;-2664.151
13571;54.12804;-363.8985;-2663.355
13621;54.38538;-364.0409;-2662.938
13651;49.03539;-365.4577;-2661.971
13671;41.31389;-367.2724;-2662.114
13701;40.54941;-367.5486;-2661.5
13731;40.55321;-368.0642;-2660.27
13771;40.10683;-368.8396;-2659.717
13801;39.63239;-369.0345;-2659.755
13831;39.46725;-369.4657;-2660.446
13891;41.88152;-369.8352;-2660.781
13911;42.02353;-370.0709;-2660.176
13951;42.70219;-369.8584;-2660.083
13981;43.81071;-369.9104;-2660.07
14001;46.52851;-364.7767;-2659.339
14031;45.85799;-362.8144;-2658.645
14071;46.73457;-357.3881;-2660.95
14101;43.24439;-347.7047;-2671.276
14151;42.39858;-344.5542;-2676.087
14181;40.94279;-344.131;-2679.387
14221;33.25445;-331.7328;-2694.633
14231;25.26651;-328.805;-2696.152
14271;32.61121;-323.9264;-2700.37
14301;26.19992;-323.3783;-2724.353
14361;24.68911;-319.1028;-2728.137
14371;24.06437;-313.3286;-2726.678
14411;20.47274;-294.5205;-2713.855
14431;5.413797;-275.894;-2711.918
14471;4.854403;-275.8742;-2712.401
14511;3.747027;-274.6594;-2715.223
14541;6.67961;-276.7092;-2730.535
14571;8.772306;-278.2027;-2734.094
14611;10.10428;-288.4493;-2735.242
14641;14.43217;-289.2272;-2724.28
14671;40.01362;-305.4275;-2722.034
14701;33.73682;-318.3261;-2708.288
14741;32.61073;-322.471;-2703.756
14771;35.21308;-330.722;-2697.996
14801;38.0756;-334.9698;-2694.489
14841;42.72268;-340.8382;-2688.678
14871;47.59201;-348.2118;-2684.0
14901;49.84649;-350.7977;-2681.885
14931;51.14149;-354.7894;-2677.281
14966;54.29899;-355.9654;-2675.988
15006;55.62653;-356.5481;-2674.183
15036;55.7085;-365.4126;-2671.357
15076;54.25272;-368.7953;-2670.112
15106;53.95999;-368.6308;-2669.96
15156;49.96832;-371.0691;-2669.725
15166;47.46282;-371.6144;-2668.007
15206;45.97804;-370.4993;-2668.196
15236;45.5346;-370.16;-2668.441
15286;43.71833;-370.1034;-2667.765
15296;42.72812;-369.0599;-2667.192
15336;42.51447;-368.9231;-2667.307
15366;42.38822;-369.1615;-2667.551
15406;42.64471;-368.8026;-2667.916
15436;44.41708;-369.3211;-2667.941
15466;44.53963;-369.7543;-2668.063
15506;47.47805;-369.4129;-2667.731
15536;47.96719;-369.2454;-2667.935
15566;49.02102;-368.5611;-2668.107
15606;53.30081;-356.1208;-2669.256
15636;52.78622;-353.2397;-2672.376
15686;45.88318;-348.3615;-2684.515
15696;43.77701;-344.7269;-2689.666
15736;40.78329;-341.1845;-2695.074
15786;37.79822;-334.1848;-2702.142
15816;34.03111;-329.8362;-2705.716
15836;28.02401;-320.4081;-2714.212
15886;27.1458;-318.5832;-2716.897
15916;22.29113;-321.9503;-2722.957
15936;15.78548;-309.463;-2721.618
15986;16.64094;-298.58;-2740.445
16016;15.82664;-297.2304;-2739.767
16046;16.61595;-294.5901;-2741.423
16086;17.06919;-293.2527;-2741.54
16116;16.39293;-291.3429;-2740.293
16146;16.54546;-292.0963;-2739.411
16186;16.59337;-311.9305;-2726.676
16196;16.61884;-304.8265;-2716.101
16236;18.02507;-305.1017;-2715.606
16276;25.28394;-309.9177;-2711.979
16306;34.05518;-327.7355;-2699.463
16346;39.31504;-333.6893;-2694.247
16366;45.21031;-344.1757;-2687.024
16406;46.31156;-353.0598;-2680.1
16446;47.84312;-354.1923;-2678.663
16466;50.57965;-356.215;-2677.891
16506;53.28141;-359.6719;-2675.714
16536;57.81332;-362.686;-2672.872
16586;61.13339;-364.5924;-2670.747
16606;62.21358;-367.5586;-2668.978
16636;62.02309;-369.2761;-2667.806
16686;57.2915;-371.379;-2666.041
16706;53.74082;-371.8265;-2663.737
16736;50.48138;-371.1434;-2663.48
16776;44.18276;-391.0277;-2664.888
16806;42.63866;-381.5602;-2662.87
16836;42.03326;-379.7963;-2661.291
16876;42.16143;-377.2507;-2660.493
16906;41.99945;-374.8561;-2662.447
16936;44.14742;-372.3965;-2662.731
16976;44.60189;-372.433;-2662.624
16996;45.06397;-372.1811;-2662.39
17036;47.85381;-368.6791;-2662.227
17076;50.95222;-365.0395;-2662.611
17116;53.33563;-360.2313;-2663.041
17146;56.16439;-353.2035;-2664.306
17176;55.70838;-346.6336;-2668.771
17216;50.79211;-344.0006;-2675.77
17236;45.26679;-340.0304;-2684.558
17286;33.82507;-333.2766;-2690.557
17316;25.19986;-317.7745;-2702.19
17346;28.45647;-316.2516;-2707.743
17366;22.86566;-314.137;-2724.223
17406;19.58549;-308.4186;-2726.074
17436;11.66465;-283.7802;-2711.554
17476;-5.114447;-224.6745;-2726.413
17506;-8.326331;-225.5574;-2716.183
17536;32.44004;-236.7175;-2713.435
17576;32.57425;-235.8826;-2714.907
17606;22.54975;-250.5175;-2723.855
17636;24.35494;-251.6864;-2723.669
17676;4.45572;-229.5804;-2707.866
17706;12.0691;-231.1647;-2673.405
17736;21.43929;-264.92;-2671.072
17776;3.349708;-224.5654;-2693.021
17806;5.011236;-229.4993;-2692.427
17836;30.24928;-320.9527;-2726.89
17876;30.47778;-318.3742;-2719.245
17896;34.09688;-318.6941;-2709.648
17956;37.90587;-325.1628;-2701.597
17966;43.03174;-334.0958;-2694.937
18006;44.79783;-338.1021;-2689.102
18036;48.02126;-341.2452;-2686.114
18077;49.96757;-344.7297;-2681.683
18107;52.84589;-347.6304;-2677.4
18157;56.16358;-353.0807;-2674.841
18167;57.22476;-356.7235;-2671.764
18207;58.24989;-359.1841;-2670.627
18247;60.28109;-362.1186;-2669.107
18297;60.22464;-366.1776;-2667.451
18307;59.05736;-372.1125;-2666.565
18337;59.08256;-372.3707;-2666.83
18377;58.78396;-372.6114;-2666.731
18407;56.13805;-375.0361;-2666.547
18437;50.06613;-372.8933;-2668.06
18467;50.14375;-372.7802;-2668.062
18507;50.11071;-373.1841;-2667.629
18537;51.3628;-371.5115;-2668.357
18577;49.09733;-371.6451;-2668.452
18607;49.21455;-371.5745;-2669.074
18657;47.7679;-371.1308;-2670.675
18667;47.00672;-372.6943;-2672.586
18707;42.34589;-372.7823;-2674.302
18747;42.24751;-372.5293;-2674.576
18767;41.97425;-371.5714;-2675.374
18807;41.79185;-369.1674;-2679.253
18837;42.25595;-369.066;-2681.39
18867;41.94072;-368.8083;-2682.108
18907;43.27206;-366.2228;-2683.994
18937;46.00397;-361.0402;-2688.243
18967;47.07886;-357.0361;-2690.503
19027;52.95887;-348.994;-2697.001
19037;57.19309;-341.8228;-2703.126
19067;57.60058;-336.7688;-2705.368
19107;60.09455;-331.2996;-2708.113
19137;63.35199;-322.9143;-2714.326
19167;63.80839;-319.8888;-2715.582
19207;64.75791;-315.5562;-2717.722
19237;75.20927;-292.103;-2730.919
19267;74.8795;-291.326;-2733.278
19307;76.29918;-281.9938;-2742.282
19337;82.23119;-275.2199;-2763.939
19387;93.20684;-265.8018;-2777.105
19397;92.50997;-265.7539;-2777.774
19437;90.17853;-267.6985;-2775.385
19487;84.5681;-283.3982;-2770.768
19517;76.57239;-299.2867;-2744.948
19557;58.82265;-312.3612;-2730.541
19587;59.07674;-313.8492;-2728.049
19617;56.63705;-323.2985;-2725.625
19647;56.39864;-324.7067;-2724.11
19667;53.75915;-329.7961;-2721.869
19717;54.13503;-332.7748;-2719.43
19727;51.36272;-336.1104;-2715.774
19787;43.74262;-350.279;-2701.91
19807;43.79158;-350.3803;-2701.426
19847;43.15397;-355.5028;-2698.004
19887;44.01466;-358.3533;-2698.385
19917;45.14609;-359.1593;-2697.22
19937;47.35188;-360.8071;-2696.329
19967;48.58866;-363.2622;-2694.326
20019;50.62292;-364.7221;-2695.602
20039;51.77811;-364.9941;-2696.075
20079;52.77856;-365.455;-2696.732
20119;54.16029;-366.1443;-2697.852
20139;55.97638;-369.0854;-2697.488
20179;56.06194;-371.9186;-2696.438
20209;55.82041;-371.8258;-2696.46
20249;55.65981;-372.4899;-2696.333
20289;55.82912;-373.1864;-2697.037
20309;56.39968;-375.5266;-2699.211
20339;57.19216;-375.5576;-2700.738
20369;58.99774;-372.0203;-2703.843
20399;60.59812;-370.7008;-2706.723
20439;62.489;-369.0175;-2707.569
20469;66.90467;-363.4915;-2708.545
20499;73.02624;-352.9112;-2717.691
20539;78.27209;-346.5983;-2720.522
20589;82.79418;-338.4378;-2722.839
20609;84.55132;-334.3661;-2727.818
20649;96.56045;-314.9563;-2736.569
20669;102.7029;-308.504;-2739.907
20719;100.1966;-306.6765;-2737.449
20749;95.39191;-292.1483;-2740.588
20769;113.8817;-276.0824;-2744.206
20809;117.1697;-280.4805;-2725.848
20859;119.9326;-263.9124;-2804.89
20879;114.9815;-261.451;-2824.321
20899;113.8917;-261.8115;-2823.781
20959;110.8204;-250.7994;-2821.276
20969;113.0946;-248.9159;-2784.577
20999;117.9372;-244.423;-2789.845
21039;96.6184;-254.4572;-2807.898
21069;99.66216;-256.3023;-2803.105
21099;80.2015;-292.3977;-2753.51
21139;83.95751;-299.5838;-2751.34
21169;68.36576;-325.5123;-2736.688
21199;68.81888;-329.6526;-2733.446
21239;65.02338;-334.191;-2729.355
21289;63.46408;-338.5565;-2726.004
21299;59.27849;-346.3031;-2719.955
21339;57.14981;-349.5792;-2717.996
21369;55.38046;-353.0899;-2712.439
21419;57.00081;-357.6609;-2708.774
21449;56.7897;-359.0912;-2707.306
21489;55.99245;-363.1263;-2707.227
21499;57.31062;-366.2228;-2704.269
21549;57.48943;-365.4202;-2702.136
21589;58.91552;-364.8317;-2701.987
21599;62.7432;-366.3767;-2703.238
21649;64.60807;-367.1634;-2704.012
21659;64.86777;-367.2239;-2704.316
21719;66.31837;-369.952;-2704.841
21749;66.51865;-370.9772;-2704.739
21759;64.57226;-372.2555;-2702.932
21819;61.51724;-375.0068;-2701.834
21849;60.90902;-376.4802;-2701.016
21879;61.44991;-378.8103;-2704.667
21919;61.1892;-378.635;-2706.066
21929;60.7513;-377.8452;-2706.344
21979;59.11901;-373.6187;-2707.553
21999;59.2006;-372.3821;-2707.835
22029;58.06514;-367.1877;-2712.516
22059;63.75414;-356.8012;-2717.324
22119;67.11784;-349.5011;-2724.31
22149;69.4174;-341.5272;-2729.839
22179;71.46043;-338.8551;-2732.29
22199;73.92139;-336.2321;-2732.993
22229;85.82482;-315.8329;-2746.511
22269;86.99731;-314.9221;-2747.75
22319;112.5724;-283.0172;-2774.205
22349;86.96587;-281.1678;-2761.519
22379;85.65758;-287.8969;-2761.267
22419;94.35193;-286.778;-2763.854
22449;101.0477;-287.955;-2770.358
22479;98.17142;-281.2642;-2823.642
22509;89.19292;-279.0733;-2814.126
22549;93.43049;-237.9414;-2793.42
22579;93.58446;-238.1507;-2793.52
22619;97.04968;-236.5995;-2792.111
22629;96.54509;-236.9446;-2792.493
22669;79.66841;-268.4497;-2822.898
22719;70.63116;-310.887;-2750.005
22749;69.52729;-317.5694;-2744.479
22769;66.0228;-336.0037;-2727.145
22819;65.73483;-336.8047;-2727.508
22849;65.70114;-337.2717;-2727.397
22889;63.19059;-341.1214;-2723.065
22909;60.07855;-348.5464;-2712.034
22929;56.9073;-352.151;-2708.786
22979;55.19503;-355.0698;-2707.822
23019;53.60003;-359.9622;-2705.41
23049;52.99756;-361.5103;-2705.007
23079;53.13711;-362.1759;-2703.938
23109;53.72432;-374.6485;-2689.606
23149;54.3702;-374.2747;-2690.214
23259;62.01357;-374.4829;-2698.488
23309;67.33007;-373.861;-2702.754
23329;67.36653;-373.7795;-2702.718
23339;67.05226;-373.7372;-2702.631
23379;64.62089;-374.016;-2698.858
23419;63.71012;-375.6565;-2697.007
23449;65.21156;-376.5018;-2701.053
23479;65.08116;-377.7314;-2701.33
23509;65.11443;-377.6053;-2702.469
23549;65.50758;-375.7024;-2702.967
23579;65.35933;-375.0896;-2702.827
23609;69.91238;-361.8729;-2712.314
23649;72.32647;-356.8303;-2714.645
23679;78.2384;-345.6904;-2720.478
23719;81.21635;-340.3555;-2722.46
23739;94.71098;-325.6241;-2732.877
23779;92.90962;-322.1861;-2739.268
23809;101.2568;-312.1617;-2747.457
23849;104.4072;-302.4697;-2760.16
23909;99.69021;-276.8523;-2749.778
23919;100.5447;-273.9342;-2746.705
23939;117.4795;-280.0344;-2711.23
23969;102.4985;-238.2628;-2779.878
24009;105.4238;-240.3876;-2787.132
24039;103.7082;-262.3037;-2789.604
24069;105.2999;-259.3077;-2794.669
24109;105.8659;-255.7818;-2793.323
24149;109.811;-256.0042;-2857.877
24181;104.1911;-245.8353;-2844.799
24221;76.59465;-303.2064;-2801.317
24231;95.55901;-317.3395;-2745.727
24281;77.10371;-330.6948;-2729.407
24311;75.80987;-333.6558;-2727.591
24351;67.29411;-340.2814;-2726.918
24371;62.39797;-347.0183;-2722.524
24411;60.29901;-351.6784;-2717.236
24451;58.27754;-355.0247;-2712.992
24481;57.41496;-357.4894;-2710.804
24511;53.54667;-360.7995;-2707.237
24551;54.92978;-364.9435;-2706.07
24581;56.23749;-365.9036;-2703.117
24611;56.50033;-366.6797;-2700.286
24651;59.38122;-374.4893;-2694.379
24681;61.6469;-374.9343;-2694.439
24711;64.35014;-376.4625;-2694.247
24751;65.42388;-378.084;-2695.104
24781;67.34759;-379.6933;-2697.762
24811;67.21339;-379.6503;-2697.748
24841;65.75086;-379.329;-2697.297
24881;64.18296;-379.3619;-2696.541
24911;64.20596;-379.1076;-2697.773
24941;64.58726;-380.8471;-2698.281
24971;64.99171;-379.0319;-2700.524
25011;66.57822;-373.8282;-2705.617
25046;67.20264;-372.3104;-2704.9
25076;75.86452;-364.7079;-2714.516
25116;76.87248;-361.9105;-2716.31
25146;91.31832;-342.1501;-2727.438
25166;91.22244;-339.9761;-2727.297
25216;92.34711;-330.9101;-2730.259
25246;103.9446;-317.7058;-2738.825
25286;117.1514;-288.4939;-2784.791
25316;101.2937;-271.3907;-2735.767
25346;111.4265;-241.5526;-2631.182
25386;108.9204;-240.5631;-2624.217
25416;112.3255;-233.4446;-2690.009
25456;95.95083;-251.4073;-2738.562
25476;96.09698;-233.6865;-2781.087
25516;90.51157;-241.3519;-2777.639
25546;106.3454;-284.279;-2812.06
25566;104.239;-231.0212;-2755.299
25616;107.1807;-196.551;-2737.187
25646;88.83329;-210.5682;-2747.496
25656;92.66415;-206.3603;-2754.258
25696;85.70096;-256.8404;-2695.542
25746;79.31967;-312.804;-2742.191
25776;73.33779;-323.0008;-2731.448
25796;68.50011;-330.549;-2731.37
25846;64.09192;-336.9991;-2726.256
25856;59.28896;-343.2859;-2724.424
25916;57.93077;-349.247;-2715.023
25926;54.9451;-354.1355;-2712.179
25966;53.92712;-358.7124;-2709.645
26016;54.33709;-366.4115;-2707.811
26046;53.3223;-367.1115;-2706.104
26076;56.80877;-368.3091;-2703.844
26116;58.961;-369.5094;-2702.632
26146;59.73509;-371.9553;-2700.939
26176;61.53975;-375.2262;-2698.964
26196;62.81175;-374.5164;-2698.612
26246;63.02608;-374.587;-2698.204
26276;63.08275;-374.5635;-2698.274
26306;62.98447;-374.4129;-2698.61
26346;63.02858;-374.3326;-2698.829
26376;64.53275;-376.4045;-2702.469
26416;64.06927;-375.4635;-2702.93
26446;63.97599;-373.9109;-2703.666
26476;65.33894;-368.3796;-2709.051
26506;67.05624;-362.8605;-2711.559
26546;73.43275;-353.1786;-2718.664
26576;77.35854;-344.6952;-2720.893
26606;79.84165;-338.5692;-2722.154
26626;84.95797;-321.277;-2733.122
26676;93.99203;-304.709;-2741.225
26706;117.4046;-268.1109;-2773.714
26746;107.7024;-258.2274;-2756.655
26786;119.1241;-254.0054;-2757.135
26806;103.9318;-229.7389;-2679.353
26846;102.2531;-232.7357;-2712.172
26876;88.38806;-196.9347;-2768.272
26906;97.68897;-247.5086;-2779.103
26936;94.85169;-219.5834;-2756.106
26976;102.238;-203.4619;-2754.046
27006;98.51609;-202.6625;-2753.14
27046;96.47964;-203.3873;-2757.181
27076;85.02798;-223.0363;-2703.707
27106;59.47108;-325.4369;-2736.513
27146;63.74968;-324.9843;-2735.99
27176;64.51257;-327.5488;-2734.027
27206;63.43774;-336.837;-2725.547
27246;62.28991;-339.7594;-2723.387
27276;59.53931;-344.9939;-2719.199
27306;58.5748;-348.4174;-2716.912
27346;56.60262;-352.6102;-2713.286
27376;54.55708;-355.5677;-2712.241
27406;50.33327;-361.8196;-2707.17
27436;50.807;-366.1733;-2704.918
27476;52.39935;-371.5901;-2700.336
27506;52.60609;-371.9818;-2699.371
27546;52.38563;-372.727;-2698.103
27566;53.21433;-373.6599;-2698.083
27606;53.29798;-376.8447;-2695.943
27636;62.22038;-377.0464;-2699.281
27676;62.98304;-376.8423;-2700.595
27706;63.18728;-378.4724;-2703.299
27736;62.3723;-378.3934;-2703.339
27776;61.20396;-377.8669;-2704.183
27806;60.83509;-378.599;-2706.343
27836;62.07782;-379.9554;-2713.217
27876;61.97656;-379.2835;-2713.711
27906;63.00677;-375.3486;-2719.179
27936;63.41285;-374.7296;-2719.009
27976;66.03246;-369.6841;-2721.015
28006;68.89571;-365.0617;-2722.554
28036;76.35802;-352.6002;-2729.847
28076;80.31347;-345.3811;-2732.917
28106;80.99634;-342.2724;-2734.827
28136;85.30944;-325.5199;-2745.579
28166;96.70943;-312.8166;-2757.975
28206;102.7532;-304.0978;-2762.965
28236;128.0637;-260.3616;-2757.894
28286;118.8116;-259.1553;-2739.352
28296;110.9281;-254.8707;-2731.036
28336;102.7507;-203.3029;-2708.743
28366;96.05694;-201.3108;-2781.305
28406;106.7686;-210.8848;-2802.499
28456;104.1071;-198.6405;-2794.585
28486;98.06244;-204.6926;-2770.278
28496;102.9317;-222.8276;-2799.925
28556;102.4303;-247.2134;-2860.546
28596;104.3188;-249.468;-2862.75
28616;96.89174;-302.2098;-2780.932
28656;88.03023;-318.6689;-2764.071
28676;84.20025;-325.6783;-2757.622
28726;70.47758;-339.1046;-2746.802
28746;68.59964;-342.071;-2744.522
28776;62.97888;-351.7232;-2738.011
28806;57.47747;-356.3659;-2735.446
28836;57.30847;-357.8372;-2732.727
28876;56.69291;-359.847;-2729.233
28926;50.9143;-367.445;-2721.9
29006;50.07699;-369.7565;-2720.356
29046;50.84737;-370.4305;-2720.052
29076;54.23266;-374.0048;-2719.698
29116;55.60769;-377.4521;-2717.705
29136;56.51756;-378.2071;-2716.797
29176;61.76145;-379.3526;-2720.067
29206;62.91608;-379.3932;-2720.143
29236;63.15149;-379.5018;-2720.111
29276;62.79046;-379.4184;-2719.933
29306;63.22686;-379.7578;-2720.4
29336;63.81369;-381.2929;-2722.667
29376;64.1666;-380.1702;-2723.125
29406;63.62568;-378.8542;-2724.627
29436;63.68784;-377.3946;-2724.014
29476;65.94122;-372.547;-2727.385
29506;68.65999;-365.9119;-2729.557
29556;74.53218;-356.0422;-2730.182
29576;81.38043;-346.2471;-2735.142
29626;84.215;-340.101;-2737.314
29646;93.32729;-328.3575;-2743.383
29686;93.28419;-325.2553;-2744.4
29706;102.9043;-307.6057;-2759.338
29736;118.8712;-262.6238;-2798.309
29776;111.2927;-257.6736;-2736.825
29806;109.3611;-261.5403;-2741.765
29836;103.3711;-267.8222;-2689.412
29886;115.633;-271.606;-2757.938
29896;104.3887;-247.4563;-2724.579
29936;107.546;-230.9358;-2765.492
29986;105.6155;-185.4696;-2745.951
30016;112.1366;-217.6552;-2772.141
30036;94.44608;-216.9267;-2765.298
30068;99.80006;-213.2253;-2766.292
30098;102.3468;-294.0103;-2786.592
30138;85.41755;-320.875;-2758.331
30168;80.15321;-327.7796;-2749.173
30198;77.16673;-332.0403;-2742.289
30238;72.59477;-339.8443;-2733.141
30268;67.91489;-347.4629;-2728.9
30318;66.7558;-353.2982;-2723.508
30348;64.7484;-356.0181;-2721.043
30368;61.57221;-361.0528;-2715.709
30398;59.53731;-364.9074;-2712.669
30438;61.46393;-369.0378;-2709.5
30488;60.4903;-371.6132;-2706.313
30518;59.99442;-371.6792;-2702.427
30548;61.69671;-373.8341;-2701.885
30588;65.15676;-375.5986;-2702.133
30608;65.07742;-375.7003;-2700.767
30648;64.588;-375.7214;-2700.363
30688;64.23346;-376.832;-2700.023
30718;67.15527;-377.8629;-2701.815
30748;66.7018;-378.4557;-2701.86
30778;66.15681;-378.3719;-2701.578
30818;66.57888;-379.53;-2702.28
30848;66.79114;-381.7992;-2703.904
30878;66.94358;-380.1836;-2707.422
30918;67.39319;-377.1992;-2709.994
30948;67.02054;-374.757;-2708.647
30978;69.41207;-370.9853;-2711.991
31008;72.13076;-366.8289;-2715.988
31048;78.20718;-357.2896;-2722.533
31078;84.52847;-345.9655;-2728.443
31108;86.50836;-343.1545;-2728.897
31148;86.77345;-340.1501;-2729.506
31178;95.83533;-325.1224;-2740.921
31208;94.78844;-320.2998;-2742.826
31238;102.9767;-303.133;-2779.447
31278;97.00011;-284.4123;-2753.906
31308;96.07525;-283.9902;-2747.129
31348;97.38036;-286.1555;-2746.87
31378;100.9866;-292.0525;-2745.304
31408;107.476;-259.4102;-2798.038
31448;98.90626;-263.7623;-2789.691
31478;97.18755;-239.1182;-2774.224
31528;98.13831;-235.399;-2771.505
31538;82.22807;-217.0112;-2763.281
31578;84.01048;-235.1148;-2687.177
31608;86.59467;-318.1207;-2739.578
31648;76.86645;-329.4496;-2732.18
31678;63.29024;-340.078;-2731.773
31708;63.73542;-341.8695;-2730.842
31738;63.24442;-347.1655;-2727.33
31778;62.8707;-351.1842;-2724.792
31808;62.29653;-353.6767;-2722.229
31838;58.5626;-359.0363;-2718.16
31878;58.21052;-362.2083;-2713.438
31908;59.17717;-365.2512;-2711.451
31948;59.64476;-369.3323;-2707.381
31968;59.95603;-371.0966;-2706.84
32008;59.76217;-372.6834;-2703.813
32038;60.93509;-374.685;-2704.961
32078;62.45483;-377.686;-2705.419
32128;65.47298;-378.7881;-2707.519
32138;65.03712;-378.8233;-2706.812
32178;64.85109;-379.4377;-2706.601
32208;64.33376;-380.9702;-2705.993
32238;62.86522;-383.6833;-2704.679
32278;62.56573;-383.7411;-2705.342
32318;63.20308;-385.1383;-2709.286
32358;63.38907;-384.8322;-2709.953
32378;63.32046;-381.0309;-2712.265
32408;63.44415;-379.8412;-2714.043
32438;66.20457;-377.3845;-2717.569
32478;71.32182;-367.0405;-2725.021
32508;79.46535;-357.5487;-2733.487
32538;84.83973;-347.8615;-2736.25
32578;89.59289;-339.8841;-2740.663
32608;100.4078;-321.6853;-2753.021
32638;100.6372;-309.2051;-2761.208
32678;124.3565;-269.7314;-2801.273
32708;128.0295;-248.0961;-2779.546
32738;127.9608;-247.976;-2779.325
32778;125.9703;-256.9026;-2770.309
32808;122.5252;-258.8485;-2768.994
32838;119.5631;-263.2285;-2764.816
32878;113.8453;-264.9866;-2763.019
32908;115.595;-268.1567;-2768.165
32938;111.3246;-254.3451;-2774.279
32968;110.5709;-205.2728;-2781.145
33008;101.3354;-205.0047;-2770.345
33038;103.0697;-204.7988;-2767.907
33068;87.29214;-314.7292;-2766.561
33108;82.11057;-316.3031;-2754.396
33138;66.53461;-333.3755;-2743.264
33178;67.17694;-337.2304;-2740.057
33208;59.77542;-343.2444;-2736.55
33238;56.70441;-350.3451;-2731.87
33268;55.83929;-355.0369;-2728.019
33308;57.55854;-357.8907;-2726.004
33338;56.5909;-361.1038;-2723.421
33388;57.16882;-365.9328;-2720.306
33418;57.08261;-370.4324;-2716.855
33458;56.9741;-372.3499;-2715.847
33468;57.07189;-374.5584;-2714.482
33508;56.72194;-378.125;-2712.309
33558;57.46237;-379.1208;-2712.216
33578;63.74113;-379.8726;-2714.443
33598;62.05637;-381.1832;-2713.995
33638;62.03259;-381.4803;-2714.123
33668;61.43359;-381.8754;-2713.899
33698;59.89385;-383.437;-2714.202
33738;57.54035;-385.2066;-2711.761
33768;57.49728;-385.2274;-2711.829
33818;58.23809;-386.3493;-2712.971
33848;58.13596;-384.2464;-2714.276
33868;55.89917;-380.0163;-2717.549
33918;56.34025;-378.1806;-2716.952
33948;56.34596;-374.9549;-2718.247
33968;59.75929;-365.7657;-2725.587
34018;62.27114;-361.532;-2725.793
34048;69.82742;-350.4985;-2730.389
34088;73.1267;-342.3129;-2737.678
34119;72.59031;-335.1632;-2738.039
34149;74.37827;-325.568;-2743.995
34179;70.41031;-323.3854;-2745.348
34199;65.08832;-316.3998;-2754.883
34249;60.5598;-313.622;-2736.998
34279;71.38535;-311.4817;-2727.852
34299;85.15919;-297.3659;-2728.991
34349;71.80575;-299.5648;-2723.621
34379;62.65371;-288.2719;-2724.295
34419;62.34533;-291.5084;-2735.312
34449;65.31432;-296.768;-2737.371
34479;60.75072;-299.4507;-2739.651
34509;61.29431;-296.1622;-2730.868
34539;59.49178;-306.4962;-2731.35
34579;49.76665;-335.5452;-2730.087
34609;48.18133;-337.7122;-2727.734
34649;47.1291;-339.6206;-2726.473
34679;44.78689;-343.1966;-2723.823
34709;31.11177;-335.0412;-2700.785
34749;36.26183;-352.8266;-2705.434
34779;36.28435;-360.999;-2705.576
34809;34.16155;-366.5353;-2706.096
34839;35.33326;-369.9875;-2707.131
34879;35.91432;-372.5107;-2708.181
34909;36.92656;-373.4894;-2708.149
34959;36.82661;-375.4301;-2707.935
34979;36.91845;-378.0375;-2706.359
35019;36.6124;-389.6678;-2701.551
35039;38.79057;-387.966;-2702.248
35081;39.4503;-387.0085;-2703.207
35111;39.73242;-387.166;-2703.397
35151;40.45634;-388.9989;-2703.921
35181;40.36044;-389.1858;-2704.018
35211;39.62614;-389.464;-2704.277
35251;39.48577;-390.9833;-2705.05
35281;40.16754;-393.4502;-2707.503
35311;40.54023;-392.5162;-2709.177
35341;41.11941;-390.94;-2710.624
35381;44.01886;-386.8752;-2716.257
35411;48.61124;-380.777;-2721.479
35441;51.14379;-376.6551;-2726.478
35481;56.60898;-370.4875;-2731.306
35511;64.43638;-361.5458;-2741.216
35551;67.74408;-356.5361;-2742.226
35581;71.86228;-350.0506;-2742.77
35611;90.46025;-335.142;-2758.623
35641;92.12381;-329.6267;-2764.639
35681;106.637;-307.3029;-2769.09
35721;101.9354;-302.795;-2758.266
35741;101.7923;-303.0163;-2758.397
35781;103.426;-302.5225;-2761.211
35811;104.2625;-294.9387;-2773.925
35851;100.5345;-257.4839;-2901.979
35881;100.5657;-257.7021;-2902.09
35911;100.4115;-253.1935;-2896.361
35951;99.60213;-253.4772;-2896.075
35971;99.64234;-254.5624;-2889.89
36021;66.16647;-313.5095;-2750.213
36041;83.70875;-329.0283;-2772.058
36091;74.44363;-338.8961;-2762.614
36121;72.61778;-343.8041;-2756.56
36141;71.84072;-346.4818;-2755.331
36171;70.56226;-349.486;-2752.357
36231;64.16519;-359.2205;-2745.646
36241;60.42542;-364.2871;-2741.279
36291;58.19954;-365.4443;-2739.342
36301;54.33382;-369.8952;-2732.26
36341;50.39717;-372.6635;-2730.076
36371;50.318;-372.6677;-2729.592
36421;50.41433;-376.9326;-2726.559
36461;50.34626;-379.4332;-2726.265
36511;50.92502;-381.7207;-2722.414
36541;51.23554;-381.8659;-2722.171
36581;51.69707;-382.0828;-2721.584
36611;54.57906;-382.5076;-2724.798
36641;54.6713;-382.419;-2724.875
36681;55.9294;-382.7581;-2725.89
36711;57.87537;-383.3743;-2727.671
36741;59.49676;-383.6429;-2729.36
36781;59.38624;-384.9014;-2727.702
36831;59.77761;-386.0592;-2726.992
36841;61.19645;-386.5364;-2727.775
36881;64.43806;-387.2484;-2729.541
36911;64.47419;-387.5131;-2729.432
36951;62.09256;-389.1059;-2724.651
36981;61.83622;-390.3127;-2722.086
37021;61.79287;-390.3393;-2722.134
37041;62.25496;-390.0502;-2722.448
37081;62.08106;-389.9122;-2722.618
37111;61.45737;-390.3075;-2719.843
37151;61.47256;-390.3725;-2719.369
37171;61.68791;-390.5788;-2719.216
37211;62.06844;-390.697;-2719.385
37241;62.29109;-390.7207;-2719.401
37281;62.48686;-390.791;-2718.403
37311;63.3532;-390.9386;-2719.322
37341;63.96848;-390.546;-2719.318
37381;64.38212;-388.961;-2718.671
37411;64.986;-388.9319;-2718.764
37441;66.77306;-387.9215;-2718.644
37481;70.32027;-385.7995;-2718.444
37511;73.43395;-383.2733;-2717.607
37541;76.5506;-380.5957;-2717.219
37581;79.80799;-378.4626;-2714.906
37611;87.59451;-375.7324;-2713.879
37641;90.35402;-373.2512;-2714.14
37671;106.4114;-365.1562;-2719.289
37711;107.1383;-365.2815;-2719.21
37741;109.5399;-361.9155;-2719.386
37771;115.2625;-359.2354;-2721.297
37811;118.5829;-357.7502;-2722.137
37841;121.8499;-357.6774;-2722.874
37871;128.9369;-356.1201;-2725.265
37911;134.9304;-354.3404;-2727.126
37941;140.3907;-351.7511;-2727.49
37971;144.5472;-350.6708;-2728.678
38011;149.0565;-350.0892;-2729.106
38041;154.9385;-349.035;-2728.555
38081;159.2904;-349.2294;-2728.598
38111;163.7464;-349.945;-2729.67
38141;167.5884;-349.7515;-2729.997
38181;170.8876;-350.2423;-2730.272
38211;175.5454;-354.8417;-2728.969
38241;180.1711;-359.3135;-2728.594
38281;182.3537;-360.6914;-2728.019
38311;184.8957;-360.2923;-2727.704
38341;188.4863;-361.1633;-2727.85
38371;189.8134;-360.5217;-2727.647
38411;190.9875;-359.8435;-2727.644
38461;192.9834;-359.8129;-2728.059
38471;193.3925;-359.5507;-2728.539
38531;194.2287;-358.4217;-2729.217
38541;194.9472;-357.3275;-2728.481
38581;195.3951;-356.3247;-2727.792
38611;195.7958;-355.6298;-2726.68
38641;195.5568;-354.633;-2723.961
38681;193.6374;-354.1842;-2721.978
38711;191.8922;-352.6263;-2717.707
38741;186.4924;-349.4987;-2711.889
38771;184.5442;-346.0114;-2706.259
38811;185.2519;-342.6315;-2702.517
38841;183.9891;-340.4496;-2698.9
38871;179.1178;-337.071;-2688.854
38911;176.4389;-333.9299;-2683.417
38941;176.8447;-332.0272;-2680.759
38991;176.6391;-330.5254;-2677.287
39021;177.2557;-330.1468;-2675.094
39041;179.3209;-329.2884;-2670.865
39081;181.2287;-328.8066;-2664.984
39121;183.113;-327.5099;-2659.98
39141;188.3372;-327.5322;-2655.238
39191;194.7639;-329.3677;-2647.672
39201;199.2026;-331.576;-2639.775
39241;209.3446;-333.023;-2633.668
39271;219.1291;-335.1952;-2626.226
39311;233.9019;-336.9032;-2616.251
39341;245.6635;-338.9229;-2605.061
39371;260.7729;-339.3681;-2592.786
39411;281.0521;-336.8127;-2578.286
39441;296.2771;-334.0932;-2573.012
39521;321.0455;-328.8075;-2563.434
39661;368.3584;-315.0916;-2546.557
39671;374.2277;-312.6611;-2544.95
39691;419.8453;-300.5718;-2522.76
39711;433.1971;-293.9656;-2516.032
39741;439.0828;-293.4135;-2510.019
39781;448.5959;-289.8372;-2502.144
39811;460.2384;-286.7926;-2498.815
39861;467.3025;-285.5206;-2493.617
39871;475.2229;-286.1274;-2486.507
39931;480.9744;-283.8594;-2481.909
39951;483.7094;-283.9723;-2477.159
39981;488.0079;-283.2425;-2473.717
40011;491.0242;-282.3635;-2469.86
40041;492.6993;-282.4868;-2467.366
40091;493.903;-281.7953;-2463.593
40107;495.1264;-281.5289;-2460.088
40145;495.4782;-281.4489;-2458.812
40185;496.2159;-281.1132;-2457.789
40225;496.8236;-281.2211;-2457.08
40245;498.1706;-281.165;-2455.938
40275;500.6153;-281.2287;-2454.701
40305;503.3889;-281.7225;-2453.097
40335;507.511;-282.2465;-2452.082
40375;510.8976;-282.2238;-2451.263
40405;517.1629;-282.0627;-2450.042
40455;523.1081;-281.9564;-2449.492
40485;528.8373;-281.9451;-2447.095
40505;533.4973;-281.7667;-2447.106
40555;535.8863;-281.7389;-2445.218
40585;541.5004;-280.6687;-2442.555
40605;543.4878;-281.9835;-2439.103
40655;546.0398;-282.036;-2437.352
40715;547.1786;-281.7212;-2435.984
40739;550.7432;-280.7113;-2433.334
40755;551.8894;-280.7899;-2431.979
40767;553.7568;-280.7155;-2430.791
40807;554.3021;-281.8114;-2429.798
40857;555.4572;-282.179;-2429.191
40887;557.4919;-282.4913;-2427.851
40917;557.5953;-284.7779;-2424.396
40957;557.7575;-284.7527;-2424.112
40967;558.0825;-284.9814;-2423.398
41017;558.35;-284.8369;-2421.838
41057;558.1851;-284.3792;-2419.844
41077;557.3361;-284.3151;-2415.845
41117;555.1857;-285.0711;-2412.429
41157;554.2666;-285.453;-2410.134
41167;552.8261;-285.782;-2408.18
41207;547.6743;-288.3635;-2402.968
41237;543.1498;-288.1859;-2398.947
41277;540.4802;-288.7943;-2396.788
41307;536.8396;-287.4716;-2393.713
41337;531.3781;-288.6443;-2390.65
41377;525.1634;-289.0127;-2388.287
41427;521.1473;-288.8459;-2386.854
41457;515.8616;-288.1069;-2385.283
41477;511.4709;-287.6996;-2384.988
41507;503.5663;-289.0872;-2384.57
41547;496.4442;-290.5516;-2383.943
41577;489.6079;-291.3741;-2384.806
41617;483.8481;-292.9578;-2385.829
41637;475.7445;-296.838;-2387.07
41677;468.0488;-299.6181;-2389.531
41707;460.1473;-302.8885;-2392.178
41747;455.9401;-305.5347;-2395.864
41777;448.7841;-305.9681;-2402.544
41807;441.0407;-308.7787;-2408.626
41847;436.3848;-308.861;-2415.865
41867;430.1729;-309.798;-2421.011
41907;424.1527;-308.594;-2426.575
41937;412.4614;-308.8685;-2429.171
41977;408.1402;-309.9447;-2431.237
42007;402.241;-309.5107;-2432.622
42037;398.1484;-309.8122;-2432.284
42077;391.1935;-310.2055;-2431.804
42107;384.6196;-309.3189;-2432.355
42138;381.1073;-309.0086;-2431.57
42178;378.3646;-307.9496;-2432.829
42208;375.4496;-306.1524;-2432.397
42238;373.5002;-304.0235;-2434.186
42268;372.3332;-302.8007;-2435.939
42298;371.7504;-301.9368;-2438.424
42358;372.0947;-300.8498;-2441.338
42368;375.5257;-302.1332;-2449.111
42408;377.1741;-303.4118;-2452.292
42438;387.0062;-305.4751;-2461.726
42468;387.975;-306.8126;-2464.155
42508;395.9495;-309.0174;-2474.354
42538;402.3427;-309.7964;-2478.768
42568;405.2364;-311.1252;-2480.627
42608;409.6233;-312.4937;-2485.124
42658;418.2996;-318.1247;-2492.856
42688;425.0501;-319.0283;-2497.705
42718;439.6753;-320.7331;-2506.546
42738;451.4861;-320.4673;-2512.397
42788;461.7613;-321.0471;-2519.615
42818;467.9051;-320.484;-2522.664
42858;475.5832;-321.7783;-2525.7
42878;481.7145;-321.7344;-2528.423
42918;492.3716;-325.2595;-2534.1
42958;499.686;-330.989;-2536.078
42968;503.2782;-336.4401;-2536.836
43008;508.3888;-342.1472;-2537.904
43058;513.8959;-349.3146;-2537.52
43068;524.3698;-353.1252;-2538.219
43108;529.4308;-353.0395;-2537.826
43138;532.589;-350.4102;-2537.812
43168;532.4955;-336.2539;-2536.405
43208;536.5516;-283.2597;-2542.382
43238;536.2217;-263.4422;-2542.49
43288;547.1106;-218.6539;-2561.383
43318;545.3417;-211.3802;-2558.312
43358;545.2734;-193.8917;-2556.178
43368;545.5739;-189.2986;-2556.964
43408;552.4102;-177.8224;-2563.2
43438;553.3569;-185.1777;-2561.979
43468;558.8566;-209.3572;-2553.79
43518;562.564;-246.2743;-2542.678
43548;568.6233;-281.1564;-2539.947
43588;569.5966;-294.0484;-2536.375
43618;564.651;-310.799;-2530.383
43648;564.2991;-317.2708;-2528.704
43688;561.9688;-322.256;-2528.054
43718;560.4756;-325.3678;-2527.726
43748;560.1106;-325.5803;-2527.84
43788;559.0935;-325.7543;-2527.707
43798;556.5856;-326.8113;-2527.334
43838;555.9564;-327.0214;-2526.891
43868;554.2257;-327.8351;-2524.814
43918;552.698;-329.2607;-2523.01
43938;550.1185;-332.0511;-2520.779
43988;549.5182;-332.9261;-2519.893
43998;548.3572;-335.6423;-2517.567
44048;547.4434;-337.0345;-2517.139
44068;541.407;-342.7747;-2515.029
44118;540.5207;-343.6046;-2514.341
44148;539.3676;-343.7528;-2514.243
44178;537.033;-345.0883;-2515.431
44218;534.9636;-345.4368;-2516.059
44238;531.6672;-346.0997;-2516.023
44278;527.502;-346.6463;-2516.77
44318;524.4636;-347.0303;-2516.542
44348;520.0134;-346.8698;-2516.973
44378;517.3114;-347.3103;-2517.434
44418;511.2026;-349.2113;-2517.54
44448;505.1167;-350.3085;-2517.227
44478;501.2547;-349.8936;-2518.19
44518;495.3435;-351.7653;-2518.948
44548;490.0634;-351.2518;-2520.347
44578;481.7348;-353.6577;-2523.721
44618;476.1844;-354.109;-2525.969
44648;472.7241;-354.7039;-2529.523
44678;469.9765;-354.9971;-2534.388
44708;465.2691;-355.3451;-2537.546
44748;462.6109;-355.8036;-2540.628
44778;460.7159;-355.8741;-2543.159
44808;457.7934;-355.2286;-2546.27
44848;456.5724;-355.5149;-2548.009
44878;456.472;-354.3827;-2549.792
44908;456.8762;-353.5022;-2551.651
44948;458.2839;-352.0381;-2553.752
44978;461.7568;-351.0454;-2556.074
45028;468.109;-349.6797;-2558.582
45068;475.4193;-350.1889;-2564.124
45088;496.205;-352.9172;-2585.065
45118;502.3652;-355.7261;-2589.944
45151;522.7216;-355.7141;-2607.621
45181;540.8288;-357.5655;-2622.486
45211;551.3115;-362.0643;-2629.978
45251;585.5289;-355.9856;-2661.702
45281;590.6042;-356.2583;-2669.332
45321;603.165;-353.0002;-2685.422
45331;611.6027;-354.1275;-2693.594
45391;620.6421;-358.1191;-2699.568
45401;630.255;-359.4419;-2707.949
45441;636.6833;-358.5406;-2711.456
45471;646.4274;-356.9206;-2716.218
45501;656.4698;-356.4633;-2721.062
45551;663.3652;-355.5947;-2727.89
45581;663.4107;-355.4766;-2728.143
45601;668.2261;-353.3539;-2732.607
45651;672.1276;-350.9143;-2734.527
45681;672.395;-351.5642;-2732.372
45721;672.5723;-351.5948;-2732.171
45751;674.0375;-351.3985;-2731.986
45781;675.691;-350.9126;-2730.985
45821;675.7901;-352.231;-2723.392
45851;677.121;-349.1827;-2714.356
45881;675.5706;-345.1497;-2707.737
45921;672.077;-343.4596;-2698.835
45941;664.3619;-340.8227;-2685.636
45981;662.7493;-335.8014;-2682.003
46011;663.3066;-322.9338;-2667.007
46051;662.0169;-315.1081;-2665.338
46081;664.368;-298.9073;-2661.686
46111;662.5566;-295.9368;-2660.372
46151;666.8358;-271.3001;-2658.136
46161;668.7858;-253.9163;-2651.919
46221;667.1982;-239.5632;-2649.255
46251;665.6554;-229.6027;-2644.398
46291;665.6121;-235.8262;-2640.188
46311;663.8499;-240.385;-2633.719
46351;659.6677;-251.9799;-2615.541
46391;650.6367;-265.3615;-2598.741
46421;639.4836;-274.4869;-2583.927
46451;622.197;-283.612;-2565.856
46491;612.3875;-292.7986;-2549.302
46521;594.9847;-295.736;-2529.075
46551;593.7427;-294.5751;-2522.255
46591;584.7457;-293.6735;-2506.093
46711;562.2512;-295.3379;-2482.988
46731;548.2431;-295.2771;-2461.326
46751;543.1863;-294.0985;-2456.255
46791;540.813;-290.8334;-2451.843
46811;537.0344;-287.1265;-2447.782
46841;536.3659;-285.5111;-2446.886
46881;539.8782;-281.4694;-2446.141
46921;537.8762;-281.5946;-2444.215
46951;538.1066;-281.2018;-2443.292
46981;538.9292;-280.6949;-2441.813
47011;547.1488;-279.5036;-2440.554
47041;554.0002;-276.0373;-2439.088
47081;558.1553;-276.3562;-2436.039
47111;563.2246;-275.074;-2432.763
47151;569.3279;-275.0587;-2430.156
47181;573.6367;-275.5143;-2425.557
47211;589.1157;-272.1148;-2419.165
47251;597.7409;-273.0189;-2415.527
47281;601.5536;-273.6462;-2409.688
47311;610.5258;-273.4196;-2402.313
47341;621.2704;-274.6571;-2394.618
47381;635.5781;-271.6407;-2387.655
47411;640.5502;-270.9636;-2381.927
47441;661.4413;-270.4958;-2377.624
47471;668.2743;-270.6512;-2374.174
47511;683.0428;-271.9947;-2366.805
47541;688.1725;-272.3928;-2362.705
47581;696.8618;-271.156;-2358.66
47611;704.4131;-269.2031;-2355.101
47641;711.9147;-266.8461;-2350.514
47681;716.1666;-266.6575;-2347.573
47711;719.3823;-266.2029;-2342.21
47741;721.9065;-265.0166;-2338.707
47781;722.4434;-264.4113;-2335.132
47811;723.7265;-262.9196;-2330.365
47841;730.1198;-255.1026;-2326.18
47871;734.6066;-244.2519;-2325.701
47911;732.967;-242.1292;-2324.081
47941;738.3069;-208.1986;-2320.72
47971;741.2179;-192.3889;-2323.931
48011;747.4885;-164.8788;-2331.804
48041;746.6731;-164.1911;-2331.465
