
1;295.2322;-896.4348;-1405.252
19;308.2073;-893.5353;-1398.457
41;291.7176;-894.5283;-1395.933
106;302.4598;-891.8515;-1390.839
139;299.2119;-892.3461;-1390.381
190;303.4416;-891.5372;-1387.442
241;299.6342;-894.0502;-1387.514
276;302.8514;-893.7596;-1386.849
292;286.3104;-893.431;-1383.037
326;275.2813;-894.5095;-1382.792
361;269.7824;-893.3388;-1379.433
378;219.318;-884.9026;-1364.187
399;216.1838;-885.4928;-1363.679
432;296.0555;-888.6257;-1360.631
466;295.0401;-891.4443;-1363.912
533;294.1388;-894.0616;-1366.572
589;279.8466;-896.0682;-1363.51
623;283.7127;-897.6813;-1365.174
639;269.1937;-896.4326;-1358.732
673;280.0257;-899.6721;-1360.478
708;212.2982;-886.3852;-1330.797
745;212.36;-889.2624;-1332.751
799;202.0493;-889.4989;-1329.692
813;204.9525;-892.56;-1328.371
833;205.2561;-895.3708;-1325.753
901;209.5746;-897.5784;-1322.977
935;210.8273;-902.064;-1318.525
953;184.3723;-897.2159;-1298.049
1004;196.3096;-903.6609;-1299.391
1022;192.386;-907.4056;-1290.499
1055;179.7073;-905.0847;-1274.779
1073;181.332;-905.1914;-1264.884
1123;174.6293;-905.5869;-1250.474
1157;169.0569;-905.5854;-1236.821
1191;178.4912;-908.8249;-1230.084
1228;35.81403;-900.3741;-1188.226
1265;59.71405;-913.22;-1196.959
1301;74.89848;-917.9521;-1195.038
1335;93.83425;-918.8452;-1194.304
1371;28.19777;-912.8873;-1154.628
1404;169.2007;-888.0308;-1169.735
1421;204.9221;-863.8743;-1187.662
1456;205.3226;-852.2494;-1185.916
1472;218.5687;-823.3308;-1194.502
1522;150.549;-829.5081;-1144.232
1558;155.0963;-799.9633;-1165.89
1593;171.5818;-771.1113;-1163.432
1631;-122.7392;-839.9214;-1053.101
1665;-121.0647;-833.9799;-1066.142
1699;54.8671;-760.3768;-999.7417
1734;54.99768;-758.0126;-991.479
1786;37.17867;-750.6194;-968.243
1824;55.29212;-741.6367;-942.8309
1843;32.32989;-743.498;-897.3467
1884;135.6815;-713.004;-989.2578
1922;38.22192;-708.3419;-787.3788
1942;20.73015;-730.6443;-769.8602
1963;9.799255;-709.7746;-715.8523
1981;-0.6988924;-679.6805;-649.5646
1997;-3.992351;-658.9416;-604.8782
2060;-21.14894;-623.6256;-543.7205
2089;49.51948;-608.7508;-582.3143
2125;42.63828;-581.2795;-542.5241
2139;49.23572;-578.9865;-529.8663
2174;60.45493;-588.4127;-501.2759
2208;56.582;-582.3046;-488.3901
2241;93.28227;-560.8724;-493.6513
2276;162.5114;-530.0118;-512.527
2292;184.4482;-473.8702;-484.55
2325;180.7145;-539.8164;-501.9065
2359;-394.1573;-312.2143;-1148.449
2393;-112.9628;-616.0129;-479.3776
2444;-524.3231;-222.5963;-1046.547
2460;-500.7156;-133.9641;-1033.072
2494;-443.0593;87.38743;-725.1758
2528;-264.0521;32.53529;-424.9871
2596;-131.0214;101.1217;-477.3116
3591;-498.5074;-895.697;-1413.19
3625;-164.6096;-893.8904;-1398.261
3665;-179.3056;-904.6069;-1420.652
3682;-158.3126;-927.965;-1464.792
3733;-165.5143;-881.703;-1488.066
3766;-132.9449;-908.1093;-1479.5
3803;-182.2485;-902.9508;-1473.879
3853;-45.69381;-968.847;-1481.658
3870;-75.73653;-941.3051;-1471.96
3886;-77.90842;-940.5933;-1457.557
3920;-101.3394;-833.4011;-1404.94
3954;-179.4869;-869.9526;-1421.412
3996;-187.3134;-854.606;-1456.913
4029;-209.7074;-863.5543;-1463.573
4063;-217.14;-874.3624;-1467.672
4096;-212.5485;-873.605;-1473.889
4131;-245.1101;-846.8564;-1496.248
4147;-305.2506;-799.8241;-1535.295
4197;-322.5731;-785.7604;-1549.142
4231;-324.186;-787.347;-1548.546
4265;55.71921;-963.3983;-1415.348
4315;220.7207;-1113.969;-1521.981
4332;565.7135;-1184.543;-1761.849
4366;534.6915;-1195.932;-1740.681
4417;512.462;-1201.216;-1727.929
4450;534.3918;-1203.678;-1741.537
4467;613.1992;-1191.548;-1782.472
4484;598.8288;-1211.172;-1798.699
4720;589.137;-1220.436;-1798.232
4749;610.1588;-1215.918;-1792.397
4780;769.3049;-1197.769;-1940.154
4796;766.9524;-1199.151;-1932.475
4830;768.3978;-1199.372;-1922.53
4863;638.9043;-1224.06;-1771.264
4897;633.906;-1225.736;-1769.329
4931;631.5408;-1225.101;-1766.493
4965;629.4863;-1225.487;-1766.572
4998;628.262;-1225.433;-1766.361
5032;628.6786;-1226.606;-1769.848
5050;630.6547;-1230.272;-1784.586
5087;764.5131;-1185.193;-1844.869
5138;766.8554;-1180.497;-1834.387
5155;778.5194;-1176.606;-1847.251
5206;773.9575;-1176.682;-1848.234
5227;699.594;-1197.933;-1796.412
5274;699.0857;-1195.515;-1794.213
5290;699.0306;-1193.72;-1792.217
5341;701.6913;-1189.616;-1790.722
5357;689.27;-1187.985;-1775.256
5392;691.538;-1183.811;-1771.775
5425;692.4064;-1181.292;-1771.196
5459;694.61;-1178.878;-1771.853
5492;697.5253;-1175.211;-1773.957
5526;699.7816;-1171.841;-1776.173
5560;695.9909;-1171.938;-1774.25
5587;696.8064;-1172.023;-1775.048
5635;745.6733;-1167.727;-1844.36
5686;754.6738;-1163.246;-1849.337
5711;752.9808;-1163.528;-1848.55
5727;758.5734;-1157.443;-1842.604
5761;807.9561;-1121.453;-1839.474
5795;689.6321;-1156.344;-1734.867
5829;597.33;-1189.156;-1713.921
5862;579.6666;-1195.243;-1710.13
5896;555.2712;-1204.347;-1709.943
5930;538.1923;-1208.47;-1707.042
5963;529.2275;-1211.535;-1705.492
5997;523.6675;-1211.37;-1702.344
6014;514.0037;-1215.984;-1701.083
6064;506.7805;-1221.721;-1699.162
6098;601.7571;-1213.643;-1719.272
6132;597.6253;-1217.081;-1717.376
6166;593.5877;-1220.864;-1717.252
6199;582.9393;-1223.573;-1719.768
6233;576.7736;-1225.331;-1720.966
6250;566.1044;-1227.137;-1719.619
6284;572.7977;-1230.177;-1731.115
6317;590.0195;-1224.64;-1728.537
6368;464.5909;-1236.618;-1712.465
6402;212.9565;-1216.297;-1735.165
6418;214.537;-1217.06;-1735.48
6469;475.7306;-1234.148;-1710.13
6486;473.5761;-1233.078;-1708.729
6519;476.4398;-1235.178;-1707.821
6553;477.8909;-1231.848;-1704.519
6587;476.3093;-1228.344;-1698.948
6620;478.9301;-1224.496;-1692.718
6654;485.6637;-1221.155;-1691.132
6688;490.0061;-1218.462;-1688.264
6721;493.5276;-1217.141;-1685.752
6755;661.2602;-1180.487;-1705.357
6789;650.0022;-1181.231;-1697.684
6839;646.9392;-1181.255;-1695.705
6856;645.7627;-1184.307;-1700.357
6890;640.6295;-1185.611;-1699.607
6940;639.5386;-1184.245;-1697.294
6957;640.3005;-1182.194;-1692.932
6991;637.4481;-1183.364;-1694.065
7025;636.7762;-1182.021;-1691.209
7110;628.4254;-1188.331;-1695.661
7144;616.8213;-1197.12;-1703.943
7215;598.2935;-1201.229;-1697.724
7230;597.4166;-1198.963;-1692.818
7263;589.9894;-1201.547;-1692.541
7297;584.498;-1203.954;-1693.884
7331;579.4973;-1206.026;-1693.944
7364;573.0311;-1208.758;-1695.414
7398;570.2761;-1209.262;-1695.07
7432;567.0237;-1209.107;-1692.437
7465;565.5332;-1205.41;-1682.75
7482;563.9321;-1203.491;-1677.581
7533;558.7052;-1203.971;-1675.935
7550;556.3679;-1203.577;-1673.987
7600;554.3774;-1202.874;-1671.927
7635;551.0447;-1202.873;-1669.915
7668;547.6096;-1201.688;-1666.217
7702;545.6992;-1199.911;-1662.745
7718;542.6072;-1198.015;-1659.563
7769;539.2544;-1195.106;-1655.125
7803;534.9821;-1192.262;-1650.854
7887;532.6451;-1187.312;-1646.979
7920;529.5137;-1184.046;-1644.773
7954;410.0304;-1192.029;-1654.818
8005;199.8965;-1173.431;-1702.866
8021;174.8878;-1167.831;-1727.102
8055;163.927;-1165.046;-1740.709
8089;170.548;-1163.97;-1747.456
8122;339.6931;-1192.325;-1706.76
8173;338.6631;-1194.269;-1710.801
8190;342.3949;-1196.519;-1713.623
8224;342.6298;-1197.153;-1715.706
8259;347.7461;-1197.525;-1717.99
8292;349.9477;-1192.168;-1719.437
8326;354.7455;-1190.256;-1721.864
8377;355.9676;-1189.378;-1721.726
8411;358.3734;-1189.156;-1722.179
8427;368.2594;-1188.722;-1727.159
8462;153.9824;-1163.212;-1796.788
8494;152.7042;-1162.831;-1796.984
8528;153.7711;-1160.947;-1791.884
8562;136.9583;-1157.616;-1771.911
8595;136.9442;-1156.918;-1772.665
8629;150.735;-1158.71;-1761.651
8663;211.6149;-1168.144;-1736.767
8730;411.2682;-1180.933;-1675.569
8765;558.1678;-1186.823;-1720.013
8792;569.2031;-1180.582;-1714.64
8826;547.7955;-1161.812;-1667.687
8859;558.9938;-1167.757;-1682.805
8893;560.4334;-1170.214;-1687.48
8927;554.9065;-1167.004;-1671.362
8961;553.5803;-1165.35;-1668.039
9025;554.3553;-1165.473;-1666.097
9056;559.9656;-1176.176;-1662.332
9090;562.7854;-1179.502;-1662.587
9140;567.0815;-1180.671;-1665.275
9174;571.149;-1177.264;-1673.245
9191;571.7195;-1176.789;-1677.005
9226;571.5504;-1176.291;-1679.0
9258;572.2789;-1176.736;-1682.298
9292;572.5657;-1177.472;-1683.411
9325;572.3396;-1178.238;-1684.012
9359;571.4361;-1179.058;-1684.781
9411;569.5085;-1178.408;-1681.901
9427;556.9346;-1167.962;-1630.252
9460;551.0655;-1164.862;-1622.648
9511;549.0272;-1162.317;-1616.999
9545;545.7567;-1162.951;-1616.495
9579;545.3382;-1162.753;-1616.286
9612;564.4172;-1170.979;-1665.736
9646;563.238;-1174.175;-1680.238
9662;562.1439;-1174.965;-1693.8
9696;560.3954;-1172.914;-1694.971
9730;563.1432;-1167.925;-1699.478
9764;564.0475;-1176.062;-1715.351
9797;567.5352;-1176.976;-1720.058
9831;581.3621;-1179.273;-1736.369
9865;584.5902;-1175.95;-1744.2
9898;280.9843;-1176.921;-1726.94
9933;380.683;-1178.448;-1726.024
9999;382.6246;-1175.468;-1741.368
10067;375.0064;-1176.56;-1738.392
10084;360.5958;-1172.491;-1722.071
10117;355.1095;-1173.34;-1724.578
10151;331.5123;-1170.865;-1727.734
10185;282.9319;-1171.579;-1744.481
10218;251.5408;-1164.472;-1729.53
10253;140.314;-1141.339;-1761.711
10289;165.5046;-1147.436;-1751.401
10336;437.4051;-1178.828;-1681.061
10370;428.6467;-1178.433;-1678.318
10404;593.3282;-1175.487;-1720.337
10421;571.9868;-1165.66;-1691.391
10454;561.3626;-1164.211;-1684.0
10505;553.6497;-1162.644;-1676.277
10522;551.7302;-1162.428;-1674.61
10572;551.9353;-1162.571;-1673.845
10589;556.4072;-1165.602;-1671.549
10640;566.0543;-1168.73;-1666.421
10656;569.4454;-1171.096;-1666.221
10690;572.8726;-1173.412;-1668.04
10724;577.1133;-1174.386;-1668.89
10758;581.095;-1176.892;-1674.21
10791;581.8781;-1179.51;-1679.596
10843;583.007;-1180.564;-1682.233
10859;582.4099;-1182.064;-1685.213
10893;583.1593;-1182.777;-1687.07
10926;584.7654;-1183.461;-1687.937
10960;583.5127;-1184.839;-1689.039
10994;582.2823;-1185.043;-1686.437
11027;572.4243;-1176.873;-1642.908
11063;571.9723;-1178.909;-1651.563
11096;569.4757;-1180.095;-1657.124
11130;568.3553;-1180.614;-1659.545
11163;568.5931;-1178.863;-1659.335
11187;565.9181;-1174.113;-1661.687
11221;561.1071;-1169.844;-1662.742
11271;564.5944;-1169.384;-1669.035
11288;565.1263;-1163.703;-1696.935
11322;592.2354;-1173.964;-1717.459
11356;596.8479;-1177.888;-1731.365
11389;599.2034;-1176.789;-1741.862
11423;594.6558;-1175.632;-1746.807
11473;592.3811;-1170.608;-1766.702
11507;387.2475;-1187.123;-1760.462
11541;393.4721;-1185.806;-1750.435
11565;249.3917;-1163.512;-1748.104
11616;319.8071;-1162.179;-1715.095
11632;335.9349;-1157.798;-1703.767
11666;338.6096;-1161.529;-1709.504
11700;340.4352;-1163.842;-1709.916
11734;336.6193;-1167.549;-1716.223
11767;318.1378;-1177.342;-1698.573
11801;311.6063;-1174.473;-1698.467
11835;293.608;-1172.674;-1709.378
11869;212.8378;-1159.025;-1721.661
11902;179.4817;-1153.854;-1729.087
11919;6.501105;-1095.823;-1809.502
11960;430.4274;-1172.676;-1670.412
11993;253.5221;-1158.056;-1675.455
12027;274.94;-1142.486;-1635.704
12061;251.2204;-1154.501;-1666.583
12095;247.2165;-1156.724;-1673.157
12128;243.6832;-1162.365;-1686.665
12153;243.4885;-1164.609;-1690.89
12186;245.9078;-1167.258;-1693.755
12220;241.0298;-1171.743;-1697.563
12255;241.8672;-1173.404;-1699.831
12311;242.0372;-1175.284;-1702.919
12321;244.5239;-1177.447;-1706.964
12355;251.9157;-1181.309;-1711.542
12389;246.4957;-1186.66;-1728.989
12422;245.4054;-1187.704;-1733.246
12474;250.0744;-1189.056;-1735.449
12509;254.048;-1191.359;-1736.416
12544;258.647;-1193.663;-1739.08
12595;329.5219;-1204.372;-1734.818
12613;282.389;-1200.344;-1742.47
12650;276.8623;-1198.471;-1741.529
12665;273.4816;-1197.505;-1740.067
12698;269.9432;-1195.811;-1738.559
12732;254.4846;-1187.597;-1753.242
12766;250.5508;-1186.927;-1745.071
12799;245.7549;-1185.031;-1742.32
12833;235.9263;-1182.923;-1741.024
12869;198.3643;-1170.174;-1753.021
12903;209.037;-1169.587;-1749.642
12937;159.0943;-1157.509;-1782.656
12954;120.0292;-1133.129;-1760.264
13004;172.0302;-1157.727;-1783.843
13021;251.2359;-1161.795;-1747.491
13054;237.662;-1152.917;-1753.464
13088;241.1324;-1149.964;-1757.544
13126;405.7626;-1165.768;-1739.781
13157;583.2072;-1148.865;-1752.032
13221;346.4725;-1162.354;-1740.086
13233;345.8477;-1159.09;-1738.111
13283;263.0789;-1147.853;-1750.189
13300;284.3215;-1144.973;-1741.749
13323;275.1843;-1148.818;-1710.627
13357;253.5736;-1145.487;-1708.594
13408;224.1986;-1138.617;-1710.323
13424;182.8068;-1128.494;-1721.916
13458;169.5894;-1125.861;-1726.774
13492;201.1212;-1127.669;-1704.343
13543;390.1719;-1145.441;-1669.154
13559;558.5045;-1153.351;-1711.028
13593;237.9463;-1144.925;-1686.213
13627;231.5938;-1146.139;-1685.493
13660;231.2906;-1146.563;-1686.204
13711;219.5609;-1147.503;-1695.305
13728;217.7462;-1150.86;-1701.553
13761;216.9279;-1153.606;-1706.958
13795;220.1241;-1154.789;-1707.932
13830;219.4138;-1156.336;-1710.827
13863;206.6934;-1156.461;-1719.82
13896;204.9144;-1159.148;-1726.484
13930;204.3918;-1166.36;-1743.209
13964;215.5396;-1170.967;-1745.304
13997;218.3636;-1173.425;-1748.744
14022;219.9362;-1175.1;-1751.412
14066;222.7068;-1177.437;-1754.106
14093;224.4452;-1180.233;-1756.334
14127;224.1007;-1180.61;-1756.198
14177;224.3706;-1181.12;-1756.769
14195;228.6753;-1182.775;-1757.168
14245;225.9011;-1182.568;-1757.636
14262;227.2921;-1182.441;-1756.31
14296;183.8911;-1172.398;-1768.825
14330;198.6647;-1172.808;-1759.796
14364;201.6081;-1171.276;-1756.397
14398;204.8885;-1168.081;-1752.821
14438;216.9496;-1162.352;-1761.075
14481;223.8905;-1159.923;-1760.684
14522;139.541;-1140.43;-1818.732
14577;273.702;-1156.694;-1746.006
14615;275.6994;-1157.909;-1747.867
14656;400.1679;-1167.124;-1749.057
14708;284.7134;-1153.612;-1753.129
14724;419.3314;-1166.557;-1756.419
14757;423.4304;-1162.449;-1753.361
14791;422.5922;-1162.613;-1754.852
14825;292.8648;-1150.342;-1747.03
14876;292.8101;-1150.207;-1747.033
14892;290.6054;-1150.264;-1747.276
14926;311.7411;-1153.344;-1747.009
14960;200.7876;-1134.886;-1760.102
14994;173.0293;-1127.008;-1767.51
15045;157.387;-1121.374;-1770.752
15063;109.9234;-1121.322;-1757.307
15096;63.544;-1100.507;-1769.667
15130;208.5201;-1144.284;-1714.575
15163;198.3231;-1140.866;-1715.397
15197;195.2423;-1140.637;-1716.004
15231;191.2077;-1139.828;-1716.564
15264;187.6274;-1138.945;-1718.564
15298;189.6658;-1141.591;-1720.433
15332;186.1106;-1143.51;-1724.05
15365;183.6131;-1145.568;-1728.709
15400;186.3782;-1148.931;-1731.914
15434;185.0646;-1151.728;-1736.336
15484;187.3857;-1154.261;-1738.622
15501;209.3196;-1163.174;-1738.126
15535;210.8549;-1165.973;-1742.755
15569;226.5104;-1172.364;-1745.453
15603;227.6617;-1174.228;-1748.891
15670;253.0485;-1182.329;-1752.709
15705;261.2662;-1185.42;-1754.99
15727;268.8321;-1188.693;-1757.896
15776;271.6189;-1190.2;-1759.27
15803;279.9388;-1188.294;-1769.489
15836;274.4305;-1189.202;-1766.327
15889;277.7261;-1186.817;-1773.594
15906;277.9904;-1184.025;-1775.319
15939;278.2381;-1181.72;-1773.946
15956;262.1413;-1176.703;-1760.795
15989;255.671;-1173.533;-1754.755
16040;255.5168;-1169.305;-1756.963
16058;256.0154;-1165.962;-1756.565
16090;129.0605;-1119.161;-1759.977
16124;147.7709;-1132.812;-1783.373
16158;186.3727;-1140.258;-1776.22
16191;405.1498;-1154.116;-1716.698
16225;390.9675;-1152.851;-1724.201
16276;385.1568;-1150.099;-1729.482
16310;270.6057;-1139.192;-1746.274
16327;405.4184;-1136.483;-1741.455
16378;388.9801;-1153.507;-1753.067
16564;374.8723;-1155.012;-1751.689
16583;374.746;-1152.828;-1742.802
16619;339.5383;-1149.171;-1740.079
16636;227.2789;-1124.346;-1727.78
16654;187.483;-1119.558;-1728.269
16672;290.7325;-1157.553;-1725.05
16722;251.4669;-1144.019;-1710.657
16772;226.0983;-1138.829;-1712.071
16789;203.8933;-1135.231;-1716.312
16824;200.0692;-1136.025;-1717.348
16858;183.7533;-1135.576;-1728.341
16892;173.8508;-1135.417;-1733.545
16925;171.4874;-1137.136;-1734.872
16976;173.1179;-1139.014;-1735.898
16993;190.972;-1147.033;-1736.544
17029;203.8604;-1155.019;-1741.241
17057;212.0959;-1159.676;-1743.871
17091;220.6455;-1163.714;-1746.52
17141;225.2528;-1167.613;-1751.365
17175;252.6194;-1175.751;-1755.424
17209;152.4975;-1162.273;-1806.929
17225;286.2171;-1191.022;-1774.891
17259;777.3913;-1117.487;-1812.736
17293;778.2583;-1118.121;-1812.821
17326;780.4417;-1119.113;-1816.719
17360;777.4548;-1117.188;-1824.546
17411;783.5912;-1119.347;-1833.516
17429;787.7576;-1119.977;-1837.26
17478;788.9039;-1119.475;-1834.89
17495;790.6037;-1116.443;-1831.731
17529;790.6915;-1113.901;-1828.913
17562;790.887;-1112.227;-1826.171
17596;791.3878;-1108.735;-1824.596
17630;783.7061;-1104.332;-1829.931
17663;780.3848;-1100.61;-1831.639
17697;773.1865;-1105.991;-1849.539
17733;379.5185;-1146.15;-1711.088
17760;380.9228;-1139.576;-1717.46
17804;367.7276;-1140.768;-1721.598
17822;371.7517;-1139.728;-1718.429
17855;231.0709;-1128.615;-1744.218
17888;233.7203;-1131.229;-1746.079
17939;345.883;-1136.348;-1746.161
17956;339.8651;-1142.473;-1744.819
17989;342.1536;-1142.234;-1738.687
18023;337.3615;-1139.482;-1732.376
18074;222.155;-1127.648;-1751.432
18124;261.7021;-1118.94;-1686.857
18158;200.3266;-1116.882;-1703.776
18192;234.762;-1125.555;-1684.838
18245;235.2649;-1126.831;-1682.984
18261;238.3776;-1129.556;-1679.627
18295;240.7732;-1129.814;-1679.456
18329;217.6654;-1130.267;-1688.518
18363;228.4658;-1135.658;-1689.269
18414;227.8713;-1138.98;-1693.984
18430;178.6503;-1134.477;-1716.769
18463;172.6511;-1135.025;-1720.723
18497;176.5541;-1137.976;-1721.841
18531;181.2532;-1142.086;-1727.631
18564;196.8604;-1147.619;-1724.868
18598;195.8934;-1149.164;-1728.094
18632;138.8075;-1142.231;-1767.275
18672;182.0656;-1155.959;-1757.168
18699;212.1779;-1163.359;-1750.385
18733;223.0423;-1166.833;-1749.191
18767;335.8101;-1182.735;-1733.973
18785;318.7322;-1182.994;-1738.429
18834;324.8228;-1184.631;-1737.99
18869;334.5172;-1185.706;-1733.468
18902;323.4043;-1183.481;-1748.553
18936;310.8252;-1183.478;-1747.979
18969;325.8139;-1180.491;-1732.011
18986;329.7475;-1177.886;-1724.453
19020;321.6623;-1174.943;-1720.493
19070;298.9372;-1172.017;-1721.867
19087;284.1717;-1168.664;-1721.047
19137;280.0935;-1167.302;-1719.948
19171;270.416;-1160.328;-1724.507
19188;271.4415;-1158.351;-1729.306
19223;188.6843;-1138.528;-1739.993
19273;196.5533;-1141.419;-1754.732
19306;220.7856;-1144.923;-1748.619
19340;302.5566;-1153.779;-1736.168
19374;309.0291;-1155.388;-1746.979
19425;310.6703;-1143.728;-1719.758
19442;315.5187;-1141.952;-1715.787
19499;344.4156;-1142.072;-1711.304
19516;350.9805;-1141.825;-1709.428
19532;362.7226;-1134.567;-1708.061
19565;361.3686;-1132.912;-1710.051
19599;335.2373;-1136.108;-1720.759
19633;332.9728;-1134.873;-1719.058
19667;304.5971;-1138.956;-1700.563
19700;314.7135;-1141.295;-1708.569
19734;168.9606;-1121.608;-1736.994
19751;160.4385;-1125.328;-1723.017
19784;95.76662;-1089.029;-1704.546
19835;105.3275;-1091.224;-1696.912
19869;107.3263;-1090.782;-1693.747
19886;342.8752;-1141.396;-1652.037
19919;277.2368;-1145.79;-1679.717
19953;266.7186;-1148.088;-1687.614
20004;258.5786;-1149.547;-1692.926
20021;246.8734;-1151.119;-1701.089
20054;224.8275;-1152.968;-1715.98
20088;219.7065;-1156.362;-1727.199
20121;228.6732;-1161.457;-1733.333
20155;238.8894;-1165.422;-1734.581
20189;240.2741;-1166.565;-1735.758
20228;244.4223;-1168.619;-1738.625
20278;246.4877;-1170.532;-1741.63
20295;151.5385;-1157.5;-1793.881
20328;275.8523;-1184.511;-1763.416
20362;276.5714;-1185.802;-1763.541
20396;582.7338;-1167.148;-1736.67
20429;291.5188;-1192.515;-1772.513
20463;291.3096;-1192.25;-1771.412
20497;574.5296;-1153.638;-1701.04
20531;572.7372;-1153.007;-1699.459
20564;570.5745;-1153.221;-1698.333
20598;568.4834;-1152.382;-1697.792
20632;569.2943;-1151.879;-1697.391
20665;591.7585;-1155.792;-1715.51
20699;592.2817;-1156.411;-1716.951
20733;590.8863;-1151.351;-1724.335
20766;589.9657;-1147.789;-1728.716
20800;589.8288;-1146.375;-1734.488
20834;593.1337;-1143.988;-1738.224
20855;594.8423;-1142.957;-1739.788
20884;566.9822;-1141.904;-1725.501
20918;571.0089;-1140.5;-1725.126
21003;300.9976;-1151.496;-1720.695
21037;309.4491;-1144.113;-1717.466
21104;315.7822;-1142.979;-1717.478
21121;317.1069;-1146.045;-1721.145
21154;304.479;-1146.46;-1726.879
21188;167.8161;-1124.906;-1764.642
21222;333.7021;-1141.975;-1703.256
21272;144.2869;-1121.005;-1740.871
21289;161.2219;-1124.888;-1728.065
21323;170.4094;-1128.2;-1721.083
21356;169.9368;-1127.589;-1714.548
21407;185.4101;-1133.41;-1710.712
21424;223.4997;-1138.567;-1682.477
21459;310.548;-1151.837;-1662.819
21508;267.6545;-1150.852;-1672.411
21542;260.3416;-1151.358;-1676.705
21558;253.1387;-1152.292;-1683.217
21592;248.4198;-1155.456;-1692.775
21626;239.9021;-1159.909;-1708.292
21660;199.5462;-1159.253;-1737.038
21694;215.4915;-1164.814;-1737.899
21744;225.6683;-1168.069;-1739.452
21761;229.0257;-1168.947;-1740.442
21795;234.5561;-1171.12;-1742.679
21828;196.8244;-1165.881;-1759.487
21862;226.6987;-1173.956;-1757.015
21896;572.6799;-1156.267;-1702.414
21929;787.9518;-1115.895;-1810.395
21963;789.5399;-1115.372;-1811.157
21997;790.9438;-1115.484;-1813.141
22030;792.1049;-1116.462;-1816.129
22064;792.408;-1117.807;-1814.578
22098;793.8754;-1118.017;-1812.206
22132;794.7963;-1117.152;-1811.658
22165;809.1588;-1118.63;-1837.876
22204;808.6979;-1116.752;-1835.894
22238;586.2151;-1167.131;-1731.478
22308;149.7039;-1149.722;-1803.251
22374;172.472;-1151.319;-1800.282
22559;230.7964;-1151.103;-1748.126
22610;282.7838;-1155.835;-1727.04
22626;283.8097;-1152.912;-1722.895
22678;296.479;-1154.081;-1740.173
22694;292.2371;-1154.514;-1734.068
22745;219.8475;-1137.915;-1731.368
22761;249.5498;-1141.026;-1719.453
22796;294.6057;-1143.771;-1703.869
22830;200.9922;-1125.156;-1709.995
22879;186.212;-1122.852;-1711.258
22896;171.7213;-1120.125;-1714.871
22930;167.5533;-1122.683;-1713.347
22964;200.6856;-1127.916;-1689.509
22998;200.1479;-1127.242;-1692.483
23032;199.8203;-1131.699;-1695.049
23083;206.1869;-1136.165;-1695.682
23102;204.2855;-1138.776;-1697.444
23136;206.2452;-1141.53;-1698.497
23153;206.3112;-1144.399;-1701.096
23221;203.2037;-1150.372;-1710.686
23237;207.7807;-1153.91;-1713.97
23254;209.3992;-1156.403;-1715.847
23288;207.6716;-1158.146;-1719.0
23338;208.3164;-1159.313;-1724.955
23372;213.2395;-1161.138;-1727.958
23389;212.4785;-1161.613;-1729.657
23422;180.9296;-1152.675;-1738.08
23473;577.9371;-1157.857;-1702.464
23491;796.9868;-1114.081;-1817.111
23541;798.4504;-1112.115;-1816.325
23558;798.0748;-1112.202;-1815.422
23608;798.2518;-1112.075;-1815.04
23625;798.2296;-1112.242;-1814.984
23676;798.0938;-1112.61;-1814.7
23693;798.2377;-1112.486;-1814.348
23743;798.5998;-1112.071;-1814.139
23760;798.3572;-1112.575;-1815.408
23795;797.7483;-1112.637;-1815.938
23828;798.046;-1112.267;-1815.776
23865;797.444;-1113.889;-1817.363
23898;797.2483;-1113.923;-1818.084
23930;798.1359;-1113.577;-1818.734
23968;797.3804;-1115.267;-1820.11
23984;797.8566;-1115.578;-1821.84
24035;796.9865;-1116.521;-1822.514
24103;795.9526;-1116.29;-1820.407
24119;796.1794;-1116.161;-1820.679
24170;793.2391;-1115.975;-1815.646
24203;792.471;-1114.434;-1811.359
24250;791.6365;-1114.201;-1809.785
24267;790.4781;-1113.189;-1806.215
24318;789.0961;-1111.76;-1802.047
24368;787.7404;-1110.246;-1797.397
24385;786.6443;-1109.667;-1794.524
24418;785.6385;-1109.121;-1792.5
24469;783.3781;-1108.417;-1789.663
24486;782.3965;-1107.827;-1787.787
24523;781.541;-1107.451;-1786.451
24553;778.4802;-1107.042;-1783.365
24621;632.3044;-1149.943;-1729.959
24637;773.3058;-1110.202;-1789.004
24655;771.2988;-1108.736;-1786.236
24695;603.9506;-1154.587;-1730.122
24729;771.5781;-1111.581;-1800.145
24762;624.3667;-1147.548;-1731.279
24796;621.3996;-1143.773;-1724.325
24847;618.1894;-1142.055;-1716.727
24863;618.5497;-1140.067;-1712.943
24897;620.5721;-1138.41;-1712.166
24931;627.7404;-1131.726;-1707.672
24965;654.0103;-1117.775;-1703.916
24999;648.9244;-1120.622;-1705.598
25032;638.2714;-1127.069;-1711.558
25066;637.709;-1132.397;-1721.94
25099;635.7806;-1137.905;-1728.209
25133;632.3509;-1142.699;-1730.507
25167;625.2014;-1148.634;-1734.232
25200;619.9155;-1153.073;-1738.178
25234;615.6025;-1159.197;-1742.9
25251;600.2377;-1166.774;-1745.859
25301;620.2001;-1168.881;-1761.289
25336;614.3748;-1170.406;-1759.439
25353;615.5523;-1171.07;-1762.636
25386;625.4575;-1173.634;-1776.196
25436;589.0652;-1181.328;-1771.445
25453;574.7891;-1183.946;-1767.313
25487;567.2955;-1185.58;-1765.352
25520;563.1119;-1185.944;-1764.541
25555;548.4199;-1188.733;-1766.646
25588;540.795;-1190.316;-1768.595
25622;535.0011;-1190.81;-1769.165
25656;541.3398;-1192.814;-1776.605
25689;668.3706;-1190.676;-1841.829
25739;797.8127;-1157.775;-1912.449
25790;683.5084;-1187.435;-1848.996
25807;677.7817;-1185.901;-1848.062
25841;672.8059;-1184.484;-1849.715
25874;676.0289;-1183.257;-1852.891
25909;690.8022;-1175.913;-1855.072
25928;691.8512;-1168.895;-1849.869
25968;501.1434;-1134.742;-1819.869
25985;500.8641;-1134.635;-1820.054
26036;499.6962;-1132.596;-1821.329
26053;499.1792;-1129.442;-1822.256
26086;502.705;-1125.504;-1823.905
26120;499.7179;-1122.643;-1821.356
26154;496.4302;-1117.594;-1819.573
26187;494.2298;-1114.163;-1815.664
26238;497.212;-1112.869;-1814.57
26255;497.8464;-1109.661;-1812.728
26288;497.8404;-1107.817;-1809.911
26339;511.7734;-1112.491;-1803.777
26356;513.2868;-1112.508;-1796.088
26407;517.1254;-1109.411;-1789.238
26440;520.9108;-1111.646;-1785.557
26457;519.476;-1119.361;-1785.426
26490;516.8716;-1122.699;-1778.456
26524;517.2717;-1124.581;-1772.716
26558;520.6239;-1124.814;-1767.667
26592;524.587;-1124.683;-1763.96
26625;530.4967;-1126.96;-1762.139
26659;536.3065;-1128.086;-1759.75
26693;535.7449;-1130.27;-1755.944
26726;535.59;-1131.086;-1755.435
26760;536.2771;-1131.438;-1755.09
26794;565.164;-1129.048;-1755.344
26827;561.4839;-1129.718;-1753.691
26861;560.3685;-1129.672;-1752.979
26895;559.1683;-1129.787;-1752.522
26953;561.2096;-1131.015;-1755.276
26968;554.7599;-1133.013;-1757.789
26984;541.1547;-1134.59;-1758.222
27018;532.1069;-1136.097;-1759.842
27052;527.3816;-1136.573;-1760.839
27102;526.2471;-1136.354;-1761.339
27119;528.0467;-1136.996;-1763.99
27170;538.4716;-1138.203;-1770.894
27187;541.1359;-1137.352;-1772.024
27220;543.1951;-1137.127;-1775.109
27271;545.1588;-1136.595;-1777.237
27288;540.1905;-1134.581;-1778.754
27321;540.0382;-1131.426;-1781.751
27372;522.7751;-1126.718;-1786.672
27389;512.4029;-1120.089;-1791.651
27422;511.1032;-1118.31;-1794.878
27476;516.0164;-1116.967;-1797.987
27490;516.0166;-1114.938;-1798.311
27544;513.4109;-1108.221;-1798.722
27565;499.2017;-1084.287;-1790.334
27616;495.258;-1077.884;-1789.392
27628;492.1927;-1073.844;-1787.388
27662;490.6441;-1067.777;-1787.116
27696;477.8738;-1053.848;-1787.983
27729;476.2025;-1052.098;-1786.737
27763;472.7281;-1052.013;-1784.335
27814;473.4028;-1051.391;-1783.563
27849;480.1325;-1057.578;-1775.235
27865;476.9511;-1061.913;-1775.476
27899;475.4292;-1064.649;-1774.922
27933;497.2562;-1080.928;-1768.143
27966;483.4337;-1081.76;-1764.412
28000;484.3547;-1080.466;-1759.928
28017;471.0779;-1081.073;-1757.298
28068;476.0666;-1095.132;-1755.446
28101;474.4449;-1099.151;-1754.389
28142;477.0762;-1102.15;-1751.142
28172;481.515;-1104.494;-1752.297
28193;497.5483;-1107.802;-1756.374
28227;498.6068;-1110.062;-1755.918
28260;503.3728;-1112.347;-1757.099
28294;503.9178;-1114.687;-1757.511
28328;501.5048;-1116.738;-1757.943
28361;496.8462;-1118.869;-1758.521
28396;495.3413;-1119.956;-1759.21
28430;494.1996;-1121.055;-1759.362
28463;527.7709;-1120.174;-1764.135
28496;529.8915;-1121.298;-1766.748
28530;529.3558;-1122.573;-1769.012
28564;525.3181;-1123.249;-1768.835
28598;532.2685;-1123.595;-1771.563
28631;504.4389;-1128.303;-1775.792
28665;501.2557;-1128.842;-1776.27
28698;495.2368;-1129.423;-1777.626
28718;496.0594;-1129.265;-1778.668
28766;501.1016;-1129.529;-1781.452
28799;510.535;-1130.05;-1786.456
28833;518.3329;-1130.24;-1791.671
28868;528.2623;-1131.283;-1798.536
28901;530.262;-1130.248;-1799.313
28935;529.0165;-1128.929;-1800.917
28969;537.9019;-1126.437;-1807.381
29018;516.0162;-1111.892;-1810.217
29052;512.2241;-1108.95;-1809.814
29104;506.9457;-1103.174;-1811.452
29136;508.4922;-1101.082;-1811.71
29170;506.3384;-1095.613;-1809.115
29204;506.062;-1082.229;-1804.213
29221;502.986;-1075.325;-1799.836
29254;509.9006;-1071.786;-1799.104
29288;495.8012;-1059.909;-1796.494
29322;494.4606;-1058.871;-1795.537
29356;492.0025;-1058.495;-1793.85
29389;492.8056;-1058.086;-1791.537
29440;498.3478;-1062.022;-1792.737
29456;497.1136;-1065.044;-1789.234
29490;509.6203;-1073.235;-1786.985
29524;510.7679;-1075.374;-1782.372
29559;514.51;-1076.733;-1778.796
29609;514.9128;-1075.821;-1775.524
29625;488.9193;-1077.93;-1770.018
29659;490.9165;-1085.309;-1770.605
29693;491.5152;-1091.486;-1767.977
29726;488.9796;-1096.823;-1765.973
29777;490.6635;-1098.708;-1764.287
29794;505.9549;-1102.242;-1770.37
29827;507.9631;-1103.927;-1770.334
29861;506.9506;-1105.115;-1769.328
29895;502.467;-1107.345;-1767.333
29928;494.2312;-1108.365;-1765.206
29962;490.1118;-1109.252;-1764.021
29996;488.2211;-1110.617;-1763.728
30031;510.8048;-1109.624;-1765.424
30063;511.5147;-1109.363;-1765.196
30097;516.202;-1110.138;-1768.409
30131;519.9722;-1110.801;-1771.309
30164;527.7429;-1110.781;-1773.367
30198;526.1517;-1111.432;-1774.236
30232;500.3445;-1114.66;-1775.128
30265;494.2859;-1115.448;-1776.202
30299;490.282;-1116.092;-1777.349
30350;489.0514;-1116.214;-1778.092
30367;490.8102;-1116.567;-1780.515
30402;496.7878;-1117.567;-1785.821
30434;501.6123;-1117.979;-1790.342
30468;503.7149;-1116.867;-1791.975
30501;502.4684;-1115.072;-1792.308
30535;485.3731;-1112.992;-1790.861
30569;480.637;-1110.329;-1793.026
30603;474.5979;-1102.709;-1796.12
30636;466.4925;-1098.375;-1799.722
30670;478.9899;-1093.499;-1802.179
30687;481.7845;-1088.353;-1803.013
30724;485.7674;-1084.469;-1802.068
30789;474.1784;-1058.213;-1798.491
30822;466.8405;-1048.264;-1795.427
30857;466.4026;-1045.625;-1794.282
30890;466.2;-1041.677;-1791.705
30924;467.2013;-1040.743;-1789.73
30958;469.5641;-1040.063;-1788.355
30991;471.519;-1039.355;-1786.629
31026;473.2423;-1038.825;-1782.025
31058;478.6733;-1047.942;-1785.677
31092;496.7081;-1062.188;-1782.299
31129;498.9842;-1062.121;-1779.767
31161;476.2008;-1063.714;-1772.328
31195;471.4053;-1068.628;-1769.679
31228;473.6125;-1073.973;-1767.632
31262;476.0232;-1079.297;-1765.799
31296;477.6042;-1083.304;-1764.264
31329;482.4412;-1087.813;-1764.781
31363;501.4568;-1092.461;-1772.147
31397;500.272;-1094.002;-1771.274
31431;500.7818;-1095.548;-1770.829
31464;495.9225;-1097.627;-1768.641
31498;490.1096;-1099.445;-1767.608
31532;485.326;-1100.886;-1767.245
31565;484.3769;-1101.689;-1766.904
31616;504.6378;-1101.78;-1769.726
31633;509.6618;-1101.61;-1769.714
31667;521.3069;-1103.078;-1775.266
31700;513.3688;-1104.847;-1776.503
31734;505.1364;-1106.504;-1777.811
31768;514.8749;-1106.745;-1780.454
31802;501.4543;-1109.561;-1782.986
31835;491.6105;-1110.966;-1783.842
31869;490.4298;-1111.004;-1784.458
31886;490.5845;-1110.566;-1784.751
31919;491.6497;-1110.746;-1786.163
31953;494.7242;-1111.419;-1789.398
32004;498.0056;-1111.506;-1791.076
32037;500.5407;-1110.004;-1791.966
32054;500.5398;-1108.726;-1792.314
32088;504.3785;-1108.258;-1794.778
32121;519.9521;-1107.859;-1802.154
32155;519.8343;-1104.691;-1804.233
32189;513.3137;-1094.452;-1807.819
32239;509.426;-1088.654;-1807.99
32257;507.7397;-1084.03;-1809.742
32307;509.4171;-1081.577;-1808.924
32341;507.2484;-1076.434;-1806.461
32358;507.1875;-1072.857;-1805.839
32391;503.6414;-1066.839;-1805.341
32425;501.7936;-1052.835;-1801.998
32458;496.4653;-1045.797;-1799.048
32492;489.7504;-1035.564;-1796.017
32526;493.0582;-1034.813;-1794.65
32577;498.7853;-1038.69;-1791.507
32611;503.0339;-1046.516;-1792.681
32644;508.0246;-1053.38;-1790.24
32661;510.0287;-1056.125;-1785.75
32695;508.7477;-1055.358;-1781.781
32729;508.1027;-1056.426;-1778.023
32762;519.2067;-1058.74;-1779.476
32795;505.9337;-1062.146;-1775.802
32829;495.9749;-1070.175;-1770.16
32864;494.1331;-1075.105;-1767.96
32897;506.8157;-1080.225;-1771.183
32931;506.0642;-1082.341;-1771.022
32982;509.0415;-1083.632;-1771.256
32998;509.6105;-1086.05;-1770.536
33032;505.6497;-1088.343;-1769.819
33066;495.4567;-1090.697;-1768.018
33101;492.8643;-1091.729;-1767.988
33133;491.4105;-1092.754;-1769.271
33167;491.6511;-1093.274;-1770.151
33188;509.6611;-1093.817;-1774.818
33234;516.8507;-1095.131;-1778.962
33269;513.0709;-1097.107;-1781.669
33317;525.8422;-1097.536;-1785.721
33330;524.9482;-1098.293;-1786.666
33363;512.9777;-1102.377;-1792.974
33398;506.9556;-1103.946;-1795.617
33449;503.8512;-1104.663;-1797.368
33465;505.3497;-1104.374;-1797.656
33498;504.8698;-1103.84;-1797.269
33533;506.4694;-1103.223;-1797.875
33566;506.7209;-1103.315;-1798.833
33599;504.7838;-1103.103;-1799.724
33633;503.6304;-1102.974;-1801.784
33668;501.2669;-1102.082;-1803.46
33701;507.4372;-1099.487;-1805.578
33735;490.9901;-1094.253;-1804.792
33768;494.5559;-1086.272;-1809.173
33802;494.4836;-1081.185;-1810.894
33835;496.7881;-1078.548;-1809.376
33870;496.2874;-1072.537;-1809.245
33886;491.0918;-1064.079;-1810.926
33936;486.7596;-1055.354;-1813.109
33953;481.595;-1039.724;-1806.387
34004;478.1102;-1025.743;-1804.87
34021;478.4344;-1021.312;-1802.303
34071;476.0957;-1018.147;-1799.334
34105;476.0528;-1015.402;-1797.464
34155;475.3601;-1013.347;-1794.689
34177;476.5738;-1012.544;-1793.394
34196;488.9234;-1015.753;-1787.787
34233;496.2494;-1025.652;-1789.582
34267;505.0784;-1039.083;-1784.27
34301;505.685;-1044.739;-1779.341
34334;482.0056;-1047.101;-1775.578
34368;486.2451;-1054.456;-1774.618
34402;491.0628;-1058.736;-1774.283
34442;487.4597;-1065.766;-1770.677
34455;494.2411;-1072.744;-1772.554
34506;509.6083;-1074.996;-1778.351
34524;509.5288;-1076.105;-1777.635
34557;507.3244;-1077.866;-1776.453
34591;504.5657;-1080.257;-1775.291
34624;502.6155;-1081.813;-1775.088
34657;494.8551;-1083.839;-1774.907
34691;493.5759;-1084.777;-1775.223
34725;521.5785;-1083.42;-1778.154
34759;507.7994;-1086.373;-1780.113
34792;520.6811;-1090.091;-1790.489
34826;533.6285;-1091.916;-1797.227
34860;532.3941;-1093.108;-1797.204
34910;526.4237;-1094.773;-1799.066
34927;514.4792;-1096.915;-1800.68
34978;506.3332;-1097.654;-1800.542
35011;504.6494;-1097.395;-1800.089
35031;503.749;-1097.118;-1799.509
35082;503.5269;-1096.712;-1799.22
35164;530.4636;-1097.145;-1809.596
35214;531.0608;-1096.199;-1811.004
35298;528.9099;-1094.283;-1811.729
35332;512.1151;-1078.813;-1810.263
35365;509.7325;-1077.2;-1810.81
35399;508.3576;-1075.44;-1809.065
35416;504.5451;-1071.005;-1807.236
35466;501.9025;-1065.082;-1805.133
35500;498.1922;-1060.337;-1805.649
35534;479.0319;-1022.85;-1802.174
35567;477.4882;-1019.24;-1798.461
35584;475.8896;-1015.027;-1797.081
35635;476.1303;-1012.654;-1796.69
35668;477.4329;-1010.239;-1796.385
35703;477.3616;-1009.297;-1795.112
35736;477.5372;-1008.826;-1793.63
35770;484.151;-1017.233;-1788.76
35804;485.3879;-1024.483;-1792.361
35838;484.6025;-1027.969;-1790.117
35872;499.4589;-1044.241;-1782.529
35921;501.898;-1044.763;-1781.358
35938;511.8353;-1047.244;-1784.55
35955;512.1559;-1057.062;-1783.243
35989;507.3593;-1062.18;-1780.881
36022;502.2475;-1067.091;-1778.665
36056;504.4804;-1069.23;-1779.941
36090;512.825;-1071.563;-1782.031
36124;514.2584;-1073.426;-1781.819
36174;508.4489;-1075.5;-1781.17
36191;500.2295;-1077.474;-1779.736
36225;497.3136;-1079.248;-1779.723
36254;498.8448;-1080.745;-1780.95
36286;499.2158;-1081.516;-1781.435
36337;502.8734;-1081.866;-1781.949
36371;502.6608;-1083.767;-1784.935
36388;525.8466;-1088.151;-1801.403
36427;539.8353;-1087.91;-1805.168
36461;536.8964;-1088.826;-1804.511
36495;519.1874;-1093.317;-1808.434
36528;518.7289;-1093.274;-1808.651
36562;510.5187;-1093.407;-1806.744
36596;506.9855;-1092.998;-1805.031
36629;505.375;-1092.822;-1804.203
36664;505.6624;-1092.487;-1804.086
36697;507.8393;-1092.138;-1804.519
36748;508.5267;-1091.281;-1804.939
36764;508.0705;-1090.85;-1805.594
36798;505.2999;-1090.046;-1806.416
36832;509.5766;-1088.674;-1808.329
36866;486.3837;-1085.937;-1802.797
36899;482.9901;-1081.73;-1802.673
36933;487.3767;-1075.268;-1803.914
36966;484.1632;-1067.846;-1803.481
37001;484.2798;-1061.023;-1802.018
37034;481.2854;-1053.105;-1798.576
37067;479.0999;-1047.334;-1801.671
37101;478.7022;-1043.157;-1802.406
37135;463.7823;-1014.756;-1796.344
37169;461.1407;-1004.546;-1795.884
37186;463.5391;-1003.029;-1795.543
37236;464.4052;-998.2745;-1796.631
37253;466.1948;-997.8818;-1795.871
37287;468.2687;-998.2321;-1794.653
37320;475.86;-1009.941;-1793.242
37371;487.6837;-1027.951;-1786.336
37404;491.5102;-1033.629;-1784.084
37422;493.4122;-1035.704;-1781.911
37472;494.3521;-1037.68;-1780.395
37489;513.7812;-1041.531;-1787.296
37522;526.6712;-1052.396;-1786.998
37556;505.2269;-1059.834;-1785.698
37590;498.5615;-1063.489;-1784.008
37641;502.6798;-1066.145;-1784.726
37657;509.0073;-1068.196;-1786.381
37691;508.5748;-1070.651;-1784.894
37725;504.083;-1072.445;-1783.374
37759;501.4623;-1074.164;-1782.294
37809;496.7049;-1075.752;-1782.445
37826;495.178;-1076.643;-1782.882
37859;500.9068;-1077.254;-1784.639
37893;524.1855;-1076.052;-1787.664
37944;531.3031;-1078.017;-1793.738
37960;534.7789;-1079.009;-1796.604
38011;533.2125;-1079.925;-1796.836
38028;522.2834;-1084.186;-1802.77
38080;516.3912;-1085.974;-1804.834
38095;509.3587;-1086.816;-1804.998
38129;505.6464;-1087.616;-1805.51
38163;505.0516;-1087.876;-1805.74
38197;505.1314;-1087.504;-1805.667
38230;506.0932;-1087.242;-1806.039
38264;509.3784;-1086.613;-1806.931
38314;511.9344;-1086.006;-1807.925
38331;501.4824;-1085.061;-1805.406
38365;495.0673;-1083.259;-1804.677
38399;487.5136;-1077.953;-1804.338
38432;487.2032;-1069.253;-1807.188
38466;475.1365;-1060.318;-1806.766
38499;477.7204;-1057.069;-1806.465
38517;481.199;-1050.066;-1806.382
38567;473.8281;-1027.767;-1798.44
38601;463.8118;-1013.571;-1797.392
38618;667.3622;-934.0527;-1866.877
38652;661.3192;-934.2237;-1856.383
38685;624.5363;-929.9275;-1848.915
38718;579.887;-932.849;-1808.304
38752;602.329;-931.74;-1816.133
38786;590.0841;-933.1322;-1802.754
38820;599.4356;-936.1937;-1802.397
38853;631.3631;-936.6281;-1808.726
38904;701.8187;-921.6049;-1832.751
38937;488.205;-1012.641;-1778.516
38971;489.8442;-1018.356;-1775.143
38998;491.5382;-1021.844;-1774.993
39049;478.9707;-1026.262;-1776.719
39065;515.5946;-1042.554;-1786.476
39099;524.8527;-1049.309;-1788.689
39132;503.7942;-1053.343;-1782.481
39185;506.5243;-1059.115;-1784.259
39200;512.1472;-1062.007;-1789.403
39234;515.2608;-1065.327;-1790.909
39267;513.4785;-1067.014;-1791.062
39301;510.4706;-1068.919;-1790.242
39335;508.2548;-1070.34;-1789.801
39369;509.2488;-1071.26;-1789.538
39402;505.1737;-1073.142;-1789.699
39436;533.8071;-1071.585;-1793.151
39470;536.2355;-1072.073;-1793.837
39503;529.4011;-1074.438;-1796.069
39520;526.1031;-1075.958;-1797.235
39571;520.5994;-1077.378;-1797.141
39604;530.1125;-1077.623;-1800.13
39621;487.429;-1082.108;-1798.439
39655;484.5367;-1082.464;-1798.831
39705;484.1559;-1082.514;-1799.061
39722;484.3449;-1082.527;-1799.359
39773;486.1382;-1082.987;-1801.005
39790;489.8014;-1083.074;-1803.833
39824;494.0533;-1083.216;-1806.282
39857;494.7834;-1081.208;-1806.235
39891;493.7243;-1080.791;-1806.587
39925;492.7693;-1079.723;-1806.99
39958;488.4203;-1074.777;-1807.035
39992;493.7148;-1066.461;-1812.666
40026;491.9508;-1060.199;-1815.537
40059;493.9725;-1055.705;-1817.272
40093;493.1572;-1046.345;-1817.617
40127;491.8633;-1039.826;-1815.198
40161;482.7592;-1020.529;-1807.841
40194;478.7027;-1007.797;-1809.113
40228;477.3891;-1000.078;-1807.33
40262;473.3524;-973.3137;-1805.497
40295;471.7147;-970.3187;-1801.258
40329;638.3617;-935.9416;-1829.979
40363;639.375;-935.3502;-1830.864
40397;641.8156;-933.5796;-1829.547
40430;651.1807;-933.0393;-1828.018
40463;662.3154;-932.8995;-1828.045
40497;486.891;-1003.6;-1785.923
40531;487.352;-1005.719;-1781.795
40565;486.4156;-1007.924;-1775.689
40598;483.6516;-1017.338;-1770.931
40632;477.5318;-1018.024;-1769.757
40666;472.4238;-1024.57;-1765.37
40700;478.9768;-1032.956;-1765.346
40733;480.7352;-1037.328;-1767.155
40750;484.0261;-1042.298;-1768.363
40800;481.7791;-1045.072;-1766.31
40834;479.1961;-1047.507;-1765.069
40851;480.93;-1050.534;-1765.509
40902;486.7281;-1054.768;-1769.761
40919;486.9659;-1056.947;-1770.867
40952;484.7654;-1058.97;-1771.9
40986;483.6649;-1061.01;-1772.948
41019;482.2172;-1061.922;-1772.01
41053;481.5831;-1062.762;-1772.077
41088;484.0668;-1066.701;-1779.845
41137;488.2304;-1068.536;-1783.784
41154;490.7672;-1068.646;-1783.13
41188;491.3372;-1068.772;-1782.484
41224;493.0153;-1069.776;-1783.643
41256;491.7263;-1071.971;-1787.728
41289;492.6676;-1073.517;-1790.848
41323;492.5197;-1074.091;-1791.636
41357;491.6487;-1074.115;-1791.227
41407;492.6065;-1074.083;-1791.046
41424;492.4318;-1074.009;-1790.963
41457;492.1805;-1073.76;-1790.554
41493;491.4821;-1073.623;-1790.184
41542;489.3638;-1073.42;-1789.149
41559;487.16;-1073.299;-1788.511
41593;481.1707;-1073.047;-1786.622
41626;477.0836;-1072.336;-1784.345
41660;496.8904;-1064.006;-1769.55
41694;483.5756;-1061.062;-1761.329
41727;475.8296;-1059.44;-1757.994
41761;475.0818;-1059.679;-1759.667
41795;475.0678;-1060.941;-1763.062
41828;481.0422;-1061.513;-1765.52
41862;478.7402;-1061.66;-1766.405
41896;475.1039;-1061.738;-1766.849
41929;473.3319;-1061.765;-1767.029
41963;470.0096;-1061.53;-1767.402
41997;471.1445;-1061.737;-1768.995
42030;470.3281;-1062.421;-1770.988
42064;471.4217;-1063.112;-1773.344
42098;470.9969;-1064.721;-1776.97
42131;460.6772;-1066.156;-1778.943
42165;457.7124;-1067.022;-1780.539
42199;460.5313;-1067.734;-1782.572
42233;464.6362;-1068.419;-1784.91
42266;465.6479;-1068.722;-1785.871
42300;467.389;-1069.044;-1787.087
42334;469.0434;-1069.524;-1788.152
42368;470.2374;-1069.757;-1788.751
42384;471.2052;-1069.905;-1789.547
42435;476.8764;-1070.043;-1790.787
42452;480.2272;-1070.123;-1791.673
42486;481.7672;-1070.074;-1792.009
42536;481.7124;-1069.963;-1791.987
42553;480.7257;-1069.779;-1791.381
42587;480.3902;-1069.393;-1790.765
42620;480.8472;-1069.398;-1790.826
42654;480.66;-1069.355;-1790.618
42688;480.6983;-1069.172;-1790.318
42739;479.2915;-1069.088;-1789.92
42755;478.0555;-1068.731;-1789.046
42789;476.7841;-1068.493;-1788.453
42839;475.7268;-1068.464;-1788.114
42856;475.1533;-1068.448;-1788.252
42890;471.5645;-1067.524;-1785.241
42940;472.3643;-1067.358;-1785.2
42958;471.8656;-1067.147;-1784.73
42991;471.8358;-1066.621;-1783.528
43041;472.361;-1066.166;-1782.671
43058;472.4423;-1065.542;-1781.962
43092;471.1228;-1064.659;-1780.239
43126;445.0762;-1060.38;-1767.205
43176;454.1721;-1060.158;-1767.544
43193;458.0165;-1060.029;-1767.641
43227;455.9243;-1059.103;-1765.973
43260;462.6556;-1058.573;-1765.926
43294;465.3469;-1058.667;-1767.427
43328;468.4538;-1058.523;-1768.34
43362;472.9815;-1058.062;-1768.631
43395;473.6678;-1058.057;-1768.948
43429;474.6122;-1058.251;-1770.039
43463;475.3758;-1058.254;-1770.59
43496;475.3178;-1058.638;-1771.721
43530;476.3772;-1058.608;-1772.214
43564;476.3874;-1058.935;-1773.283
43598;477.4128;-1058.954;-1774.029
43631;479.8355;-1059.093;-1774.639
43665;480.3425;-1059.643;-1775.979
43698;478.7849;-1059.958;-1776.305
43732;478.3541;-1060.106;-1776.515
43766;478.9349;-1060.453;-1777.036
43799;469.6561;-1061.114;-1775.891
43833;469.9372;-1061.153;-1775.959
43867;472.8049;-1061.106;-1776.266
43901;467.6413;-1061.535;-1776.056
43934;466.1302;-1061.607;-1775.963
43968;467.8146;-1061.883;-1776.143
44002;458.1396;-1061.075;-1772.035
44035;465.014;-1060.833;-1773.183
44069;473.2573;-1059.949;-1773.579
44103;479.675;-1059.351;-1773.977
44120;486.4686;-1059.041;-1774.817
44170;487.9125;-1058.608;-1774.627
44463;463.8762;-1060.115;-1778.367
44495;460.8218;-1058.393;-1773.811
44528;458.598;-1057.891;-1772.18
44562;457.7065;-1057.646;-1771.036
44596;456.9745;-1057.207;-1770.095
44630;458.6053;-1057.012;-1769.482
44664;458.2953;-1057.067;-1769.536
44697;459.6395;-1057.072;-1769.652
44730;462.0468;-1057.003;-1769.8
44764;462.6531;-1056.752;-1769.856
44799;463.9738;-1056.744;-1770.011
44829;466.5246;-1056.543;-1770.458
44861;467.827;-1056.447;-1770.63
44892;469.9781;-1056.534;-1771.742
44925;470.3769;-1057.15;-1772.719
44959;480.8536;-1057.932;-1778.221
44993;528.7201;-1056.356;-1798.575
45027;506.9192;-1043.854;-1839.755
45060;598.1795;-1023.102;-1950.857
45094;462.6942;-905.2544;-1796.805
47496;99.53055;-992.8632;-1144.632
47529;-191.8413;-1124.373;-1325.059
47563;-24.918;-1021.369;-1080.081
47597;27.2658;-1070.586;-1166.587
47630;-483.6782;-1026.36;-1299.524
47682;-408.0384;-1107.651;-1301.491
47718;78.55107;-987.5881;-1042.256
47759;-98.02863;-1006.329;-1006.093
47812;319.1684;-960.2203;-1285.279
47845;294.5967;-947.4225;-1206.31
47903;328.1419;-936.5783;-1258.855
47919;345.6778;-949.611;-1322.431
47952;397.0239;-906.4589;-1398.337
47970;401.8285;-881.4927;-1387.431
47989;354.7576;-933.6641;-1454.247
48022;346.2894;-936.5671;-1469.477
48056;281.6153;-950.864;-1238.385
48074;325.9092;-909.7131;-1527.139
48109;285.8211;-944.3266;-1436.264
48159;232.5764;-983.2786;-1341.431
48194;228.0067;-978.3581;-1337.29
48210;207.7144;-975.4047;-1358.651
48244;182.661;-983.639;-1391.861
48277;165.7186;-971.9489;-1470.219
48298;84.2356;-1004.54;-1466.947
48332;81.54369;-1005.709;-1457.675
48366;66.11268;-1010.071;-1431.71
48399;35.07421;-1017.752;-1395.641
48433;42.25347;-1009.12;-1336.086
48467;64.88097;-983.5142;-1336.289
48523;66.99033;-971.9415;-1311.473
48557;16.42639;-976.5417;-1340.813
48607;9.153247;-979.9218;-1298.485
48641;15.01323;-966.2062;-1291.884
48675;8.143831;-966.3517;-1268.851
48709;-33.01471;-973.6329;-1254.595
48742;-29.14997;-939.4398;-1247.687
48776;-6.652962;-927.3536;-1195.406
48810;-7.498451;-891.9689;-1239.45
48843;12.59293;-872.4927;-1209.015
48878;28.61363;-859.0314;-1189.124
48911;48.58191;-845.6891;-1169.482
48944;60.27868;-835.5136;-1150.712
48978;64.10685;-830.4299;-1131.678
49012;73.71868;-821.8667;-1116.638
49045;79.83996;-814.0494;-1098.118
49080;107.767;-790.1177;-1088.257
49113;162.8905;-758.4686;-1038.25
49164;227.7173;-696.3823;-1029.036
49180;118.8918;-610.8743;-1367.818
49231;109.876;-604.0411;-1365.798
49265;112.1806;-622.1319;-1325.307
49282;-347.5117;-230.2146;-964.5479
49298;-350.547;-250.3156;-980.2118
49349;-5.397499;-835.0565;-1124.311
49365;189.4007;-532.8362;-660.0568
49399;155.9766;-546.5929;-633.0765
49433;-378.2542;-263.2508;-816.2564
49467;-438.3716;-102.4727;-916.0756
49500;-187.2936;50.98027;-401.0244
49534;-186.343;52.50335;-397.5634
49562;-165.575;51.80216;-403.851
49608;-171.0244;30.225;-400.1089
49642;-171.7154;33.56214;-395.6458
49659;-173.6839;40.65188;-393.1099
49710;-173.9013;34.66047;-394.5528
49730;-174.8605;39.80324;-393.6415
49761;-175.6793;41.08018;-393.7959
49795;-176.422;35.99319;-393.8176
49851;-175.5541;25.20312;-395.4682
49931;-177.4515;8.398458;-394.1534
49948;-177.0133;16.25092;-395.2548
49998;431.7075;-1021.487;-1564.289
50032;425.216;-1020.46;-1567.804
50066;464.7824;-1018.074;-1572.454
50099;462.1114;-1019.128;-1577.46
50133;489.3751;-1017.607;-1579.357
50167;492.3979;-1020.073;-1577.473
50200;494.136;-1023.517;-1576.453
50234;498.2728;-1025.249;-1572.113
50268;536.0416;-1025.519;-1575.961
50302;523.0942;-1025.697;-1574.326
50336;526.5208;-1024.737;-1574.71
50370;515.5237;-1023.527;-1572.033
50404;511.4229;-1022.11;-1571.081
50421;508.2933;-1023.432;-1570.15
50455;509.4472;-1025.412;-1570.81
50523;509.0807;-1027.453;-1573.323
50539;508.2909;-1028.113;-1577.736
50556;540.4167;-1034.844;-1594.991
50615;535.2802;-1034.991;-1596.709
50642;529.6008;-1033.737;-1598.387
50676;526.6902;-1032.125;-1598.834
50694;524.7463;-1031.942;-1600.179
50744;522.5934;-1031.708;-1601.822
50777;518.8763;-1031.977;-1604.464
50810;511.5415;-1031.728;-1608.022
50827;504.2345;-1031.681;-1614.458
50878;497.8565;-1032.72;-1621.042
50895;495.8099;-1034.149;-1629.841
50946;485.0082;-1035.066;-1638.048
50963;482.6823;-1035.304;-1645.793
50997;481.837;-1036.711;-1652.838
51031;483.4424;-1039.348;-1659.224
51065;486.4805;-1041.721;-1663.903
51098;483.6926;-1042.15;-1666.13
51132;485.0369;-1044.089;-1666.611
51166;485.9193;-1043.811;-1666.962
51199;485.8578;-1042.298;-1665.241
51233;485.0323;-1039.52;-1660.601
51267;486.4137;-1036.873;-1656.046
51301;483.539;-1033.607;-1651.301
51352;484.3137;-1030.626;-1649.002
51368;485.2502;-1028.226;-1646.309
51402;488.407;-1027.059;-1642.849
51435;493.6898;-1026.406;-1640.736
51469;498.5942;-1023.631;-1639.368
51503;499.9576;-1020.795;-1638.463
51554;504.5515;-1019.194;-1635.091
51571;530.3166;-1020.305;-1635.246
51621;543.326;-1022.158;-1636.538
51638;553.189;-1022.806;-1638.185
51706;563.9978;-1022.999;-1640.734
51723;569.0555;-1021.21;-1639.875
51739;572.7871;-1019.401;-1640.792
51772;572.8552;-1014.356;-1636.885
51806;577.549;-1014.151;-1637.192
51823;576.1579;-995.6205;-1622.31
51857;577.4642;-993.4949;-1621.978
51891;578.6829;-991.5122;-1622.425
51925;578.6083;-991.5552;-1623.66
51958;576.2495;-988.121;-1621.093
51991;573.8004;-984.7625;-1619.599
52025;575.0648;-984.4943;-1620.539
52059;574.631;-984.1292;-1621.478
52093;575.1726;-984.4252;-1623.457
52144;573.0772;-996.4266;-1629.885
52177;572.7154;-993.6202;-1627.404
52194;571.2226;-1000.01;-1632.412
52227;570.6887;-1002.317;-1635.011
52261;569.076;-1006.452;-1635.889
52295;566.4686;-1006.661;-1637.093
52328;565.0969;-1007.313;-1638.281
52362;565.6013;-1007.863;-1639.551
52413;554.124;-986.4047;-1625.876
52429;558.6931;-994.8391;-1632.07
52463;559.0939;-988.6069;-1630.312
52497;556.6177;-982.2332;-1628.589
52531;564.6097;-976.0934;-1628.294
52565;572.0774;-972.0503;-1626.257
52598;598.0421;-986.9966;-1643.513
52634;605.8922;-987.2318;-1644.148
52677;611.1292;-994.6183;-1647.844
52699;613.2417;-988.6117;-1644.493
52722;617.15;-989.9025;-1642.171
52773;624.3918;-1004.158;-1652.947
52790;627.8961;-1008.646;-1657.293
52841;633.2713;-1012.104;-1662.053
52886;640.2266;-1024.081;-1674.846
52906;651.4301;-1026.735;-1684.044
52949;653.7577;-1028.002;-1686.718
52979;659.514;-1083.311;-1737.695
52995;658.3025;-1078.955;-1734.039
53029;662.5681;-1084.335;-1735.049
53063;662.9625;-1088.382;-1735.064
53097;663.3748;-1087.072;-1734.636
53130;665.5317;-1092.015;-1735.207
53164;662.8127;-1088.645;-1735.906
53198;664.5422;-1088.116;-1737.497
53231;664.0154;-1088.389;-1737.526
53283;661.0837;-1085.755;-1738.428
53299;663.0311;-1087.671;-1736.474
53367;650.6683;-1087.99;-1740.82
53434;644.9075;-1083.455;-1743.503
53484;556.8503;-991.2341;-1656.887
53535;561.6897;-997.2551;-1662.694
53568;573.8617;-1014.367;-1680.694
53602;566.0149;-1011.739;-1681.593
53636;563.788;-1012.313;-1684.885
53670;532.9519;-1011.031;-1683.314
53703;536.646;-1012.625;-1676.196
53737;532.538;-1017.491;-1680.382
53771;511.2038;-1021.162;-1685.745
53788;513.6782;-1021.338;-1688.385
53838;487.5484;-1023.492;-1690.366
53872;478.2245;-1027.969;-1687.274
53889;460.5112;-1029.729;-1688.584
53939;448.8871;-1028.398;-1689.236
53973;457.3852;-1026.5;-1684.596
54007;434.2788;-1030.522;-1686.916
54040;444.916;-1029.856;-1690.251
54057;424.2705;-1037.433;-1711.11
54108;391.5916;-1047.931;-1738.912
54141;389.8806;-1045.521;-1744.446
54192;392.0939;-1032.673;-1751.27
54242;384.4746;-1027.647;-1752.657
54276;366.9611;-1025.046;-1754.556
54310;573.7354;-900.9723;-1769.016
54343;484.8315;-964.8443;-1759.445
54360;568.9474;-904.614;-1822.04
54394;480.4422;-963.5477;-1775.254
54428;471.2984;-964.7402;-1771.01
54461;430.7058;-983.9066;-1762.287
54495;395.0928;-996.4783;-1757.394
54531;427.3432;-991.6149;-1777.462
54563;572.8602;-905.7756;-1851.633
54598;469.3971;-985.3491;-1816.001
54630;470.3989;-983.9728;-1813.882
54663;598.3746;-889.4216;-1890.754
54698;595.8163;-902.2909;-1881.024
54731;594.7029;-909.6148;-1869.045
54765;599.4374;-913.5441;-1857.503
54798;385.5941;-1028.069;-1789.539
54832;377.6732;-1031.886;-1785.185
54867;457.3987;-1012.507;-1766.967
54899;441.9937;-1022.484;-1762.79
54933;434.6226;-1025.919;-1747.97
54967;439.0214;-1025.495;-1734.238
55000;416.9031;-1036.177;-1729.043
55034;429.4459;-1035.402;-1723.696
55068;433.7299;-1030.505;-1715.599
55102;537.0521;-1023.464;-1716.393
55118;526.8269;-1022.009;-1721.91
55169;548.0169;-1018.464;-1722.946
55203;543.9785;-1018.71;-1736.007
55223;569.0776;-1014.657;-1744.276
55253;556.7401;-1004.4;-1760.536
55287;570.117;-996.2037;-1770.357
55321;746.9429;-964.8886;-1833.786
55371;892.905;-858.7821;-1886.483
55405;860.3919;-896.3695;-1865.599
55438;868.4272;-899.8047;-1866.691
55472;718.7292;-985.5584;-1831.138
55489;721.2197;-990.7704;-1831.813
55574;580.38;-969.7313;-1763.972
55608;609.5912;-974.3387;-1762.101
55658;617.3345;-971.0804;-1759.679
55692;620.6815;-963.6418;-1755.831
55725;627.7817;-964.473;-1754.78
55759;633.4605;-964.7022;-1752.974
55809;630.061;-958.0529;-1749.333
55826;630.7765;-958.5992;-1747.932
55860;631.9509;-958.3873;-1747.584
55893;634.6754;-960.3725;-1746.026
55928;636.5447;-960.8057;-1744.561
55961;636.2187;-965.7226;-1746.909
56001;636.7306;-971.1157;-1747.693
56028;636.7773;-971.0129;-1747.84
56062;637.7981;-968.9268;-1747.16
56096;636.4164;-968.5087;-1748.446
56130;635.3166;-970.3563;-1749.429
56163;633.5453;-969.8676;-1750.716
56197;619.2916;-967.6253;-1750.979
56230;620.1235;-966.8517;-1752.218
56264;617.5455;-964.6699;-1752.881
56298;629.7502;-970.3496;-1752.71
56331;617.6061;-968.1285;-1753.413
56365;614.4686;-966.9894;-1754.243
56399;612.9514;-965.9134;-1755.363
56433;604.1518;-966.5349;-1757.651
56466;606.5841;-968.7042;-1759.229
56500;606.6763;-970.9113;-1761.897
56568;615.3834;-963.5255;-1756.628
56730;617.7291;-965.0229;-1759.451
56796;648.7444;-1025.834;-1732.887
56847;651.2892;-1026.784;-1737.839
56863;646.7043;-1030.408;-1740.59
56897;639.3686;-978.4848;-1764.912
56931;640.071;-1027.752;-1772.274
56965;640.3804;-1013.541;-1768.964
57018;630.3932;-998.4935;-1775.808
57048;623.5779;-993.405;-1779.897
57065;857.2646;-945.11;-1886.208
57099;867.7711;-936.4293;-1926.678
57133;872.2455;-925.9148;-1979.837
57183;816.3483;-954.4263;-1897.237
57200;854.399;-930.4308;-1969.167
57234;622.6819;-1012.864;-1874.444
