
0;156.7576;373.548;-1985.621
19;162.0855;375.2171;-1982.363
40;172.009;377.8064;-1978.919
97;177.6854;379.1335;-1974.074
137;180.673;379.2379;-1971.536
189;185.445;379.1246;-1970.399
240;191.2943;378.7248;-1967.673
274;192.8799;378.1734;-1966.725
291;197.7265;378.9364;-1965.022
325;200.2452;379.0048;-1964.476
360;204.9953;379.2703;-1963.055
376;206.5972;379.5648;-1962.274
398;208.3454;379.141;-1960.825
431;208.9667;376.2857;-1959.901
465;208.9398;376.2339;-1959.351
519;209.0242;377.1257;-1958.149
583;208.0436;378.1001;-1953.972
622;206.1921;379.2667;-1947.749
638;203.7802;379.6992;-1941.567
672;197.5051;377.1521;-1931.801
706;191.0187;380.5658;-1924.209
744;182.5746;382.9998;-1914.474
798;173.0848;384.3631;-1903.919
812;163.8537;387.4;-1893.656
832;145.7843;389.7026;-1876.978
900;135.3924;390.5274;-1863.333
934;120.7025;388.4717;-1844.293
952;110.7735;388.1561;-1829.847
1003;89.73367;389.0481;-1804.661
1020;78.53077;388.4402;-1789.265
1054;58.08791;386.9592;-1763.898
1072;37.84648;384.6305;-1741.167
1122;20.12679;384.4922;-1721.283
1156;-10.54298;380.7664;-1689.769
1190;-40.88589;376.2502;-1659.609
1225;-73.07549;373.0681;-1630.01
1263;-108.2541;366.9303;-1600.032
1300;-142.3913;365.2426;-1573.036
1333;-187.4609;360.9977;-1540.767
1369;-228.8572;358.1475;-1508.682
1402;-275.7125;356.4293;-1476.49
1420;-324.8594;359.9333;-1439.9
1455;-370.8292;364.0345;-1406.466
1471;-418.248;347.0118;-1370.67
1522;-462.0181;354.452;-1338.748
1556;-501.4478;359.7692;-1308.949
1592;-533.5651;361.4368;-1286.409
1630;-548.8726;376.3433;-1271.714
1664;-557.907;391.1974;-1260.808
1698;-568.4891;405.8511;-1253.808
1732;-577.2714;417.0515;-1250.342
1785;-599.3698;458.7994;-1240.783
1822;-599.981;458.5212;-1239.165
1841;-622.3279;476.3561;-1233.637
1882;-623.3253;478.0229;-1231.903
1921;-623.0275;484.47;-1225.907
1941;-506.4278;401.8157;-1207.501
1961;-502.3252;397.1213;-1208.719
1979;-503.7125;387.4778;-1202.503
1996;-504.9363;379.124;-1191.121
2059;-500.7893;373.3776;-1181.057
2088;-497.5669;368.3214;-1167.969
2123;-491.3247;369.0281;-1158.917
2138;-486.6982;368.069;-1143.067
2173;-479.7897;371.6054;-1132.867
2207;-474.7722;373.8525;-1120.91
2240;-465.8449;374.6671;-1098.278
2275;-456.5163;372.454;-1078.092
2291;-442.3049;368.1935;-1053.891
2324;-427.7289;365.6706;-1028.498
2358;-414.0864;361.5643;-996.4236
2392;-408.0539;355.0126;-956.2062
2443;-407.1086;341.1099;-913.2373
2459;-300.1158;344.4672;-897.3881
2493;-292.1796;346.1367;-891.1577
2527;-67.89931;63.94231;-317.8897
2595;-56.32913;74.75719;-317.7455
3591;-182.0148;22.4523;-2193.65
3624;-144.3491;23.57437;-2216.262
3664;-131.9142;24.7312;-2219.238
3681;-117.5566;33.3415;-2221.102
3731;-95.57512;36.43204;-2227.153
3765;-79.91381;35.82826;-2227.915
3802;-50.28317;38.13051;-2233.577
3852;-33.09331;35.77177;-2232.554
3869;-14.42338;33.38235;-2228.605
3885;-0.714134;34.671;-2226.479
3919;14.67067;35.96765;-2225.144
3953;30.74633;38.01039;-2225.24
3995;42.03138;37.20431;-2221.79
4028;58.79759;36.47469;-2217.294
4062;69.39825;36.10944;-2214.468
4095;86.70673;34.15615;-2209.864
4129;97.85271;37.37283;-2206.74
4146;106.2211;39.73375;-2203.022
4197;115.8266;41.6537;-2200.601
4230;129.0235;42.50626;-2196.12
4264;135.935;44.82407;-2195.504
4314;145.3061;46.78184;-2192.236
4331;150.0915;48.95524;-2191.179
4365;155.9959;52.38046;-2188.858
4416;166.7852;56.67593;-2186.423
4449;174.3308;58.61692;-2183.995
4466;182.5681;60.26223;-2182.794
4483;191.8502;58.98368;-2182.226
4719;202.4399;56.49663;-2183.044
4736;212.0847;54.66285;-2185.032
4778;294.8376;59.79202;-2215.386
4795;296.2883;60.17311;-2215.652
4829;303.4816;59.86183;-2218.389
4862;309.8368;60.16461;-2219.964
4896;313.1101;59.54316;-2221.083
4930;318.1299;59.13718;-2223.529
4964;322.4931;58.44345;-2225.749
4997;326.4922;57.30952;-2227.263
5031;328.4462;57.06767;-2228.424
5049;330.2267;57.14069;-2231.292
5086;330.4114;57.14787;-2232.809
5137;328.9428;56.98204;-2234.163
5154;327.4973;57.16697;-2235.542
5205;324.9528;57.41479;-2237.523
5226;323.2047;56.96694;-2238.476
5272;319.8697;56.8613;-2239.536
5289;316.9321;56.2962;-2239.185
5340;309.1492;53.63741;-2239.685
5357;303.7888;52.6063;-2241.469
5391;301.033;51.93307;-2242.958
5424;298.2903;51.07548;-2244.73
5458;295.9899;49.96415;-2246.138
5492;294.3683;49.25323;-2247.422
5525;290.5968;47.82774;-2249.885
5559;288.7545;47.85847;-2251.275
5584;286.7809;47.96859;-2254.314
5633;284.6435;47.4399;-2255.978
5684;283.5947;47.03928;-2256.904
5710;283.6233;46.61186;-2258.284
5727;283.9955;45.90162;-2259.36
5760;284.399;45.19857;-2259.603
5794;285.5731;45.33975;-2260.007
5828;287.5898;45.27094;-2260.878
5861;295.4382;44.7365;-2262.315
5895;301.4196;43.79402;-2262.675
5929;309.4268;42.69051;-2265.198
5962;316.1468;43.77654;-2266.702
5996;327.7921;45.33185;-2268.62
6013;335.6367;45.8179;-2269.879
6063;341.2548;48.34366;-2270.514
6097;347.9191;49.56291;-2271.859
6131;350.0442;49.38084;-2272.008
6165;352.3533;49.01651;-2272.154
6198;359.6921;48.07972;-2271.279
6232;364.4869;47.07875;-2271.088
6249;367.0899;46.77496;-2271.242
6283;368.032;47.00513;-2270.85
6316;368.4328;47.45266;-2271.102
6367;368.3532;47.70047;-2271.188
6401;367.6695;47.89188;-2271.336
6417;365.2563;48.73394;-2270.212
6468;364.2509;49.53502;-2270.578
6485;361.7303;50.07803;-2271.833
6518;359.6596;50.92975;-2273.108
6552;356.0636;50.95798;-2272.226
6586;350.4108;50.60017;-2272.444
6619;348.9177;50.33828;-2272.782
6653;346.1558;49.22922;-2273.748
6687;344.9953;48.48769;-2274.352
6720;343.6437;48.11084;-2275.191
6754;341.6476;47.36238;-2275.673
6788;341.5775;47.26243;-2275.962
6838;341.7003;46.85028;-2275.998
6855;342.0034;46.88591;-2276.697
6889;343.7212;46.91439;-2278.283
6939;345.4298;47.16948;-2280.072
6956;349.4;49.21503;-2281.274
6990;352.4493;50.11786;-2282.117
7024;356.0437;50.97607;-2283.129
7109;361.263;51.89839;-2283.842
7143;364.6246;51.28717;-2284.2
7193;370.9529;50.23091;-2284.78
7229;373.9885;50.40752;-2285.656
7262;377.0647;49.96706;-2285.513
7296;379.8986;49.89762;-2285.258
7330;381.5869;49.96184;-2285.585
7363;382.9953;49.56457;-2284.948
7397;384.3009;49.35375;-2284.706
7431;386.6631;48.52819;-2284.762
7465;388.6603;48.46742;-2284.627
7481;389.8202;48.57512;-2284.186
7532;391.833;47.38576;-2284.629
7549;394.7852;47.57468;-2284.993
7599;395.4439;47.96388;-2285.416
7634;397.5053;47.6942;-2287.288
7667;399.2938;47.66961;-2288.655
7701;401.3336;47.30564;-2289.866
7717;406.6235;47.65548;-2292.7
7768;410.7039;47.78765;-2295.284
7802;413.3;48.77293;-2298.599
7886;418.0168;49.94643;-2305.108
7919;422.671;50.18993;-2311.578
7953;423.6917;50.5145;-2313.674
8004;424.1533;50.55745;-2316.039
8020;425.4525;51.81311;-2319.231
8054;425.9874;51.83586;-2320.338
8088;426.4745;51.84938;-2321.738
8122;427.5266;52.30912;-2323.307
8172;428.6667;53.02684;-2325.559
8189;429.4045;52.89344;-2327.234
8223;430.2989;52.89511;-2327.875
8258;433.7308;53.73687;-2329.875
8292;434.4047;53.8842;-2330.636
8325;434.4398;53.0857;-2330.427
8376;435.3804;52.95609;-2331.727
8410;435.4378;52.8861;-2331.895
8426;435.3784;52.78268;-2332.102
8460;435.3547;52.59093;-2332.365
8493;435.5756;52.77154;-2332.663
8527;434.6635;50.32063;-2332.133
8561;434.7073;50.39159;-2332.164
8595;435.0385;50.48339;-2332.323
8628;435.0975;50.57726;-2332.156
8662;435.0904;50.81622;-2331.962
8729;435.2794;50.91107;-2332.147
8763;435.4427;51.73764;-2332.229
8791;435.3932;51.79296;-2331.8
8825;435.2418;51.70005;-2331.6
8858;434.7361;51.65089;-2330.75
8892;433.2991;51.78021;-2329.35
8926;432.1155;51.51333;-2327.302
8960;428.2656;51.78752;-2326.336
9010;427.0526;52.10955;-2325.513
9055;414.6385;51.3921;-2319.504
9089;412.0527;51.23926;-2318.579
9139;406.1291;51.78736;-2318.409
9173;403.2418;52.54239;-2318.544
9190;396.4542;51.73388;-2318.434
9225;392.047;52.64247;-2318.776
9257;386.027;53.35906;-2319.212
9291;382.105;52.28233;-2317.861
9325;380.6491;52.0002;-2317.766
9358;379.765;51.86216;-2318.044
9409;380.9368;51.87061;-2318.552
9426;384.0364;51.68921;-2318.79
9459;386.0652;51.59923;-2319.792
9510;390.2585;51.91662;-2322.405
9544;394.8698;51.96273;-2324.704
9577;400.6255;52.79746;-2327.905
9611;403.4285;52.87983;-2329.41
9645;405.4892;52.81281;-2330.39
9662;407.894;52.30413;-2332.271
9695;408.9718;52.08615;-2333.272
9729;409.5805;52.02093;-2334.309
9763;411.3156;51.9882;-2336.735
9796;415.272;52.4305;-2338.016
9830;419.2302;53.13751;-2339.141
9864;420.4133;52.70249;-2339.605
9897;424.7253;51.17053;-2340.728
9932;428.3509;50.16513;-2342.466
9998;433.8309;50.08959;-2343.826
10066;436.8781;50.66488;-2344.392
10083;444.4924;51.88187;-2345.152
10116;445.5366;51.51515;-2345.417
10150;447.8276;51.80424;-2347.229
10184;448.432;51.60793;-2347.142
10217;449.5129;51.231;-2347.344
10252;448.9246;51.06765;-2346.425
10288;449.3771;50.85258;-2345.933
10336;450.1572;50.54126;-2346.036
10369;450.4073;50.5328;-2346.027
10403;450.471;50.49763;-2346.023
10420;450.465;50.49364;-2345.629
10453;450.2801;50.65405;-2345.233
10504;447.4286;50.77009;-2343.771
10521;444.5996;50.6406;-2343.33
10571;441.5901;50.81188;-2342.147
10588;437.8011;50.16848;-2340.811
10639;434.8627;50.27311;-2340.28
10655;429.7962;51.33598;-2337.99
10689;420.1579;51.09307;-2335.142
10723;416.4537;50.35518;-2333.254
10757;411.0742;50.17511;-2334.244
10790;408.8112;50.55803;-2333.581
10841;405.3108;51.54267;-2332.776
10858;403.4664;51.47149;-2332.227
10892;401.3355;51.19674;-2331.588
10925;399.9684;51.37854;-2331.339
10959;399.5451;51.45214;-2331.287
10993;399.3987;51.53366;-2331.295
11026;399.8467;51.70427;-2331.123
11061;401.8714;51.3301;-2331.431
11095;403.6781;51.21444;-2332.191
11129;405.4827;50.83288;-2332.659
11162;407.3467;51.16356;-2333.654
11186;409.2593;51.25713;-2335.245
11220;412.272;51.3457;-2338.187
11270;414.6129;51.97031;-2339.143
11287;415.0742;51.96429;-2339.649
11321;415.3463;51.86656;-2340.241
11355;416.6858;51.5048;-2341.719
11388;417.73;51.77813;-2342.752
11422;419.3991;51.2501;-2344.931
11472;423.6285;51.46332;-2346.19
11506;426.7358;52.09774;-2347.484
11540;430.1164;51.96474;-2347.916
11564;431.4623;52.19894;-2348.007
11614;432.2561;51.75019;-2348.101
11631;434.7137;52.35651;-2348.056
11665;439.3195;51.31037;-2347.87
11699;444.3259;52.3444;-2348.005
11733;444.3972;52.34406;-2347.983
11766;445.8081;51.77902;-2347.523
11800;447.7557;51.33182;-2347.096
11834;449.207;51.18444;-2346.374
11868;449.5419;51.01022;-2346.319
11901;450.827;51.23712;-2346.028
11918;451.0874;50.97844;-2345.673
11959;451.6764;50.38417;-2345.115
11993;451.8011;50.46658;-2344.991
12027;451.4183;50.60165;-2344.614
12060;449.3985;50.91084;-2343.314
12094;446.0907;50.97377;-2341.656
12127;443.1668;50.91984;-2340.197
12152;440.7137;50.70965;-2339.398
12185;437.5511;50.42855;-2337.682
12219;434.0364;51.59727;-2336.755
12253;425.6833;50.81495;-2332.832
12305;418.7307;51.06375;-2330.344
12320;417.1339;50.92485;-2329.849
12354;410.4818;52.61396;-2328.848
12388;405.8649;53.30922;-2327.622
12421;401.371;52.62593;-2326.174
12472;396.538;52.96029;-2324.875
12508;393.8596;52.7855;-2325.192
12543;393.2169;52.67304;-2325.191
12594;392.9519;52.44051;-2325.126
12612;393.0543;52.2548;-2325.156
12648;393.3244;52.12566;-2325.32
12664;393.666;52.05223;-2325.856
12697;394.2522;51.9204;-2325.83
12731;397.003;52.55859;-2326.739
12765;402.1217;53.79654;-2328.604
12798;404.575;53.8041;-2329.58
12832;404.6094;53.67844;-2329.954
12868;407.4495;53.98479;-2331.521
12902;409.9115;53.71789;-2333.095
12936;410.0357;53.78213;-2333.318
12953;411.6783;53.82403;-2334.417
13003;413.1048;53.97552;-2335.262
13020;413.1699;53.8701;-2335.275
13053;413.9317;53.88612;-2335.321
13087;415.038;53.87621;-2335.34
13123;417.6677;53.87777;-2335.462
13156;419.7438;53.64277;-2336.075
13207;421.9664;53.85783;-2336.791
13232;424.6237;53.0701;-2337.673
13282;427.5257;52.93346;-2338.546
13299;429.0586;52.72149;-2338.391
13322;429.7529;52.43026;-2338.087
13356;430.0401;52.49628;-2337.711
13407;430.4923;52.8759;-2337.286
13423;431.7316;53.44268;-2336.64
13457;432.2973;53.71298;-2336.424
13491;432.9303;53.92336;-2336.418
13542;433.7464;54.19596;-2335.921
13558;433.6748;53.98144;-2335.466
13592;433.8268;53.98392;-2335.188
13626;433.3244;53.56618;-2334.815
13659;433.3111;53.72055;-2334.198
13710;433.0248;53.11668;-2332.93
13727;431.9358;53.62939;-2332.402
13760;430.3266;54.20677;-2331.243
13794;425.5527;53.40217;-2328.902
13828;419.1561;52.92208;-2325.263
13862;417.2539;53.52283;-2324.141
13895;413.0454;54.71935;-2323.082
13929;406.4584;54.27886;-2318.667
13963;405.0476;54.54666;-2318.496
13996;399.0205;54.22419;-2317.836
14021;396.864;54.53906;-2318.13
14065;394.8606;54.92384;-2318.004
14092;394.7764;54.96677;-2318.169
14126;394.6017;55.08653;-2317.939
14177;394.5591;55.20105;-2317.876
14194;394.6511;55.18435;-2317.792
14244;395.5526;54.35524;-2318.044
14261;398.1833;53.78017;-2319.031
14295;401.0119;52.81141;-2320.041
14329;403.0907;52.47355;-2320.259
14363;404.0881;52.44724;-2320.894
14397;405.0258;52.60647;-2321.649
14434;408.029;52.93929;-2322.845
14479;408.8102;52.34632;-2322.983
14520;409.4654;52.17486;-2323.354
14574;409.4537;51.99665;-2323.343
14612;409.8062;52.10656;-2323.536
14654;417.8273;55.3288;-2327.014
14707;418.9428;55.36079;-2327.325
14723;422.0682;55.47592;-2328.664
14757;423.9679;55.38594;-2328.846
14791;427.865;55.31573;-2328.41
14824;428.6411;55.70491;-2328.501
14875;431.5606;56.18439;-2328.524
14891;438.1471;55.89848;-2330.408
14925;439.3923;55.73434;-2330.709
14959;439.01;55.07693;-2330.411
14993;439.2098;54.76794;-2330.421
15043;441.6558;54.75596;-2329.56
15062;441.6139;54.26863;-2329.023
15095;442.6225;53.15463;-2328.376
15129;442.7826;52.93185;-2327.904
15162;442.905;52.83918;-2327.217
15196;443.1728;52.54845;-2326.951
15230;443.0353;52.73581;-2327.111
15263;441.9579;53.72277;-2326.767
15297;439.3792;54.37641;-2325.557
15331;435.0544;53.22;-2324.0
15365;430.6505;53.13051;-2322.306
15399;425.5191;53.41428;-2320.662
15433;417.3466;53.46497;-2317.892
15483;412.5624;54.90042;-2316.056
15500;404.4579;56.42197;-2312.862
15534;400.8099;55.44049;-2312.438
15568;394.4171;55.24706;-2312.695
15602;392.9279;55.62344;-2312.611
15669;388.2887;56.69669;-2311.869
15704;386.8017;56.97938;-2311.234
15725;386.2107;57.17303;-2310.728
15774;386.1197;57.12946;-2310.671
15802;386.9816;57.21067;-2311.022
15835;387.5703;57.13357;-2310.359
15888;389.0828;56.5955;-2310.318
15904;393.6098;55.76674;-2311.692
15938;397.1003;55.65433;-2313.314
15955;399.5892;55.9058;-2314.396
15988;404.5872;57.31032;-2315.803
16039;405.3272;57.46923;-2316.2
16056;407.7753;57.65447;-2317.557
16089;409.7556;57.8232;-2318.527
16123;410.4784;58.13047;-2318.672
16157;411.0555;58.09415;-2318.678
16191;412.083;58.60374;-2318.656
16224;414.6857;58.68704;-2319.349
16275;415.4513;58.62206;-2319.161
16309;419.8208;58.16814;-2319.504
16326;424.707;59.38445;-2322.619
16377;425.284;59.31912;-2322.783
16562;426.4024;58.4388;-2323.095
16581;435.8075;58.49671;-2325.663
16617;436.3705;58.37567;-2325.934
16634;441.2009;57.96791;-2327.159
16653;443.7303;57.27766;-2327.546
16671;444.8493;57.19391;-2328.323
16721;445.3763;57.30401;-2328.228
16771;445.7851;57.12323;-2327.468
16788;445.7458;57.11177;-2327.398
16823;444.4336;56.93168;-2326.587
16857;440.8224;57.10732;-2323.57
16891;435.7126;55.99228;-2320.056
16924;432.1818;56.14911;-2318.748
16975;426.4622;56.25916;-2316.355
16992;422.4778;55.74901;-2315.685
17026;414.2721;56.83303;-2314.381
17056;406.6525;56.46086;-2313.087
17090;399.8751;57.22406;-2312.658
17140;388.6294;56.45432;-2309.079
17174;387.2038;56.83776;-2309.013
17208;383.303;55.39806;-2307.629
17224;381.2274;55.94661;-2307.812
17258;380.4032;56.06724;-2307.958
17292;378.9133;56.34148;-2307.551
17325;378.788;56.32829;-2307.454
17359;379.5696;56.81094;-2308.289
17409;380.9998;56.81863;-2308.081
17427;385.6314;56.99413;-2308.232
17477;387.5547;56.5566;-2308.058
17494;390.3789;56.64937;-2308.568
17528;394.7571;56.63056;-2310.098
17561;397.0453;57.34221;-2310.965
17595;399.9566;58.36991;-2313.501
17629;401.3133;58.07726;-2314.418
17662;401.6847;58.24017;-2314.391
17696;401.569;58.37305;-2314.55
17732;402.7992;58.49876;-2315.13
17759;406.5907;60.82591;-2315.296
17803;406.6655;60.84988;-2315.339
17821;407.1801;60.93244;-2316.161
17854;409.0748;61.18513;-2317.093
17887;409.105;61.48581;-2317.077
17938;413.2635;62.3362;-2319.207
17955;419.8143;61.15022;-2319.927
17988;422.7838;60.93698;-2321.417
18022;424.5725;60.29608;-2321.365
18073;426.0544;60.06949;-2321.932
18123;427.3134;58.82577;-2320.785
18157;427.7386;58.46935;-2320.203
18191;427.9904;58.46348;-2320.063
18243;430.3967;57.76175;-2319.116
18260;431.7803;57.91874;-2318.708
18294;432.764;57.5886;-2318.242
18328;432.9241;57.43766;-2318.192
18362;432.7641;57.02615;-2317.315
18412;430.7209;57.11303;-2315.43
18429;429.778;57.04227;-2314.801
18462;427.5357;57.844;-2313.973
18496;423.0776;57.93605;-2312.488
18530;417.5903;58.05561;-2310.148
18563;409.7267;58.48949;-2308.05
18597;403.6336;57.87568;-2306.218
18631;398.9214;58.16135;-2305.76
18671;395.4161;58.6869;-2306.137
18698;388.6191;58.33096;-2305.063
18732;383.0753;58.02327;-2303.957
18766;381.0391;57.74875;-2303.017
18784;379.6951;57.79579;-2302.884
18833;378.9691;57.58888;-2302.402
18868;378.8818;57.52454;-2302.4
18901;379.282;57.70814;-2302.676
18935;380.5586;57.48767;-2303.517
18968;382.9804;57.18767;-2304.887
18985;384.843;57.08559;-2305.945
19019;387.5378;56.43968;-2306.638
19069;393.029;56.99508;-2309.04
19086;395.1889;56.67342;-2310.552
19137;396.7876;56.73896;-2312.448
19170;399.1476;56.50274;-2313.639
19187;400.3997;56.7039;-2315.009
19221;400.8917;56.6705;-2315.325
19272;402.3128;56.97623;-2316.585
19305;404.5502;57.02483;-2317.046
19339;409.5507;58.2542;-2320.111
19373;412.8672;59.26993;-2320.648
19424;413.2867;59.27559;-2320.752
19440;415.9046;59.11475;-2320.996
19498;422.3668;60.00966;-2321.971
19514;423.2426;59.02774;-2323.044
19531;424.8884;58.27047;-2323.616
19565;426.4207;56.22591;-2323.917
19598;428.9051;55.17498;-2324.869
19632;430.4164;55.30935;-2325.771
19666;435.1907;55.99012;-2328.191
19699;437.7979;56.3185;-2328.802
19733;440.9328;56.37225;-2329.403
19750;440.8844;56.26879;-2329.36
19784;441.2655;56.31517;-2329.318
19834;441.235;56.34787;-2329.33
19868;441.9846;56.16555;-2329.612
19885;441.4972;56.01112;-2329.655
19918;440.6454;55.6666;-2329.588
19952;438.8811;55.5069;-2328.941
20003;434.0012;54.84314;-2327.446
20020;428.8505;53.91383;-2325.926
20053;425.2949;54.0547;-2325.177
20087;415.7514;53.10833;-2321.989
20121;412.389;52.95552;-2321.172
20154;407.928;52.66678;-2320.567
20188;401.99;53.38165;-2318.537
20227;397.6663;53.43418;-2317.864
20277;387.5136;55.7684;-2317.068
20294;384.851;56.05464;-2316.191
20327;383.2315;55.87352;-2315.792
20361;377.6283;54.67053;-2314.73
20395;376.1221;55.194;-2314.235
20428;376.1543;55.27428;-2314.289
20462;376.7072;55.71484;-2314.56
20496;381.5419;55.04614;-2316.64
20530;385.0179;54.73225;-2317.034
20563;386.0851;54.49035;-2317.574
20597;389.6245;54.79587;-2319.087
20631;394.0706;55.67839;-2321.947
20664;397.9926;56.1258;-2323.749
20698;401.2908;55.62611;-2325.456
20732;402.2199;55.76117;-2325.629
20765;403.6123;55.72072;-2326.53
20799;404.9498;55.48855;-2326.741
20833;405.2538;55.19522;-2326.762
20854;406.5887;54.98879;-2327.215
20883;410.0055;54.69293;-2327.334
20917;412.5919;54.74409;-2327.591
21002;413.6855;54.93518;-2327.397
21036;415.9227;55.07495;-2326.837
21103;421.8635;54.08299;-2328.305
21120;427.1823;55.47274;-2331.237
21153;433.1126;56.12108;-2333.685
21187;433.0975;55.59442;-2333.341
21221;433.2988;55.62361;-2333.308
21271;434.5721;54.16205;-2332.911
21288;435.8919;54.43067;-2332.729
21322;437.2095;54.74545;-2333.12
21356;438.0783;54.92028;-2333.173
21406;438.1703;55.00335;-2333.038
21423;438.1686;55.18751;-2332.729
21457;437.5313;55.19859;-2332.021
21507;437.235;55.13046;-2331.596
21541;434.6198;54.84851;-2328.772
21558;433.0924;54.19158;-2328.041
21591;427.1837;53.06554;-2324.387
21625;421.6918;52.56178;-2321.954
21659;419.1497;51.96825;-2321.516
21693;415.5703;52.02027;-2322.132
21743;412.0638;53.32725;-2322.428
21760;408.258;52.22516;-2320.925
21794;404.3229;52.72545;-2320.629
21827;401.4774;53.02526;-2321.04
21861;400.5526;53.18756;-2321.004
21895;399.8965;53.1425;-2321.043
21928;399.8758;53.14948;-2321.071
21962;399.7583;53.00737;-2321.329
21996;399.8021;52.93348;-2321.439
22030;402.381;53.26224;-2323.866
22063;403.4188;53.03046;-2325.265
22097;405.0236;52.6372;-2326.894
22131;406.0199;51.36469;-2329.011
22164;407.7223;50.99613;-2331.406
22203;410.4487;50.89943;-2334.599
22237;412.2493;51.46089;-2337.108
22304;414.9731;51.77335;-2340.419
22373;415.4533;51.32774;-2340.875
22558;415.9478;51.19227;-2340.689
22609;421.7157;51.01388;-2341.843
22625;425.4861;50.41925;-2342.844
22676;427.3046;50.48955;-2343.191
22693;428.5297;50.13071;-2343.463
22744;428.9693;49.92281;-2343.751
22760;429.6256;49.49957;-2343.938
22794;430.0858;49.12568;-2343.929
22828;430.4091;49.00507;-2343.816
22878;430.6047;48.86205;-2344.171
22895;431.5726;48.79107;-2344.761
22929;431.9142;48.75103;-2344.872
22963;432.277;48.72644;-2345.085
22996;432.8987;48.67959;-2345.114
23030;433.2214;48.65928;-2344.738
23081;433.4348;48.67511;-2344.573
23101;433.5406;48.65158;-2344.342
23135;433.5986;48.55828;-2343.966
23152;434.2161;48.54634;-2343.095
23220;433.6882;48.83292;-2342.148
23236;432.4844;48.75974;-2340.938
23253;430.3861;49.10531;-2339.333
23287;424.5431;48.85727;-2336.387
23337;420.4886;49.2989;-2335.65
23371;417.3252;49.11663;-2333.653
23388;416.2115;49.14365;-2332.655
23421;410.8277;48.86445;-2331.597
23472;407.941;49.65566;-2331.469
23489;402.8795;49.83073;-2330.943
23540;400.7436;49.59341;-2329.322
23557;399.1038;49.6756;-2328.146
23608;397.4084;49.63771;-2326.647
23624;397.2381;49.72683;-2326.383
23675;397.206;49.78194;-2325.403
23692;396.6245;48.53561;-2324.525
23742;396.0282;48.92716;-2324.061
23759;395.7299;49.11607;-2323.661
23794;395.4001;49.39357;-2322.573
23828;396.1894;50.29893;-2321.391
23864;396.5272;50.30302;-2320.727
23897;397.3256;50.78153;-2319.777
23929;397.1156;49.6165;-2316.659
23967;397.6824;49.20059;-2313.953
23983;398.0004;49.10558;-2313.46
24034;397.6315;49.12495;-2313.066
24102;398.0573;49.1418;-2312.383
24118;398.4038;49.39184;-2312.245
24169;398.2277;49.11749;-2311.707
24202;398.7038;49.1506;-2310.232
24249;398.7124;49.19251;-2310.217
24266;398.7585;49.48182;-2309.837
24316;398.7184;49.69293;-2308.678
24367;398.6841;49.58139;-2308.183
24384;397.9583;49.44334;-2307.355
24417;397.9397;49.51204;-2306.965
24468;397.8114;49.9329;-2306.691
24485;397.628;49.96883;-2306.394
24522;397.5433;50.02102;-2306.41
24552;397.2795;50.36124;-2306.278
24620;396.7367;50.98185;-2306.074
24636;396.4533;51.61512;-2305.766
24654;394.2818;51.60545;-2304.336
24694;393.7921;51.9319;-2304.26
24728;392.8505;52.71137;-2304.38
24761;391.1761;52.9679;-2304.596
24796;388.5552;52.87255;-2304.373
24846;384.9242;52.90976;-2304.618
24863;383.3855;52.96388;-2305.022
24896;382.2445;52.58091;-2305.255
24930;377.581;50.87768;-2304.593
24964;375.8299;49.95622;-2304.739
24998;375.6045;49.6215;-2304.91
25031;375.5038;49.31084;-2305.069
25065;375.4864;47.35108;-2305.082
25098;377.3735;46.56031;-2306.823
25132;379.1232;44.98998;-2307.129
25166;383.6245;44.52543;-2309.868
25200;389.5683;43.72469;-2313.135
25234;393.139;42.6292;-2314.093
25250;399.5583;41.06731;-2315.929
25301;402.2732;40.39723;-2316.716
25335;406.1467;39.70025;-2317.769
25351;410.5447;38.96003;-2319.641
25385;412.866;40.35323;-2322.632
25435;414.0531;39.94677;-2323.781
25453;415.0808;39.52131;-2325.092
25486;416.4149;39.45897;-2326.729
25520;417.1744;38.80217;-2328.455
25554;418.5307;37.76168;-2331.289
25587;419.8159;37.39254;-2334.779
25621;420.5276;36.41795;-2337.196
25655;420.8558;35.47068;-2342.109
25688;420.2875;35.20044;-2350.802
25739;420.8619;34.07235;-2353.21
25789;420.3179;33.57402;-2356.59
25806;420.1847;34.22811;-2358.402
25840;420.1567;34.18581;-2358.506
25873;420.1753;34.18308;-2359.093
25907;420.1198;34.14817;-2359.156
25927;419.9598;34.19012;-2359.058
25968;419.195;34.88006;-2359.13
25984;418.8255;35.72091;-2359.17
26035;417.377;37.39333;-2359.046
26052;414.9806;38.0259;-2360.0
26085;412.3872;38.27611;-2360.35
26119;410.1504;39.3815;-2360.234
26153;409.4495;39.94724;-2360.727
26186;407.9184;39.75872;-2361.349
26237;407.1477;39.77906;-2362.001
26254;406.1033;39.37074;-2363.04
26287;403.2653;38.96992;-2364.075
26338;400.495;38.02978;-2366.332
26355;398.31;38.40585;-2368.17
26405;396.5228;38.87666;-2370.247
26439;393.3254;38.90295;-2372.672
26456;390.8944;38.03912;-2373.146
26490;388.7859;37.849;-2372.943
26523;387.4498;37.74562;-2373.141
26557;385.6631;38.10606;-2373.484
26591;384.8749;38.21898;-2373.321
26624;385.0697;38.46392;-2372.761
26658;385.5107;38.47359;-2372.036
26692;386.1916;38.32863;-2371.021
26726;387.2659;38.0582;-2369.865
26759;392.8885;36.5982;-2364.689
26793;396.2238;36.92198;-2361.236
26827;402.3297;38.31103;-2354.945
26860;403.8266;38.28685;-2354.254
26894;405.6424;38.26771;-2351.971
26945;407.0235;38.39791;-2350.938
26967;407.5234;38.62301;-2350.341
26983;407.8916;38.67252;-2349.893
27017;408.0553;38.78569;-2349.916
27051;408.3662;39.10017;-2349.432
27101;408.2741;39.14351;-2349.379
27118;408.0861;38.99799;-2349.413
27169;406.2635;38.94125;-2351.067
27186;402.7791;38.55135;-2353.413
27219;400.3797;38.35064;-2355.0
27270;400.2353;38.15015;-2355.19
27287;399.0765;38.38213;-2356.404
27320;398.7275;38.58372;-2356.943
27371;397.4039;39.31948;-2357.211
27388;396.3922;40.06509;-2357.968
27422;395.1043;41.84923;-2358.073
27474;394.628;42.51788;-2357.613
27489;392.9333;42.98214;-2356.719
27536;392.334;43.69428;-2356.418
27564;390.7614;44.87431;-2356.806
27615;390.3288;45.22604;-2356.385
27628;389.5135;45.04691;-2355.806
27661;388.9496;45.5634;-2356.024
27695;386.2606;47.01408;-2356.556
27729;383.7567;47.23108;-2357.678
27762;383.5369;47.40087;-2357.709
27813;381.8578;47.16877;-2358.017
27848;380.1403;47.39268;-2358.245
27865;377.6148;47.29627;-2358.304
27898;375.7855;46.6158;-2358.867
27932;372.9772;45.22508;-2360.719
27966;366.8114;46.18097;-2363.517
27999;363.8561;45.819;-2363.071
28016;361.94;46.09774;-2363.221
28067;360.4875;46.10523;-2363.175
28101;358.9226;47.08122;-2363.51
28136;358.3548;47.22282;-2363.258
28171;356.9453;47.27434;-2362.693
28192;356.2415;47.24037;-2363.258
28226;356.0399;47.17525;-2362.829
28260;355.3889;47.03631;-2362.014
28293;355.6546;47.25099;-2361.019
28327;358.4487;48.33335;-2358.594
28361;362.0231;48.59348;-2356.191
28395;366.9481;46.9158;-2352.216
28428;371.6473;47.27529;-2348.093
28462;374.732;47.50164;-2346.661
28495;378.0783;47.82093;-2346.45
28529;379.0302;48.08419;-2346.341
28563;380.7367;47.93469;-2346.182
28597;383.6442;48.60272;-2344.372
28630;384.1602;48.18559;-2344.78
28664;384.783;47.86531;-2344.87
28697;384.966;47.62712;-2344.98
28717;384.6802;47.63298;-2345.312
28765;384.1047;47.66761;-2346.221
28799;380.802;47.57389;-2350.377
28832;378.3856;48.11671;-2352.843
28866;374.8845;47.67277;-2355.479
28900;374.0799;47.3318;-2357.244
28934;373.6845;46.91808;-2357.716
28968;373.9945;48.0287;-2359.653
29018;374.0279;48.76461;-2361.043
29051;374.558;49.63401;-2360.865
29102;375.7323;50.3062;-2359.262
29136;377.0985;51.53543;-2357.89
29169;378.8666;51.79842;-2356.674
29203;379.7269;51.98007;-2356.147
29220;380.1873;52.30549;-2355.59
29254;381.3624;52.64812;-2355.301
29287;381.4131;52.70259;-2355.316
29321;382.9909;52.47372;-2354.154
29355;382.7425;52.25985;-2354.457
29388;382.4594;52.3301;-2354.756
29439;382.2;52.11853;-2354.662
29456;381.1754;52.21198;-2354.698
29489;379.6439;51.26275;-2354.084
29523;374.3788;51.7606;-2354.302
29557;369.8692;52.06372;-2354.749
29608;367.8753;52.24706;-2355.277
29624;367.1384;52.24416;-2355.239
29658;364.616;52.67707;-2355.373
29692;359.5413;52.19939;-2355.563
29725;358.7167;52.20356;-2355.428
29776;357.4177;52.23939;-2354.805
29793;354.7501;51.90079;-2353.674
29826;354.247;51.76915;-2352.559
29860;353.6421;51.92667;-2350.575
29894;353.6113;52.35305;-2349.547
29928;353.7253;52.84121;-2348.707
29961;355.5533;53.03544;-2347.923
29995;355.7367;53.54972;-2344.408
30030;357.3759;54.02603;-2341.217
30062;358.7785;54.0113;-2339.985
30096;360.5988;54.42728;-2339.177
30130;361.1095;54.56575;-2338.386
30163;361.4225;54.6185;-2336.991
30197;361.5892;54.73872;-2336.502
30231;361.7772;54.88556;-2336.331
30264;362.8073;54.59665;-2335.338
30298;362.9077;54.72104;-2334.924
30349;363.4713;54.44959;-2334.18
30366;362.7199;54.59896;-2334.607
30400;361.5554;54.47715;-2334.607
30433;359.9019;54.77375;-2335.644
30467;359.0796;54.94104;-2335.816
30500;357.2989;54.59326;-2337.319
30534;356.1184;54.6303;-2338.805
30568;356.0135;54.75657;-2339.493
30602;356.1063;54.70881;-2339.509
30636;358.6564;54.4673;-2338.771
30669;359.5609;54.43485;-2338.688
30686;360.6107;54.89082;-2338.175
30719;361.2844;56.11835;-2338.075
30788;361.4113;56.91357;-2337.573
30822;361.6463;57.13348;-2337.619
30856;362.0248;57.14442;-2337.176
30889;362.2892;57.12815;-2337.58
30923;362.236;56.97843;-2337.674
30957;362.273;56.83216;-2337.977
30990;362.2339;56.46506;-2338.562
31025;361.8931;55.45345;-2339.717
31058;359.2963;54.69759;-2344.047
31091;357.4847;54.0556;-2345.36
31127;356.778;54.09217;-2345.728
31160;356.1176;54.374;-2346.055
31194;355.2957;53.84412;-2346.638
31228;354.7004;53.72336;-2347.336
31261;354.2478;53.57169;-2347.397
31295;353.4511;53.51111;-2347.477
31329;352.4214;52.97396;-2347.141
31363;351.5392;52.45654;-2346.834
31396;350.8582;52.56896;-2346.591
31430;350.7789;52.72301;-2346.432
31463;352.1277;52.97481;-2346.172
31497;353.4149;53.43499;-2345.307
31531;363.4245;53.77366;-2336.863
31565;363.3783;53.76349;-2337.015
31615;363.35;53.79039;-2337.022
31632;367.3289;54.93746;-2336.021
31666;370.5513;55.69512;-2335.092
31699;375.222;55.506;-2333.66
31733;378.1608;55.14335;-2331.367
31767;378.6508;55.16846;-2331.454
31801;379.371;55.25174;-2331.688
31834;379.6941;54.96577;-2331.819
31868;379.0088;54.97367;-2332.452
31885;376.6817;54.84999;-2334.757
31918;374.2684;54.57131;-2335.324
31952;374.2494;54.42339;-2335.26
32003;373.962;54.1414;-2335.764
32036;371.6542;54.17555;-2337.697
32054;370.1055;54.38475;-2338.848
32087;369.6953;54.53687;-2340.134
32121;369.4091;54.44089;-2340.418
32154;368.4404;54.73366;-2342.054
32188;369.3155;55.09158;-2342.891
32238;370.4569;55.35266;-2344.265
32256;371.2478;55.69464;-2345.021
32306;376.1637;55.19368;-2339.954
32340;377.4998;55.23881;-2339.122
32356;378.3637;54.68137;-2339.044
32390;379.2811;54.78977;-2338.399
32424;380.6435;55.05892;-2337.523
32457;380.694;55.0081;-2337.476
32491;380.7079;55.00806;-2337.471
32525;380.68;55.02959;-2337.598
32575;380.1126;54.68754;-2337.971
32610;380.1543;54.53557;-2338.415
32643;381.5471;53.25566;-2338.867
32660;380.094;52.62724;-2342.235
32694;378.0143;52.18164;-2345.808
32727;376.6682;51.85535;-2346.573
32761;373.9142;52.23807;-2347.5
32795;371.1935;53.01552;-2348.509
32828;368.956;52.4883;-2348.811
32863;368.435;52.09145;-2348.333
32896;364.9638;51.95337;-2348.854
32930;363.4785;51.63662;-2347.753
32981;363.2919;51.5894;-2347.231
32997;362.9267;51.75119;-2346.189
33031;362.3535;51.69908;-2345.774
33065;362.2729;52.27304;-2344.881
33100;364.3998;51.82286;-2342.7
33132;365.1588;52.04918;-2342.221
33166;365.3029;52.17094;-2342.248
33187;367.0125;53.10009;-2341.055
33234;368.4265;54.07195;-2340.324
33268;371.511;54.34512;-2338.187
33312;371.9063;54.83383;-2337.615
33329;372.1979;55.21203;-2337.165
33363;372.1454;55.23123;-2337.184
33397;371.9277;55.16946;-2337.252
33448;371.4474;55.02905;-2337.333
33464;371.7116;54.38765;-2337.15
33497;371.6583;54.24405;-2337.123
33531;370.9234;53.95468;-2337.543
33565;370.0511;53.42567;-2337.607
33598;368.6837;52.70958;-2338.416
33632;365.4485;52.65896;-2341.175
33666;365.4845;52.57517;-2341.147
33700;365.4753;52.45961;-2341.5
33734;365.7036;52.42706;-2341.742
33767;365.9386;52.55294;-2343.055
33801;366.0515;54.22511;-2344.551
33835;365.7822;54.67344;-2345.429
33868;365.9619;55.15853;-2345.863
33885;366.7915;55.74009;-2345.521
33936;367.9278;57.3;-2344.771
33953;369.2924;57.24436;-2343.404
34003;369.7068;57.54744;-2342.766
34020;369.6339;57.75657;-2342.292
34070;368.9407;58.98273;-2343.224
34104;368.2542;59.31801;-2344.868
34155;368.2473;59.32952;-2344.919
34176;368.6285;58.92711;-2345.791
34194;368.8594;58.60511;-2346.083
34232;368.8427;58.24161;-2346.166
34266;367.5678;57.36441;-2346.849
34300;364.1581;55.25948;-2348.368
34333;362.8604;54.50386;-2349.672
34367;361.2478;54.02918;-2350.814
34401;360.1352;53.50696;-2350.671
34441;359.7855;53.45009;-2350.602
34455;358.4399;52.9183;-2349.356
34505;357.2585;52.85172;-2348.774
34523;357.121;52.64375;-2348.5
34556;356.2815;52.74059;-2348.092
34590;355.3767;52.86465;-2347.505
34623;355.3748;52.91556;-2347.397
34657;357.4508;53.60253;-2344.987
34691;358.5866;53.8049;-2343.803
34724;358.7432;55.0829;-2343.593
34758;363.9916;56.7358;-2340.549
34792;367.041;56.86326;-2337.221
34825;369.8214;56.95243;-2335.873
34859;382.8384;57.0005;-2324.585
34910;382.9119;57.05909;-2324.896
34926;383.2048;56.76526;-2325.145
34977;380.7463;56.4598;-2327.348
35011;377.2085;56.97919;-2331.736
35031;375.1602;56.96174;-2332.679
35081;374.3026;56.79782;-2333.339
35162;372.7029;56.6974;-2334.031
35213;371.2063;56.53954;-2335.192
35297;370.5564;56.51644;-2337.052
35331;370.3924;56.47435;-2337.452
35364;374.3062;55.95431;-2336.453
35398;378.3135;56.88781;-2334.934
35415;378.2855;56.94351;-2335.194
35466;378.5378;56.76694;-2335.428
35499;379.5566;56.68034;-2333.958
35533;380.7413;56.39402;-2333.675
35567;380.5306;56.84381;-2334.026
35584;380.5859;56.90224;-2334.009
35634;380.5352;56.93;-2334.055
35668;380.5359;57.31375;-2334.647
35702;380.459;57.62817;-2335.163
35735;379.7951;58.39828;-2337.97
35769;380.1353;58.51898;-2338.375
35803;379.7712;58.01125;-2338.766
35837;379.5837;57.96757;-2339.042
35870;376.8954;57.93453;-2340.489
35920;374.7174;57.38947;-2341.299
35937;371.6951;57.1022;-2342.959
35954;368.8578;57.22078;-2342.556
35988;367.6367;56.88697;-2341.398
36022;363.5721;55.85432;-2341.63
36055;361.6324;55.72337;-2341.625
36089;360.0971;55.40722;-2340.085
36123;359.1294;55.42826;-2339.65
36173;358.5876;55.44903;-2339.655
36190;358.8418;55.7008;-2338.524
36224;359.8781;56.54713;-2336.805
36252;360.643;57.17246;-2335.613
36286;363.1843;58.24176;-2331.989
36336;364.8132;58.1608;-2330.432
36370;367.2991;58.52776;-2328.721
36387;371.9557;58.48122;-2325.473
36427;374.9512;59.34099;-2323.114
36460;376.7446;58.49973;-2320.989
36494;376.8066;58.40878;-2320.87
36528;376.3178;59.19399;-2320.639
36561;375.0263;58.98137;-2320.941
36595;375.0555;58.99364;-2320.832
36629;374.7293;58.52103;-2320.626
36663;371.7185;58.07816;-2320.61
36696;372.1869;57.88277;-2320.348
36747;371.6674;57.73676;-2320.47
36763;369.1108;56.97864;-2321.938
36797;368.4815;56.97918;-2322.29
36831;368.4249;57.05679;-2322.631
36865;368.593;57.12004;-2322.461
36898;368.3079;57.97367;-2322.88
36932;368.7437;58.20667;-2323.244
36966;369.1132;58.85097;-2324.279
36999;370.2309;60.46662;-2323.847
37033;371.0106;60.69449;-2323.29
37067;371.915;61.04656;-2323.459
37100;375.0138;61.64877;-2322.79
37134;374.7616;62.46066;-2323.086
37168;373.302;64.21638;-2324.633
37185;371.9733;65.25806;-2324.596
37235;370.0375;66.13796;-2326.998
37252;370.0392;66.13675;-2326.988
37286;370.0142;65.93063;-2327.714
37320;369.456;65.48866;-2329.133
37370;368.9441;64.46317;-2329.958
37404;367.7656;63.77275;-2331.146
37421;367.6662;63.03406;-2331.338
37471;365.8743;61.6173;-2333.2
37488;362.3989;59.79815;-2336.12
37522;358.6004;58.46428;-2338.139
37555;357.8588;58.15816;-2337.833
37589;357.1985;57.80728;-2337.673
37640;355.8794;57.36517;-2337.388
37656;355.2701;56.62219;-2336.889
37690;355.1169;56.39911;-2336.336
37724;354.3033;56.29965;-2335.652
37758;355.3491;56.62296;-2335.373
37808;362.3445;55.86769;-2333.601
37825;362.5923;56.37537;-2332.703
37858;363.9561;57.38617;-2331.676
37892;368.6765;58.38939;-2328.45
37943;371.0428;57.92999;-2325.445
37960;372.3178;58.59935;-2324.312
38010;375.0266;59.02681;-2322.888
38027;376.3978;59.40954;-2321.781
38078;376.5126;59.68021;-2321.729
38094;375.3739;59.63709;-2322.045
38128;376.3892;57.85835;-2320.473
38162;373.9063;58.15357;-2321.6
38196;371.4289;58.21155;-2323.028
38229;369.2654;57.8245;-2325.014
38263;369.1001;57.72799;-2324.631
38313;366.5407;57.33454;-2326.671
38330;365.5861;57.14683;-2327.577
38364;366.1926;56.55701;-2325.944
38398;366.0586;56.61765;-2326.01
38431;366.2074;57.26756;-2328.01
38465;367.1248;57.55581;-2327.868
38499;367.0965;58.0042;-2328.004
38516;368.9843;59.22834;-2326.614
38566;369.7508;60.31509;-2326.318
38600;370.3634;61.97719;-2325.632
38617;370.5208;64.63697;-2326.33
38651;370.4022;65.46335;-2325.355
38684;369.5704;67.83765;-2325.601
38718;368.8653;68.51418;-2326.443
38752;368.0469;68.7319;-2326.894
38785;366.7883;69.52211;-2328.58
38819;365.5851;68.70194;-2329.963
38853;364.912;67.18245;-2331.044
38903;363.4269;65.92764;-2333.103
38937;362.6072;64.52245;-2333.792
38971;361.6787;63.94063;-2334.091
38997;359.974;62.05689;-2334.313
39048;357.8624;60.41785;-2335.198
39064;357.7139;60.14978;-2336.149
39098;357.7776;59.63599;-2335.729
39132;356.6959;58.87048;-2336.263
39184;356.0658;58.28117;-2336.268
39199;355.709;58.11682;-2336.461
39233;355.2723;57.79926;-2336.79
39267;355.1832;57.62142;-2336.844
39300;354.6028;57.24205;-2336.467
39334;355.2823;57.14638;-2336.091
39368;358.2929;57.08014;-2334.286
39401;360.1875;57.64436;-2333.136
39435;364.5054;57.96915;-2331.963
39469;367.9037;58.41176;-2330.687
39503;372.959;59.56906;-2328.923
39519;374.5726;59.44375;-2328.187
39570;377.8958;58.52481;-2326.696
39604;380.0543;57.60122;-2325.043
39620;380.0554;57.62101;-2325.039
39654;382.0197;57.51829;-2324.165
39705;382.4867;57.40381;-2323.519
39721;381.035;56.56441;-2323.17
39772;374.8096;57.15716;-2328.061
39789;372.5237;57.29437;-2329.465
39823;371.0871;57.32539;-2330.455
39856;369.1259;57.05514;-2331.844
39890;368.9831;55.95615;-2331.779
39924;368.9616;55.8822;-2332.053
39957;368.037;56.18317;-2334.089
39991;367.3023;56.62035;-2335.975
40025;367.5114;56.9156;-2336.89
40058;367.3065;57.16173;-2337.185
40093;367.8754;57.8175;-2337.624
40126;368.3266;58.30157;-2337.549
40160;368.3089;58.65714;-2337.466
40193;367.631;59.3452;-2337.825
40227;367.5686;59.56252;-2337.535
40261;367.5524;59.60061;-2337.445
40295;366.1267;59.61179;-2337.367
40328;363.446;60.47211;-2339.847
40362;362.0345;60.54728;-2341.327
40396;361.9276;60.21662;-2341.247
40429;361.4748;59.47841;-2341.359
40463;361.679;58.20807;-2340.849
40496;361.974;57.78579;-2340.885
40530;362.25;57.21585;-2341.347
40564;361.0369;56.18408;-2341.927
40597;359.9466;55.85461;-2342.333
40631;359.3186;55.3976;-2343.187
40665;359.1981;53.62772;-2343.603
40699;358.4649;53.15155;-2344.765
40732;357.262;52.84993;-2345.421
40749;356.2094;52.09655;-2346.282
40800;354.114;51.48595;-2348.061
40833;353.5774;51.15081;-2348.709
40850;352.8988;50.49385;-2350.402
40901;352.7024;50.25473;-2350.627
40918;352.5452;49.91438;-2350.924
40952;352.5634;49.70834;-2351.029
40985;352.4748;48.61652;-2350.021
41019;352.3195;48.41099;-2349.827
41052;353.782;47.65311;-2347.775
41087;355.7253;47.39014;-2345.684
41137;358.0691;47.57233;-2344.455
41154;365.4294;46.10312;-2337.771
41187;365.4617;46.18423;-2338.006
41223;368.551;46.66974;-2335.73
41255;368.5779;46.81022;-2335.78
41288;368.9591;47.00184;-2335.515
41322;369.7238;46.88641;-2334.809
41356;370.8289;47.02393;-2333.338
41406;370.8322;46.76361;-2333.23
41423;370.3253;46.79156;-2332.977
41457;369.6137;46.72929;-2333.303
41492;369.8645;45.9129;-2330.651
41541;367.0403;46.30291;-2331.229
41558;365.5987;46.75037;-2331.48
41592;365.0138;46.82959;-2331.276
41625;364.4818;47.1493;-2331.512
41659;364.3111;47.29952;-2331.483
41693;362.6055;47.9228;-2331.326
41726;361.9597;47.98672;-2330.548
41760;361.9996;48.01065;-2330.545
41794;362.1977;48.27098;-2329.553
41827;362.1979;48.26989;-2329.547
41861;362.1518;48.28674;-2329.538
41895;361.9699;48.19909;-2329.442
41929;361.8906;48.28094;-2329.259
41962;362.0732;48.55395;-2329.334
41996;361.5971;48.49473;-2328.895
42030;361.2672;48.11026;-2328.858
42063;361.1975;48.10091;-2328.664
42097;360.9553;48.17334;-2327.899
42131;360.8933;48.16486;-2327.844
42164;360.6579;48.05906;-2327.167
42198;360.0777;48.19032;-2326.395
42232;360.0525;48.36949;-2325.995
42266;359.9001;48.30005;-2324.72
42299;359.9175;48.53064;-2324.124
42333;359.6437;48.80222;-2322.789
42367;360.0677;48.632;-2321.554
42384;359.7773;48.93549;-2321.213
42434;359.6275;49.05561;-2319.422
42451;359.4714;49.17032;-2319.154
42485;359.396;49.20521;-2319.079
42535;359.2653;49.31083;-2318.68
42552;359.0719;49.48302;-2318.383
42586;359.0437;49.73345;-2318.069
42619;359.5453;49.38163;-2315.447
42653;359.4942;49.29059;-2315.171
42687;359.1568;49.5028;-2313.725
42738;359.0876;49.67813;-2313.536
42754;358.9017;50.0565;-2313.029
42788;358.3423;50.39342;-2312.902
42838;357.9019;50.61264;-2312.5
42855;358.0909;50.48202;-2312.042
42889;357.7982;50.63653;-2311.61
42939;357.6205;50.87445;-2311.726
42956;357.5628;50.92377;-2311.481
42990;357.2707;50.9179;-2311.395
43041;357.2908;50.84903;-2311.045
43057;357.0895;51.10662;-2310.832
43091;357.0819;51.4576;-2310.394
43125;356.892;51.57948;-2310.35
43175;356.7652;51.87323;-2310.164
43192;356.675;52.00941;-2309.273
43226;356.6815;52.01307;-2309.083
43260;356.2476;51.94849;-2307.485
43293;356.1301;51.87756;-2307.472
43327;356.0525;51.79141;-2306.897
43361;355.6175;51.89248;-2306.625
43394;355.5856;51.96111;-2306.437
43428;355.8548;51.77633;-2306.005
43462;355.8906;51.83848;-2306.081
43495;356.8171;51.95821;-2305.796
43529;356.7414;51.92399;-2305.641
43563;356.7117;51.91832;-2305.488
43597;357.1481;52.06684;-2305.362
43630;357.1534;52.09815;-2305.355
43664;356.8575;52.30411;-2304.979
43698;357.3311;52.88264;-2305.039
43731;357.6598;53.02463;-2305.132
43765;357.3846;52.9874;-2305.164
43799;356.9396;53.12172;-2305.168
43832;356.1531;53.35116;-2304.811
43866;356.0041;53.42481;-2304.638
43900;355.2461;53.07499;-2303.925
43934;354.5532;52.98672;-2303.739
43967;354.2317;52.99054;-2303.48
44001;353.7689;53.09543;-2303.463
44035;353.1533;52.85382;-2303.141
44068;351.9571;52.24197;-2303.149
44102;350.0211;51.79122;-2302.888
44119;349.622;51.66843;-2302.309
44169;349.381;51.60871;-2301.763
44462;344.7063;52.7072;-2295.795
44494;343.6013;53.66063;-2295.045
44528;342.9486;53.66582;-2293.265
44561;342.5133;53.85653;-2292.179
44595;341.63;54.43031;-2291.004
44629;341.183;54.4462;-2290.269
44663;340.4799;54.63718;-2289.087
44696;340.1545;54.31801;-2286.828
44730;338.9422;54.24907;-2284.526
44763;337.9153;54.2785;-2283.829
44797;336.1041;54.36715;-2281.781
44828;334.3029;53.5169;-2280.337
44859;333.1177;53.37201;-2278.611
44891;331.7373;53.29533;-2277.465
44925;329.9228;53.89319;-2276.438
44958;328.4617;53.93508;-2275.602
44992;327.0193;54.70223;-2273.492
45026;324.2142;53.99572;-2270.645
45059;323.5651;52.20273;-2267.82
45093;366.7294;26.32977;-2260.664
47495;-132.9811;118.0622;-1911.854
47528;-145.2256;120.8434;-1888.961
47562;-155.8163;125.7589;-1872.283
47596;-169.3743;135.0012;-1847.694
47630;-181.9606;142.6221;-1829.119
47681;-194.5267;155.0379;-1807.947
47717;-213.1915;163.3904;-1784.456
47757;-223.6859;172.0669;-1770.169
47811;-237.1517;179.9713;-1751.708
47844;-249.1335;188.127;-1732.776
47901;-262.6951;193.7749;-1712.78
47918;-277.0234;202.4072;-1695.931
47952;-290.1858;209.4555;-1679.666
47969;-300.425;216.2154;-1662.73
47988;-310.6042;220.9831;-1645.56
48022;-322.86;224.2709;-1629.0
48056;-336.2222;228.5176;-1613.185
48072;-351.4212;230.3671;-1594.467
48108;-358.856;232.2808;-1579.414
48158;-370.39;233.0438;-1562.026
48192;-379.1438;236.7075;-1549.908
48209;-390.3007;238.7047;-1532.722
48243;-398.5902;243.1048;-1518.496
48277;-415.2628;248.2984;-1499.136
48297;-421.8437;253.8509;-1487.222
48331;-428.9767;259.6196;-1472.735
48365;-437.2548;266.8507;-1456.139
48398;-442.8675;271.7647;-1439.253
48432;-449.5385;275.1203;-1419.74
48466;-455.0432;278.1835;-1405.086
48522;-460.2809;281.8773;-1382.059
48556;-467.7025;284.8595;-1344.37
48606;-469.9238;288.9435;-1325.424
48640;-469.4976;290.2238;-1303.769
48674;-468.6988;295.9367;-1285.127
48708;-466.8406;305.0642;-1262.712
48741;-463.1554;314.8324;-1244.433
48775;-463.2074;324.0597;-1221.203
48809;-461.2273;330.1276;-1201.371
48842;-460.3421;333.8768;-1182.786
48877;-459.9453;337.8515;-1163.098
48910;-459.5678;342.0854;-1144.787
48943;-461.1006;346.2979;-1127.009
48977;-461.7859;349.1663;-1108.786
49011;-459.5915;350.6327;-1095.297
49045;-457.1352;350.2941;-1080.374
49078;-452.2076;347.7767;-1064.606
49112;-447.4547;343.1008;-1046.907
49163;-442.7233;339.6771;-1034.734
49179;-437.6586;336.2776;-1023.649
49230;-432.5997;333.5173;-1009.013
49264;-427.5889;327.5235;-987.2097
49281;-425.2686;325.453;-981.9863
49297;-421.7561;314.6187;-961.5983
49348;-418.6436;307.3222;-946.9648
49365;-415.953;313.7773;-939.4026
49398;-388.6087;239.4042;-879.9301
49432;-414.3872;54.56613;-841.0842
49466;-366.3014;-2.957053;-918.2156
49500;-367.6599;-3.118686;-917.5539
49533;-372.0932;-3.659427;-915.7499
49561;-76.09771;31.70934;-262.4216
49608;-83.51718;14.27182;-260.4867
49641;-84.46604;7.880197;-259.5844
49659;-84.754;8.354142;-259.4186
49709;-86.42293;4.936714;-258.9369
49729;-86.48075;7.839655;-259.0191
49760;-87.53942;7.73217;-258.7397
49794;-88.4023;4.708909;-258.395
49850;-88.5425;4.457589;-258.327
49930;-87.87872;9.025414;-258.4947
49947;-89.56523;3.071012;-257.8073
49997;183.0582;321.9743;-2134.14
50031;213.0829;327.6669;-2127.453
50065;230.109;331.9228;-2121.97
50098;256.6898;340.1464;-2116.267
50132;282.5729;344.3289;-2108.867
50166;302.4764;347.0353;-2101.935
50199;320.095;348.6523;-2095.9
50233;345.1929;351.739;-2089.966
50267;360.8592;352.7758;-2085.363
50301;373.6715;354.2584;-2083.966
50335;387.9623;353.6241;-2081.448
50370;403.3254;356.8587;-2080.549
50403;409.6718;356.8979;-2082.32
50420;417.5332;355.2467;-2080.851
50454;421.2214;355.6776;-2081.023
50521;426.1732;356.0107;-2081.266
50538;430.9383;356.0542;-2082.987
50555;432.1102;356.2178;-2084.099
50614;433.8884;356.1608;-2085.311
50641;434.3117;356.0872;-2086.598
50675;434.2813;356.1123;-2086.715
50692;433.9927;356.5431;-2087.471
50743;433.0927;357.047;-2088.785
50776;432.1774;357.4376;-2089.624
50810;431.6229;358.5861;-2091.655
50827;430.6183;359.0442;-2093.14
50877;429.7355;359.6337;-2095.417
50894;429.7404;359.5072;-2100.15
50945;430.3825;358.4242;-2104.352
50962;431.1976;359.2428;-2108.854
50997;431.9276;358.7505;-2111.731
51030;431.5194;358.2125;-2115.289
51064;431.69;358.1212;-2118.333
51098;431.7278;357.8058;-2119.671
51131;430.918;356.2156;-2121.57
51165;428.3043;354.9351;-2124.43
51199;424.8262;354.829;-2125.541
51232;420.9657;353.288;-2127.344
51266;417.0315;352.4786;-2128.411
51300;414.3823;352.2327;-2130.073
51351;410.4487;351.5366;-2132.786
51367;407.6227;350.8381;-2133.68
51401;404.9554;350.481;-2135.551
51435;400.3684;348.4357;-2137.286
51468;399.6478;348.8276;-2138.724
51502;397.2243;349.4419;-2139.345
51553;394.5001;348.5271;-2139.802
51570;394.0559;343.7798;-2139.411
51620;393.2437;344.5863;-2139.251
51637;392.8934;345.5523;-2139.094
51704;392.0416;345.9153;-2139.225
51721;392.1346;346.168;-2138.975
51738;391.7221;347.266;-2139.26
51772;391.8414;347.7686;-2139.209
51805;392.4356;348.2896;-2139.015
51822;393.6929;349.1022;-2138.676
51856;396.0228;348.8214;-2139.363
51890;398.1063;347.1866;-2139.879
51924;400.9294;346.1195;-2141.73
51957;403.1458;345.9825;-2144.122
51991;406.8275;346.7947;-2144.657
52024;410.3528;348.3499;-2145.714
52058;412.1523;349.3628;-2147.115
52092;415.2118;350.2598;-2149.658
52143;417.7847;350.705;-2150.484
52176;420.4572;349.2383;-2150.442
52193;425.5328;348.8441;-2150.486
52227;429.7833;348.7312;-2150.884
52260;434.4471;348.5803;-2151.752
52294;439.1844;348.9741;-2153.016
52328;450.1402;348.4304;-2153.503
52361;454.9843;348.0733;-2153.436
52412;458.5611;348.945;-2154.285
52429;461.1118;348.4834;-2154.128
52462;465.3473;346.9448;-2153.91
52496;467.0452;346.9653;-2154.971
52530;470.5902;347.2006;-2155.515
52564;471.8947;347.0546;-2154.844
52597;472.3975;345.9341;-2154.772
52632;473.1896;343.3455;-2153.387
52674;472.3542;341.6364;-2153.301
52698;472.5762;341.6004;-2153.381
52721;473.0878;340.9553;-2153.072
52772;473.3081;340.0569;-2152.681
52789;473.3304;339.9722;-2152.619
52840;481.1957;340.6673;-2149.378
52884;481.062;340.973;-2149.101
52904;480.9952;341.1667;-2148.876
52948;485.4463;342.5203;-2146.71
52978;489.8337;341.4894;-2144.816
52995;494.6809;338.7329;-2143.325
53028;496.8683;340.081;-2142.994
53062;495.1818;338.7634;-2143.059
53096;496.4357;340.9392;-2142.686
53130;504.5378;311.9474;-2132.764
53163;494.9696;342.2527;-2142.617
53197;491.6541;341.9352;-2144.754
53231;490.8665;335.0658;-2146.27
53281;489.1357;340.4641;-2147.595
53298;486.2037;339.3574;-2149.063
53366;480.3155;339.0382;-2149.965
53433;472.8184;339.9314;-2152.653
53484;463.5791;345.442;-2153.67
53534;451.4447;349.864;-2154.921
53568;427.6104;349.5685;-2154.601
53601;420.3219;348.3363;-2154.344
53635;406.7821;346.357;-2155.908
53669;386.2812;343.2042;-2161.087
53702;375.8742;341.7043;-2163.752
53736;363.2171;336.9995;-2167.287
53770;351.5818;334.6376;-2172.034
53787;338.2271;331.3281;-2177.916
53837;316.1059;328.7564;-2186.383
53871;299.7306;323.3698;-2189.938
53888;274.58;318.5811;-2193.138
53938;249.057;317.6622;-2198.995
53972;220.6784;313.7466;-2204.425
54006;195.7184;309.1917;-2207.303
54039;178.7843;302.6922;-2205.861
54056;158.7913;302.2144;-2209.706
54107;125.3042;296.9401;-2213.795
54140;99.23022;296.3568;-2215.657
54191;65.69513;301.0554;-2226.592
54242;55.84564;300.9742;-2228.719
54275;42.70529;301.2956;-2233.167
54309;35.79588;301.8243;-2235.49
54343;27.50659;301.1492;-2239.109
54359;19.70724;300.0084;-2242.996
54394;15.86959;299.0483;-2245.182
54427;10.1832;297.4716;-2249.569
54461;5.513217;289.8891;-2252.616
54494;5.637353;290.4759;-2254.224
54530;5.852631;291.7551;-2256.483
54562;6.871003;293.2956;-2259.483
54597;8.763935;294.653;-2262.769
54629;11.7472;295.6413;-2264.052
54663;17.92324;297.9587;-2268.664
54697;23.85767;297.7465;-2269.345
54730;32.05159;299.2537;-2271.511
54764;44.93528;299.1816;-2270.703
54797;61.19116;298.7866;-2270.449
54831;73.79429;297.441;-2269.369
54865;89.55099;297.8611;-2269.584
54898;114.7156;295.117;-2273.754
54932;134.6903;294.3162;-2274.3
54966;152.8991;290.5567;-2274.543
55000;177.46;283.6586;-2272.792
55033;219.0388;281.9622;-2271.472
55067;237.6307;283.2566;-2271.661
55101;283.2679;292.8181;-2270.357
55118;295.0018;294.9078;-2269.606
55168;329.2209;306.6365;-2268.559
55202;339.8176;309.3412;-2268.918
55222;401.2241;340.2588;-2267.75
55253;418.041;346.9082;-2267.438
55287;453.0526;360.2738;-2266.995
55320;485.9804;368.1332;-2263.186
55370;512.6005;369.6802;-2258.966
55404;535.7728;372.3507;-2260.114
55438;580.2668;378.7206;-2257.274
55471;595.219;378.5451;-2253.995
55488;627.3262;377.9073;-2250.873
55573;665.1906;368.1601;-2248.941
55606;682.5009;359.8717;-2242.729
55657;688.7849;360.3639;-2241.803
55691;698.306;361.5466;-2242.869
55724;735.4255;357.4432;-2232.385
55758;736.3982;355.9927;-2232.082
55808;739.7598;357.5;-2232.641
55825;739.5924;354.2438;-2230.348
55859;740.4174;354.9709;-2230.002
55893;740.2065;353.8829;-2228.74
55927;740.3403;354.111;-2227.781
55960;741.0103;349.6069;-2226.169
56000;737.8765;340.7203;-2222.235
56027;736.8328;339.9473;-2221.88
56061;737.0345;344.4045;-2221.844
56095;734.8885;350.9517;-2217.606
56129;728.0416;341.2477;-2217.755
56162;728.074;352.105;-2219.931
56196;722.2736;351.8799;-2218.095
56230;719.4681;353.2417;-2218.053
56263;713.9708;361.8062;-2217.483
56297;706.7859;350.4015;-2218.585
56331;701.8914;356.0392;-2219.109
56364;699.0665;358.8139;-2220.75
56398;685.9626;365.0348;-2222.892
56432;684.9404;365.044;-2223.124
56465;678.9523;364.4618;-2225.512
56499;677.2905;364.1807;-2227.346
56567;665.7756;362.3272;-2233.058
56729;648.1686;368.668;-2239.875
56795;635.1136;368.8611;-2237.088
56846;631.695;369.978;-2237.873
56862;627.4183;370.783;-2238.093
56896;622.5609;371.8807;-2239.192
56930;603.4221;366.3988;-2237.464
56964;589.3556;365.9243;-2241.283
57015;586.6145;367.17;-2241.361
57048;580.393;370.7281;-2246.013
57065;565.8155;374.4394;-2246.473
57098;547.1163;376.1023;-2251.287
57132;541.3469;375.8137;-2253.759
57182;531.5564;373.252;-2256.712
57199;524.8224;369.5172;-2264.181
57233;513.16;362.9745;-2272.862
