
1;107.2872;-270.8479;-1753.836
19;108.8686;-270.0875;-1752.005
41;111.4445;-269.6949;-1749.488
98;113.3553;-268.994;-1747.367
139;115.5254;-268.4802;-1745.802
190;117.0173;-267.6013;-1744.004
241;119.6052;-266.7151;-1742.865
275;120.1349;-266.2682;-1742.54
292;121.6512;-265.4396;-1742.826
325;123.5148;-264.6624;-1742.881
361;124.6299;-264.2877;-1742.818
377;125.4375;-264.2348;-1742.255
399;126.0794;-264.2846;-1741.985
432;126.8973;-264.6015;-1740.823
466;127.304;-264.4583;-1739.695
522;127.2341;-264.2732;-1738.373
589;126.5945;-264.6129;-1732.129
623;125.5724;-264.7001;-1728.262
639;124.4996;-264.8541;-1723.135
673;122.5914;-264.8431;-1719.221
707;119.4432;-264.2494;-1712.237
745;116.7703;-262.987;-1703.843
799;116.0612;-260.5771;-1696.509
812;113.4202;-259.3734;-1687.611
833;109.4032;-258.9719;-1678.312
900;104.4739;-257.5316;-1668.41
935;96.24612;-258.7758;-1658.099
952;87.25409;-257.8284;-1648.471
1004;74.94147;-259.3093;-1638.778
1021;61.12027;-259.464;-1631.24
1055;44.70411;-260.8655;-1618.708
1072;24.25658;-260.211;-1606.857
1123;14.3753;-261.766;-1595.204
1157;-3.84848;-263.12;-1579.883
1191;-25.3847;-263.8245;-1560.697
1227;-44.94837;-266.0225;-1544.889
1264;-71.34953;-266.1496;-1524.325
1301;-93.04301;-266.7707;-1509.14
1334;-131.6768;-265.9483;-1481.381
1370;-147.1013;-266.8678;-1469.213
1403;-183.7165;-263.5804;-1442.343
1421;-221.5653;-260.4053;-1418.025
1456;-240.1418;-258.151;-1396.786
1472;-272.3971;-252.4816;-1365.948
1522;-287.0723;-246.6018;-1355.252
1557;-313.4419;-232.1218;-1330.877
1593;-325.1914;-222.8932;-1313.658
1631;-342.7493;-210.6738;-1293.225
1665;-358.6251;-205.3713;-1274.118
1698;-367.3047;-201.075;-1250.545
1733;-373.6974;-199.8693;-1227.162
1786;-386.138;-175.28;-1190.495
1823;-378.9034;-180.6072;-1175.219
1842;-386.5321;-180.5768;-1155.099
1883;-393.3412;-180.9976;-1141.721
1922;-411.3105;-182.8054;-1118.718
1941;-457.2195;-173.0268;-1095.876
1962;-458.4903;-173.9651;-1085.642
1980;-460.2692;-176.4236;-1073.369
1996;-463.1784;-175.9619;-1058.057
2059;-466.7825;-174.9099;-1042.496
2089;-414.2803;-185.9263;-1024.804
2124;-412.3572;-185.7641;-1021.258
2139;-405.4532;-182.9225;-1004.496
2173;-386.1432;-193.6686;-987.6441
2208;-373.6769;-185.7694;-981.0893
2241;-367.7055;-177.5893;-965.0123
2276;-363.104;-176.6132;-947.5988
2291;-360.4817;-162.7385;-927.2177
2325;-345.9054;-159.688;-915.9673
2359;-360.3262;-129.9444;-957.8657
2392;-282.4041;-140.6872;-1037.034
2444;-321.3904;-72.04047;-994.3376
2460;-150.1696;20.55076;-551.2921
2494;-150.1696;20.55076;-551.2921
2528;-150.1696;20.55076;-551.2921
2595;-150.1696;20.55076;-551.2921
3591;-239.8536;-574.3629;-1968.893
3625;-230.4093;-569.9081;-1973.286
3665;-211.0749;-568.2974;-1974.306
3681;-189.1059;-554.2104;-1988.709
3733;-169.5034;-563.2427;-1977.162
3765;-156.0466;-561.392;-1987.93
3803;-140.3713;-567.0089;-1990.286
3852;-132.9971;-566.3144;-1990.151
3869;-91.86145;-530.6482;-2015.299
3886;-89.59004;-531.0231;-2015.525
3920;-77.84918;-530.4162;-2017.889
3953;-62.55612;-532.2243;-2016.984
3996;-28.19181;-522.1697;-2012.754
4029;-22.40782;-526.0428;-2011.563
4062;-0.9514726;-531.3098;-2006.094
4096;12.27372;-534.3227;-2003.966
4130;33.33374;-529.6544;-1995.536
4147;48.48938;-533.5114;-1995.235
4197;76.17462;-533.352;-2001.74
4231;79.59652;-536.7664;-1997.672
4264;87.21169;-539.3951;-1994.694
4315;104.2968;-535.3356;-1989.799
4332;113.3094;-535.5533;-1992.472
4366;122.6031;-536.989;-1991.649
4417;131.6873;-535.769;-1992.808
4450;138.6435;-535.6101;-1992.472
4467;143.561;-536.7339;-1991.006
4484;151.778;-536.6381;-1991.926
4720;159.9316;-536.5457;-1993.496
4737;168.944;-540.0785;-1996.496
4779;243.8404;-538.9651;-2045.368
4796;245.7474;-539.3998;-2046.672
4830;250.6487;-541.4263;-2053.375
4863;255.7552;-542.8682;-2061.324
4897;261.3277;-545.3106;-2067.383
4930;264.6848;-546.6042;-2071.039
4964;268.2291;-549.2332;-2074.905
4998;270.3351;-550.1371;-2077.717
5032;271.667;-551.7594;-2080.649
5050;272.2796;-552.3215;-2082.782
5087;272.1351;-552.6827;-2083.963
5137;271.4578;-553.924;-2085.644
5154;270.6303;-554.5508;-2087.509
5205;268.8051;-555.1558;-2089.925
5227;267.0371;-556.1298;-2091.631
5273;264.8599;-556.8666;-2093.212
5290;261.4959;-557.9152;-2095.059
5341;254.8707;-558.964;-2097.834
5357;250.9964;-560.5626;-2098.995
5391;248.3785;-561.4252;-2100.164
5425;246.8184;-561.6457;-2101.348
5458;244.4037;-561.6859;-2102.438
5492;241.9807;-562.1943;-2103.607
5526;239.1438;-562.658;-2105.698
5559;237.2248;-562.9859;-2107.678
5586;236.4226;-563.227;-2109.026
5634;235.8176;-564.138;-2110.983
5685;235.9594;-564.7845;-2112.151
5711;236.8996;-565.4389;-2113.222
5727;238.128;-566.1854;-2114.934
5761;239.6366;-566.6381;-2116.971
5795;242.6501;-567.4518;-2119.159
5828;246.6629;-568.4794;-2120.427
5862;251.3153;-569.1431;-2122.375
5896;256.7396;-569.5291;-2122.937
5929;261.1223;-569.78;-2124.135
5963;265.0158;-569.0444;-2124.389
5997;269.5023;-568.3833;-2127.147
6014;275.8388;-567.2435;-2127.944
6064;281.0116;-566.2893;-2128.642
6098;291.1655;-565.2172;-2127.799
6131;295.553;-565.2082;-2127.256
6165;299.9891;-565.7057;-2126.875
6199;303.5024;-566.0857;-2126.488
6232;306.3623;-567.0029;-2125.913
6249;308.0945;-567.0853;-2124.852
6284;308.326;-567.0989;-2124.749
6317;308.3277;-567.0516;-2124.744
6367;308.1718;-566.9619;-2124.562
6401;307.5504;-566.6734;-2123.934
6418;306.5253;-566.6619;-2123.145
6468;305.4032;-566.5473;-2122.44
6485;302.6707;-565.7103;-2121.851
6519;300.5023;-565.5652;-2121.227
6553;298.5008;-565.6977;-2120.28
6586;295.6952;-565.2043;-2119.835
6620;292.282;-565.9296;-2119.463
6654;289.3394;-566.2206;-2119.352
6687;287.5419;-566.5356;-2119.459
6721;286.225;-566.855;-2119.146
6755;285.2179;-566.6938;-2119.271
6789;284.1784;-566.7526;-2118.676
6839;282.8008;-566.954;-2118.795
6856;282.7756;-566.8692;-2118.838
6889;282.8215;-566.6719;-2118.594
6940;282.274;-566.3148;-2119.248
6957;282.5738;-566.1025;-2119.273
6991;283.8782;-565.0527;-2118.507
7024;284.9854;-564.8776;-2118.459
7109;290.9371;-563.8303;-2116.382
7144;297.2595;-562.7854;-2114.399
7215;303.1446;-562.618;-2112.619
7229;304.7519;-561.9042;-2112.919
7263;308.6036;-561.9086;-2112.285
7296;311.0685;-561.5358;-2112.01
7330;313.1987;-561.526;-2111.613
7364;315.3814;-562.3438;-2111.671
7398;317.4279;-562.451;-2111.798
7431;319.0166;-562.6558;-2111.578
7465;319.9643;-562.7092;-2111.496
7482;320.8559;-562.5677;-2111.532
7533;321.3779;-562.7235;-2111.607
7550;321.5625;-562.7308;-2111.7
7600;321.6992;-562.7068;-2111.844
7634;322.2373;-562.4216;-2111.776
7667;323.2202;-561.9749;-2110.885
7702;323.827;-561.2742;-2110.175
7718;324.0518;-560.0442;-2109.857
7769;324.604;-558.1007;-2109.055
7803;324.9894;-556.1903;-2108.416
7887;324.8694;-552.5217;-2107.333
7920;324.1049;-542.4518;-2103.245
7954;323.7168;-538.4948;-2101.733
8005;321.019;-525.3821;-2115.9
8021;319.0536;-521.6075;-2119.716
8055;318.7385;-521.0825;-2120.903
8088;318.5063;-520.5738;-2121.823
8122;314.9614;-521.989;-2132.782
8173;314.129;-521.5317;-2134.15
8190;311.6837;-522.2157;-2137.698
8223;311.3333;-522.4736;-2138.215
8258;309.9334;-522.1041;-2140.179
8292;310.4092;-521.8077;-2139.839
8326;307.911;-520.6088;-2142.146
8376;304.3936;-517.4899;-2144.685
8410;304.1129;-517.4495;-2144.908
8427;304.2256;-517.6636;-2145.015
8461;304.6484;-517.4563;-2144.189
8494;304.6403;-517.4604;-2144.207
8528;306.6267;-517.328;-2138.42
8561;308.076;-518.2537;-2118.578
8595;306.9498;-515.583;-2126.081
8629;307.0571;-515.7794;-2126.43
8663;309.3086;-517.2742;-2125.074
8730;312.496;-526.0939;-2105.356
8764;314.287;-528.9117;-2102.645
8792;314.5723;-530.6987;-2101.283
8825;314.448;-533.3092;-2099.511
8859;314.7717;-535.7028;-2098.263
8893;315.0154;-537.6949;-2098.123
8927;315.4074;-540.8914;-2098.019
8960;315.3155;-543.1138;-2098.065
9025;315.2237;-544.6969;-2098.257
9056;315.3705;-550.8267;-2099.121
9090;314.951;-554.8643;-2101.754
9140;314.2642;-557.2618;-2107.648
9174;314.0767;-558.1097;-2110.722
9190;314.2286;-558.9116;-2113.007
9226;314.4529;-559.2755;-2113.601
9258;314.5675;-560.4258;-2115.543
9291;315.1432;-561.4219;-2115.807
9325;315.3958;-561.8281;-2115.577
9359;315.8619;-561.9074;-2115.323
9410;316.1309;-561.8572;-2113.165
9426;319.6035;-567.4335;-2080.307
9460;319.5455;-566.5226;-2077.404
9511;318.5208;-565.6569;-2076.329
9544;318.2436;-564.6709;-2075.317
9579;318.4554;-562.5075;-2073.445
9612;317.3189;-548.1538;-2090.79
9645;315.8576;-531.1855;-2119.144
9662;313.8344;-529.5847;-2124.186
9696;313.2627;-526.7726;-2123.957
9730;313.2522;-525.5887;-2123.543
9763;307.9885;-527.0541;-2133.338
9797;307.6918;-526.5723;-2133.961
9831;308.4845;-526.4629;-2134.893
9864;301.1742;-517.3823;-2147.303
9898;300.1718;-514.9128;-2151.975
9932;300.131;-512.6277;-2153.954
9999;303.2831;-504.6387;-2181.737
10067;305.7632;-507.6202;-2164.156
10083;307.2561;-504.4342;-2153.995
10117;306.3501;-504.7242;-2154.188
10151;306.3131;-504.8854;-2150.157
10185;303.4974;-507.103;-2151.112
10218;304.1415;-519.7351;-2121.98
10252;304.0042;-520.5734;-2120.098
10289;308.2092;-523.9274;-2112.596
10336;312.2922;-533.7322;-2107.489
10370;315.9755;-535.7922;-2104.996
10403;318.2719;-538.4578;-2102.654
10420;319.1043;-539.2309;-2102.112
10454;319.3052;-539.8522;-2102.205
10505;319.4785;-541.1563;-2101.856
10522;319.4261;-542.0599;-2101.905
10572;319.1516;-543.883;-2102.109
10589;319.1196;-546.9116;-2102.387
10640;318.948;-548.3653;-2102.6
10656;318.7168;-550.6837;-2103.555
10690;318.9247;-553.3121;-2104.332
10724;318.4361;-555.9277;-2107.36
10757;318.339;-558.4882;-2110.922
10791;318.9648;-559.7965;-2115.123
10842;319.3476;-560.4336;-2117.182
10858;319.2079;-561.5031;-2119.46
10892;319.5787;-562.5793;-2120.465
10926;319.9754;-563.4044;-2120.127
10960;320.2343;-563.7085;-2120.216
10993;320.779;-563.9965;-2118.225
11027;322.2119;-569.4274;-2090.169
11061;321.3453;-564.566;-2100.614
11096;320.7556;-562.6891;-2102.671
11129;320.345;-560.2573;-2104.26
11163;319.7939;-556.0246;-2104.313
11187;319.1726;-552.1163;-2104.298
11220;318.8546;-547.4343;-2104.126
11271;318.2081;-542.9548;-2104.01
11288;310.8972;-522.2678;-2124.807
11321;307.2786;-525.3171;-2130.827
11355;305.5778;-526.1793;-2137.951
11389;304.9637;-526.6027;-2140.541
11423;304.7379;-524.1603;-2142.43
11473;299.321;-500.6908;-2191.227
11507;299.3099;-500.6875;-2191.177
11541;296.155;-502.6362;-2166.489
11564;299.3991;-500.3783;-2158.724
11615;301.0094;-500.2404;-2153.894
11632;301.99;-499.9269;-2153.184
11666;301.6828;-502.2906;-2154.573
11700;301.2265;-504.94;-2155.447
11733;304.104;-510.723;-2151.488
11767;302.4256;-528.7426;-2117.67
11801;302.6753;-528.0701;-2117.087
11835;302.7917;-524.1866;-2115.454
11868;302.7121;-522.9141;-2115.368
11902;307.5554;-524.3162;-2111.79
11918;309.4561;-529.8373;-2109.797
11959;312.0699;-531.2106;-2105.961
11993;316.3159;-534.5558;-2100.824
12027;316.2958;-534.871;-2100.862
12061;316.7834;-536.9584;-2100.119
12094;316.7848;-538.5676;-2100.231
12128;316.1483;-539.3368;-2100.38
12152;317.0923;-542.1029;-2100.876
12186;317.2874;-544.3657;-2101.383
12220;316.9975;-546.7526;-2101.703
12254;317.056;-549.4985;-2101.606
12309;317.3693;-553.0361;-2102.504
12321;317.1591;-555.2607;-2105.245
12355;316.8191;-557.2192;-2108.814
12388;316.7542;-559.2352;-2114.27
12422;316.9772;-560.4291;-2116.75
12473;316.8495;-560.6317;-2118.491
12509;316.5277;-562.3784;-2119.984
12543;316.8236;-562.8779;-2119.486
12595;317.018;-563.1292;-2119.182
12612;317.1754;-562.9846;-2118.421
12649;317.3025;-562.0541;-2117.287
12664;317.3995;-561.5997;-2116.361
12698;317.258;-560.0496;-2115.566
12732;317.0133;-548.577;-2129.417
12765;316.6118;-547.9048;-2120.605
12799;315.9614;-546.0295;-2117.176
12833;314.8704;-544.1308;-2115.565
12869;314.2249;-533.2904;-2124.434
12903;313.083;-529.9143;-2125.834
12936;312.2615;-526.7476;-2125.595
12953;311.9588;-525.6597;-2125.213
13004;311.6504;-523.558;-2125.832
13020;310.3026;-518.892;-2127.893
13054;309.2289;-515.3154;-2126.902
13088;308.9009;-513.248;-2126.777
13125;305.0858;-513.3325;-2132.519
13156;302.295;-512.3955;-2136.187
13221;300.2213;-511.7508;-2138.833
13232;301.2599;-510.7592;-2136.84
13283;302.1506;-508.5589;-2135.571
13300;302.1196;-506.886;-2134.211
13323;306.85;-511.8655;-2110.026
13357;306.7003;-512.567;-2108.602
13407;306.4608;-512.3703;-2108.197
13424;306.5299;-512.4781;-2107.122
13458;310.0789;-515.8523;-2102.954
13491;312.4884;-521.873;-2100.372
13543;312.5912;-525.6936;-2098.839
13559;312.4326;-533.0507;-2095.879
13593;313.0167;-533.9374;-2095.883
13626;313.2738;-535.9011;-2096.731
13660;313.7153;-537.0016;-2097.964
13711;313.7358;-537.9648;-2098.264
13727;312.9821;-540.861;-2099.282
13761;312.9284;-542.777;-2100.508
13795;313.2372;-544.3527;-2100.751
13829;314.1118;-546.8369;-2101.94
13862;315.1583;-549.2155;-2103.049
13896;315.2394;-551.8544;-2107.306
13930;314.4689;-554.9559;-2115.965
13964;313.9095;-555.648;-2118.301
13997;314.022;-556.0421;-2119.135
14021;313.8695;-556.59;-2120.938
14066;314.3338;-556.6267;-2120.271
14093;315.0987;-557.9885;-2118.638
14127;315.5075;-558.2975;-2117.448
14177;316.1552;-557.9545;-2115.981
14194;316.356;-557.7387;-2115.269
14245;316.5518;-557.5097;-2114.405
14261;316.5919;-556.8879;-2113.375
14295;316.8154;-555.4628;-2112.857
14330;315.9106;-551.9614;-2111.685
14364;315.602;-548.563;-2110.111
14397;315.3908;-544.1338;-2108.388
14437;314.1609;-531.7751;-2119.312
14480;313.4945;-527.7476;-2122.823
14522;312.2795;-518.3989;-2126.391
14576;312.3691;-517.2125;-2126.392
14614;311.4499;-515.9041;-2126.708
14655;311.8985;-511.0624;-2127.061
14707;310.3059;-507.894;-2128.562
14724;306.036;-506.779;-2135.49
14757;306.2203;-504.1157;-2134.541
14791;306.3476;-503.9575;-2134.592
14825;308.2735;-503.5522;-2133.74
14875;311.8915;-503.1863;-2128.832
14892;312.7453;-503.4403;-2126.677
14926;314.0866;-503.157;-2124.657
14959;313.8335;-505.4836;-2125.159
14994;314.6132;-505.7241;-2124.329
15044;316.4438;-505.5969;-2123.698
15062;322.1821;-531.4243;-2089.796
15096;320.2811;-538.6625;-2088.882
15129;321.7971;-538.4474;-2089.163
15163;321.9772;-538.3503;-2089.264
15197;321.9934;-538.7993;-2089.622
15230;322.2902;-539.6976;-2090.119
15264;323.5129;-540.8768;-2091.561
15298;323.153;-542.1459;-2092.538
15331;322.6122;-543.9402;-2093.847
15365;322.2932;-545.2273;-2095.274
15400;323.015;-547.7902;-2097.758
15434;323.7932;-551.4274;-2100.569
15484;323.4157;-553.395;-2103.117
15501;322.6081;-555.6031;-2107.111
15535;322.0041;-557.7811;-2112.767
15568;321.9928;-558.3978;-2114.327
15603;322.0837;-559.8453;-2117.826
15670;320.5875;-560.6933;-2123.967
15705;320.263;-560.9988;-2124.865
15726;320.3764;-561.2551;-2124.697
15776;320.4296;-561.3907;-2124.501
15802;321.1093;-555.581;-2134.444
15836;321.5912;-556.5603;-2125.504
15888;320.5481;-551.434;-2133.366
15905;319.7334;-547.8936;-2134.636
15939;318.8643;-544.1595;-2134.063
15955;318.3395;-542.2557;-2115.17
15989;318.3877;-541.1411;-2111.556
16039;318.4562;-533.4178;-2117.595
16057;315.7262;-528.4495;-2120.315
16090;315.3362;-525.7429;-2119.919
16124;314.346;-522.3267;-2121.149
16158;313.8011;-518.6688;-2121.684
16191;313.3571;-515.5768;-2121.124
16225;313.8197;-512.8523;-2120.58
16276;313.5781;-508.055;-2122.428
16309;311.8152;-503.7491;-2124.201
16327;308.9001;-489.8069;-2154.421
16378;305.9915;-499.7128;-2150.912
16563;304.6187;-502.6715;-2146.301
16582;310.9827;-505.9876;-2125.303
16618;311.3292;-506.4029;-2124.801
16635;311.0679;-506.111;-2124.71
16654;311.8477;-516.795;-2100.434
16672;318.7289;-526.6451;-2090.925
16722;318.2316;-528.6968;-2090.149
16772;318.5824;-530.3599;-2090.029
16789;319.6065;-533.3822;-2090.371
16824;319.4637;-534.9299;-2091.05
16858;319.9036;-537.4903;-2092.328
16892;319.2711;-540.7144;-2093.841
16925;318.5295;-544.0373;-2094.224
16976;318.4762;-546.2269;-2095.255
16992;318.5835;-549.0943;-2097.296
17028;318.0712;-551.8127;-2100.997
17056;316.8399;-556.2006;-2108.823
17090;316.9425;-557.1768;-2112.334
17141;316.9436;-559.092;-2114.313
17174;316.3619;-559.4181;-2116.551
17208;316.0987;-561.4722;-2120.466
17225;315.6642;-562.0536;-2121.191
17258;315.3543;-562.2431;-2122.127
17292;315.3646;-562.8055;-2121.811
17326;315.3882;-563.1879;-2120.608
17360;315.0372;-557.0735;-2128.161
17410;314.9024;-557.6009;-2120.498
17428;314.2977;-557.4655;-2116.416
17477;312.6948;-555.6706;-2113.435
17494;311.5611;-553.444;-2110.804
17528;310.4537;-551.446;-2109.67
17562;310.2032;-548.7183;-2108.501
17596;309.6014;-545.8328;-2106.71
17629;307.8711;-530.7504;-2118.115
17663;307.4881;-525.2737;-2119.451
17697;306.8954;-520.8912;-2121.407
17733;306.1308;-514.444;-2121.067
17760;305.4098;-512.9795;-2120.732
17804;304.6864;-512.0972;-2121.812
17821;303.2435;-510.3997;-2122.751
17854;302.8586;-509.3279;-2123.567
17888;302.1927;-508.6852;-2125.299
17938;296.77;-500.8771;-2174.473
17955;295.8401;-507.653;-2145.119
17989;296.3032;-508.2611;-2138.865
18023;299.8863;-506.113;-2128.403
18073;299.9184;-505.9114;-2125.869
18124;301.624;-512.5366;-2100.344
18158;301.4225;-516.803;-2097.457
18192;302.3257;-522.0042;-2093.968
18244;304.6341;-526.139;-2090.106
18261;306.5863;-530.762;-2086.958
18294;306.5404;-531.5337;-2086.664
18328;306.6818;-533.5862;-2086.642
18362;307.2849;-535.3881;-2086.796
18413;308.1311;-537.4898;-2087.458
18429;308.8681;-540.5131;-2088.184
18463;309.1008;-542.338;-2088.772
18497;310.2865;-544.7824;-2089.515
18530;311.3571;-547.9568;-2090.856
18564;312.1129;-551.4819;-2093.126
18598;312.1382;-552.3513;-2094.53
18631;312.3104;-554.9155;-2098.955
18671;312.5019;-555.7212;-2100.548
18699;312.7531;-555.8088;-2103.717
18733;312.1901;-556.9005;-2106.174
18766;311.4081;-557.8781;-2108.306
18784;310.9431;-559.5746;-2109.794
18834;311.017;-560.503;-2107.904
18869;310.8921;-560.5301;-2106.456
18902;311.1901;-554.3937;-2121.05
18935;310.8093;-555.8782;-2111.307
18969;310.8601;-556.0188;-2108.495
18986;309.8325;-554.6567;-2106.252
19019;309.4964;-553.7433;-2105.274
19070;309.2238;-552.3781;-2103.784
19087;308.7086;-550.4176;-2103.304
19137;307.9239;-548.2374;-2103.073
19171;306.0727;-532.8631;-2116.539
19188;305.2687;-530.8251;-2119.389
19222;304.7534;-530.3673;-2119.689
19273;304.113;-528.6331;-2120.712
19306;304.0025;-524.921;-2120.346
19339;303.3896;-519.0688;-2119.925
19374;294.7226;-511.0453;-2139.423
19425;296.1412;-510.1039;-2135.88
19441;296.7539;-507.5397;-2133.592
19499;296.8222;-507.4684;-2133.847
19515;297.5063;-506.6958;-2133.965
19531;297.8246;-505.9643;-2134.071
19565;298.5613;-505.5912;-2134.252
19599;298.6316;-506.1555;-2134.334
19633;299.7589;-506.4001;-2131.295
19666;300.0444;-513.6092;-2114.601
19700;300.186;-512.3077;-2120.24
19734;303.5536;-519.5614;-2105.317
19751;307.7782;-527.3067;-2098.128
19784;310.2093;-531.6667;-2096.173
19835;310.285;-532.5331;-2095.771
19869;310.458;-533.6409;-2095.837
19885;311.3169;-536.6137;-2095.956
19919;311.9868;-539.3177;-2096.732
19953;312.1862;-541.2015;-2097.102
20003;312.3118;-544.1845;-2098.212
20020;312.5104;-546.2651;-2098.817
20054;312.8768;-549.2364;-2099.382
20087;313.5032;-551.9985;-2100.201
20121;314.0159;-555.2372;-2101.477
20155;314.445;-556.7746;-2102.938
20189;314.4381;-557.996;-2106.149
20227;314.7892;-559.2686;-2110.336
20278;314.9359;-560.1985;-2114.066
20294;314.8349;-560.813;-2116.039
20328;315.2009;-561.9846;-2118.533
20362;314.3624;-565.294;-2121.741
20395;314.6678;-565.6151;-2121.172
20429;314.6595;-565.8134;-2118.653
20463;314.3625;-565.0161;-2117.056
20497;313.8011;-564.0699;-2115.216
20530;313.4199;-562.6564;-2113.989
20564;312.808;-561.3672;-2113.034
20598;311.4701;-558.078;-2111.275
20631;309.982;-555.0593;-2110.192
20665;309.403;-552.174;-2109.333
20698;308.4876;-548.9804;-2108.51
20732;306.6019;-533.3063;-2121.006
20766;306.1256;-531.0975;-2121.429
20800;304.3134;-528.5481;-2123.327
20833;303.7777;-527.1204;-2124.119
20855;303.2914;-525.0598;-2123.067
20884;302.0387;-521.7953;-2121.96
20918;302.0439;-520.1369;-2121.422
21002;290.7567;-513.6651;-2142.279
21037;292.3604;-509.3483;-2137.098
21103;298.2692;-510.8477;-2130.713
21120;298.3392;-512.1689;-2131.597
21154;298.0144;-512.2029;-2132.39
21188;297.9252;-510.9362;-2132.098
21221;297.5758;-515.1589;-2113.879
21272;298.5369;-522.6752;-2106.885
21289;303.224;-527.619;-2101.377
21323;306.0353;-530.5202;-2098.025
21356;306.9973;-533.9343;-2095.46
21407;306.9435;-534.8759;-2095.224
21424;307.5054;-536.4526;-2095.068
21458;308.2572;-538.0892;-2095.239
21508;309.0644;-540.5311;-2095.327
21542;309.2793;-542.6041;-2096.16
21558;309.3319;-545.1619;-2097.771
21592;310.1408;-547.8063;-2099.167
21626;310.9788;-550.8864;-2100.62
21659;311.9791;-553.1262;-2101.839
21694;312.6136;-555.954;-2104.302
21744;312.7656;-556.7838;-2105.933
21761;313.4153;-557.6334;-2107.574
21794;314.1909;-558.7115;-2109.515
21828;314.4319;-559.2722;-2111.729
21862;314.468;-559.4697;-2111.998
21895;314.8492;-560.8215;-2113.01
21929;314.7469;-561.0832;-2113.079
21963;314.7357;-561.2646;-2112.925
21996;314.687;-561.2645;-2112.755
22030;314.6388;-560.7819;-2112.118
22064;314.4563;-560.228;-2111.58
22097;314.017;-559.1042;-2110.702
22132;313.3688;-557.4416;-2110.382
22165;312.2014;-554.5986;-2109.741
22204;311.4767;-550.2023;-2108.964
22238;310.7054;-546.753;-2108.112
22307;307.7293;-533.7835;-2118.785
22374;303.1204;-524.4763;-2130.182
22558;303.1292;-522.1682;-2129.342
22609;299.8189;-523.5522;-2120.775
22626;300.273;-519.7276;-2113.426
22677;296.323;-518.033;-2133.295
22693;297.222;-521.5451;-2124.053
22745;299.5089;-520.5311;-2112.618
22761;301.4453;-521.087;-2107.504
22795;301.5476;-521.5729;-2106.63
22829;301.551;-522.1061;-2105.925
22879;301.065;-523.9963;-2103.517
22896;300.2443;-528.6331;-2101.616
22930;305.0801;-534.6697;-2097.875
22964;306.6266;-536.4873;-2097.118
22997;308.575;-538.1407;-2095.616
23031;308.6483;-538.7303;-2095.352
23082;309.3396;-539.7554;-2095.227
23102;310.8926;-541.9932;-2094.982
23136;312.5118;-543.9661;-2094.426
23153;312.8427;-545.1515;-2094.657
23221;313.4388;-548.5403;-2095.267
23237;313.6317;-549.8532;-2095.65
23254;314.2976;-551.3942;-2096.177
23287;314.6331;-553.1811;-2096.786
23338;315.1138;-555.3516;-2097.637
23372;315.6002;-556.5646;-2099.052
23388;315.93;-557.6806;-2099.986
23422;316.5583;-559.1041;-2104.402
23473;316.6068;-560.0782;-2108.621
23490;316.9707;-561.4761;-2111.442
23541;316.5264;-562.4816;-2111.728
23557;316.5582;-562.9429;-2110.754
23608;316.5079;-563.1171;-2110.338
23625;316.2707;-563.3987;-2109.848
23676;315.9852;-563.5796;-2109.28
23692;315.674;-563.8474;-2109.146
23743;315.3114;-564.0689;-2109.515
23760;315.3698;-563.9091;-2109.722
23795;315.4708;-563.6219;-2109.703
23828;315.4569;-563.6146;-2109.696
23865;316.2931;-563.382;-2107.504
23898;315.7396;-563.0125;-2109.281
23930;315.7423;-563.1429;-2109.112
23968;316.7083;-562.6233;-2106.996
23984;316.7042;-562.8655;-2106.816
24035;317.347;-563.1741;-2106.334
24102;317.3187;-563.2965;-2106.343
24119;317.317;-563.2977;-2106.326
24169;317.4021;-563.1111;-2105.719
24203;317.3369;-563.0974;-2105.683
24250;317.3424;-562.7383;-2105.16
24266;317.339;-562.4551;-2104.348
24317;317.4301;-562.1782;-2103.838
24367;317.4166;-562.1462;-2103.606
24385;317.5414;-562.0825;-2103.361
24418;317.5753;-561.3939;-2102.926
24469;317.4984;-560.6641;-2103.14
24486;317.4036;-560.5853;-2103.124
24523;317.2892;-560.429;-2103.131
24553;317.0608;-559.6597;-2103.232
24620;316.9194;-559.2686;-2103.26
24637;316.6713;-558.3691;-2103.163
24655;316.276;-557.4384;-2103.55
24695;315.7334;-556.5092;-2103.605
24729;315.6398;-556.2081;-2103.189
24762;315.0784;-555.7036;-2102.655
24796;314.2029;-555.0163;-2102.395
24846;314.0154;-554.8914;-2102.296
24863;313.3289;-554.9269;-2102.379
24897;312.4455;-555.1212;-2102.624
24931;310.501;-555.9725;-2103.043
24965;308.1703;-556.392;-2104.12
24998;306.9119;-556.9497;-2104.427
25032;306.6301;-557.0518;-2104.44
25065;306.6331;-557.1055;-2104.419
25099;306.7923;-557.0712;-2104.35
25133;307.3192;-557.1926;-2104.455
25167;308.7876;-557.2197;-2104.828
25200;310.0833;-557.0203;-2105.377
25234;314.0928;-556.8173;-2106.318
25251;316.8128;-556.7629;-2107.451
25301;319.4344;-556.0874;-2108.9
25335;323.6234;-555.2086;-2111.397
25352;327.0539;-555.2483;-2113.923
25386;330.2208;-556.1602;-2115.034
25436;333.0231;-557.0029;-2116.111
25453;339.9522;-557.5282;-2117.118
25487;342.0205;-557.8384;-2117.238
25520;342.1305;-557.9639;-2117.347
25555;342.8505;-558.4752;-2118.024
25588;343.3297;-558.7249;-2118.388
25622;343.4739;-558.4453;-2118.705
25655;343.6925;-558.2363;-2119.132
25689;343.7927;-558.2366;-2119.118
25739;343.8937;-558.3192;-2119.104
25790;345.4749;-558.8796;-2118.52
25807;347.1258;-558.0149;-2119.438
25841;348.1824;-557.3349;-2119.614
25874;348.3792;-557.0651;-2119.75
25908;346.9119;-555.2678;-2120.669
25928;345.9564;-552.1467;-2121.322
25968;335.2299;-496.4856;-2122.653
25985;335.3267;-496.3419;-2121.782
26035;336.3369;-494.7038;-2120.177
26053;336.8129;-492.0014;-2119.727
26086;337.6156;-485.0204;-2118.321
26120;338.2181;-483.4565;-2116.864
26153;338.0951;-479.2547;-2116.461
26187;338.8059;-477.1057;-2115.16
26237;338.7622;-476.504;-2114.641
26254;338.5587;-476.4514;-2114.418
26288;338.3107;-476.7984;-2114.047
26338;333.935;-480.5211;-2109.739
26355;332.2321;-484.2243;-2106.633
26406;331.6548;-485.077;-2106.604
26440;329.5853;-489.2693;-2105.891
26456;327.3628;-495.3378;-2105.115
26490;325.9619;-499.4749;-2102.904
26524;324.7491;-502.4825;-2101.302
26558;323.4959;-505.2756;-2100.253
26592;322.7253;-507.3442;-2099.384
26625;321.9119;-509.2953;-2098.958
26659;321.8381;-510.7591;-2098.434
26692;322.755;-513.3985;-2096.227
26726;323.0294;-513.8029;-2095.979
26760;323.5197;-513.8677;-2095.678
26793;327.8348;-515.033;-2094.518
26827;329.2527;-515.4772;-2093.948
26861;329.6912;-515.5067;-2093.797
26895;329.9732;-515.3201;-2093.762
26953;331.3936;-515.2634;-2093.67
26968;331.5329;-515.0294;-2093.401
26984;331.0832;-514.0483;-2093.217
27018;330.6365;-513.494;-2093.045
27052;329.871;-512.8602;-2093.216
27102;329.7332;-512.4571;-2092.977
27119;329.7251;-512.4653;-2092.636
27169;329.1345;-512.2573;-2092.478
27186;328.5428;-511.8084;-2092.375
27220;327.9106;-511.5007;-2092.742
27270;327.499;-511.1443;-2092.987
27287;325.7517;-509.3902;-2093.607
27321;324.8001;-506.7245;-2094.826
27372;324.0249;-502.4091;-2096.922
27389;324.2652;-497.9236;-2099.423
27422;324.8188;-495.2047;-2100.81
27475;324.421;-493.7397;-2100.818
27490;324.0363;-489.1213;-2099.871
27543;324.0313;-481.6847;-2099.412
27565;326.8934;-465.9542;-2092.121
27616;328.0738;-458.6154;-2091.875
27628;328.8228;-457.0829;-2090.59
27662;329.6851;-454.2865;-2090.774
27696;330.731;-449.7525;-2090.213
27729;331.5919;-447.1739;-2091.034
27763;332.1589;-447.2924;-2089.85
27814;331.9381;-446.8664;-2089.279
27849;331.0807;-448.879;-2084.44
27865;327.0139;-458.3403;-2085.843
27899;326.388;-459.4149;-2086.855
27932;322.8056;-467.5481;-2082.246
27966;321.1889;-471.5907;-2081.457
28000;319.2511;-477.33;-2084.67
28017;317.4033;-479.8838;-2085.836
28068;313.6538;-487.4868;-2084.737
28101;311.2501;-492.6969;-2084.836
28141;310.0579;-495.4325;-2084.24
28171;308.8716;-499.0526;-2084.148
28193;307.7913;-501.0298;-2083.941
28226;307.6161;-502.8977;-2083.676
28260;307.8472;-504.5049;-2083.424
28294;308.6288;-506.2481;-2083.434
28328;309.1561;-507.4769;-2082.952
28361;309.7552;-508.2679;-2083.258
28395;310.0384;-508.5576;-2083.456
28429;311.437;-509.1626;-2083.804
28463;313.6276;-509.6606;-2084.396
28496;314.549;-509.7167;-2084.652
28530;315.1972;-509.6929;-2084.944
28563;316.4906;-509.8782;-2085.193
28598;317.742;-509.6354;-2085.507
28631;317.8484;-509.5103;-2085.533
28664;317.8609;-509.5364;-2085.559
28698;317.8754;-509.3802;-2085.804
28718;317.8596;-509.3133;-2085.849
28766;317.9559;-509.1759;-2086.348
28799;317.6829;-509.0592;-2087.118
28833;317.475;-508.6912;-2087.988
28867;317.2179;-508.8647;-2088.838
28900;316.8853;-508.548;-2089.402
28935;316.3969;-507.5749;-2090.876
28968;316.3477;-505.6826;-2093.108
29018;317.0012;-495.1692;-2100.045
29052;317.221;-491.7116;-2101.135
29103;318.1319;-488.3185;-2101.878
29136;318.7096;-485.9179;-2100.561
29170;319.9558;-480.4948;-2096.955
29204;323.9073;-465.1119;-2090.503
29220;324.5797;-460.8011;-2088.901
29254;325.6216;-457.8635;-2086.999
29288;326.2028;-454.7035;-2087.6
29322;326.1868;-453.2274;-2087.126
29355;326.43;-452.7836;-2085.295
29389;326.3958;-452.8466;-2084.349
29440;325.5914;-456.0568;-2083.891
29456;324.3687;-459.0022;-2082.639
29490;322.972;-464.4719;-2080.816
29524;322.0821;-468.13;-2079.387
29558;321.4546;-470.721;-2078.813
29609;320.2545;-472.9655;-2079.93
29625;317.2711;-477.2996;-2081.823
29658;314.0865;-482.4402;-2082.4
29692;311.7197;-487.4014;-2080.861
29726;309.976;-492.4198;-2080.026
29776;308.8818;-494.9067;-2079.538
29793;308.5162;-497.6099;-2079.469
29827;308.0444;-498.8505;-2079.388
29861;307.5569;-499.7784;-2079.485
29895;307.6264;-501.3263;-2078.516
29928;307.496;-502.1091;-2078.049
29962;307.3849;-502.6461;-2078.038
29995;307.7181;-503.324;-2077.869
30030;308.7277;-504.0391;-2077.958
30063;309.0948;-504.0391;-2077.939
30096;309.6013;-504.0233;-2077.771
30130;310.017;-504.0015;-2077.683
30164;310.2366;-503.9039;-2077.618
30197;310.348;-503.7985;-2077.596
30231;310.3574;-503.7585;-2077.559
30265;310.3427;-503.6066;-2077.525
30299;310.2897;-503.5777;-2077.566
30350;310.1954;-503.51;-2077.515
30367;310.0499;-503.356;-2077.373
30401;309.5938;-502.7807;-2077.797
30434;308.3945;-502.5665;-2079.305
30468;307.5408;-502.0403;-2080.157
30501;306.3513;-501.2203;-2081.062
30535;305.7024;-499.6565;-2082.056
30568;305.4327;-497.0796;-2083.36
30602;305.5519;-491.8922;-2085.545
30636;305.9623;-488.4527;-2088.296
30669;306.5719;-484.87;-2089.55
30686;307.8724;-480.9182;-2089.39
30720;308.8798;-476.1026;-2087.659
30789;314.4641;-457.2032;-2084.238
30822;319.1504;-449.3064;-2081.428
30856;319.7362;-447.4877;-2080.849
30890;320.756;-445.8421;-2080.672
30924;321.0682;-445.1006;-2079.515
30958;321.2243;-444.1712;-2078.483
30991;321.0686;-444.7718;-2077.525
31026;321.3877;-445.068;-2075.932
31058;319.0817;-453.2755;-2077.715
31092;316.9572;-460.8669;-2076.199
31128;315.4927;-464.4154;-2077.75
31161;314.841;-469.5068;-2078.206
31194;313.719;-474.5655;-2079.013
31228;312.5325;-478.7853;-2078.662
31262;310.2592;-483.8084;-2078.5
31296;309.1068;-487.7726;-2078.028
31329;308.8175;-492.1135;-2078.425
31363;308.6407;-494.9911;-2079.045
31396;308.0035;-497.225;-2079.884
31430;307.8092;-497.8408;-2080.011
31464;308.1186;-499.8228;-2079.612
31498;308.2181;-500.307;-2079.845
31531;309.1068;-501.3707;-2080.348
31565;309.7805;-501.6284;-2080.386
31616;311.1963;-501.8264;-2080.633
31632;312.2544;-502.0853;-2080.638
31666;313.2581;-502.3362;-2080.831
31700;314.1949;-502.1951;-2080.934
31734;314.9514;-502.1909;-2081.155
31767;315.5636;-502.2659;-2081.441
31801;315.6303;-502.2241;-2081.392
31835;315.6405;-502.2018;-2081.471
31868;315.6075;-501.9868;-2081.681
31885;315.5167;-501.6524;-2081.939
31919;315.4144;-501.5854;-2082.093
31953;315.3214;-501.5235;-2082.603
32004;315.0263;-501.4326;-2083.156
32037;314.5246;-501.0176;-2083.995
32054;314.3528;-500.3842;-2084.481
32088;313.9167;-499.8592;-2084.915
32121;313.6867;-498.8956;-2085.959
32155;313.5544;-496.0481;-2087.287
32189;314.0129;-490.7527;-2090.207
32239;315.5168;-485.7375;-2092.9
32256;316.1531;-483.3421;-2093.861
32307;317.4913;-480.696;-2092.619
32341;319.407;-474.5693;-2090.176
32357;319.9102;-471.3779;-2089.575
32391;320.885;-465.7727;-2087.169
32424;322.9898;-454.4278;-2084.158
32458;324.8635;-450.2559;-2083.658
32492;326.123;-445.474;-2084.16
32525;326.1194;-444.7505;-2083.629
32577;326.5769;-445.967;-2080.626
32611;324.803;-451.4339;-2080.907
32643;323.0771;-457.8087;-2080.252
32660;322.4442;-461.9768;-2079.353
32694;321.6931;-463.6237;-2080.323
32728;321.3095;-467.3232;-2081.2
32762;320.8566;-471.1485;-2082.09
32795;319.4291;-474.0935;-2082.451
32829;315.9456;-480.4407;-2082.702
32864;314.326;-485.3192;-2082.577
32897;313.4294;-489.3699;-2083.101
32931;312.933;-491.9716;-2083.78
32982;312.7591;-492.7697;-2083.724
32998;312.8249;-494.2515;-2083.538
33032;313.1605;-495.8876;-2083.626
33066;313.702;-497.3584;-2083.253
33101;313.8238;-498.3315;-2083.475
33133;313.9548;-498.6182;-2083.521
33167;314.1573;-498.7427;-2083.673
33188;315.1877;-499.4084;-2084.337
33234;315.6765;-499.6739;-2084.571
33269;316.0748;-499.8545;-2084.685
33314;316.8966;-499.9993;-2084.868
33329;317.1817;-500.006;-2084.905
33363;317.1779;-500.0068;-2084.91
33397;317.0041;-499.8912;-2085.116
33448;316.6563;-499.6201;-2085.433
33465;316.6609;-499.6175;-2085.43
33498;316.4737;-499.6194;-2085.51
33532;315.8998;-499.1941;-2085.765
33565;315.6872;-499.1363;-2086.089
33599;314.8997;-498.7288;-2086.9
33633;314.4379;-498.3684;-2087.552
33667;313.9471;-497.8434;-2088.492
33700;313.2546;-496.088;-2090.002
33734;312.7668;-492.8809;-2091.381
33768;313.277;-488.0093;-2094.412
33801;313.3055;-483.7202;-2095.813
33835;313.7345;-481.5222;-2094.843
33869;314.764;-474.1469;-2093.092
33886;315.5559;-467.883;-2094.432
33936;315.9995;-461.8847;-2094.669
33953;322.9113;-440.8265;-2090.694
34004;324.0847;-438.3132;-2090.007
34020;324.6099;-436.4424;-2089.384
34071;326.1622;-433.644;-2089.737
34105;326.6569;-433.2151;-2089.71
34155;326.8602;-432.7148;-2089.47
34176;326.9488;-432.5385;-2089.227
34195;325.8189;-436.4022;-2086.099
34233;323.623;-445.5227;-2087.925
34267;320.3798;-454.8936;-2085.853
34300;318.9992;-461.226;-2084.295
34334;319.001;-464.9937;-2085.281
34368;318.4918;-472.3019;-2084.597
34401;316.771;-476.1171;-2084.3
34442;314.9396;-481.8012;-2084.452
34455;314.2825;-486.8558;-2084.411
34506;313.6823;-488.5066;-2083.969
34523;313.2262;-489.9854;-2084.022
34556;313.3501;-491.8387;-2084.341
34590;313.1843;-493.377;-2084.762
34624;313.2074;-494.4911;-2084.872
34657;313.4534;-495.2559;-2085.044
34691;314.1411;-495.7306;-2085.175
34725;315.6001;-496.4879;-2085.679
34758;316.4513;-496.8109;-2085.909
34792;317.064;-497.1967;-2085.991
34826;317.8709;-497.2924;-2085.811
34860;318.9416;-497.5429;-2086.05
34910;318.945;-497.4485;-2086.117
34927;318.9561;-497.4339;-2086.113
34978;318.8821;-497.321;-2086.095
35011;318.9169;-497.2753;-2086.107
35031;318.756;-497.1129;-2086.111
35082;318.7402;-497.0979;-2086.108
35163;318.3188;-496.5841;-2086.528
35214;318.0681;-495.9717;-2087.004
35297;317.6664;-494.9743;-2087.781
35331;317.63;-484.6008;-2093.03
35365;318.1328;-483.0482;-2094.112
35399;318.6173;-480.7291;-2093.19
35416;318.9783;-477.0705;-2092.019
35466;320.202;-471.4324;-2089.99
35500;321.0115;-467.4495;-2089.171
35533;328.1269;-438.5576;-2087.754
35567;328.269;-437.2225;-2087.148
35584;328.5966;-435.5673;-2087.02
35635;329.0135;-431.8783;-2086.963
35668;328.5388;-431.0078;-2087.085
35702;328.7577;-430.6775;-2086.643
35736;328.1419;-431.2598;-2085.997
35770;327.4546;-434.8812;-2082.808
35803;325.1013;-443.4774;-2085.892
35837;323.3725;-448.5903;-2086.421
35871;320.7841;-458.5448;-2083.952
35921;320.8296;-461.3904;-2084.828
35938;319.392;-464.9716;-2085.694
35955;317.5064;-470.877;-2085.311
35989;315.8765;-476.1883;-2083.985
36022;314.624;-480.0514;-2083.342
36056;313.3347;-482.401;-2082.947
36089;313.1957;-484.1147;-2082.48
36124;312.5918;-486.6379;-2082.547
36174;312.6304;-487.7614;-2082.581
36191;312.9121;-489.693;-2081.912
36224;312.9996;-490.1928;-2081.871
36254;312.8288;-490.6594;-2081.859
36286;312.9507;-490.9117;-2081.837
36337;314.1399;-491.713;-2081.782
36370;314.4654;-492.1131;-2081.917
36387;314.9914;-492.2069;-2081.777
36427;315.3191;-492.1999;-2081.67
36461;315.6734;-492.3423;-2081.566
36494;315.6121;-492.2115;-2081.462
36528;315.4879;-492.0571;-2081.404
36562;315.2363;-491.845;-2081.376
36596;315.1968;-491.8575;-2081.359
36629;314.9546;-491.8735;-2081.341
36663;314.8268;-491.759;-2081.392
36697;314.4303;-491.4674;-2081.418
36747;313.8596;-491.2074;-2081.692
36764;312.6779;-490.7944;-2082.014
36798;311.5196;-490.1731;-2082.952
36832;310.6666;-489.4067;-2083.672
36865;310.0521;-487.8306;-2084.306
36899;309.7244;-485.4818;-2085.256
36932;310.174;-482.4317;-2086.621
36966;311.9053;-477.3495;-2087.555
37000;312.9197;-471.9677;-2087.381
37033;314.3003;-466.343;-2085.097
37067;315.162;-461.0886;-2085.539
37101;317.0108;-455.916;-2084.195
37135;321.1435;-439.0391;-2081.998
37168;323.1986;-432.7274;-2081.635
37185;323.9831;-431.0756;-2081.339
37236;323.9252;-427.521;-2081.958
37253;323.8474;-427.2435;-2081.731
37287;324.2977;-428.0043;-2080.962
37320;322.2743;-434.0944;-2081.456
37370;321.6451;-445.9261;-2078.211
37404;320.4044;-452.1374;-2077.925
37421;318.8521;-455.1894;-2079.003
37472;318.1844;-458.7015;-2080.514
37488;316.7112;-462.5211;-2081.797
37522;314.1705;-471.341;-2081.527
37556;312.603;-476.1311;-2081.207
37590;312.2819;-479.9423;-2080.881
37641;311.4966;-482.2329;-2081.283
37657;311.4522;-483.4954;-2081.556
37691;311.2155;-485.5627;-2081.395
37724;311.2165;-486.9526;-2081.683
37758;311.396;-488.4731;-2081.044
37809;311.4151;-489.1885;-2081.164
37825;311.4265;-489.265;-2081.129
37859;311.93;-489.6074;-2081.103
37893;312.9004;-490.0392;-2081.334
37943;313.6609;-490.4116;-2081.503
37960;314.2472;-490.5327;-2081.687
38011;315.3651;-490.6589;-2081.66
38028;315.4887;-490.5315;-2081.64
38078;315.5874;-490.4248;-2081.478
38095;315.4568;-490.282;-2081.393
38129;315.2484;-490.3924;-2081.525
38162;315.2235;-490.3329;-2081.365
38196;314.6764;-489.7178;-2081.007
38230;314.0689;-489.1476;-2080.829
38263;313.5218;-488.5875;-2080.897
38314;313.4764;-488.4808;-2080.924
38331;312.4284;-488.0367;-2081.389
38365;311.6989;-487.0822;-2081.985
38399;311.5394;-484.0686;-2083.135
38432;311.1544;-479.0865;-2085.656
38466;312.2624;-472.9901;-2087.095
38499;312.8443;-470.0495;-2087.36
38516;314.1564;-461.9636;-2086.064
38567;318.1784;-444.3155;-2080.504
38600;321.4517;-438.3167;-2079.116
38617;328.1768;-412.8271;-2077.047
38652;330.1964;-409.1844;-2078.133
38685;327.9323;-399.0378;-2084.96
38718;329.2427;-396.1418;-2087.296
38752;330.2503;-395.2217;-2086.879
38786;329.9402;-396.3694;-2087.889
38819;328.1838;-400.2457;-2089.542
38853;325.4418;-413.3427;-2083.154
38904;322.8073;-423.6672;-2077.507
38937;316.831;-441.4243;-2077.876
38971;314.7017;-448.6126;-2078.817
38998;314.3951;-453.2115;-2081.074
39049;313.9816;-458.0733;-2082.804
39065;312.2885;-465.3157;-2082.3
39099;311.0927;-472.1672;-2082.2
39132;310.7008;-474.7111;-2081.826
39184;309.7243;-478.7981;-2082.095
39199;309.3548;-480.9994;-2082.503
39233;308.9101;-483.0631;-2082.784
39267;308.4673;-484.0818;-2082.942
39301;308.5108;-485.6488;-2083.298
39334;308.7018;-486.4134;-2083.405
39368;308.7981;-487.0714;-2083.656
39402;309.1943;-487.5592;-2083.769
39436;312.2672;-488.3432;-2084.176
39469;313.2356;-488.8;-2084.123
39503;314.2766;-488.7105;-2084.117
39520;314.5118;-488.6933;-2084.072
39570;315.8888;-488.9545;-2084.344
39604;315.9909;-488.9771;-2084.463
39621;315.8818;-488.8756;-2084.455
39655;315.8171;-488.7867;-2084.513
39705;315.7566;-488.7419;-2084.541
39722;315.8285;-488.7453;-2084.672
39772;315.8476;-488.7815;-2084.634
39789;315.6617;-488.5246;-2084.866
39823;315.4364;-488.4303;-2085.01
39857;314.7943;-487.8723;-2085.808
39890;314.5558;-487.6222;-2086.32
39925;314.013;-486.8784;-2087.446
39958;313.9206;-484.7052;-2088.67
39992;313.976;-479.9088;-2091.627
40025;313.5304;-474.2741;-2094.684
40059;314.8278;-470.9928;-2095.031
40093;315.1131;-464.0067;-2094.705
40126;316.4156;-459.7721;-2093.329
40160;320.1382;-443.7126;-2088.515
40194;324.1107;-434.6499;-2088.244
40228;326.2014;-429.0258;-2087.197
40261;334.4824;-402.6319;-2095.765
40295;334.8613;-401.9531;-2094.982
40329;335.2197;-405.0039;-2094.14
40362;334.6669;-405.322;-2096.206
40397;333.4019;-406.9901;-2097.051
40430;328.363;-417.1635;-2091.919
40463;326.5476;-422.2373;-2087.285
40497;322.4522;-435.8887;-2085.331
40531;321.8351;-442.1415;-2084.58
40565;321.0636;-446.0456;-2085.296
40598;320.4828;-453.375;-2084.857
40632;319.834;-455.8778;-2085.831
40666;319.4774;-463.2589;-2085.161
40699;318.3166;-468.8116;-2085.606
40733;316.8037;-473.3026;-2085.216
40750;314.4805;-477.5455;-2085.73
40800;313.1746;-480.8521;-2086.651
40834;312.1764;-483.3769;-2087.052
40851;311.5612;-485.3942;-2087.477
40901;311.1384;-487.3018;-2088.176
40919;310.6351;-488.6173;-2088.902
40952;310.4156;-489.6856;-2089.5
40986;310.483;-490.0805;-2089.765
41019;311.2263;-490.5282;-2089.76
41053;311.7074;-490.8042;-2089.746
41088;312.0475;-491.2205;-2089.758
41137;312.6774;-491.4829;-2089.865
41154;312.9842;-491.5967;-2090.0
41188;313.5394;-491.581;-2090.187
41224;313.7281;-491.6575;-2090.438
41256;313.7774;-491.7222;-2090.585
41289;313.7958;-491.7249;-2090.604
41323;313.779;-491.7273;-2090.71
41356;313.7082;-491.7584;-2090.739
41407;313.4518;-491.7639;-2090.924
41424;313.4487;-491.7704;-2090.933
41457;313.4372;-491.7546;-2090.943
41492;313.447;-491.8773;-2091.092
41542;313.4071;-491.8683;-2091.159
41559;313.4145;-491.8517;-2091.163
41593;313.4416;-491.847;-2091.323
41626;313.5196;-491.864;-2091.469
41659;313.6325;-491.8386;-2091.572
41693;313.5164;-491.8124;-2091.601
41727;313.1627;-491.6413;-2091.763
41761;312.7467;-491.5201;-2091.931
41794;312.3515;-491.2269;-2091.976
41828;312.0228;-490.8463;-2092.069
41862;311.6018;-490.464;-2092.116
41895;311.3203;-490.1796;-2092.183
41929;311.1329;-490.0695;-2092.208
41963;310.5199;-489.4497;-2092.194
41997;309.4478;-488.6862;-2092.122
42030;308.4483;-487.8858;-2092.156
42064;307.9632;-487.3564;-2091.996
42097;307.4648;-486.8087;-2091.848
42131;307.3542;-486.5688;-2091.554
42165;307.1397;-486.3423;-2091.369
42199;306.7385;-485.9544;-2091.137
42232;306.6124;-485.7838;-2091.073
42266;306.5051;-485.6602;-2091.028
42300;306.3112;-485.5352;-2090.975
42333;306.0973;-485.5468;-2090.957
42367;305.6992;-485.381;-2090.802
42384;305.4616;-485.1441;-2090.802
42435;305.1055;-485.0445;-2090.782
42451;304.7542;-484.9374;-2090.792
42485;304.2587;-484.756;-2090.799
42536;303.9481;-484.5816;-2090.853
42553;303.2694;-484.3505;-2090.701
42587;302.9807;-484.1515;-2090.571
42620;302.8383;-484.1265;-2090.49
42654;302.585;-484.0893;-2090.483
42687;302.4226;-484.0638;-2090.441
42739;302.3546;-484.0214;-2090.359
42755;301.8843;-483.8446;-2090.2
42789;301.6739;-483.7084;-2090.042
42839;301.5064;-483.5524;-2089.721
42856;301.4603;-483.4635;-2089.587
42889;300.71;-483.4245;-2089.39
42940;300.5562;-483.3466;-2089.193
42957;300.3654;-483.2081;-2088.929
42991;300.0238;-483.0702;-2088.621
43041;299.9013;-483.05;-2088.508
43058;300.0209;-482.6546;-2087.854
43092;299.9634;-482.6398;-2087.741
43126;299.9264;-482.6259;-2087.541
43176;299.7525;-482.6113;-2087.5
43193;299.4749;-482.5497;-2087.229
43226;299.6464;-482.4466;-2086.631
43260;299.6212;-482.497;-2086.472
43294;299.7193;-482.4537;-2086.116
43328;299.5767;-482.2528;-2085.6
43361;299.3793;-482.1866;-2085.492
43395;299.3589;-482.1817;-2085.291
43429;299.4622;-482.0164;-2084.583
43462;299.202;-481.8071;-2084.081
43496;299.1447;-481.7241;-2083.831
43530;299.1507;-481.6948;-2083.591
43563;299.1893;-481.5722;-2083.106
43597;299.1039;-481.2249;-2082.384
43631;299.1696;-481.1715;-2081.951
43665;299.2602;-481.0137;-2081.365
43698;299.172;-480.8424;-2080.854
43732;299.0841;-480.779;-2080.548
43766;298.886;-480.7553;-2080.387
43799;298.718;-480.8318;-2080.3
43833;298.5949;-480.7632;-2080.225
43867;298.6203;-480.8406;-2080.092
43901;298.5604;-480.9213;-2079.981
43934;298.5479;-480.9475;-2079.947
43968;298.3842;-481.0486;-2080.091
44001;297.8763;-481.2002;-2080.23
44035;296.9944;-481.2793;-2080.879
44069;296.2779;-481.3639;-2081.596
44103;295.6824;-481.5307;-2082.147
44120;295.3223;-481.7188;-2082.558
44170;295.1504;-481.7049;-2082.729
44462;294.5966;-480.515;-2077.251
44495;294.4424;-480.5077;-2077.297
44528;293.6778;-480.7213;-2078.076
44562;292.891;-480.9004;-2078.753
44595;292.3696;-481.1038;-2079.155
44630;291.4829;-481.7137;-2079.883
44663;291.1069;-481.9507;-2080.374
44696;290.6814;-482.1092;-2080.692
44730;290.2677;-482.2342;-2080.971
44764;289.6389;-482.41;-2081.427
44798;288.9069;-482.6015;-2081.549
44829;287.936;-482.6383;-2081.679
44860;286.6409;-482.5601;-2081.763
44891;285.3381;-482.651;-2081.753
44925;283.9758;-482.5512;-2081.237
44959;283.6544;-481.8528;-2080.552
44993;290.1024;-473.0615;-2073.42
45027;341.5794;-447.2647;-2078.109
45060;444.0153;-437.162;-2144.831
45094;488.3626;-389.1134;-2211.916
47496;-180.6006;-507.0522;-1803.837
47529;-139.5443;-442.6835;-1738.805
47563;-193.8891;-495.769;-1746.823
47596;-179.5149;-462.9972;-1696.958
47630;-187.9947;-452.7205;-1679.987
47682;-224.6279;-460.9332;-1667.626
47718;-233.6978;-454.3102;-1655.167
47758;-254.2205;-444.3427;-1609.946
47812;-264.0246;-437.9996;-1612.044
47845;-273.1857;-434.092;-1600.259
47902;-283.9741;-434.3322;-1583.81
47919;-288.5571;-432.0396;-1569.913
47952;-307.8479;-431.0923;-1550.618
47969;-317.1486;-427.5318;-1540.867
47989;-310.2239;-416.2425;-1513.588
48022;-314.887;-413.7256;-1496.704
48056;-325.2902;-408.9997;-1480.012
48073;-335.1939;-399.3796;-1458.418
48109;-341.7738;-396.4382;-1434.928
48159;-347.4485;-394.7283;-1409.037
48193;-363.9333;-388.6241;-1395.689
48210;-374.9863;-383.5266;-1389.432
48243;-384.0655;-378.8554;-1376.93
48277;-395.5664;-393.81;-1334.582
48298;-401.4166;-391.3039;-1332.679
48331;-414.7872;-386.2634;-1310.712
48365;-417.4922;-381.7577;-1297.578
48399;-425.3884;-376.3638;-1275.976
48433;-439.3451;-372.8632;-1259.569
48466;-448.9037;-370.7793;-1246.377
48523;-458.7261;-364.1051;-1229.563
48557;-460.3853;-348.5344;-1190.529
48607;-459.3938;-341.8073;-1165.593
48641;-441.6368;-338.7945;-1136.81
48674;-425.6393;-334.8181;-1119.877
48708;-403.1618;-323.8874;-1092.473
48742;-397.5119;-309.6898;-1089.266
48776;-385.2094;-293.7628;-1073.867
48809;-383.3118;-283.5143;-1058.674
48843;-380.8889;-273.0287;-1049.367
48877;-377.1047;-265.2367;-1037.448
48911;-374.0052;-256.6935;-1022.457
48944;-372.7952;-250.6554;-1012.874
48978;-370.6417;-244.8017;-1000.166
49012;-367.8132;-238.4924;-984.2923
49045;-367.9964;-229.1205;-975.3381
49079;-363.8791;-222.2549;-964.7802
49112;-350.1679;-230.7132;-965.3144
49164;-347.6665;-231.7387;-965.8168
49180;-325.9923;-237.3212;-950.8279
49230;-322.184;-231.5583;-955.5502
49265;-321.3921;-220.1062;-957.9586
49281;-319.5608;-228.6434;-962.0229
49298;-314.5702;-229.0852;-1017.107
49349;-325.354;-230.1017;-1004.444
49365;-386.1196;-204.0838;-944.188
49399;-408.3059;-234.7694;-937.4489
49433;-503.0067;-77.77796;-1007.391
49467;-212.4991;-65.59316;-582.9531
49500;-212.4991;-65.59316;-582.9531
49534;-212.4991;-65.59316;-582.9531
49561;-212.4991;-65.59316;-582.9531
49608;-212.4991;-65.59316;-582.9531
49642;-212.4991;-65.59316;-582.9531
49659;-212.4991;-65.59316;-582.9531
49710;-212.4991;-65.59316;-582.9531
49729;-212.4991;-65.59316;-582.9531
49760;-212.4991;-65.59316;-582.9531
49794;-212.4991;-65.59316;-582.9531
49851;-212.4991;-65.59316;-582.9531
49930;-212.4991;-65.59316;-582.9531
49948;-212.4991;-65.59316;-582.9531
49998;173.5251;-338.6418;-1938.027
50032;202.487;-329.608;-1931.129
50066;216.1917;-326.2125;-1929.034
50099;230.5906;-320.6038;-1928.703
50133;252.7047;-316.8428;-1927.369
50167;265.2964;-313.5908;-1926.515
50200;281.2175;-312.6493;-1924.385
50234;294.5665;-310.5886;-1921.336
50268;303.854;-309.1471;-1918.199
50301;317.4559;-307.9429;-1915.152
50335;325.5181;-306.1827;-1913.275
50370;332.2933;-305.1916;-1912.395
50404;338.0015;-304.6155;-1912.429
50421;341.7957;-304.6241;-1913.677
50454;346.7488;-305.323;-1913.973
50522;349.9391;-304.9595;-1914.727
50538;351.6608;-304.8038;-1915.585
50555;353.9076;-305.3332;-1915.959
50614;355.3644;-305.8216;-1916.584
50642;356.8915;-305.6202;-1917.468
50676;358.3141;-305.3459;-1918.44
50693;358.6344;-305.776;-1920.16
50743;358.8504;-306.2327;-1922.649
50777;358.4018;-307.2085;-1927.282
50810;357.2028;-306.5894;-1933.301
50827;355.7603;-305.8829;-1942.181
50877;353.3986;-307.3238;-1952.106
50894;352.5595;-306.7854;-1960.703
50946;349.4881;-306.1989;-1969.539
50962;349.0141;-305.6356;-1977.052
50997;349.5779;-307.8493;-1983.392
51031;350.5721;-311.461;-1988.562
51065;350.5226;-313.768;-1992.115
51098;350.3289;-314.6247;-1993.546
51132;351.0605;-317.5424;-1995.037
51166;351.0121;-318.2748;-1995.297
51199;350.7683;-318.5382;-1995.346
51233;350.4171;-318.7187;-1995.23
51267;350.0472;-318.8019;-1993.351
51300;349.3949;-318.2941;-1992.002
51352;349.0356;-317.7932;-1990.725
51368;348.0831;-316.6427;-1985.152
51401;347.9226;-316.1129;-1976.802
51435;348.2172;-316.1679;-1972.635
51469;350.2042;-312.6039;-1965.226
51503;350.423;-309.8805;-1958.557
51554;352.0972;-308.7969;-1952.583
51570;354.5791;-310.2323;-1946.593
51621;355.1473;-311.7171;-1940.866
51638;356.7629;-311.7518;-1936.959
51705;359.7314;-311.1046;-1933.47
51722;365.3571;-305.6764;-1926.908
51738;371.7272;-302.6509;-1922.194
51772;376.7962;-299.2321;-1917.14
51806;378.9021;-297.8013;-1914.572
51823;388.701;-283.6456;-1905.019
51856;392.8633;-281.1588;-1902.266
51891;395.2716;-279.8486;-1901.082
51925;399.3134;-279.9548;-1900.995
51957;403.5408;-278.5987;-1900.34
51991;407.5918;-277.132;-1900.001
52025;410.2614;-276.3631;-1900.196
52058;412.005;-276.3836;-1901.176
52092;413.7493;-275.9504;-1902.901
52143;414.3462;-285.5236;-1910.301
52177;415.5748;-283.9854;-1909.67
52193;416.6075;-288.5698;-1915.751
52227;417.2675;-290.0509;-1918.749
52261;418.2354;-291.7616;-1919.926
52294;421.159;-292.2087;-1925.323
52328;423.3345;-292.7398;-1928.333
52362;424.1887;-292.7798;-1930.192
52413;433.3653;-282.5591;-1928.724
52429;437.7167;-287.7489;-1933.04
52463;445.4157;-281.021;-1929.936
52497;450.2294;-276.6935;-1927.987
52530;458.4634;-271.5504;-1927.089
52564;463.0459;-268.8616;-1924.898
52598;463.7666;-271.2202;-1927.698
52633;468.3965;-270.9783;-1925.51
52676;470.0239;-274.0217;-1923.517
52699;475.5058;-271.8152;-1920.381
52722;476.3614;-272.102;-1917.595
52772;476.6419;-275.5068;-1919.628
52789;481.0875;-285.0246;-1924.437
52841;481.4802;-285.7138;-1924.707
52885;483.1534;-290.6469;-1929.752
52905;483.9559;-290.4811;-1930.125
52948;485.5417;-291.6265;-1930.636
52978;482.8811;-340.1661;-1951.507
52995;484.383;-338.9899;-1950.944
53029;483.1862;-339.6249;-1949.563
53063;482.7897;-344.359;-1947.809
53097;480.7077;-342.6334;-1947.059
53130;480.2989;-346.9009;-1946.378
53164;480.2523;-346.3447;-1946.739
53197;480.0083;-346.6979;-1947.683
53231;479.739;-347.5407;-1947.895
53282;479.2288;-346.5238;-1950.782
53299;477.7641;-346.8697;-1949.178
53366;477.2078;-346.92;-1949.655
53434;463.3303;-344.0177;-1951.424
53484;454.7323;-301.8879;-1932.878
53535;453.7263;-302.042;-1932.983
53568;422.3842;-313.2253;-1948.091
53602;414.6631;-309.6538;-1952.498
53636;388.4326;-308.6402;-1966.417
53669;379.6274;-310.0337;-1973.741
53703;360.2995;-316.3296;-1985.791
53737;340.683;-322.6751;-1998.427
53770;323.1434;-329.6569;-2010.438
53787;306.888;-330.6786;-2017.438
53838;291.8233;-333.4757;-2023.919
53871;271.0657;-339.6717;-2028.866
53888;252.2295;-344.3741;-2033.496
53939;228.9267;-349.5402;-2038.656
53972;210.2582;-355.3291;-2041.038
54007;183.2566;-363.9796;-2046.15
54040;166.6665;-367.8933;-2049.395
54057;141.362;-371.0125;-2057.391
54107;119.7345;-373.5447;-2065.71
54141;106.9077;-377.144;-2070.359
54191;89.11906;-377.8167;-2078.396
54242;82.21967;-376.6395;-2083.053
54276;72.9904;-375.3327;-2089.071
54309;67.50271;-374.3059;-2092.597
54343;63.01874;-372.6815;-2094.549
54360;59.96382;-371.652;-2095.787
54394;56.26001;-370.1498;-2097.275
54427;53.85226;-369.2878;-2098.605
54461;51.33542;-370.3979;-2099.262
54495;49.89212;-370.575;-2099.77
54531;48.66357;-369.2189;-2100.476
54563;48.00891;-368.1731;-2100.727
54597;48.02698;-367.6448;-2100.649
54630;48.19479;-367.2733;-2100.419
54663;49.09063;-367.6636;-2099.722
54698;51.61185;-368.1507;-2097.651
54731;55.90257;-368.6433;-2095.411
54764;65.39329;-369.811;-2092.151
54798;77.6776;-369.8268;-2086.935
54832;87.90013;-368.8689;-2083.374
54866;103.1872;-367.4055;-2079.921
54899;119.9107;-367.1827;-2075.197
54933;143.1923;-367.6333;-2068.662
54966;158.7762;-366.3811;-2064.759
55000;189.7354;-368.1778;-2058.294
55034;210.9916;-365.4781;-2052.761
55068;232.3306;-361.0605;-2052.019
55101;260.9779;-359.6895;-2051.078
55118;281.9473;-351.183;-2054.371
55169;310.2367;-343.1606;-2053.421
55202;325.1023;-337.5649;-2058.185
55223;356.524;-321.0013;-2054.993
55253;372.3174;-308.6165;-2062.306
55287;394.3602;-290.134;-2065.075
55320;412.6375;-281.9687;-2065.657
55371;425.1133;-278.5587;-2067.638
55405;446.8904;-271.4878;-2068.096
55438;468.2165;-265.0704;-2065.881
55472;484.0222;-266.1993;-2063.292
55489;501.1985;-267.3309;-2059.147
55573;543.2024;-261.0519;-2049.227
55608;544.7558;-262.0737;-2048.678
55657;556.8352;-260.6498;-2046.498
55692;572.1198;-257.3722;-2041.514
55725;579.0224;-257.1856;-2039.218
55758;583.4368;-256.4692;-2036.933
55809;592.3737;-254.2155;-2033.451
55826;593.9355;-255.2188;-2031.927
55859;594.8741;-255.1752;-2031.326
55893;595.334;-256.1982;-2031.304
55927;595.3039;-256.2276;-2031.276
55961;593.4752;-258.2398;-2032.029
56001;590.2955;-261.3345;-2031.064
56028;589.6605;-261.6667;-2031.005
56062;589.024;-261.2136;-2030.674
56095;587.7399;-261.3558;-2031.37
56129;579.8988;-263.5017;-2032.647
56163;578.0096;-263.4903;-2033.633
56196;573.0325;-262.2965;-2034.951
56230;570.9719;-261.4895;-2035.922
56264;566.0313;-259.0504;-2036.75
56297;558.9393;-260.3938;-2038.249
56331;557.309;-259.5208;-2038.248
56365;554.8321;-258.2667;-2038.998
56398;552.3831;-257.9613;-2039.166
56432;546.5338;-259.4132;-2041.658
56466;542.8119;-259.9279;-2043.091
56500;539.3543;-261.151;-2045.001
56568;537.6736;-258.3377;-2043.137
56729;536.2816;-259.6353;-2043.685
56795;518.7496;-299.0234;-2005.777
56846;519.3417;-298.8245;-2005.862
56863;519.243;-301.6712;-2007.033
56897;526.0665;-276.5825;-2038.094
56930;514.2602;-298.9453;-2053.323
56964;514.8594;-296.4463;-2053.585
57016;513.3218;-290.5823;-2055.904
57048;510.8506;-286.9211;-2057.885
57065;506.0011;-283.4791;-2063.909
57099;493.1681;-287.2667;-2077.13
57132;482.124;-285.5515;-2091.916
57183;468.9767;-292.9968;-2112.744
57200;459.47;-293.3248;-2119.26
57233;445.4731;-300.3356;-2134.719
