
1;-450.0846;251.7538;-1699.735
19;-424.9223;247.7682;-1721.079
40;-419.9508;247.4535;-1726.0
98;-420.339;248.886;-1730.113
137;-418.0237;248.6421;-1734.854
190;-411.0328;245.3974;-1743.352
240;-406.2908;239.8953;-1752.69
275;-405.6469;239.2323;-1753.658
291;-404.6563;237.6387;-1758.78
325;-404.3357;236.1638;-1762.877
360;-402.8665;232.2469;-1769.187
377;-402.3268;230.7426;-1773.807
398;-403.9357;229.7555;-1778.793
432;-403.9515;228.3504;-1782.631
465;-393.6826;217.551;-1789.149
521;-394.2036;216.3479;-1790.276
583;-392.7076;209.7024;-1790.79
622;-392.9024;206.0032;-1785.574
639;-403.5796;206.1252;-1771.227
672;-407.4153;203.2244;-1750.499
706;-408.0397;198.7589;-1715.271
744;-395.5321;183.6739;-1681.094
798;-362.6938;151.1577;-1652.806
812;-345.3126;124.1179;-1624.758
832;-336.2971;97.24371;-1587.273
900;-311.7023;52.89265;-1560.865
934;-295.6311;14.85679;-1530.058
952;-296.0203;-27.01315;-1493.502
1003;-275.7806;-62.05703;-1460.534
1021;-266.5822;-92.84917;-1446.865
1054;-275.0182;-106.7181;-1431.8
1072;-290.3111;-119.9343;-1417.979
1122;-322.9542;-137.4129;-1393.011
1156;-358.2316;-140.3032;-1390.192
1190;-397.7805;-139.3175;-1372.07
1226;-419.6568;-133.5999;-1377.399
1264;-470.3504;-121.4295;-1374.667
1300;-545.8141;-114.7201;-1316.086
1334;-564.0413;-109.3125;-1332.818
1370;-603.537;-102.1635;-1322.044
1403;-647.9675;-93.06687;-1290.094
1420;-689.2189;-81.55688;-1256.185
1455;-700.6263;-86.05659;-1190.493
1471;-795.5632;-280.4886;-1345.365
1522;-820.1284;-284.3687;-1322.984
1556;-830.7521;-294.2346;-1311.165
1592;-831.9558;-307.1474;-1306.579
1631;-788.7214;-330.748;-1333.872
1665;-749.5185;-340.8373;-1342.834
1698;-517.4567;77.59507;-1228.491
1733;-493.4965;85.37952;-1201.266
1786;-485.8905;120.8899;-1190.401
1823;-354.6535;15.18278;-1118.642
1841;-366.3271;64.22638;-1101.436
1883;-353.5099;47.37014;-1088.613
1921;-340.4825;36.08717;-1069.189
1941;-331.944;18.29495;-1050.764
1962;-334.0208;63.57638;-1037.376
1980;-337.8222;-29.1757;-984.7559
1996;-288.9372;-11.56451;-1046.986
2059;-328.4168;-112.064;-1024.817
2088;-281.3838;-64.42683;-994.468
2124;-260.2878;-116.5367;-969.6897
2139;-285.7326;-23.73711;-971.4086
2173;-244.6954;-260.324;-859.8785
2207;-248.1433;-191.6437;-882.1323
2241;-230.7221;-231.7591;-862.8984
2275;-225.3676;-222.1936;-863.7097
2291;-199.0225;-184.5356;-865.8149
2325;-188.4477;-101.5852;-913.831
2358;-139.5634;-24.452;-884.0938
2392;-315.1549;62.53579;-867.2597
2443;-328.2567;124.031;-865.874
2460;-303.2047;108.4372;-864.5066
2493;-174.0761;228.2734;-859.7556
2528;-57.79435;82.65066;-297.2458
2595;-84.08086;60.19402;-296.2861
3591;-235.9419;-596.6771;-1831.961
3625;-247.1984;-571.9604;-1854.367
3664;-232.6615;-614.7626;-1858.565
3681;-224.9729;-612.8502;-1863.313
3732;-208.2222;-611.8688;-1870.621
3765;-189.7648;-610.2178;-1877.557
3802;-163.8863;-605.8162;-1878.689
3852;-154.8692;-603.3929;-1886.065
3869;-110.0295;-634.8371;-1889.655
3886;-66.82755;-618.725;-1914.722
3919;-64.29527;-611.5391;-1916.47
3953;-53.94404;-613.0723;-1915.691
3995;-47.71346;-605.4014;-1913.622
4028;-83.06077;-584.1053;-1897.772
4062;-72.6703;-583.2919;-1896.296
4096;-64.33257;-580.3359;-1895.678
4130;-52.47801;-585.2115;-1893.464
4146;-28.13963;-585.4834;-1882.4
4197;-24.14085;-587.2482;-1880.141
4231;-16.91559;-591.8114;-1877.52
4264;11.51592;-578.4984;-1863.164
4315;35.52126;-596.6753;-1852.015
4332;38.86442;-592.0432;-1854.226
4365;54.3132;-597.9542;-1850.222
4416;87.54189;-617.9479;-1835.671
4450;92.22448;-619.7542;-1833.917
4466;96.5713;-619.8988;-1836.098
4484;126.5791;-603.1289;-1825.212
4719;129.8038;-603.7305;-1827.197
4736;136.4122;-607.3279;-1831.144
4779;141.5016;-597.9789;-1950.23
4795;144.7785;-605.8991;-1951.072
4829;152.6512;-602.5775;-1967.058
4863;156.4035;-610.0524;-1968.478
4896;160.3512;-614.7067;-1972.598
4930;164.6928;-616.3906;-1980.514
4964;171.8276;-618.4448;-1986.191
4997;173.9852;-620.6581;-1990.965
5031;174.205;-622.9767;-1994.789
5050;173.6775;-626.1954;-1999.74
5087;173.5838;-628.8965;-2003.174
5137;172.3657;-631.6855;-2006.634
5154;170.4326;-635.7429;-2012.133
5205;168.382;-639.5595;-2016.052
5227;165.6743;-641.3727;-2018.91
5273;162.5436;-644.2267;-2023.757
5290;160.6352;-645.0587;-2025.957
5341;154.7752;-648.0224;-2028.87
5357;152.1488;-650.0833;-2030.58
5391;149.8428;-651.244;-2032.546
5424;147.7653;-652.0621;-2035.27
5458;145.8139;-653.2854;-2037.715
5492;144.1475;-653.3578;-2039.614
5526;142.8527;-653.4703;-2041.504
5559;141.0963;-654.3105;-2044.303
5585;140.2483;-655.1959;-2046.894
5634;139.6973;-656.945;-2049.089
5684;139.5308;-660.093;-2051.832
5710;141.8716;-661.8843;-2056.384
5727;144.316;-663.6206;-2061.401
5760;146.3093;-664.8512;-2063.565
5794;150.0962;-665.6684;-2066.987
5828;153.2366;-666.4528;-2068.276
5862;161.634;-669.2609;-2067.246
5895;165.5722;-671.55;-2070.141
5929;170.5657;-669.1104;-2072.251
5963;175.391;-668.6006;-2071.833
5996;180.0902;-673.6972;-2068.41
6013;185.5573;-675.0411;-2066.664
6064;192.3237;-657.56;-2078.068
6097;202.3376;-653.1647;-2077.198
6131;205.2096;-653.7569;-2075.745
6165;205.7963;-656.1442;-2073.542
6198;208.7473;-656.3225;-2072.392
6232;209.7603;-660.0198;-2069.286
6249;210.4412;-661.4803;-2068.165
6283;211.3358;-661.6215;-2067.907
6316;211.9115;-661.4117;-2068.195
6367;212.0047;-661.6688;-2068.162
6401;211.5738;-663.5616;-2066.93
6417;217.1461;-660.7835;-2060.901
6468;217.8338;-662.2828;-2058.784
6485;217.7509;-662.3072;-2058.364
6518;190.56;-669.7913;-2070.537
6552;190.1016;-668.2473;-2071.037
6586;188.5367;-668.4179;-2072.037
6620;187.7327;-668.0338;-2073.039
6653;186.8084;-667.9325;-2073.796
6687;186.2397;-667.359;-2074.647
6721;185.6334;-667.993;-2074.438
6755;184.8115;-668.2867;-2074.836
6788;184.5244;-669.8933;-2073.576
6839;184.0303;-672.1968;-2071.982
6856;183.056;-676.9161;-2068.46
6889;182.2747;-680.0051;-2066.205
6940;182.1437;-680.1141;-2066.132
6956;182.6106;-679.3096;-2066.02
6990;183.0898;-677.5927;-2066.865
7024;184.8455;-673.6871;-2069.931
7109;222.6906;-664.8904;-2052.008
7143;222.8364;-653.4971;-2061.198
7194;219.8674;-657.6545;-2064.039
7229;220.6342;-651.0347;-2070.287
7263;220.4819;-652.8892;-2069.335
7296;221.8288;-647.3821;-2073.852
7330;221.7262;-653.579;-2070.187
7364;223.0431;-651.8162;-2072.37
7397;224.6162;-652.3576;-2072.345
7431;225.3329;-653.3196;-2072.0
7465;225.7081;-653.9753;-2071.971
7482;225.2271;-654.1806;-2073.364
7532;222.8896;-659.7683;-2070.095
7550;216.4517;-657.7111;-2073.225
7600;175.0329;-642.1292;-2088.601
7634;141.4075;-623.2669;-2102.659
7667;104.5727;-591.5714;-2115.948
7701;60.67722;-558.4138;-2119.251
7717;14.63974;-492.409;-2135.489
7769;-67.02103;-446.169;-2138.234
7802;-67.13304;-355.4803;-2178.32
7886;-88.27419;-178.1996;-2237.273
7920;-107.1254;6.032929;-2312.333
7953;-92.36907;80.21755;-2348.123
8004;-31.37687;115.0559;-2376.558
8021;-7.619438;180.9186;-2416.496
8055;23.09054;228.5492;-2443.142
8088;67.35959;221.6478;-2448.242
8122;83.55546;249.4964;-2471.145
8172;95.31872;255.7127;-2479.585
8189;113.3301;261.4422;-2489.881
8223;115.8976;261.7602;-2491.028
8258;117.3969;266.3494;-2496.322
8292;119.2647;265.3364;-2498.341
8325;120.1497;265.1157;-2499.04
8376;120.5897;264.2959;-2498.831
8410;119.5662;262.9866;-2497.701
8426;116.4921;260.4211;-2494.442
8461;99.80112;232.9617;-2469.741
8494;97.61846;233.2656;-2469.499
8527;94.45541;205.8035;-2455.095
8561;68.51014;201.2582;-2441.608
8595;57.19046;202.6552;-2439.768
8629;29.69854;159.5741;-2407.142
8662;-2.440696;168.6598;-2402.357
8730;-47.51368;87.17417;-2348.8
8764;-78.35136;42.01174;-2317.239
8791;-97.94308;-22.04151;-2279.882
8825;-100.6206;-104.7702;-2244.713
8859;-89.38217;-195.4492;-2216.53
8893;-97.16523;-265.8619;-2189.765
8926;-87.40205;-359.7288;-2157.837
8960;-86.729;-446.3982;-2122.11
9011;-5.513383;-517.4587;-2125.517
9055;85.34583;-630.6444;-2113.996
9089;139.0629;-649.7269;-2124.087
9140;182.469;-676.321;-2120.756
9173;192.4585;-669.5901;-2125.922
9190;204.1322;-690.0829;-2109.826
9225;204.7442;-692.5946;-2111.986
9258;218.1823;-683.0468;-2096.881
9291;175.5862;-684.3868;-2145.583
9325;141.4168;-668.7563;-2149.867
9358;84.52612;-642.1957;-2148.382
9410;26.5746;-608.3132;-2150.547
9426;-13.31443;-535.9579;-2174.715
9460;-70.94632;-466.6702;-2199.818
9510;-110.1636;-391.5852;-2222.698
9544;-108.3922;-287.999;-2261.208
9579;-106.5416;-208.263;-2288.789
9611;-115.7956;-117.5807;-2329.381
9645;-113.7368;-16.33558;-2368.37
9662;-103.7327;69.19032;-2413.237
9696;-56.13043;128.5948;-2447.327
9729;-2.644547;169.6229;-2472.523
9763;43.75426;213.4162;-2498.669
9797;95.79362;233.5632;-2516.498
9830;133.6355;238.2887;-2527.378
9864;146.1093;253.1485;-2534.884
9898;164.2218;259.8227;-2536.441
9932;182.8693;261.896;-2534.303
9999;194.0001;261.9012;-2538.059
10066;193.819;264.7466;-2532.764
10083;188.3046;265.089;-2530.484
10117;164.9115;265.6066;-2520.52
10151;149.3214;260.4337;-2514.601
10185;121.935;218.5744;-2483.921
10218;95.18097;211.155;-2469.436
10252;55.68233;184.6964;-2440.729
10288;26.87753;137.7899;-2409.382
10336;-11.74363;110.4788;-2383.026
10370;-54.85203;73.89244;-2352.561
10403;-90.25877;22.84972;-2316.147
10420;-89.86497;-72.82972;-2269.277
10454;-96.87341;-149.8916;-2235.718
10504;-94.38708;-240.5313;-2206.426
10521;-68.54269;-324.4681;-2174.866
10572;-95.20425;-410.0044;-2126.678
10589;-36.42561;-487.1697;-2122.18
10639;22.0592;-548.8701;-2114.778
10656;74.96704;-597.7173;-2111.069
10690;131.2633;-639.1155;-2115.921
10723;168.5708;-669.9564;-2115.738
10757;225.8891;-670.1561;-2082.353
10791;223.9962;-666.4367;-2101.852
10842;217.2727;-670.7126;-2117.318
10858;208.1983;-676.9359;-2127.72
10892;198.8474;-676.6205;-2132.319
10926;155.1911;-664.217;-2134.246
10959;119.4334;-638.1543;-2136.429
10993;69.88411;-609.4622;-2128.285
11027;24.63036;-561.1888;-2138.643
11061;-40.71698;-505.8865;-2147.349
11095;-109.935;-426.2271;-2163.908
11129;-92.62938;-327.8642;-2211.194
11163;-107.2149;-232.782;-2240.452
11186;-95.16191;-145.4512;-2282.107
11220;-122.0302;-28.75269;-2313.741
11271;-101.0769;48.76503;-2357.69
11287;-61.78625;124.8163;-2400.152
11321;-10.55651;190.8029;-2443.046
11355;51.74234;217.7386;-2465.307
11389;101.3606;246.4772;-2491.575
11423;143.2891;255.5182;-2515.505
11473;179.8073;212.5745;-2497.608
11506;199.4303;267.5508;-2534.618
11540;205.4394;267.9361;-2532.642
11564;210.363;266.6505;-2530.864
11615;213.1719;265.7787;-2529.858
11632;214.1907;265.6062;-2528.572
11666;213.5923;265.6567;-2527.411
11699;210.8286;266.0285;-2525.868
11733;199.2831;263.5839;-2519.175
11767;185.1614;258.4784;-2510.566
11800;162.3636;243.1477;-2489.57
11834;143.5145;236.0361;-2477.48
11868;100.675;200.0701;-2440.828
11902;66.31061;188.1479;-2420.45
11918;32.87786;137.338;-2382.285
11959;-0.8827547;98.12234;-2349.399
11993;-32.30824;55.10627;-2321.158
12027;-73.1876;11.36192;-2277.812
12060;-82.48458;-74.91599;-2239.966
12094;-81.33297;-163.22;-2207.324
12128;-75.42384;-249.0919;-2179.194
12152;-66.30844;-345.3187;-2145.753
12186;-37.70022;-421.7032;-2121.525
12219;1.973495;-494.0156;-2104.596
12254;42.55619;-576.22;-2083.058
12307;97.04963;-619.0952;-2086.083
12321;151.1182;-646.3192;-2095.341
12355;190.6405;-666.5729;-2093.077
12388;198.1409;-666.6347;-2095.474
12422;199.7153;-666.7563;-2098.337
12473;200.0352;-665.0667;-2100.029
12508;185.9147;-664.0969;-2101.32
12543;138.6411;-642.6213;-2104.511
12594;97.34512;-619.9659;-2099.413
12612;53.16877;-586.1745;-2095.647
12649;25.08688;-525.8739;-2121.932
12664;-24.89448;-463.5255;-2133.318
12698;-104.8495;-405.9607;-2129.431
12731;-97.33755;-307.7528;-2176.177
12765;-101.8363;-226.0734;-2206.006
12798;-95.80891;-145.6461;-2234.861
12833;-121.7924;-40.6821;-2259.477
12869;-117.1364;45.35911;-2304.162
12902;-82.3187;121.0207;-2348.612
12936;-35.73345;187.4487;-2387.465
12953;18.53702;220.4119;-2417.229
13004;66.01382;238.3672;-2441.554
13020;101.4255;264.8642;-2469.918
13054;127.776;263.9746;-2480.425
13087;149.6281;264.8019;-2488.311
13124;167.8972;264.1196;-2495.467
13156;175.7845;262.9681;-2497.865
13208;177.3083;263.1641;-2498.425
13232;181.7774;263.2104;-2498.392
13283;182.4406;260.9777;-2498.238
13300;177.7548;261.2854;-2495.39
13323;169.0487;258.1009;-2488.046
13356;151.526;239.3077;-2470.202
13407;116.1306;223.0426;-2444.39
13424;91.61803;195.709;-2418.435
13457;66.56666;162.5588;-2390.571
13491;40.86407;126.3035;-2361.265
13542;27.04994;81.14005;-2326.205
13558;-11.09946;48.94529;-2290.98
13592;-39.67541;-12.09253;-2248.438
13626;-55.96989;-93.72137;-2212.49
13660;-66.01106;-179.8114;-2176.225
13710;-67.32399;-259.8831;-2153.705
13727;-36.64008;-357.5303;-2138.323
13761;-20.3021;-433.6937;-2109.449
13795;33.21129;-520.2784;-2109.814
13829;78.23811;-578.7552;-2095.227
13862;133.9689;-615.7803;-2108.705
13896;190.2136;-709.7032;-2084.834
13929;230.2131;-659.4824;-2071.41
13963;223.8922;-648.6384;-2097.926
13997;213.0547;-654.3953;-2114.098
14021;200.7609;-658.9058;-2118.831
14065;160.9209;-647.0419;-2124.258
14093;139.7154;-634.3391;-2125.275
14126;90.2411;-609.2123;-2119.806
14177;43.4729;-588.4915;-2102.36
14194;25.5657;-527.8832;-2126.531
14244;-36.99734;-480.7911;-2129.289
14261;-97.49706;-421.0661;-2129.826
14295;-102.6724;-342.0881;-2166.729
14330;-109.0965;-254.7062;-2200.128
14363;-94.52091;-172.3498;-2225.421
14397;-104.7853;-86.86559;-2257.223
14436;-108.0148;9.268239;-2292.122
14479;-94.10774;89.79051;-2331.834
14521;3.783232;210.7424;-2412.361
14575;57.34983;233.3173;-2438.224
14613;97.66512;255.6766;-2460.752
14654;163.2021;261.1564;-2487.858
14707;184.1752;262.6727;-2492.798
14723;195.4912;263.6738;-2495.38
14757;199.8407;264.456;-2495.267
14791;200.9853;264.8386;-2495.439
14824;201.4977;265.2974;-2495.541
14875;199.9126;265.8458;-2494.638
14892;188.3103;263.9001;-2488.818
14926;169.9495;262.9198;-2477.983
14959;149.6879;237.5258;-2457.036
14993;120.0101;218.0845;-2431.108
15044;97.61041;181.8917;-2401.085
15062;69.70985;149.8683;-2364.258
15095;43.96668;109.2506;-2333.688
15129;16.42552;62.02385;-2291.962
15163;-7.051986;3.445956;-2253.178
15196;-34.16816;-53.38034;-2213.147
15230;-39.81355;-149.0378;-2178.377
15264;-40.66173;-226.4794;-2145.349
15298;-21.25031;-312.1965;-2118.213
15331;-0.5084361;-390.2539;-2100.5
15365;24.4423;-465.8993;-2076.04
15399;71.47941;-529.7323;-2081.22
15433;117.0873;-572.2951;-2086.024
15484;151.3253;-613.7403;-2091.507
15501;185.7422;-651.1806;-2087.274
15534;207.136;-655.4105;-2085.831
15568;210.5146;-656.0926;-2092.503
15602;211.9072;-650.2823;-2098.706
15670;211.6445;-655.6375;-2094.289
15704;183.9059;-649.1685;-2097.377
15726;144.7912;-619.8531;-2109.642
15775;125.3892;-603.221;-2112.127
15802;38.60478;-518.8506;-2115.149
15836;-16.29826;-460.712;-2124.412
15888;-98.34401;-407.8924;-2122.538
15905;-94.52762;-317.7872;-2163.936
15938;-100.3619;-234.158;-2197.396
15955;-93.2218;-152.4883;-2225.69
15989;-119.7205;-47.07817;-2259.823
16039;-113.0201;42.3146;-2302.462
16057;-81.5676;119.9131;-2352.176
16090;-31.49468;188.5524;-2397.011
16124;27.65429;215.2262;-2422.16
16157;72.52867;243.0703;-2454.781
16191;114.7173;253.2873;-2473.627
16225;138.1848;254.1349;-2482.445
16276;165.6827;256.2013;-2491.949
16309;177.2433;260.0342;-2496.739
16327;188.517;260.6801;-2499.644
16377;189.9715;261.1944;-2499.311
16563;190.511;261.2166;-2499.317
16582;184.1391;261.4545;-2492.686
16617;144.1019;242.6902;-2464.419
16635;134.3918;235.4608;-2456.837
16653;83.19247;159.4926;-2393.137
16671;61.0255;125.1463;-2363.441
16721;7.061019;45.82508;-2291.19
16772;-14.31461;-26.30963;-2249.621
16789;-35.9184;-102.3486;-2204.905
16824;-32.90735;-198.2494;-2172.963
16857;-7.711977;-297.3317;-2157.903
16891;18.97526;-407.0015;-2135.237
16925;54.91643;-483.0791;-2114.243
16975;94.98124;-541.1839;-2114.497
16992;126.6642;-582.8211;-2110.791
17027;164.1975;-623.8543;-2106.56
17056;221.8353;-661.7809;-2068.556
17090;208.0304;-657.3962;-2106.873
17140;208.2176;-656.4476;-2106.866
17174;208.0435;-657.7718;-2107.401
17208;204.4196;-657.924;-2110.863
17225;195.1766;-658.6877;-2112.009
17258;161.4011;-646.7657;-2115.141
17292;140.8548;-623.0547;-2119.386
17326;96.55166;-590.6055;-2125.587
17360;64.28284;-548.5154;-2129.811
17410;10.86593;-494.0763;-2133.613
17427;-36.3208;-433.4379;-2145.612
17477;-71.04006;-363.2307;-2166.91
17494;-95.87849;-270.1283;-2198.907
17528;-98.27637;-182.2427;-2227.512
17561;-115.5156;-90.26054;-2254.103
17595;-129.1683;21.52403;-2295.344
17629;-92.45439;95.98057;-2335.475
17662;-50.66072;181.3706;-2385.26
17696;10.94102;216.7146;-2417.142
17733;59.70895;242.4888;-2442.23
17759;106.5143;257.8406;-2468.255
17803;133.8625;262.734;-2477.846
17821;154.2624;261.9778;-2481.15
17854;174.6167;260.2291;-2487.937
17888;180.4885;260.5977;-2489.176
17938;182.0078;259.6156;-2489.719
17955;182.5479;259.812;-2489.276
17989;182.1055;260.17;-2488.437
18022;176.0014;240.563;-2477.521
18073;161.7601;236.9508;-2469.121
18123;91.75486;200.7431;-2426.208
18157;64.78828;168.8384;-2401.093
18191;32.13312;124.1212;-2364.64
18244;4.086889;81.59403;-2334.752
18260;-25.89536;47.36118;-2304.481
18294;-52.80667;-14.63381;-2259.958
18328;-67.51205;-94.65725;-2222.245
18362;-62.08628;-181.9992;-2189.168
18413;-69.18999;-260.3417;-2157.149
18429;-21.73379;-355.5615;-2139.75
18463;10.60589;-427.3878;-2114.022
18496;51.16105;-505.2526;-2107.748
18530;84.68491;-540.5211;-2100.542
18564;129.7483;-588.733;-2102.549
18597;169.2614;-619.3471;-2091.089
18631;186.2945;-627.3911;-2088.987
18671;196.4762;-631.2795;-2089.806
18699;200.8013;-632.6337;-2091.408
18732;201.1342;-633.3174;-2092.564
18766;197.0822;-641.315;-2089.08
18784;178.9326;-636.1387;-2093.762
18834;132.1507;-609.6608;-2105.214
18868;102.4598;-583.1159;-2111.199
18901;66.25373;-545.1508;-2118.967
18935;15.35654;-495.9081;-2123.742
18969;-29.40309;-446.0943;-2121.499
18985;-57.38723;-378.0918;-2145.167
19019;-87.07248;-297.2681;-2171.65
19070;-98.82491;-221.2449;-2199.817
19087;-107.269;-134.3677;-2222.855
19137;-123.6615;-32.34192;-2253.841
19171;-109.1293;50.36577;-2293.635
19188;-78.42831;133.6109;-2337.618
19222;-31.65726;198.1682;-2382.87
19272;26.68725;229.2005;-2411.937
19306;79.68679;251.5531;-2442.561
19339;124.8078;267.4042;-2469.923
19373;144.7512;269.6501;-2478.13
19424;175.723;264.7369;-2487.497
19441;183.4944;264.8319;-2489.904
19498;188.3494;264.4869;-2492.317
19515;190.2148;264.4716;-2493.019
19531;190.6939;264.254;-2493.292
19565;188.8702;261.9236;-2491.603
19598;174.8823;263.0331;-2487.102
19632;156.6138;242.8995;-2470.635
19666;138.6197;232.7685;-2461.706
19700;103.5973;199.1997;-2426.531
19733;72.14385;163.6783;-2394.828
19750;41.99061;125.3711;-2361.735
19784;19.33253;79.52399;-2328.028
19834;-9.152606;39.74232;-2297.942
19868;-40.2658;-14.00445;-2253.145
19885;-54.162;-89.26254;-2217.187
19919;-49.13772;-183.2059;-2182.673
19953;-29.48108;-274.1427;-2168.975
20003;-5.676344;-354.6339;-2142.578
20020;22.8138;-425.6141;-2123.01
20054;49.52222;-489.596;-2112.063
20087;89.3324;-540.9609;-2104.989
20121;122.3129;-580.5294;-2117.992
20155;166.8391;-609.2166;-2109.778
20189;224.6105;-654.0486;-2069.974
20227;225.4394;-654.0473;-2069.952
20277;226.5352;-653.741;-2071.12
20294;203.7926;-646.5267;-2111.652
20328;221.2458;-661.4051;-2072.115
20361;171.0504;-634.9376;-2107.461
20395;140.6087;-612.3756;-2115.209
20429;102.2971;-581.0691;-2117.012
20463;72.30149;-543.6542;-2134.02
20496;17.50839;-486.3599;-2124.855
20530;-26.2455;-430.6056;-2131.959
20564;-63.65979;-353.4283;-2146.884
20597;-89.81345;-269.6981;-2179.016
20631;-96.02588;-185.6665;-2203.407
20665;-111.2862;-97.50013;-2222.659
20698;-121.8017;5.873322;-2260.533
20732;-98.91993;78.50013;-2302.075
20766;-56.47761;152.2572;-2342.334
20799;-22.83505;208.7453;-2383.621
20833;23.60434;233.746;-2408.32
20854;67.55766;250.4195;-2430.397
20884;98.36262;258.7793;-2452.427
20918;112.4529;261.2855;-2462.63
21002;140.1001;259.2806;-2477.63
21036;143.4946;259.8129;-2479.206
21103;142.6127;259.5158;-2480.115
21120;138.1476;250.7161;-2476.666
21154;127.1738;214.3098;-2456.907
21187;95.75122;210.774;-2440.904
21221;78.51613;205.5678;-2427.921
21272;62.32817;164.1067;-2402.792
21288;39.98782;131.3602;-2372.881
21322;21.31118;92.26966;-2334.915
21356;-1.363434;51.25472;-2305.532
21406;-12.80736;-20.47119;-2262.705
21423;-28.45789;-91.97725;-2222.918
21458;-23.10509;-181.3936;-2190.719
21508;-6.906658;-278.3105;-2169.994
21541;10.81048;-363.6536;-2145.213
21558;40.93169;-452.2252;-2129.729
21592;77.50726;-514.5493;-2118.36
21625;120.8566;-563.6128;-2118.855
21659;162.7316;-598.6138;-2115.005
21693;198.8219;-625.5883;-2107.99
21743;230.4055;-649.8319;-2074.883
21760;210.5094;-637.1549;-2118.297
21794;209.3753;-636.2636;-2117.092
21828;196.5176;-637.9924;-2114.23
21861;151.7625;-617.5466;-2122.195
21895;136.5024;-603.1296;-2128.564
21929;99.66365;-571.0264;-2132.98
21962;52.4586;-527.985;-2139.143
21996;14.01354;-479.899;-2137.127
22030;-25.51571;-427.3669;-2150.816
22064;-60.27919;-357.2403;-2167.282
22097;-90.59301;-276.9166;-2196.142
22131;-100.4487;-195.0465;-2219.892
22165;-107.7588;-115.2271;-2247.377
22204;-131.3498;-3.953065;-2283.144
22237;-104.9357;63.16879;-2330.086
22307;-12.95795;182.6102;-2423.296
22373;77.01134;231.5715;-2480.551
22558;136.8208;235.2121;-2511.742
22609;155.9875;162.1136;-2490.298
22626;156.1099;156.9126;-2489.665
22677;161.1341;198.4898;-2499.943
22693;143.7329;208.0013;-2510.718
22744;135.0798;201.7614;-2503.708
22761;116.4498;186.8032;-2495.83
22795;101.6492;106.9617;-2454.848
22829;85.73974;154.0354;-2469.296
22878;76.01974;144.4739;-2456.836
22895;59.31787;130.284;-2439.539
22929;50.82694;77.60027;-2409.616
22963;24.18633;64.75925;-2384.455
22997;13.97423;49.95506;-2372.372
23031;-0.9130189;-22.79436;-2329.702
23082;-6.154222;-78.77386;-2299.468
23101;-25.67463;-121.6653;-2261.38
23135;-19.74476;-194.3389;-2233.769
23152;-14.31809;-263.9667;-2205.038
23220;1.868322;-344.8431;-2171.593
23236;36.90995;-419.0581;-2142.583
23253;74.41677;-482.474;-2121.659
23287;109.0152;-532.3065;-2124.564
23337;150.2867;-568.5453;-2104.503
23371;216.7577;-625.507;-2070.786
23388;220.9249;-628.2346;-2070.271
23422;226.9544;-630.9675;-2066.93
23472;219.0309;-617.8266;-2076.558
23490;218.7721;-618.8765;-2073.668
23540;217.5493;-620.4802;-2070.17
23557;213.3898;-621.6993;-2066.1
23608;210.734;-622.7813;-2064.753
23625;206.9025;-623.9496;-2062.404
23675;204.5635;-624.3148;-2060.226
23692;199.1555;-620.9361;-2059.545
23743;201.7406;-621.6362;-2057.826
23759;205.5212;-623.2933;-2054.347
23794;210.6747;-622.0995;-2054.034
23828;213.7442;-622.2562;-2053.819
23864;218.3314;-623.6833;-2052.005
23898;222.6469;-625.726;-2050.147
23929;224.1387;-627.0587;-2048.8
23967;224.4888;-626.7106;-2048.096
23984;225.906;-626.7748;-2046.591
24035;226.2789;-626.4485;-2046.357
24102;226.5308;-626.1692;-2046.017
24118;226.7267;-625.7642;-2046.005
24169;226.7671;-625.6907;-2045.898
24203;227.0491;-625.6835;-2045.92
24249;227.0567;-625.7097;-2045.902
24266;227.2587;-625.6803;-2045.392
24317;226.1911;-621.5743;-2047.777
24367;226.9563;-622.5677;-2046.681
24384;226.8625;-622.8484;-2046.379
24418;230.6492;-628.5303;-2038.915
24468;230.6346;-628.2724;-2038.996
24485;230.5988;-627.9899;-2038.937
24523;230.2637;-626.8083;-2039.347
24553;229.8234;-625.8256;-2039.522
24620;229.5475;-624.8287;-2039.453
24637;229.4648;-624.2535;-2038.211
24654;228.2673;-621.8278;-2038.097
24694;227.8128;-620.5254;-2037.32
24728;226.7721;-619.1181;-2035.475
24762;225.6166;-618.244;-2033.986
24796;225.186;-625.1667;-2026.263
24846;224.9132;-628.1569;-2023.316
24863;224.0217;-627.0932;-2022.892
24896;223.6344;-628.0778;-2022.25
24931;227.1998;-643.9615;-2013.361
24964;227.4695;-644.3453;-2012.794
24998;226.2487;-642.2676;-2013.796
25031;225.5133;-641.5863;-2014.131
25065;225.051;-641.0808;-2014.461
25099;223.4691;-632.581;-2018.774
25132;222.4534;-630.7537;-2020.988
25167;222.7976;-629.8049;-2021.696
25200;223.9843;-627.8411;-2023.339
25234;225.4376;-627.6141;-2025.168
25250;227.2014;-626.7711;-2026.014
25301;229.4251;-626.0329;-2027.449
25335;232.8003;-625.2041;-2030.102
25352;235.2421;-624.6294;-2032.269
25385;241.203;-628.6965;-2030.763
25436;242.4384;-629.269;-2031.825
25453;244.1946;-628.1506;-2032.128
25486;246.2067;-623.5771;-2032.354
25520;247.0391;-621.6829;-2032.451
25554;248.8587;-622.1373;-2031.063
25588;249.8379;-621.6386;-2031.621
25621;250.6203;-622.3742;-2030.955
25655;252.5981;-625.9423;-2029.271
25688;255.7335;-630.4052;-2024.544
25739;255.9827;-629.6915;-2024.061
25790;255.8545;-629.7364;-2024.084
25806;258.3697;-626.2978;-2017.456
25840;262.1212;-617.9814;-2007.271
25874;263.5056;-615.5936;-2003.48
25908;263.1566;-615.9254;-2003.3
25927;262.5655;-616.0543;-2002.916
25968;234.9801;-538.2148;-2032.276
25985;234.6186;-538.3292;-2032.408
26035;234.3122;-538.9099;-2032.055
26052;233.986;-539.8861;-2032.315
26086;233.8933;-540.5292;-2032.992
26119;233.7568;-541.2094;-2033.29
26153;232.1048;-541.8505;-2033.054
26187;229.8313;-542.9012;-2032.007
26237;229.552;-544.3456;-2031.805
26254;229.4382;-546.1245;-2031.254
26288;228.8225;-546.6147;-2031.056
26338;228.6343;-548.2358;-2029.705
26355;228.7093;-548.6335;-2029.603
26406;229.1053;-549.4193;-2029.216
26440;232.9113;-549.9719;-2029.034
26456;230.6704;-549.4501;-2027.746
26490;229.942;-550.2322;-2028.44
26524;227.1516;-549.8994;-2027.998
26558;227.2361;-549.947;-2028.377
26591;227.2771;-551.39;-2029.774
26625;227.1006;-552.4178;-2031.017
26658;227.2285;-552.9207;-2031.766
26692;228.8371;-554.0441;-2032.619
26726;229.0507;-554.631;-2032.175
26760;229.3646;-555.1976;-2032.792
26793;233.505;-559.6416;-2037.382
26827;233.7812;-560.6139;-2037.574
26861;233.6205;-560.7884;-2037.591
26894;233.5691;-560.9137;-2037.542
26945;233.7184;-560.9349;-2037.178
26967;233.5494;-560.2086;-2036.239
26984;233.1582;-560.4668;-2035.837
27018;232.1774;-557.8241;-2031.899
27052;233.2988;-555.2242;-2027.583
27102;233.3629;-557.1764;-2026.571
27118;233.1665;-556.3329;-2025.517
27169;233.1448;-555.5017;-2024.311
27186;232.5566;-555.0016;-2023.737
27220;231.8429;-554.5027;-2023.073
27270;231.6447;-554.4734;-2023.612
27287;230.1931;-552.4051;-2020.868
27321;231.5252;-551.9573;-2020.363
27371;231.2424;-551.7851;-2020.154
27388;229.0188;-549.9807;-2017.909
27422;227.4028;-551.1404;-2019.182
27475;226.6367;-551.1793;-2019.016
27489;225.958;-551.1277;-2019.483
27542;225.0588;-551.0709;-2019.282
27564;224.4235;-551.1058;-2019.118
27616;223.9046;-550.6103;-2019.186
27628;223.3384;-550.2498;-2017.613
27662;223.2384;-551.1851;-2016.616
27695;223.3878;-552.2499;-2015.65
27729;220.6904;-549.6306;-2012.568
27763;221.4866;-548.9897;-2011.309
27814;221.2517;-549.0161;-2010.793
27848;216.0068;-545.5403;-2006.252
27865;215.2237;-544.8951;-2004.341
27898;214.0161;-544.5929;-2003.187
27932;225.5953;-545.8881;-2003.628
27966;210.1329;-546.5969;-2005.4
28000;211.5629;-554.3311;-2014.599
28016;211.3651;-553.538;-2012.552
28067;211.4415;-552.9821;-2012.174
28101;211.7633;-553.7587;-2014.075
28136;210.5794;-553.3212;-2014.586
28171;210.1142;-557.9235;-2022.142
28192;209.8472;-555.9805;-2019.84
28226;209.4203;-555.5177;-2019.147
28260;211.9204;-557.3883;-2021.283
28294;213.8453;-558.2537;-2021.526
28328;214.6587;-557.1877;-2020.055
28361;215.1762;-558.7325;-2021.867
28395;215.8857;-560.297;-2021.611
28429;216.4414;-560.9896;-2021.539
28462;218.3403;-563.2416;-2022.916
28496;218.5413;-563.9048;-2022.816
28529;218.8194;-564.3204;-2022.721
28563;219.6083;-564.8184;-2022.753
28597;221.4835;-563.8775;-2020.943
28630;222.5496;-562.3995;-2018.154
28664;223.2068;-561.6392;-2016.6
28698;223.9764;-561.3545;-2015.621
28717;223.8894;-560.4025;-2015.004
28765;224.2572;-559.8359;-2014.932
28799;224.619;-561.4069;-2018.342
28833;224.757;-560.7484;-2017.862
28867;222.0178;-559.124;-2016.921
28900;221.3559;-559.7414;-2018.255
28934;221.0155;-558.938;-2018.528
28968;219.809;-559.7612;-2019.702
29018;218.0539;-560.6584;-2022.223
29052;217.4411;-560.7354;-2022.55
29103;217.4114;-560.6609;-2022.418
29136;217.2155;-560.0284;-2022.898
29170;217.2919;-559.5797;-2022.476
29204;217.4769;-558.7736;-2021.699
29220;217.6906;-557.7064;-2020.822
29254;217.7706;-558.5672;-2020.482
29288;217.8704;-557.1888;-2018.025
29321;218.3292;-556.1352;-2016.257
29355;217.0941;-553.658;-2013.068
29389;215.8704;-552.0183;-2010.701
29439;215.5073;-551.0348;-2008.023
29456;215.5979;-552.0668;-2008.568
29490;216.6844;-551.9905;-2007.612
29523;216.6896;-552.301;-2008.205
29558;213.7232;-550.4213;-2005.699
29608;212.1985;-549.2653;-2004.086
29625;212.0816;-551.9825;-2008.554
29658;212.35;-552.2458;-2008.585
29692;212.2145;-552.5563;-2009.114
29726;210.2948;-552.9957;-2009.917
29776;203.8254;-552.0279;-2007.813
29793;203.3848;-553.9399;-2009.673
29827;203.4421;-555.4993;-2011.608
29860;203.6823;-555.4631;-2010.388
29894;203.8721;-557.8163;-2012.838
29928;206.4698;-561.2549;-2016.776
29962;206.6428;-561.3918;-2017.202
29995;206.6249;-561.8986;-2017.317
30030;207.8192;-562.1284;-2017.716
30063;207.5688;-563.0561;-2017.68
30096;207.5274;-563.1076;-2017.657
30130;207.5055;-563.1111;-2017.632
30164;207.3541;-563.1625;-2017.572
30197;207.7547;-562.8966;-2016.249
30231;207.4601;-557.6737;-2009.302
30265;207.7339;-557.2625;-2008.447
30298;207.7845;-557.9695;-2009.344
30350;207.8819;-557.8459;-2009.534
30366;207.7167;-557.9662;-2009.697
30401;203.6538;-554.0715;-2006.158
30434;203.2743;-555.8803;-2008.527
30467;203.0465;-556.4313;-2009.348
30501;201.0202;-557.6495;-2011.077
30535;200.6655;-558.0194;-2011.262
30568;200.7491;-558.0611;-2011.842
30602;200.3457;-558.0629;-2012.413
30636;200.6131;-559.0145;-2013.664
30669;201.0238;-559.0946;-2013.894
30686;200.5386;-558.8569;-2014.036
30720;200.203;-559.3436;-2013.798
30788;201.6963;-559.4807;-2013.544
30822;202.7886;-559.0321;-2013.223
30856;205.6576;-558.5186;-2012.868
30889;206.5597;-557.5574;-2012.15
30923;207.8034;-556.3802;-2010.873
30957;209.4854;-551.8604;-2005.914
30991;211.276;-549.3801;-2002.871
31026;211.597;-550.2233;-2003.514
31058;211.6799;-550.599;-2003.84
31092;210.908;-552.6168;-2006.793
31128;210.7496;-552.3132;-2007.03
31161;210.755;-552.0479;-2007.005
31194;210.3031;-552.3545;-2007.189
31228;210.4882;-552.3033;-2007.703
31262;216.0215;-550.7645;-2006.142
31295;199.1447;-550.2285;-2004.461
31329;203.0659;-556.2369;-2009.915
31363;200.7207;-555.58;-2007.923
31396;201.6583;-555.0485;-2007.201
31430;203.9715;-558.4932;-2011.454
31464;205.5972;-559.9692;-2013.99
31497;205.5377;-560.6809;-2015.0
31531;206.4111;-561.4432;-2015.802
31565;207.0939;-562.415;-2016.271
31615;209.7785;-564.0712;-2016.526
31632;210.1483;-564.8455;-2016.795
31666;210.1491;-565.2145;-2016.694
31700;210.2591;-565.2385;-2016.532
31733;211.4181;-565.1058;-2016.249
31767;216.136;-564.8365;-2015.665
31801;217.4104;-560.168;-2009.356
31835;217.1731;-560.1511;-2009.132
31868;216.8825;-559.6546;-2008.645
31885;217.0602;-557.1765;-2005.66
31919;216.1285;-557.6293;-2007.208
31952;215.4855;-557.7576;-2007.522
32004;214.898;-556.9785;-2008.537
32036;214.5073;-555.7996;-2007.651
32054;213.5659;-553.9261;-2006.169
32087;213.3949;-554.0762;-2006.379
32121;213.3497;-554.4973;-2006.942
32155;213.1374;-554.7806;-2007.678
32189;212.3445;-555.0269;-2008.908
32239;212.5071;-555.6815;-2010.145
32256;212.1524;-556.0701;-2010.735
32307;211.7902;-557.3812;-2010.677
32340;211.8072;-556.9186;-2009.978
32357;212.3443;-555.9952;-2008.699
32390;211.2954;-554.0645;-2006.536
32424;212.2736;-554.4893;-2006.272
32458;212.7655;-555.1918;-2006.644
32491;214.0747;-555.0372;-2006.176
32525;214.4212;-552.1229;-2002.329
32576;215.4162;-552.9882;-2002.555
32610;216.2854;-551.6343;-2000.858
32643;216.4019;-551.4865;-2000.567
32660;216.3947;-551.5322;-2000.665
32694;216.5689;-552.0211;-2001.705
32728;216.9974;-552.7639;-2002.867
32761;217.0354;-554.484;-2005.489
32795;216.6169;-554.6915;-2005.923
32828;213.1755;-553.0198;-2003.857
32864;212.9277;-553.9286;-2005.323
32897;211.746;-552.7208;-2005.369
32931;211.1398;-557.1167;-2011.194
32981;210.8167;-556.7697;-2011.9
32998;210.6525;-557.1351;-2013.288
33032;210.3739;-557.8523;-2013.286
33065;210.6564;-559.0377;-2014.308
33100;211.0709;-560.3198;-2015.2
33133;211.2843;-561.8507;-2015.696
33167;212.0184;-562.4976;-2015.793
33188;212.6987;-563.9738;-2017.232
33234;212.479;-564.4414;-2017.067
33268;212.6108;-565.2083;-2017.712
33313;212.9338;-565.5531;-2017.872
33329;213.5559;-565.3279;-2017.474
33363;212.9465;-564.7223;-2016.658
33397;213.2787;-564.4955;-2016.245
33448;213.322;-563.9436;-2016.277
33464;213.1319;-560.7853;-2012.67
33498;212.9022;-559.6392;-2012.633
33532;211.8274;-557.1644;-2009.773
33565;211.6669;-556.2845;-2009.298
33599;210.9392;-557.1748;-2010.903
33633;210.2951;-557.1321;-2011.51
33667;209.6405;-556.9568;-2011.722
33700;209.3419;-557.1452;-2011.958
33734;208.2337;-557.7738;-2013.181
33767;207.9786;-558.4075;-2013.857
33801;208.038;-559.2449;-2015.043
33835;207.8806;-559.3991;-2014.741
33869;207.7652;-559.3671;-2014.765
33885;207.5932;-559.3143;-2015.006
33936;207.9367;-559.1704;-2015.179
33953;208.1633;-559.4288;-2015.338
34003;208.6989;-558.833;-2014.985
34020;210.9501;-554.5818;-2009.453
34071;212.187;-553.5728;-2008.034
34104;214.0727;-550.9711;-2007.016
34155;214.5149;-550.5665;-2007.537
34176;214.9448;-549.2877;-2006.329
34195;215.6831;-547.9867;-2005.159
34233;216.3104;-548.2564;-2005.037
34267;215.4652;-547.2106;-2002.732
34300;215.5602;-547.1089;-2002.395
34334;214.8327;-549.0618;-2004.433
34367;214.0202;-550.2476;-2005.406
34401;213.8311;-549.4779;-2005.71
34442;213.4871;-550.4358;-2006.668
34455;213.9136;-550.4962;-2006.421
34506;208.6911;-549.9452;-2005.578
34523;207.4854;-550.5336;-2006.116
34556;208.467;-552.0468;-2007.239
34590;209.2603;-556.5299;-2014.367
34624;209.1952;-556.8839;-2013.562
34657;212.3328;-561.1027;-2018.463
34691;212.7262;-562.1956;-2018.94
34724;213.4926;-563.9208;-2019.997
34758;213.9027;-565.4809;-2020.126
34792;214.0513;-566.0043;-2019.896
34826;214.3732;-566.6135;-2019.447
34859;216.1938;-567.4009;-2019.764
34910;216.0771;-567.3932;-2019.788
34927;216.1434;-567.3905;-2019.834
34977;215.8396;-566.118;-2018.108
35011;216.7726;-560.0107;-2010.153
35031;216.9773;-558.1927;-2008.723
35082;216.2039;-558.9859;-2009.779
35163;215.3746;-559.2269;-2010.709
35213;214.7588;-557.5669;-2009.05
35297;214.3925;-558.0306;-2009.706
35331;213.5822;-559.8682;-2012.519
35365;213.2864;-559.9717;-2012.893
35398;212.9693;-559.7391;-2012.887
35415;212.1493;-560.123;-2012.799
35466;211.9256;-559.631;-2011.851
35499;211.9902;-558.4079;-2009.348
35533;212.0178;-558.3088;-2009.187
35567;214.1653;-557.6429;-2008.286
35584;215.5085;-555.4146;-2005.834
35634;217.547;-554.7849;-2005.913
35668;217.7076;-554.6659;-2006.535
35702;217.8771;-551.3802;-2003.046
35735;218.8155;-550.9129;-2002.544
35769;219.0378;-549.7662;-2001.386
35803;219.1525;-550.0468;-2001.336
35837;218.8497;-548.7406;-1999.531
35871;218.7192;-549.3732;-2000.032
35921;218.6614;-549.7296;-2000.599
35937;218.4763;-550.2332;-2001.318
35954;217.9281;-550.66;-2002.333
35988;214.4564;-547.9636;-2000.462
36022;214.0305;-547.7993;-2000.519
36056;211.5309;-552.5648;-2005.618
36089;211.7974;-553.1149;-2004.736
36123;210.7784;-555.4672;-2007.447
36173;209.9617;-557.5484;-2010.25
36190;209.448;-558.1528;-2011.458
36224;209.1004;-558.4482;-2012.484
36253;208.6704;-558.6784;-2013.201
36286;208.5021;-559.0698;-2013.202
36336;208.4133;-560.3011;-2014.785
36370;208.3962;-560.8163;-2015.087
36387;208.4379;-561.5785;-2015.705
36427;209.0965;-561.9706;-2016.688
36460;209.5053;-561.7401;-2015.954
36494;209.513;-561.9714;-2015.577
36528;209.1208;-561.1721;-2014.061
36562;208.9946;-561.0288;-2013.262
36595;209.0332;-561.0942;-2013.023
36629;208.9929;-560.967;-2012.832
36663;208.4246;-560.5846;-2012.523
36696;208.3067;-560.346;-2012.227
36747;207.2307;-559.5126;-2011.878
36764;206.2412;-559.3398;-2011.766
36797;205.9784;-558.881;-2011.5
36831;205.7358;-558.3819;-2011.044
36865;204.909;-557.8912;-2010.631
36899;203.9608;-556.9525;-2010.003
36932;203.9549;-556.6893;-2010.079
36966;203.4941;-556.3078;-2009.878
37000;203.4928;-555.6907;-2009.436
37033;203.2534;-555.3407;-2008.604
37067;203.3046;-556.4683;-2007.703
37101;204.5868;-555.554;-2006.24
37135;205.7687;-554.2177;-2005.213
37168;206.0779;-554.1879;-2004.747
37185;209.1647;-551.7089;-2001.536
37235;210.5928;-549.4465;-1999.014
37252;211.6202;-548.7884;-1998.035
37286;212.5751;-547.6921;-1997.07
37320;213.1039;-547.9356;-1997.629
37370;214.0041;-548.5023;-1997.933
37404;213.7791;-549.1809;-1997.665
37421;213.6005;-549.2699;-1997.571
37471;213.0216;-549.6276;-1997.921
37488;212.4651;-549.8652;-1998.975
37522;210.7133;-547.358;-1996.931
37556;208.4278;-549.1022;-1998.976
37590;207.4106;-548.9461;-1998.365
37640;206.6291;-549.0847;-1997.993
37657;204.9252;-553.7762;-2003.964
37690;205.2276;-555.4409;-2006.515
37724;204.6843;-557.2092;-2008.829
37758;204.3076;-558.0333;-2009.871
37809;204.4313;-558.1425;-2010.302
37825;204.5138;-557.6391;-2010.584
37859;205.3368;-559.2318;-2011.343
37893;205.3718;-560.0062;-2012.309
37943;205.3314;-560.3752;-2012.641
37960;205.8946;-560.8914;-2013.189
38010;206.8235;-560.9847;-2013.229
38027;206.901;-560.9925;-2012.779
38078;206.5961;-560.9624;-2012.272
38095;206.5428;-560.5173;-2011.115
38128;207.4465;-557.5378;-2008.248
38162;208.9915;-552.2086;-2001.862
38196;208.6934;-551.1221;-2000.332
38230;208.1989;-552.3939;-2002.037
38263;207.6425;-551.525;-2001.159
38314;206.7866;-551.6561;-2001.563
38331;203.5972;-549.331;-1998.544
38364;203.9868;-549.6245;-1998.972
38398;203.5067;-550.0388;-2000.33
38432;203.0038;-550.1154;-2000.959
38465;202.9427;-550.2414;-2001.359
38499;202.4244;-550.2665;-2001.227
38516;202.1278;-550.0222;-2001.238
38566;203.4498;-550.524;-2001.526
38600;204.0029;-550.6757;-2001.453
38617;206.5126;-548.2008;-1999.061
38651;208.0172;-547.6959;-1998.482
38684;208.6907;-546.9385;-1996.982
38718;209.66;-546.0075;-1995.059
38752;211.8175;-546.0441;-1993.661
38786;211.2253;-545.1706;-1991.864
38819;211.1249;-544.6775;-1991.706
38853;211.3671;-544.0979;-1991.811
38903;211.4196;-543.7175;-1991.427
38937;210.9737;-545.5512;-1991.709
38971;210.3857;-545.8538;-1990.821
38998;209.2884;-548.2035;-1995.548
39048;209.427;-547.288;-1995.242
39065;208.8348;-549.0943;-1998.589
39098;208.8382;-549.1553;-1998.012
39132;207.3731;-549.3752;-1997.874
39184;206.2658;-549.2841;-1998.555
39199;204.155;-554.0464;-2005.168
39233;204.1033;-556.3465;-2008.479
39267;203.2921;-557.0156;-2010.424
39300;203.3201;-559.0079;-2012.602
39334;203.3433;-560.0264;-2014.812
39368;203.4178;-560.9042;-2015.957
39402;203.6218;-561.8732;-2017.359
39435;206.2834;-563.7228;-2018.364
39469;206.1216;-564.1122;-2017.973
39503;206.2115;-564.064;-2017.969
39519;205.8911;-564.0089;-2017.705
39570;206.6443;-563.5897;-2016.96
39604;207.6581;-563.0474;-2015.99
39621;211.7831;-557.8029;-2007.834
39655;211.7383;-558.0772;-2007.865
39705;213.3784;-557.114;-2006.517
39722;214.1818;-556.5784;-2005.911
39772;213.9042;-555.3864;-2005.404
39789;213.2581;-555.3084;-2006.162
39823;212.7202;-554.7624;-2005.423
39856;210.7429;-555.7056;-2006.795
39890;210.4433;-555.2473;-2007.469
39924;209.6681;-555.0784;-2007.683
39957;209.2659;-554.6941;-2008.096
39992;208.8976;-555.4066;-2009.022
40025;208.6267;-555.7921;-2009.569
40059;208.4379;-556.0217;-2009.6
40093;208.2132;-555.6937;-2009.826
40126;208.3643;-555.9167;-2009.757
40160;208.1426;-556.3153;-2009.423
40193;208.6995;-555.3243;-2005.629
40227;210.6273;-552.8972;-2004.211
40261;212.1594;-552.8528;-2003.706
40295;213.0775;-552.5528;-2003.072
40328;213.4324;-552.8068;-2002.888
40362;213.2646;-552.1483;-2001.834
40396;211.8479;-549.7117;-1998.218
40429;210.1064;-547.3573;-1995.162
40463;210.0233;-546.5502;-1995.244
40497;210.0452;-545.8647;-1995.735
40530;210.1616;-545.7659;-1995.531
40564;212.2616;-546.6135;-1996.422
40598;213.692;-549.8777;-2001.069
40632;213.7281;-551.5274;-2003.405
40666;213.0776;-553.0151;-2004.71
40699;212.4284;-553.7207;-2007.307
40733;212.3219;-554.7933;-2009.354
40750;210.3016;-555.4106;-2010.833
40800;202.5949;-553.9683;-2010.046
40834;202.6229;-554.0493;-2009.094
40851;201.7077;-557.6451;-2014.64
40901;205.186;-561.4479;-2019.827
40918;206.7062;-561.8658;-2020.749
40952;206.9364;-562.5624;-2021.247
40985;203.2595;-561.1915;-2018.763
41019;208.0108;-566.6288;-2024.534
41053;208.4148;-566.8408;-2024.854
41088;208.1725;-567.4794;-2025.017
41137;207.8333;-568.4573;-2025.134
41154;207.9248;-568.4656;-2025.191
41188;209.3898;-568.451;-2024.935
41224;210.2769;-567.8547;-2023.91
41255;209.5503;-568.0344;-2023.585
41289;209.0504;-567.9927;-2023.14
41322;208.6194;-567.2164;-2022.334
41356;208.5132;-567.0981;-2022.21
41407;208.4404;-566.7982;-2022.3
41424;208.0361;-566.8077;-2022.427
41457;207.7729;-566.9399;-2022.665
41492;207.8214;-567.0414;-2022.77
41541;207.7;-567.4684;-2023.461
41558;207.576;-567.6135;-2023.782
41592;210.3954;-568.1241;-2024.511
41626;210.2319;-568.1374;-2024.418
41659;208.4818;-568.1598;-2024.408
41693;207.7716;-568.7214;-2025.272
41727;207.2562;-568.6804;-2025.645
41760;206.8754;-568.7756;-2025.751
41794;206.802;-568.8716;-2026.234
41828;206.7375;-568.6825;-2026.32
41862;205.016;-568.1782;-2025.65
41895;204.9129;-568.4861;-2026.108
41929;204.6899;-568.6065;-2026.332
41963;204.7187;-568.9182;-2026.386
41996;204.5743;-568.8685;-2026.499
42030;204.4774;-568.7145;-2026.491
42064;203.4994;-568.4324;-2025.94
42097;201.6896;-568.1211;-2025.589
42131;201.9758;-568.0363;-2025.708
42165;201.7354;-567.5524;-2025.594
42198;201.3596;-567.4039;-2025.383
42232;201.3139;-567.4048;-2025.643
42266;200.6923;-566.8847;-2025.437
42299;200.2562;-566.2432;-2025.766
42333;200.2118;-565.3264;-2026.355
42367;195.1946;-560.9803;-2021.457
42384;197.2861;-561.7592;-2024.9
42435;195.878;-557.729;-2023.888
42451;195.9561;-556.9265;-2024.495
42485;195.9428;-556.0605;-2025.406
42535;195.8924;-555.1631;-2025.597
42552;196.6539;-552.0038;-2027.054
42587;196.8341;-550.3472;-2027.006
42620;196.8656;-549.0377;-2027.694
42653;196.7867;-548.3866;-2028.487
42687;197.0306;-547.9771;-2030.045
42738;196.6399;-547.7206;-2031.825
42754;196.3565;-547.1044;-2032.242
42789;197.0689;-545.8163;-2032.569
42839;195.9867;-544.1782;-2031.827
42856;187.1583;-541.7319;-2031.59
42889;201.6051;-540.4747;-2031.58
42940;214.433;-543.88;-2026.968
42957;196.0095;-538.3071;-2031.459
42990;189.2303;-536.1613;-2030.557
43041;187.3695;-535.0471;-2031.141
43058;187.0576;-534.1224;-2031.261
43091;185.5135;-534.3294;-2032.441
43125;184.1273;-534.0246;-2033.06
43176;183.746;-534.124;-2033.904
43193;183.9896;-533.5587;-2033.87
43226;183.8627;-532.004;-2034.076
43260;184.5497;-530.6988;-2034.097
43294;184.8393;-530.9682;-2034.646
43328;184.3358;-530.8177;-2034.767
43361;184.011;-530.6452;-2034.808
43395;183.5588;-530.443;-2034.458
43428;183.2655;-530.0811;-2034.15
43462;183.0761;-529.7765;-2033.534
43496;183.1451;-529.0622;-2033.047
43529;182.8816;-527.3078;-2031.795
43563;183.0837;-527.084;-2031.59
43597;183.3459;-526.43;-2031.181
43631;182.6231;-525.85;-2031.026
43665;182.582;-525.5547;-2030.868
43698;182.233;-524.2607;-2030.028
43732;182.8676;-521.6209;-2027.939
43765;182.9945;-517.9957;-2025.23
43799;182.0844;-516.6016;-2023.814
43833;184.7702;-508.6468;-2018.272
43866;184.8118;-502.6212;-2014.816
43900;221.5081;-451.6234;-1997.435
43934;225.6769;-449.52;-1986.179
43967;225.1234;-431.8159;-1981.732
44001;251.9332;-400.6187;-1919.79
44035;253.896;-383.005;-1920.062
44069;255.7484;-369.5319;-1917.682
44102;245.48;-354.7356;-1929.369
44119;258.2022;-348.9171;-1921.165
44170;257.3654;-352.8821;-1920.437
44462;201.0264;-580.4792;-1991.805
44494;198.9548;-579.7274;-1991.917
44528;197.5239;-581.445;-1994.495
44562;193.4536;-581.7241;-2006.781
44595;168.8057;-546.9648;-2053.777
44629;171.742;-547.5317;-2053.678
44663;184.9688;-572.4497;-2001.569
44696;173.3361;-540.774;-2047.935
44730;185.0893;-580.0754;-1997.469
44764;185.2781;-581.1447;-1996.808
44798;184.8242;-579.8234;-1996.469
44828;184.2466;-580.9844;-1995.723
44860;183.1744;-581.1888;-1996.52
44891;165.1123;-551.2722;-2049.147
44925;176.3242;-586.2796;-2001.929
44958;167.6995;-553.3141;-2041.54
44993;241.0106;-524.4295;-2022.928
45026;330.0606;-539.3501;-1961.5
45060;420.6063;-538.1732;-1970.286
45093;465.2346;-555.9109;-1972.313
47495;-246.7225;-578.7178;-1741.232
47529;-257.3751;-572.3224;-1715.628
47562;-268.6446;-565.0462;-1693.497
47596;-280.344;-562.3309;-1661.016
47630;-302.7191;-544.1011;-1634.933
47682;-308.947;-541.5733;-1594.327
47717;-327.9359;-492.9536;-1608.348
47758;-337.6562;-498.5227;-1544.142
47811;-347.0409;-479.8416;-1541.933
47844;-356.7791;-461.4529;-1522.015
47902;-366.4526;-462.4587;-1464.473
47918;-377.0949;-442.3979;-1452.426
47952;-389.7288;-425.9471;-1420.259
47969;-378.7753;-430.3407;-1366.489
47989;-393.9817;-380.9699;-1366.392
48022;-419.6947;-423.3343;-1387.919
48056;-426.213;-415.3145;-1380.057
48073;-452.0081;-415.8752;-1351.566
48108;-463.0587;-402.4426;-1340.162
48159;-468.663;-398.2754;-1315.178
48193;-475.48;-391.2485;-1291.01
48209;-465.2177;-426.0474;-1273.729
48243;-535.5673;-419.1768;-1308.54
48277;-536.3884;-416.3047;-1298.571
48298;-543.7002;-409.9025;-1288.424
48331;-550.5446;-404.0214;-1272.215
48365;-561.7142;-401.6744;-1262.642
48399;-570.8158;-396.3221;-1252.135
48432;-575.7986;-392.9221;-1234.626
48466;-581.4559;-393.334;-1215.586
48522;-593.2096;-394.326;-1203.43
48556;-563.4023;-385.7286;-1120.332
48607;-514.6935;-270.4221;-1053.917
48640;-510.1902;-266.6191;-1036.797
48674;-508.7624;-256.5671;-1026.138
48708;-482.8445;-258.8326;-983.8521
48742;-363.392;-352.8277;-959.3759
48775;-360.2388;-351.1243;-953.6758
48809;-351.486;-347.2366;-942.0505
48843;-339.3936;-350.1234;-922.4974
48877;-332.9925;-350.1574;-911.97
48910;-422.5874;-333.3731;-867.8397
48944;-410.6191;-324.8192;-863.1075
48978;-408.6776;-320.0858;-861.6064
49012;-404.1495;-315.8553;-856.0848
49045;-402.5261;-310.6671;-848.4861
49079;-323.0862;-335.1207;-869.4827
49112;-322.7878;-336.0322;-869.257
49163;-322.9998;-335.9371;-869.0502
49180;-323.9387;-328.3481;-881.7839
49230;-330.7367;-330.7672;-869.6608
49264;-335.8026;-319.399;-887.5242
49281;-344.2368;-336.1209;-876.1939
49297;-348.9617;-328.9397;-880.4687
49349;-353.5801;-334.9003;-875.7795
49365;-373.4765;-325.9911;-845.2497
49398;-416.8193;-49.29732;-995.2049
49432;-450.987;-48.62429;-942.2896
49466;-390.1478;135.5487;-905.9562
49500;-390.9114;134.6641;-909.0143
49533;-399.1937;133.7985;-914.0052
49561;-186.8151;18.49905;-433.0675
49608;-187.8704;23.30631;-431.0349
49642;-188.4544;23.99516;-429.729
49659;-189.2499;24.58631;-429.1226
49710;-190.0017;24.68199;-428.6139
49729;-190.9662;25.47428;-428.0962
49760;-193.848;24.78115;-426.3232
49794;-198.1868;29.61668;-423.5468
49850;-198.9687;-0.16376;-418.8229
49930;-197.9055;15.09251;-424.4948
49948;-197.8685;14.80812;-424.545
49997;-12.53365;-486.4338;-1908.022
50031;14.71236;-485.7847;-1905.834
50065;36.01409;-474.6176;-1905.981
50099;61.23513;-470.547;-1906.463
50132;87.84682;-465.4224;-1906.276
50166;108.3112;-460.3837;-1902.469
50200;124.9724;-455.4859;-1896.336
50234;136.8858;-454.7581;-1889.048
50267;143.2231;-452.7665;-1884.859
50301;149.9706;-450.7141;-1879.145
50335;156.3681;-446.7286;-1872.331
50370;159.6276;-445.8287;-1868.027
50404;166.3575;-439.6327;-1860.691
50420;167.0129;-438.0042;-1860.716
50454;172.7039;-432.3729;-1854.721
50522;175.1756;-430.4641;-1856.18
50538;178.1628;-429.5579;-1859.06
50555;179.4435;-429.8197;-1859.484
50614;183.1779;-431.8539;-1863.578
50641;183.7825;-431.5092;-1864.778
50675;184.6705;-431.8793;-1865.995
50693;185.1584;-431.7394;-1866.979
50743;185.5747;-431.4372;-1867.812
50776;186.0381;-429.5062;-1869.433
50810;186.7876;-426.8983;-1873.489
50827;187.3477;-425.7494;-1877.705
50877;186.9565;-433.0102;-1889.461
50894;187.3068;-427.2575;-1902.292
50945;186.6785;-424.9969;-1906.46
50962;184.8719;-426.299;-1913.317
50997;184.9801;-430.1069;-1926.872
51031;185.4007;-430.6667;-1934.971
51064;185.3063;-431.3152;-1944.16
51098;186.7545;-433.2232;-1954.33
51132;188.1019;-436.3048;-1963.551
51165;189.4711;-454.6637;-1971.88
51199;189.856;-458.5675;-1975.013
51233;192.3893;-449.904;-1989.169
51266;192.0156;-451.3612;-1990.874
51300;191.9027;-451.4391;-1991.136
51351;191.4307;-452.9314;-1990.57
51368;190.8911;-461.5791;-1981.627
51401;192.4561;-455.7814;-1978.878
51435;190.6044;-468.2561;-1959.139
51469;190.855;-449.5758;-1945.868
51502;186.2099;-455.4916;-1932.026
51553;184.1661;-455.1393;-1926.262
51570;179.8553;-453.1451;-1910.847
51621;178.4081;-456.0907;-1892.769
51637;179.1984;-451.9183;-1880.387
51705;182.6899;-446.031;-1866.976
51722;187.1136;-440.2739;-1852.135
51738;196.5467;-436.0166;-1833.411
51772;201.9361;-446.46;-1811.353
51806;206.4981;-448.636;-1797.263
51822;215.3446;-438.7092;-1786.243
51856;225.6043;-424.7369;-1778.41
51890;233.9661;-421.9164;-1769.547
51924;239.8779;-415.7516;-1765.316
51957;245.8527;-411.1825;-1763.486
51991;249.2785;-408.9111;-1763.565
52025;250.9299;-408.6914;-1764.713
52058;252.6808;-409.002;-1766.244
52092;253.5666;-409.3724;-1767.744
52143;255.5487;-412.4186;-1771.66
52177;255.9519;-414.6346;-1774.984
52193;256.9901;-419.4036;-1779.346
52227;256.4929;-414.0686;-1787.622
52261;255.9049;-412.2048;-1792.596
52294;255.8023;-412.8386;-1796.204
52328;255.3225;-414.5656;-1801.163
52362;256.446;-417.3907;-1803.337
52412;257.4839;-418.8972;-1804.754
52429;258.812;-421.9095;-1804.73
52463;260.5697;-424.5751;-1804.043
52496;265.1941;-429.4102;-1800.806
52530;278.9351;-429.7393;-1797.323
52564;284.2308;-426.4694;-1793.365
52597;293.2577;-422.2724;-1786.735
52632;304.197;-415.9446;-1780.508
52675;329.1227;-377.9854;-1770.996
52698;330.2918;-378.5717;-1769.483
52722;339.087;-376.7147;-1766.722
52772;348.1768;-374.5211;-1761.671
52789;356.7887;-374.5888;-1757.931
52840;366.8654;-369.6399;-1755.947
52885;369.9552;-368.4982;-1756.064
52905;383.139;-366.8148;-1756.671
52948;382.0543;-367.8795;-1757.101
52978;384.9948;-368.937;-1756.105
52995;384.7856;-369.7877;-1755.959
53029;380.0306;-370.7358;-1754.592
53062;379.338;-370.4996;-1754.192
53096;379.5908;-374.8315;-1752.263
53130;379.8092;-374.2033;-1751.363
53164;379.3651;-375.756;-1749.828
53197;379.7641;-377.1731;-1747.577
53231;378.9401;-377.8403;-1746.427
53282;378.7856;-378.4951;-1745.889
53298;377.9039;-376.2664;-1746.844
53366;373.1512;-372.8562;-1750.519
53434;352.3582;-389.0558;-1755.819
53484;316.5996;-374.9563;-1789.174
53534;301.1372;-408.7612;-1788.67
53568;284.6757;-392.2653;-1809.053
53602;264.0596;-408.3564;-1814.031
53635;247.4198;-411.9493;-1823.121
53669;225.2832;-414.8174;-1838.57
53703;206.286;-430.0172;-1847.175
53736;178.5466;-438.9764;-1870.208
53770;166.1957;-444.6888;-1881.467
53787;143.9407;-465.8324;-1911.664
53837;129.6002;-469.4651;-1921.158
53871;108.7183;-477.1103;-1943.056
53888;84.78903;-468.1281;-1972.419
53938;68.17487;-477.5938;-1983.272
53972;48.55725;-488.3387;-1999.882
54006;32.05116;-500.3509;-2011.229
54040;0.3282061;-515.65;-2030.167
54057;-9.742352;-521.5044;-2034.143
54107;-41.71275;-524.4384;-2047.013
54141;-58.95685;-525.9804;-2049.047
54191;-89.93182;-532.3554;-2048.625
54242;-113.4461;-537.769;-2045.499
54276;-128.5834;-535.1821;-2044.711
54309;-143.3382;-536.4434;-2042.303
54343;-155.5911;-536.6724;-2042.27
54360;-168.8887;-532.025;-2043.107
54394;-174.0105;-533.2938;-2042.566
54427;-177.4027;-533.6396;-2041.471
54461;-180.5797;-534.0173;-2040.29
54495;-181.2854;-535.335;-2038.915
54531;-180.857;-535.6397;-2037.914
54562;-178.4305;-536.4152;-2035.816
54597;-169.7411;-535.0051;-2030.738
54630;-157.571;-536.3076;-2022.908
54663;-148.5887;-532.1037;-2020.158
54697;-133.0948;-526.6889;-2015.343
54730;-116.8703;-517.4183;-2014.436
54764;-104.4573;-510.147;-2014.071
54798;-89.40238;-508.7887;-2007.947
54831;-75.9709;-503.8421;-2004.514
54866;-60.36502;-498.9436;-1999.867
54899;-44.59168;-499.25;-1992.716
54933;-25.68663;-500.4932;-1986.511
54966;-5.672344;-504.5457;-1976.496
55000;20.95457;-509.7065;-1965.507
55034;32.54937;-504.9543;-1962.592
55067;57.0647;-516.2034;-1946.994
55101;81.02422;-516.9453;-1947.412
55118;115.4908;-487.6731;-1960.882
55168;136.1363;-480.8142;-1964.466
55202;164.3568;-477.2977;-1962.877
55223;186.7681;-469.199;-1964.606
55253;208.0884;-466.8132;-1967.376
55287;234.2919;-437.9131;-1982.607
55320;251.8947;-424.4942;-1988.765
55371;261.9021;-413.5403;-1991.97
55404;275.3996;-408.1602;-1990.667
55438;285.011;-399.4527;-1991.991
55472;293.2742;-395.0975;-1990.486
55489;304.7481;-392.49;-1987.373
55573;324.1101;-393.9414;-1977.466
55607;336.6621;-395.259;-1971.98
55657;346.7883;-395.6646;-1967.875
55691;373.5041;-398.3925;-1960.111
55725;378.6625;-398.2766;-1956.123
55758;383.5541;-396.378;-1953.525
55809;391.7802;-396.2188;-1949.711
55826;395.2369;-396.4648;-1947.05
55859;396.1344;-395.9142;-1945.807
55893;395.1198;-394.5251;-1942.964
55927;394.4807;-394.143;-1942.271
55960;393.0987;-393.7495;-1941.562
56001;391.8914;-394.4749;-1941.289
56028;390.3206;-397.434;-1940.458
56061;386.8206;-397.0482;-1942.398
56095;382.8159;-396.2927;-1944.466
56129;380.1191;-396.375;-1945.498
56163;375.2932;-393.8675;-1949.607
56196;371.2575;-393.4169;-1952.436
56230;369.0634;-393.3745;-1954.422
56264;364.9579;-393.3945;-1956.206
56297;359.5197;-395.7959;-1956.894
56331;356.5823;-394.734;-1958.682
56365;354.5844;-394.1321;-1960.715
56398;351.8939;-394.9131;-1961.255
56432;349.0762;-394.6698;-1962.427
56466;346.747;-395.6962;-1962.977
56500;345.8889;-396.2141;-1962.921
56567;342.8644;-396.8461;-1961.191
56729;341.5025;-395.3093;-1956.907
56795;338.76;-410.244;-1912.789
56846;339.6;-407.7361;-1912.214
56863;339.1976;-408.4922;-1908.325
56896;338.8714;-407.922;-1904.841
56930;337.4325;-408.7507;-1901.529
56964;336.8727;-409.7868;-1900.46
57016;334.208;-410.5094;-1901.95
57048;329.7703;-410.4813;-1906.35
57065;326.0392;-401.2834;-1921.028
57098;319.6162;-402.2745;-1937.189
57132;312.0648;-399.6429;-1947.913
57183;300.8042;-405.8659;-1962.344
57199;290.1709;-404.066;-1987.948
57233;284.633;-409.3727;-1999.281
