
1;-3.973885;54.89932;-1920.696
19;-0.05623303;56.36641;-1916.964
40;3.420563;57.33667;-1914.043
98;6.347693;58.31652;-1912.561
137;10.76982;59.94852;-1911.992
189;15.42857;61.59761;-1911.816
240;22.15316;62.59437;-1913.71
275;22.75956;62.72161;-1913.633
291;27.33472;62.46227;-1915.945
325;31.51035;62.08739;-1917.657
360;34.28506;61.50982;-1919.125
377;35.97956;60.98843;-1920.096
398;37.89631;59.63696;-1920.655
432;38.86023;59.47316;-1921.171
465;39.37503;59.33109;-1921.545
520;39.72046;59.11435;-1921.521
583;40.34354;58.10173;-1919.282
622;39.64965;56.33386;-1914.571
639;38.14733;56.42621;-1908.944
672;35.41258;57.68222;-1902.526
706;32.49627;59.29813;-1894.127
744;28.64922;60.93016;-1883.478
798;25.6636;62.33048;-1872.861
812;21.44657;63.25556;-1860.626
832;15.78973;63.73496;-1845.529
900;8.794169;66.34356;-1832.296
934;2.035329;67.57944;-1817.274
952;-6.708151;70.40706;-1805.165
1003;-24.236;66.741;-1784.945
1021;-37.19231;64.49332;-1768.912
1054;-55.78251;62.5252;-1749.829
1072;-74.59903;61.07383;-1728.855
1122;-92.69062;60.05577;-1709.465
1156;-116.7267;59.16986;-1688.836
1190;-141.6582;56.94348;-1667.666
1226;-170.5922;55.09568;-1646.882
1263;-199.8343;55.75824;-1625.456
1300;-237.5097;50.11769;-1598.471
1334;-268.2706;49.86298;-1576.03
1370;-311.0929;47.89518;-1544.849
1403;-354.5066;48.59176;-1512.43
1420;-394.294;48.78896;-1479.536
1455;-429.2558;47.07117;-1446.304
1471;-469.518;56.63773;-1416.394
1522;-498.3923;56.46219;-1394.015
1556;-532.6946;68.19132;-1366.423
1592;-561.3719;76.24078;-1343.853
1631;-588.1924;89.84931;-1319.045
1664;-608.1973;99.30115;-1303.613
1698;-608.9388;112.5699;-1282.195
1732;-601.8283;118.5001;-1254.042
1786;-601.0029;156.8217;-1243.451
1823;-541.5547;178.8302;-1185.984
1841;-534.8176;187.0529;-1178.554
1883;-528.6119;190.2109;-1169.007
1921;-523.7749;192.1644;-1158.162
1941;-520.0865;192.4333;-1146.37
1962;-517.157;189.8118;-1132.423
1979;-514.6899;188.4954;-1120.141
1996;-510.4288;186.9698;-1106.547
2059;-509.806;181.4396;-1093.738
2088;-508.5903;176.0154;-1082.697
2124;-490.5659;169.1351;-1059.473
2139;-484.6284;171.544;-1050.435
2173;-453.1561;67.37728;-1006.27
2207;-445.3738;69.99043;-1001.61
2240;-433.5485;72.80767;-988.3057
2275;-425.7695;78.16508;-970.3687
2291;-417.2513;85.37373;-953.2069
2325;-404.9803;86.1843;-930.5043
2358;-387.6867;87.20059;-915.7355
2392;-366.4468;98.63607;-904.9662
2443;-363.8127;99.28167;-886.9379
2459;-338.6059;78.146;-885.8987
2493;-330.7462;74.62686;-871.1536
2528;-330.7462;74.62686;-871.1536
2595;-330.7462;74.62686;-871.1536
3591;-309.369;-235.4982;-2037.98
3625;-283.2534;-232.4037;-2049.71
3664;-260.075;-230.7596;-2056.73
3681;-238.4985;-231.8816;-2062.844
3732;-218.1243;-234.8945;-2069.155
3765;-205.287;-235.3105;-2074.56
3802;-188.1302;-237.0165;-2080.235
3852;-171.4669;-237.762;-2084.6
3869;-157.4973;-236.7746;-2086.843
3886;-146.8896;-235.6465;-2088.868
3919;-132.8297;-234.5613;-2092.051
3953;-115.8382;-237.925;-2093.353
3995;-105.3186;-237.8126;-2094.163
4028;-94.27991;-237.5055;-2093.937
4062;-61.09231;-244.7397;-2089.781
4096;-50.82044;-245.5817;-2087.564
4130;-36.30805;-247.1135;-2083.689
4146;-19.99248;-247.5668;-2078.808
4197;-9.074925;-247.9664;-2076.122
4231;2.712255;-246.9957;-2073.552
4264;11.1363;-245.3567;-2072.123
4315;26.9999;-240.8009;-2072.182
4332;34.11776;-238.6754;-2072.258
4365;42.06459;-235.8318;-2072.866
4416;47.45845;-233.8278;-2073.438
4449;53.03358;-232.3118;-2074.782
4466;59.89284;-231.9809;-2076.839
4483;70.53899;-233.409;-2080.648
4719;78.67796;-235.1134;-2085.749
4736;90.90233;-239.5541;-2092.926
4779;163.4335;-240.6165;-2163.656
4795;166.893;-241.8233;-2165.261
4829;174.0224;-242.4473;-2170.837
4863;184.4871;-240.5207;-2180.632
4896;190.7706;-242.935;-2187.478
4930;194.904;-243.5842;-2192.622
4964;199.9622;-242.5253;-2197.441
4997;203.0903;-242.0492;-2202.018
5031;204.8058;-242.167;-2205.263
5050;205.3741;-242.6875;-2206.81
5087;205.1511;-243.3093;-2207.859
5137;203.649;-245.2091;-2209.362
5154;202.4869;-246.4077;-2210.422
5205;199.7385;-246.8798;-2212.41
5227;196.5062;-249.0424;-2213.524
5272;192.7374;-249.9361;-2215.157
5290;187.3873;-251.6165;-2217.148
5340;184.6786;-251.861;-2218.418
5357;181.1579;-254.2038;-2220.211
5391;179.6043;-255.0055;-2221.071
5424;176.6577;-255.5362;-2224.393
5458;173.5277;-254.3406;-2228.666
5492;171.9715;-255.4296;-2230.683
5525;170.2632;-255.7597;-2234.75
5559;168.638;-256.2829;-2238.635
5585;168.7727;-256.4842;-2239.401
5634;169.5492;-257.379;-2240.505
5684;170.2761;-258.1522;-2242.356
5710;171.1856;-258.9333;-2244.776
5727;172.5529;-259.41;-2247.369
5760;175.2937;-258.7008;-2251.197
5794;178.1239;-260.6828;-2254.392
5828;183.8509;-262.2295;-2256.486
5862;190.0618;-263.3553;-2258.91
5895;195.1529;-267.4757;-2260.623
5929;211.9735;-267.9855;-2257.391
5963;217.7466;-267.2391;-2258.807
5996;224.6682;-265.705;-2258.864
6013;230.7022;-264.1161;-2258.133
6064;239.7364;-262.0102;-2255.112
6097;245.0802;-260.219;-2255.64
6131;248.6009;-260.2518;-2256.099
6165;251.1304;-260.8116;-2256.546
6198;255.6868;-259.9868;-2255.931
6232;259.7325;-260.3487;-2254.141
6249;260.5407;-260.0077;-2253.819
6283;260.5133;-260.0499;-2253.773
6316;260.3557;-260.1502;-2253.763
6367;259.947;-259.9878;-2253.161
6401;259.2431;-259.2513;-2253.22
6417;258.3114;-259.374;-2252.845
6468;256.0273;-258.0242;-2253.166
6485;252.4757;-256.6843;-2255.032
6518;248.3671;-256.8703;-2256.052
6552;245.6661;-256.926;-2256.229
6586;243.4024;-257.0793;-2255.736
6620;240.7606;-257.5491;-2255.737
6653;238.0351;-258.5161;-2256.353
6687;236.752;-259.2217;-2256.843
6721;235.8896;-259.9073;-2256.865
6755;235.5473;-260.2423;-2257.089
6788;235.5971;-260.3652;-2257.221
6838;235.6696;-260.4569;-2257.456
6855;235.8794;-260.9233;-2258.206
6889;236.534;-260.6647;-2258.466
6940;239.3659;-259.3354;-2258.354
6956;243.17;-258.9776;-2256.844
6990;245.6899;-257.6595;-2257.805
7024;248.7974;-258.27;-2256.998
7109;254.5338;-258.8982;-2257.089
7143;259.446;-258.5883;-2257.698
7194;265.8161;-258.4497;-2257.342
7229;270.5952;-256.8613;-2257.867
7263;273.8732;-256.4125;-2258.065
7296;276.0237;-256.2988;-2258.912
7330;278.5346;-255.5106;-2261.304
7364;281.5923;-258.9863;-2260.032
7397;283.595;-259.1599;-2260.972
7431;285.203;-259.6956;-2260.815
7465;286.6171;-260.018;-2261.021
7482;288.0046;-260.2046;-2261.502
7532;289.2694;-260.7094;-2261.761
7550;290.839;-260.2227;-2262.065
7600;291.7092;-260.0333;-2263.082
7634;292.5952;-259.488;-2264.975
7667;294.5369;-257.1328;-2267.983
7701;297.4795;-252.0098;-2271.88
7717;296.8025;-249.2036;-2277.146
7768;297.3465;-244.7142;-2282.351
7802;298.8223;-238.827;-2286.464
7886;299.4507;-225.3359;-2292.424
7920;298.6273;-203.5563;-2293.344
7953;298.2406;-195.8689;-2295.952
8004;298.0142;-187.7652;-2297.457
8021;297.0471;-183.3889;-2298.639
8054;296.993;-179.951;-2300.216
8088;300.6757;-176.9192;-2298.113
8122;305.475;-174.7357;-2295.819
8172;308.9074;-172.0696;-2295.575
8189;311.0716;-170.4474;-2295.906
8223;314.4546;-169.0318;-2295.065
8258;316.7425;-163.5723;-2301.149
8292;317.7961;-160.7282;-2305.741
8325;310.3127;-153.4457;-2323.628
8376;294.1282;-148.9476;-2337.109
8410;296.0221;-149.572;-2336.519
8426;318.5916;-158.9459;-2312.612
8461;310.0911;-158.1264;-2322.143
8494;306.3987;-158.6918;-2326.812
8527;305.0042;-160.1589;-2327.151
8561;303.7515;-161.1497;-2328.258
8595;302.9171;-161.83;-2329.325
8628;301.7897;-162.5799;-2329.792
8662;304.0223;-169.4537;-2321.243
8730;289.5548;-185.3276;-2314.767
8764;308.0799;-202.1666;-2289.656
8791;304.4071;-205.6982;-2291.434
8825;301.189;-209.8273;-2293.277
8859;299.1216;-215.6586;-2292.499
8893;295.9994;-221.1471;-2292.293
8926;292.3279;-231.3107;-2290.229
8960;288.0527;-241.7744;-2286.408
9010;287.5771;-243.963;-2284.415
9055;284.7518;-253.6194;-2270.929
9089;283.8775;-256.0537;-2266.773
9140;283.4931;-252.088;-2267.085
9173;282.6676;-249.2521;-2268.565
9190;281.6844;-249.6634;-2268.674
9225;280.642;-250.039;-2268.25
9258;278.7058;-251.3588;-2270.282
9291;278.0914;-251.8045;-2269.951
9325;276.5321;-254.399;-2270.072
9358;275.848;-255.6814;-2272.818
9409;274.8935;-255.1794;-2280.492
9426;275.0624;-255.1682;-2283.24
9460;275.4432;-253.333;-2288.72
9510;276.1702;-248.4726;-2292.375
9544;275.8241;-242.2556;-2295.143
9578;279.1607;-231.1201;-2296.916
9611;280.3109;-221.0842;-2296.815
9645;283.3058;-210.668;-2296.116
9662;283.1145;-196.8033;-2301.712
9696;284.0283;-189.6462;-2303.193
9729;284.9471;-185.8124;-2302.382
9763;286.1711;-180.7896;-2303.693
9796;294.758;-177.1435;-2295.826
9830;303.1376;-173.6533;-2293.33
9864;301.942;-131.4016;-2356.361
9898;302.5554;-131.3759;-2356.554
9932;306.3609;-131.4619;-2356.283
9999;311.3863;-131.4739;-2357.694
10066;313.2953;-131.7287;-2359.734
10083;313.3494;-131.7181;-2361.395
10117;313.0365;-132.1013;-2362.725
10150;310.2;-142.993;-2354.646
10184;308.3619;-145.4636;-2354.279
10218;305.5198;-151.3631;-2352.779
10252;303.4786;-156.583;-2350.66
10288;301.4899;-179.7554;-2329.534
10336;325.9751;-198.7098;-2286.573
10369;326.0493;-199.1363;-2286.341
10403;323.9921;-202.6682;-2284.524
10420;320.786;-206.4564;-2285.422
10454;305.7816;-216.3641;-2295.077
10504;300.4911;-224.0827;-2294.307
10521;299.1087;-227.782;-2293.973
10572;295.4973;-235.4974;-2290.47
10589;292.4956;-250.7455;-2274.739
10639;292.1497;-250.6406;-2275.044
10656;291.7522;-250.7782;-2275.108
10690;289.0916;-255.7506;-2267.947
10723;288.8116;-255.2171;-2267.342
10757;288.3803;-251.4382;-2268.383
10791;287.7889;-249.5157;-2269.047
10842;287.4222;-248.6052;-2269.381
10858;282.8295;-249.2452;-2277.528
10892;282.8938;-248.8251;-2277.013
10926;282.0651;-257.252;-2267.104
10959;281.9174;-258.4933;-2266.734
10993;281.5707;-258.6482;-2270.364
11027;281.0527;-257.3935;-2275.971
11061;280.9705;-255.9018;-2282.597
11095;281.2014;-249.8465;-2290.785
11129;281.0426;-242.5711;-2297.011
11163;283.0052;-233.6767;-2298.623
11186;285.1558;-222.9057;-2299.386
11220;285.9067;-212.4326;-2301.625
11271;285.553;-201.884;-2304.784
11287;284.5143;-191.7525;-2307.279
11321;285.3235;-188.6234;-2305.843
11355;289.9986;-183.029;-2302.085
11388;292.9104;-178.664;-2301.93
11422;293.6479;-169.9046;-2310.644
11473;301.0685;-135.4982;-2355.096
11506;302.5033;-134.9669;-2354.989
11540;304.8343;-134.417;-2356.18
11564;306.7374;-134.4392;-2357.048
11615;308.8866;-134.3262;-2358.108
11632;309.5836;-134.134;-2359.164
11665;313.3895;-138.9274;-2354.312
11699;313.775;-139.4097;-2354.306
11733;327.8981;-151.7397;-2329.193
11767;321.6638;-157.1271;-2327.201
11800;314.9491;-158.8703;-2331.558
11834;308.7416;-157.9526;-2342.029
11868;307.051;-159.7022;-2343.941
11902;316.1607;-173.1198;-2319.777
11918;317.0516;-182.8971;-2306.489
11959;323.9974;-193.6757;-2289.197
11993;323.8473;-198.6693;-2283.004
12027;304.1307;-210.4807;-2294.163
12060;304.5595;-213.908;-2290.848
12094;300.4691;-218.9716;-2292.006
12128;297.4162;-223.1557;-2291.739
12152;299.7299;-229.8607;-2283.454
12186;301.1292;-235.8989;-2277.239
12219;293.0556;-247.5243;-2270.46
12254;291.3266;-249.8636;-2266.844
12306;288.8817;-254.6958;-2262.027
12321;288.5931;-254.5655;-2262.062
12355;287.6385;-251.1149;-2262.344
12388;286.5038;-248.8011;-2263.813
12422;284.699;-249.631;-2263.44
12473;283.3609;-247.0132;-2267.783
12508;282.2173;-248.9549;-2266.839
12543;280.6006;-252.1651;-2267.994
12594;279.4864;-253.9081;-2269.461
12612;278.7246;-252.9022;-2273.4
12648;278.0199;-252.6365;-2276.489
12664;278.0638;-250.9007;-2280.001
12697;277.5694;-246.0385;-2285.425
12731;278.4073;-240.6948;-2289.663
12765;280.1226;-230.7372;-2293.041
12798;281.2654;-221.1018;-2295.934
12833;281.7741;-212.8942;-2298.043
12869;282.5138;-204.0127;-2299.647
12902;281.4087;-192.8644;-2302.376
12936;281.2922;-180.8835;-2307.345
12953;282.0505;-180.1136;-2305.09
13003;287.1611;-176.3907;-2299.953
13020;288.65;-160.6085;-2317.312
13054;289.2101;-160.9536;-2315.667
13087;290.2023;-160.912;-2314.534
13123;292.3385;-159.2646;-2314.448
13156;298.1447;-151.5306;-2321.908
13208;299.2621;-150.2425;-2324.144
13232;303.0372;-153.4806;-2319.351
13283;303.5974;-150.577;-2327.516
13299;293.1238;-149.5428;-2331.683
13323;302.5706;-154.8753;-2321.563
13356;303.8237;-156.2319;-2320.648
13407;301.3071;-156.0106;-2327.77
13424;299.3206;-157.916;-2329.295
13457;305.3854;-182.6976;-2298.813
13491;306.4687;-186.1369;-2296.444
13542;308.6726;-194.6571;-2287.316
13558;306.9491;-199.4888;-2285.732
13592;305.2497;-203.793;-2285.969
13626;293.8866;-217.8113;-2291.202
13660;291.792;-221.3973;-2291.139
13710;289.2826;-227.8668;-2287.566
13727;286.8939;-234.1545;-2283.725
13761;286.0143;-237.111;-2282.588
13794;285.0669;-240.2504;-2280.521
13828;284.6294;-242.2836;-2278.627
13862;285.3716;-246.4629;-2264.88
13896;285.1607;-245.1727;-2264.917
13929;284.8423;-243.7928;-2264.844
13963;282.4576;-241.359;-2269.382
13996;282.2011;-241.2006;-2269.556
14021;280.1267;-240.2127;-2273.912
14065;279.9305;-240.378;-2274.136
14093;277.5614;-248.9648;-2272.118
14126;276.9972;-250.9104;-2272.301
14177;276.9523;-250.0652;-2274.441
14194;277.2412;-248.5901;-2277.64
14244;277.3253;-247.8346;-2279.786
14261;276.9627;-244.2118;-2283.227
14295;277.1652;-235.1631;-2293.678
14330;277.0777;-227.0251;-2299.739
14363;278.1598;-221.3902;-2298.988
14397;279.6548;-214.0792;-2297.594
14435;281.36;-205.0945;-2296.615
14479;281.315;-195.5695;-2298.327
14521;282.1255;-175.4498;-2303.817
14575;283.1416;-173.609;-2301.257
14613;284.1842;-171.4751;-2300.785
14654;289.3518;-165.0431;-2301.63
14707;283.051;-150.0564;-2316.7
14723;302.6068;-133.2339;-2335.169
14757;302.9678;-132.9519;-2335.823
14791;304.3499;-137.0009;-2330.906
14824;306.6157;-140.6064;-2326.886
14875;319.1732;-146.4806;-2312.496
14892;317.4687;-149.3298;-2311.284
14925;314.3713;-151.2794;-2312.569
14959;308.2108;-153.3323;-2319.857
14993;306.5585;-154.8619;-2322.318
15044;310.307;-162.8897;-2313.078
15062;319.991;-187.6189;-2280.189
15095;320.5345;-189.6377;-2279.251
15129;318.7686;-195.0862;-2277.622
15163;306.6747;-204.8177;-2282.528
15196;307.8126;-208.7998;-2279.843
15230;302.2148;-217.2014;-2280.86
15264;300.9352;-220.6652;-2280.829
15297;296.3569;-229.4193;-2278.877
15331;295.5604;-233.036;-2276.906
15365;295.5028;-233.4505;-2276.472
15399;295.7856;-234.2628;-2274.63
15433;293.7247;-240.1644;-2270.289
15484;292.0638;-244.2062;-2267.038
15501;291.4064;-245.4496;-2262.999
15534;290.8055;-246.1163;-2262.0
15568;290.2364;-246.1338;-2261.604
15602;287.3784;-247.1367;-2262.994
15669;283.6404;-248.3238;-2268.231
15704;282.8994;-249.2842;-2267.622
15726;282.5011;-250.4084;-2266.612
15775;281.9656;-251.5877;-2266.533
15802;279.8;-251.6215;-2272.017
15835;279.3017;-250.5358;-2274.494
15888;277.7442;-242.3676;-2284.858
15905;277.1843;-235.7025;-2289.89
15938;278.6156;-226.4849;-2295.572
15955;281.3188;-218.1366;-2293.116
15989;283.2015;-209.2736;-2292.038
16039;283.7452;-201.3765;-2291.372
16057;281.9041;-188.7948;-2295.499
16090;282.8039;-183.2912;-2294.019
16123;283.4353;-180.4659;-2291.996
16157;284.4017;-176.8435;-2291.953
16191;286.7296;-168.3487;-2297.123
16225;289.3299;-165.227;-2297.625
16276;296.6195;-150.981;-2311.533
16309;305.2473;-133.8411;-2334.304
16327;304.9767;-131.7686;-2337.084
16377;308.8433;-140.6566;-2324.702
16563;308.8658;-140.7875;-2324.711
16582;319.4024;-159.9854;-2294.28
16617;318.1918;-160.8671;-2295.339
16635;305.4088;-153.062;-2329.028
16653;309.0111;-173.2877;-2304.024
16671;320.3831;-191.0162;-2276.32
16721;308.4026;-199.0345;-2285.069
16772;308.4671;-205.0187;-2281.027
16789;307.7543;-211.4601;-2278.004
16824;303.4292;-218.9204;-2280.113
16857;299.9267;-224.4444;-2281.208
16891;298.3421;-227.5475;-2279.422
16925;293.3391;-238.0365;-2274.808
16975;292.8419;-238.849;-2273.392
16992;288.5808;-245.5699;-2270.928
17026;288.1018;-244.6083;-2269.852
17056;285.8564;-244.7618;-2270.459
17090;283.3427;-242.3938;-2272.127
17140;280.8151;-244.8324;-2271.068
17174;278.3024;-244.2767;-2272.786
17208;277.4522;-243.7326;-2273.366
17225;274.3293;-246.1136;-2275.29
17258;271.2953;-250.3639;-2276.242
17292;269.9515;-254.1476;-2274.947
17326;269.6505;-254.7868;-2274.773
17359;269.8904;-253.5538;-2276.343
17410;270.3023;-251.3278;-2278.912
17427;269.833;-247.6731;-2282.848
17477;269.9835;-237.8289;-2290.305
17494;270.882;-233.9057;-2289.831
17528;273.3186;-221.7136;-2291.001
17561;275.2163;-211.6467;-2290.481
17595;275.929;-202.7995;-2288.938
17629;275.3498;-192.8633;-2288.852
17662;275.6621;-186.8201;-2287.862
17696;278.6528;-182.6761;-2284.064
17732;281.2662;-174.3671;-2283.422
17759;283.5296;-152.2694;-2300.75
17803;284.0148;-152.8134;-2299.51
17821;285.8886;-151.0969;-2302.819
17854;290.6078;-150.7583;-2302.7
17888;293.0374;-150.6174;-2303.336
17938;296.1345;-145.5277;-2313.774
17955;297.5501;-144.8338;-2318.407
17989;298.1861;-144.2719;-2320.058
18022;298.0456;-144.915;-2320.863
18073;297.3697;-145.7773;-2322.122
18123;295.5856;-152.4126;-2321.337
18157;293.9184;-160.4599;-2318.858
18191;293.9167;-181.4921;-2301.06
18244;295.4332;-189.1462;-2295.115
18260;300.5317;-200.071;-2277.736
18294;295.632;-205.3607;-2280.228
18328;292.3945;-211.4496;-2281.222
18362;290.5807;-217.6976;-2279.456
18412;288.8709;-223.1437;-2276.302
18429;284.9034;-235.4698;-2269.582
18463;284.431;-237.092;-2268.997
18496;283.5051;-238.6515;-2268.154
18530;282.6635;-241.4952;-2266.183
18564;281.1967;-246.8461;-2258.483
18597;280.8873;-245.2715;-2258.528
18631;280.5697;-243.9463;-2258.526
18671;279.96;-243.0786;-2257.634
18698;279.0821;-242.0623;-2257.968
18732;276.8849;-240.9737;-2261.032
18766;275.2915;-240.0907;-2264.398
18784;271.3944;-249.0413;-2262.989
18834;270.2732;-251.2334;-2262.765
18868;270.3777;-250.5331;-2265.866
18901;270.5301;-250.4225;-2267.342
18935;271.0032;-247.8659;-2272.333
18969;271.3246;-244.4234;-2277.588
18985;269.9355;-237.4074;-2284.634
19019;270.4107;-231.9105;-2288.437
19070;273.3081;-224.0057;-2288.191
19086;275.2151;-214.9633;-2288.628
19137;276.8421;-208.4933;-2287.231
19171;276.7518;-196.9701;-2288.515
19188;277.3087;-189.0886;-2289.205
19222;278.1297;-184.9587;-2288.016
19272;281.23;-179.9428;-2284.704
19305;285.182;-170.9163;-2288.282
19339;286.874;-164.3454;-2292.759
19373;294.4268;-126.905;-2339.65
19424;298.6398;-138.1749;-2325.366
19441;301.0417;-133.1402;-2335.039
19498;305.2506;-139.5626;-2325.532
19515;306.4411;-140.7227;-2325.093
19531;307.4697;-132.1402;-2342.112
19565;307.9952;-134.5677;-2340.794
19598;307.0492;-136.1586;-2341.011
19632;305.6261;-140.7476;-2340.328
19666;302.9598;-147.6162;-2338.125
19700;301.6958;-151.8073;-2338.543
19733;299.9003;-161.0445;-2334.187
19750;321.3454;-193.8572;-2278.895
19784;321.5833;-195.3458;-2277.69
19834;304.3495;-202.9014;-2292.559
19868;301.285;-206.6246;-2293.404
19885;298.1559;-212.6182;-2294.296
19919;295.1528;-220.4198;-2293.673
19953;294.3817;-224.5802;-2292.088
20003;291.145;-233.2914;-2289.282
20020;289.9541;-236.2169;-2288.886
20054;287.661;-241.0659;-2285.422
20087;286.3194;-244.0197;-2281.899
20121;283.0376;-253.8274;-2270.863
20155;282.2997;-253.352;-2271.958
20188;280.0935;-245.9134;-2278.091
20227;279.7029;-245.1142;-2277.208
20277;278.5714;-244.1491;-2277.626
20294;277.2762;-243.3298;-2278.89
20328;275.6591;-243.4649;-2280.094
20361;269.4318;-255.8626;-2278.121
20395;269.3446;-256.8367;-2276.934
20429;269.3368;-256.9943;-2276.795
20462;269.6208;-253.2962;-2281.992
20496;269.3581;-252.5819;-2284.032
20530;269.23;-247.8226;-2288.44
20563;268.7274;-241.8;-2292.137
20597;269.3219;-232.4807;-2296.096
20631;273.1713;-223.2266;-2295.253
20665;275.3582;-212.3801;-2295.121
20698;276.4596;-206.5791;-2293.062
20732;276.0519;-194.076;-2294.398
20766;276.6428;-189.6591;-2292.997
20799;277.3175;-173.108;-2301.168
20833;278.3268;-172.9623;-2296.951
20854;279.9269;-171.6645;-2295.186
20884;283.3683;-165.5608;-2298.333
20917;288.6668;-164.8096;-2294.798
21002;293.2092;-129.1319;-2347.591
21036;293.2177;-129.4486;-2348.081
21103;310.7307;-156.9191;-2307.829
21120;310.5961;-156.7656;-2308.317
21154;298.8776;-150.3621;-2333.453
21187;294.6858;-149.7418;-2341.036
21221;294.4803;-150.8456;-2340.554
21272;293.5867;-170.6735;-2320.275
21288;305.2998;-187.5907;-2294.198
21322;306.9502;-192.519;-2289.085
21356;306.8485;-197.7504;-2284.007
21406;297.1495;-207.2438;-2289.463
21423;293.7576;-213.3561;-2290.999
21458;292.3673;-217.6427;-2290.97
21508;291.7368;-224.881;-2285.545
21541;290.4245;-229.6448;-2284.051
21558;289.5889;-232.9148;-2283.759
21592;288.7914;-236.8923;-2282.321
21625;288.2317;-239.2373;-2281.516
21659;287.9122;-240.2798;-2280.532
21693;287.4721;-240.1119;-2278.802
21743;285.943;-239.0535;-2280.727
21760;284.9715;-238.5645;-2281.999
21794;284.3057;-239.0476;-2281.892
21828;281.2096;-238.5607;-2290.066
21861;280.964;-238.7491;-2290.749
21895;279.039;-246.544;-2291.772
21929;277.5471;-249.5768;-2293.13
21962;277.6089;-249.674;-2293.03
21996;277.7316;-249.5968;-2293.45
22030;278.4026;-248.5132;-2294.367
22064;278.6349;-245.349;-2297.18
22097;278.8647;-238.3925;-2300.149
22131;281.0731;-228.3651;-2302.532
22165;282.1617;-219.9307;-2302.71
22203;282.8367;-211.4072;-2304.476
22237;282.7129;-203.5387;-2304.807
22304;290.4869;-189.3881;-2295.684
22373;289.0462;-176.6323;-2306.502
22558;291.6866;-174.4302;-2305.916
22609;297.1462;-155.6736;-2353.161
22626;297.1405;-155.7322;-2353.103
22677;297.1852;-155.8373;-2353.154
22693;297.1253;-156.3565;-2352.892
22744;296.2725;-158.5228;-2351.427
22760;295.7788;-161.8936;-2347.854
22795;295.1238;-166.1425;-2345.712
22829;293.9536;-170.6326;-2344.681
22878;283.3345;-182.9725;-2336.434
22895;282.41;-186.414;-2333.9
22929;311.2354;-204.9555;-2289.558
22963;310.5526;-205.6277;-2289.238
22996;309.6064;-208.1209;-2287.963
23031;300.8341;-213.7808;-2295.285
23082;297.8456;-217.2043;-2296.21
23101;298.7345;-222.2989;-2291.07
23135;300.6009;-227.1284;-2283.836
23152;300.1727;-231.5156;-2281.888
23220;300.6651;-245.2087;-2267.27
23236;297.7605;-245.82;-2271.412
23253;295.8083;-247.5577;-2273.132
23287;295.4046;-249.9821;-2264.443
23337;295.1413;-248.7409;-2265.343
23371;294.8988;-247.2494;-2265.722
23388;294.1903;-246.6827;-2266.448
23422;293.8439;-245.562;-2266.917
23472;292.447;-245.3439;-2269.19
23489;286.787;-249.1196;-2280.543
23540;285.8468;-252.5739;-2273.032
23557;285.2953;-252.7386;-2274.281
23608;285.2118;-252.1473;-2274.98
23625;284.689;-254.0474;-2274.375
23675;283.3483;-257.1963;-2273.381
23692;283.2314;-257.8654;-2273.128
23743;283.3506;-257.6832;-2273.246
23759;284.2473;-254.8006;-2274.026
23794;284.8518;-252.9764;-2274.273
23828;285.7142;-252.696;-2272.265
23864;286.4124;-252.4008;-2271.26
23897;286.6689;-251.7177;-2271.662
23929;288.0801;-252.3445;-2267.575
23967;288.2764;-252.1112;-2267.547
23984;288.3865;-252.0215;-2267.495
24034;288.4872;-251.9447;-2267.426
24102;288.5352;-251.9999;-2267.536
24118;288.69;-251.7844;-2267.56
24169;288.3076;-252.0511;-2268.62
24203;288.2061;-252.1563;-2268.872
24249;288.1015;-252.2485;-2268.861
24266;287.9273;-252.3858;-2268.825
24317;287.8254;-252.4056;-2268.61
24367;287.7371;-252.443;-2268.003
24384;287.6591;-252.4479;-2267.584
24418;287.5049;-252.176;-2266.377
24468;287.115;-251.5126;-2265.966
24485;284.9468;-253.1815;-2263.842
24523;283.6242;-253.4406;-2263.379
24553;282.2809;-253.1245;-2263.361
24620;280.9521;-252.7563;-2262.199
24637;279.1573;-250.9425;-2261.531
24654;277.3253;-249.2048;-2261.533
24694;275.6588;-247.6853;-2260.144
24728;272.3247;-247.6398;-2255.391
24762;269.1303;-247.6612;-2252.299
24796;264.2417;-246.7805;-2252.26
24846;260.2912;-247.1655;-2249.761
24863;257.4027;-246.4843;-2249.048
24896;254.479;-246.2828;-2248.341
24930;250.8463;-248.644;-2245.992
24964;249.5726;-249.3973;-2245.702
24998;248.5795;-250.735;-2245.206
25031;248.483;-251.2841;-2245.193
25065;248.4229;-251.8553;-2245.386
25099;248.8991;-252.5533;-2245.581
25132;250.6301;-253.8899;-2246.482
25166;255.4301;-255.4894;-2246.585
25200;258.8985;-255.2254;-2248.33
25234;265.304;-255.5949;-2247.78
25250;267.3134;-255.9862;-2248.413
25301;269.267;-255.3546;-2249.546
25335;274.5252;-254.3421;-2250.083
25352;279.4855;-253.5181;-2251.667
25385;284.6701;-249.8992;-2256.953
25436;284.5177;-249.7199;-2259.51
25453;286.6172;-250.1837;-2259.561
25486;289.0969;-250.1241;-2259.234
25520;290.0629;-250.0177;-2259.654
25554;291.4369;-250.6404;-2259.215
25587;291.7499;-250.9467;-2259.242
25621;291.817;-250.9879;-2259.226
25655;291.9552;-251.4121;-2259.155
25688;291.9632;-251.8859;-2258.763
25739;291.4487;-253.2451;-2257.641
25789;291.3084;-253.6403;-2256.888
25806;290.7823;-253.9549;-2256.601
25840;291.4666;-254.5331;-2254.669
25874;291.7919;-254.6314;-2253.367
25908;292.2181;-254.4922;-2251.155
25927;293.1277;-253.9539;-2246.99
25968;282.8582;-220.5782;-2271.431
25984;282.1781;-219.9772;-2271.943
26035;280.4089;-217.3543;-2274.431
26052;279.2245;-216.9091;-2274.588
26085;278.1848;-216.3914;-2274.286
26119;276.7534;-216.504;-2271.781
26153;274.3626;-215.2978;-2271.457
26187;272.9208;-214.8994;-2270.908
26237;271.6011;-214.853;-2269.456
26254;270.3379;-214.612;-2268.646
26288;268.2066;-215.3957;-2266.502
26338;267.1357;-215.8068;-2265.165
26355;265.8546;-216.9398;-2263.492
26406;264.7518;-217.8513;-2262.936
26440;263.191;-219.5297;-2261.93
26456;261.8377;-220.9486;-2261.383
26490;261.7057;-221.9426;-2260.552
26524;260.6208;-223.1295;-2260.235
26557;260.0361;-224.5678;-2260.297
26591;260.0438;-225.9314;-2259.965
26625;262.7569;-227.0874;-2258.431
26658;262.8499;-227.5022;-2258.241
26692;262.9477;-228.0309;-2257.969
26726;263.8886;-228.0171;-2257.753
26759;266.6558;-227.6382;-2256.931
26793;267.2491;-227.5177;-2256.641
26827;269.4394;-227.3966;-2255.605
26861;273.1813;-226.5269;-2253.98
26894;273.8658;-226.0913;-2253.63
26945;276.183;-225.1434;-2252.042
26967;277.3313;-224.72;-2250.997
26984;277.2412;-224.6239;-2250.846
27018;277.5051;-224.456;-2250.535
27051;277.1106;-224.3063;-2250.483
27102;276.6131;-224.3304;-2250.103
27118;276.1001;-224.3051;-2249.415
27169;275.3782;-224.5039;-2248.608
27186;275.1119;-224.6743;-2248.015
27220;272.0492;-225.1263;-2248.183
27270;270.7233;-225.162;-2248.211
27287;268.4892;-225.4677;-2248.303
27321;266.605;-225.4919;-2248.107
27371;265.7925;-225.1649;-2248.209
27388;265.5624;-224.7181;-2248.39
27422;264.476;-223.793;-2248.713
27474;262.8622;-221.9043;-2249.763
27489;261.425;-220.3632;-2250.601
27542;259.3737;-218.4713;-2251.691
27564;257.6977;-217.8613;-2251.369
27615;255.8526;-217.1274;-2251.162
27628;252.5623;-217.419;-2250.137
27661;250.5806;-216.9001;-2249.812
27695;249.6684;-216.3487;-2249.792
27729;248.1152;-216.3562;-2249.385
27763;245.9405;-216.3051;-2249.193
27813;243.7708;-215.5975;-2249.428
27848;243.4029;-214.7276;-2248.781
27865;242.7441;-214.0546;-2248.161
27898;243.1086;-213.7195;-2247.42
27932;243.7539;-213.6125;-2245.898
27966;243.6231;-213.9205;-2245.268
27999;243.1068;-215.232;-2243.647
28016;243.0142;-216.3003;-2243.024
28067;241.9008;-217.828;-2242.651
28101;240.5884;-220.4215;-2241.897
28136;240.193;-221.3056;-2242.054
28171;239.6017;-221.9794;-2242.344
28192;238.4012;-223.2573;-2242.703
28226;239.1042;-223.5937;-2242.195
28260;239.2265;-224.2808;-2241.514
28293;239.418;-224.3835;-2241.394
28328;239.8952;-224.3926;-2241.123
28361;241.7507;-224.0173;-2240.575
28395;243.054;-224.2755;-2239.958
28429;245.1116;-223.9924;-2239.74
28462;247.1437;-223.4813;-2239.585
28496;247.9212;-223.2476;-2239.345
28529;248.6394;-222.9894;-2239.326
28563;250.2793;-222.7952;-2238.621
28597;251.0153;-222.5757;-2238.277
28630;252.1211;-222.5052;-2237.739
28664;253.8892;-222.2714;-2236.739
28698;254.6863;-222.0395;-2236.489
28717;254.2942;-221.7435;-2237.144
28765;254.6128;-221.4697;-2237.44
28799;254.5101;-221.5257;-2237.579
28833;254.5756;-221.5075;-2237.704
28867;254.5916;-221.6249;-2237.722
28900;254.2839;-221.7379;-2237.948
28934;253.9865;-221.8255;-2238.132
28968;253.5838;-221.5725;-2238.92
29018;254.2893;-219.2533;-2241.424
29052;254.7036;-217.715;-2242.86
29103;254.8236;-217.4351;-2242.979
29136;254.7326;-217.0235;-2243.385
29170;254.0467;-216.7107;-2243.517
29203;253.2159;-215.8444;-2244.159
29220;252.8321;-215.025;-2243.961
29254;252.1572;-214.2219;-2243.47
29287;249.3112;-214.5605;-2242.505
29321;248.6574;-213.9557;-2242.26
29355;247.406;-213.4414;-2241.012
29389;246.7439;-212.2216;-2238.234
29439;245.3011;-210.9246;-2237.329
29456;245.7231;-209.899;-2235.601
29490;246.0969;-209.6261;-2234.331
29523;246.3288;-209.6882;-2233.039
29558;246.7347;-209.9449;-2232.403
29608;246.8333;-210.1088;-2231.953
29625;245.3146;-210.9737;-2230.927
29658;244.1684;-212.0809;-2230.122
29692;243.2598;-212.907;-2229.316
29726;240.9579;-214.8895;-2228.701
29776;240.155;-215.4524;-2228.756
29793;238.2577;-216.7012;-2228.932
29827;238.2522;-216.7592;-2228.903
29860;237.8182;-217.2857;-2228.84
29894;237.5172;-217.7606;-2228.586
29928;237.4141;-217.9106;-2228.576
29961;237.5657;-217.9909;-2228.446
29995;237.7673;-218.1909;-2228.173
30030;238.6739;-217.9155;-2227.568
30063;239.6702;-217.5267;-2226.844
30096;240.3163;-217.392;-2226.764
30130;241.3947;-217.0409;-2226.361
30164;241.7765;-216.9083;-2226.075
30197;242.3244;-216.5532;-2225.508
30231;242.5326;-216.4864;-2225.234
30265;243.3016;-216.46;-2224.212
30298;243.2356;-216.3901;-2223.774
30350;242.9816;-216.0329;-2223.867
30366;242.0679;-215.7934;-2224.088
30400;241.6313;-215.9087;-2224.263
30434;241.5128;-215.8856;-2224.435
30467;240.9301;-216.0699;-2224.797
30501;240.3167;-216.0851;-2225.581
30534;239.6573;-216.1684;-2226.095
30568;239.8276;-215.8258;-2227.104
30602;241.1682;-215.3078;-2227.108
30636;241.7511;-215.0039;-2227.441
30669;242.7856;-214.0541;-2227.56
30686;243.7959;-212.8522;-2227.902
30720;242.1088;-210.4195;-2230.21
30788;242.1986;-207.8493;-2230.493
30822;241.72;-207.068;-2230.818
30856;241.0851;-206.7123;-2230.918
30889;240.4355;-206.5556;-2231.237
30923;239.9724;-206.3484;-2231.061
30957;239.7908;-206.1819;-2230.911
30991;239.3735;-205.834;-2230.787
31026;239.3272;-205.3873;-2230.472
31058;239.0846;-205.703;-2229.896
31091;239.1556;-206.0899;-2229.363
31127;239.3737;-207.578;-2227.698
31160;240.009;-209.3593;-2225.413
31194;239.5825;-211.2678;-2224.521
31228;239.0291;-211.9998;-2224.224
31261;238.5165;-212.9764;-2224.281
31295;237.6385;-214.1552;-2224.365
31329;237.1348;-215.3322;-2224.949
31363;236.0266;-216.9898;-2225.576
31396;236.2275;-217.6127;-2225.675
31430;236.1168;-218.1878;-2225.744
31464;236.0508;-218.6401;-2225.708
31497;236.8226;-218.6127;-2226.143
31531;237.7016;-218.6666;-2226.443
31565;239.8098;-218.1938;-2226.272
31615;240.8597;-217.7531;-2226.269
31632;242.6281;-217.2043;-2225.675
31666;246.2363;-215.8717;-2224.939
31700;247.8917;-215.1977;-2224.046
31733;248.7587;-214.7166;-2223.723
31767;249.4562;-214.4709;-2223.189
31801;249.7819;-214.3483;-2222.704
31834;251.0933;-213.8646;-2222.025
31868;251.1562;-213.7064;-2221.966
31885;251.279;-213.3985;-2222.025
31918;251.2003;-213.2925;-2222.181
31952;251.0277;-213.3895;-2222.304
32003;251.1493;-213.7785;-2222.208
32036;250.5153;-214.3018;-2222.556
32054;249.9049;-214.6336;-2222.848
32087;249.4416;-215.0161;-2223.176
32121;249.2444;-215.0085;-2223.934
32154;249.5372;-214.6054;-2224.463
32189;249.7295;-214.032;-2224.824
32239;250.5958;-212.5479;-2225.568
32256;251.5609;-211.2811;-2226.025
32306;251.8538;-210.7826;-2225.761
32340;252.0028;-210.3537;-2226.031
32357;251.8193;-209.0635;-2226.472
32390;251.8084;-208.7229;-2226.419
32424;250.1275;-208.0423;-2227.027
32458;249.9576;-208.017;-2226.816
32491;249.3817;-207.8655;-2226.413
32525;248.6959;-207.5297;-2226.083
32576;248.0896;-207.6659;-2225.298
32610;247.8674;-207.5219;-2225.13
32643;247.4557;-207.5815;-2224.346
32660;248.4977;-207.5533;-2223.225
32694;248.6336;-208.0007;-2222.595
32728;250.8033;-208.6194;-2221.47
32761;250.9259;-208.863;-2221.615
32795;250.6425;-209.1695;-2221.787
32828;249.2951;-210.7229;-2221.802
32863;247.6748;-212.5456;-2222.553
32897;247.1931;-214.1649;-2222.72
32930;246.063;-215.2401;-2223.788
32981;245.7224;-215.7869;-2224.273
32998;246.2886;-215.9761;-2224.364
33032;246.0234;-216.4994;-2225.33
33065;246.1763;-216.7774;-2225.416
33100;246.4415;-216.8801;-2225.631
33133;246.6124;-216.9531;-2225.711
33167;246.7627;-216.8768;-2226.069
33188;247.0101;-216.8261;-2226.236
33234;247.3765;-216.5302;-2226.34
33268;247.6799;-216.2426;-2226.142
33313;248.0137;-216.0603;-2226.01
33329;248.6195;-215.8044;-2225.557
33363;249.0289;-215.0545;-2225.091
33397;249.1531;-214.7979;-2225.17
33448;249.1827;-214.7743;-2225.255
33464;249.3568;-214.8371;-2225.235
33498;248.8552;-215.2143;-2225.335
33532;248.0918;-215.5478;-2225.368
33565;248.3534;-215.6595;-2225.245
33599;247.2264;-215.9886;-2225.911
33633;247.0157;-216.0642;-2225.925
33667;246.7472;-215.9709;-2226.362
33700;246.429;-215.8855;-2226.794
33734;246.4177;-215.6709;-2227.325
33767;247.4406;-215.296;-2227.729
33801;248.4255;-214.5625;-2228.483
33835;248.8975;-213.6672;-2229.229
33869;248.9653;-211.8444;-2231.276
33885;248.3695;-209.9454;-2233.564
33936;246.0651;-208.5161;-2234.758
33953;244.4492;-205.8236;-2235.933
34003;244.1917;-205.7937;-2235.398
34020;242.6044;-205.7577;-2234.804
34071;242.1927;-207.0029;-2231.959
34104;242.2785;-207.2607;-2230.698
34155;242.057;-207.2494;-2230.615
34176;242.3285;-207.0091;-2230.216
34195;242.2393;-207.2096;-2229.816
34232;243.435;-206.7573;-2229.259
34267;244.4123;-207.3107;-2228.443
34300;244.9897;-207.7008;-2228.018
34334;245.2479;-207.9509;-2227.351
34367;244.8535;-208.9928;-2226.882
34401;243.9857;-210.4549;-2226.632
34442;242.6571;-212.8268;-2226.353
34455;242.673;-214.1635;-2225.236
34505;241.2993;-215.7561;-2225.332
34523;241.2389;-216.7654;-2225.138
34556;241.3752;-217.0743;-2225.208
34590;241.571;-217.3609;-2225.712
34624;241.8013;-217.5332;-2226.309
34657;242.9774;-217.5514;-2226.434
34691;243.573;-217.4755;-2226.322
34724;244.2939;-217.2754;-2226.685
34758;245.412;-216.7699;-2227.07
34792;246.4566;-216.356;-2226.373
34826;247.869;-216.1043;-2225.572
34859;251.6726;-215.3392;-2223.434
34910;251.8479;-215.193;-2223.295
34927;252.0658;-215.032;-2223.152
34977;252.2285;-214.9353;-2222.963
35011;252.2312;-214.6575;-2222.907
35031;252.1833;-214.6233;-2222.895
35082;251.8387;-214.62;-2223.198
35163;251.8442;-214.6969;-2223.44
35213;251.3564;-215.0721;-2223.864
35297;251.0742;-215.3494;-2224.133
35331;250.9688;-214.597;-2225.094
35365;251.1559;-214.1087;-2225.436
35398;252.3123;-213.0683;-2225.838
35415;252.3209;-212.9234;-2225.973
35466;252.7716;-210.9403;-2227.27
35499;252.737;-210.101;-2227.316
35533;253.123;-207.212;-2227.431
35567;252.9686;-207.2781;-2227.332
35584;251.8242;-206.9043;-2226.873
35634;250.7692;-206.5611;-2226.086
35668;249.8521;-206.1727;-2224.64
35702;249.0731;-205.9438;-2223.965
35735;246.7881;-205.2717;-2223.631
35769;246.7242;-204.8802;-2223.345
35803;246.9566;-204.8026;-2222.812
35837;248.0696;-204.8086;-2221.069
35870;249.2001;-205.4307;-2219.581
35921;249.6965;-205.5015;-2219.282
35937;249.6605;-205.673;-2219.015
35954;249.6502;-205.8884;-2219.09
35988;248.4492;-207.2851;-2218.456
36022;246.7111;-208.9136;-2218.344
36055;244.1355;-210.813;-2219.246
36089;243.4077;-211.4931;-2219.596
36123;243.0155;-211.8901;-2219.654
36173;242.6483;-212.2396;-2219.825
36190;242.6367;-212.362;-2219.808
36224;243.394;-212.5459;-2219.511
36253;243.5987;-212.5038;-2219.506
36286;243.8908;-212.6575;-2219.415
36336;244.6227;-212.6952;-2219.333
36370;246.1803;-212.2229;-2219.057
36387;247.4293;-211.7611;-2218.368
36427;249.0194;-211.1567;-2217.484
36460;250.092;-210.9874;-2216.192
36494;250.5715;-210.6606;-2215.892
36528;251.9807;-209.9973;-2215.162
36562;251.9759;-209.9958;-2215.125
36595;251.9402;-210.0631;-2215.054
36629;250.8927;-210.6459;-2214.907
36663;250.0439;-210.6858;-2215.057
36696;250.0359;-210.6767;-2215.0
36747;249.2808;-210.5453;-2215.216
36764;248.4581;-210.818;-2215.24
36797;247.8924;-210.8793;-2215.56
36831;247.5746;-210.9609;-2215.494
36865;247.3864;-210.8714;-2215.534
36899;247.3574;-210.8551;-2215.523
36932;247.369;-210.8797;-2215.486
36966;247.8615;-210.2502;-2215.439
37000;248.5348;-208.3423;-2216.104
37033;248.755;-207.1626;-2216.346
37067;248.4189;-205.5595;-2217.43
37101;248.4364;-205.4911;-2217.852
37134;246.0016;-204.5379;-2217.824
37168;243.1309;-205.264;-2217.638
37185;240.6286;-206.4127;-2217.103
37235;240.2651;-206.0216;-2216.728
37252;236.7961;-207.2906;-2215.815
37286;237.5988;-206.2957;-2215.308
37320;237.7193;-205.3638;-2215.755
37370;240.2621;-204.8598;-2214.915
37404;243.633;-205.0086;-2213.14
37421;244.9279;-205.1164;-2212.777
37471;245.2019;-205.3753;-2212.578
37488;244.8036;-205.694;-2212.565
37522;243.4352;-207.7918;-2212.267
37556;242.2917;-208.803;-2212.524
37589;241.1163;-209.7614;-2213.01
37640;239.5813;-210.8786;-2214.07
37656;239.2162;-211.2266;-2214.49
37690;239.304;-211.4974;-2214.878
37724;239.3713;-211.7327;-2215.426
37758;239.3503;-211.9549;-2215.597
37809;240.3652;-212.361;-2215.626
37825;241.0527;-212.2354;-2216.027
37859;241.8654;-212.3575;-2216.247
37892;244.3444;-211.8582;-2215.909
37943;245.7158;-211.3805;-2215.626
37960;247.7159;-210.6015;-2215.285
38010;248.7744;-210.3893;-2214.657
38027;249.6295;-209.9721;-2214.358
38078;251.5703;-209.6203;-2213.211
38095;251.6828;-209.6705;-2213.076
38128;252.1885;-209.7048;-2212.708
38162;252.2575;-209.7991;-2212.493
38196;250.7272;-210.0405;-2212.694
38229;250.5907;-210.0338;-2212.767
38263;250.4759;-209.9921;-2212.679
38314;249.8692;-210.2537;-2212.206
38331;249.3093;-210.3657;-2212.104
38364;249.0161;-210.3183;-2212.061
38398;248.6403;-209.7339;-2212.653
38432;248.606;-209.6472;-2212.665
38465;248.4112;-209.3149;-2212.858
38499;248.2027;-208.8653;-2213.078
38516;250.0105;-205.414;-2214.88
38566;249.4401;-203.6313;-2215.806
38600;250.5794;-199.815;-2214.601
38617;250.193;-199.597;-2215.044
38651;250.4417;-199.3673;-2215.515
38684;237.434;-210.5321;-2208.375
38718;238.7168;-209.8195;-2208.086
38752;239.6023;-209.2592;-2207.656
38785;239.3647;-209.0522;-2207.98
38819;238.6833;-208.3811;-2208.405
38853;235.6797;-208.8094;-2209.998
38903;238.3048;-205.1614;-2211.579
38937;238.4634;-204.8827;-2211.705
38971;238.4943;-205.0719;-2211.681
38997;238.2363;-205.3811;-2212.242
39048;238.2066;-205.7235;-2212.301
39065;238.3922;-206.316;-2212.412
39098;237.9324;-207.6122;-2212.439
39132;237.4265;-208.8139;-2212.791
39184;237.3589;-209.4026;-2213.292
39199;236.4799;-210.8279;-2214.311
39233;237.1797;-211.3434;-2215.068
39267;236.4607;-212.2511;-2216.147
39300;236.6316;-212.5199;-2217.407
39334;237.1324;-212.8121;-2217.739
39368;237.9675;-212.9593;-2218.104
39401;239.246;-213.1069;-2218.466
39435;241.0986;-213.0518;-2218.838
39469;243.854;-212.8279;-2218.625
39503;246.2213;-212.0548;-2218.211
39519;248.333;-211.4249;-2217.633
39570;251.5297;-211.0589;-2216.572
39604;252.1843;-210.7738;-2216.339
39621;253.1478;-210.7175;-2215.784
39655;253.3312;-210.6514;-2215.569
39705;253.3273;-210.6684;-2215.507
39722;253.5976;-210.7717;-2215.481
39772;252.5345;-211.0816;-2215.999
39789;251.2853;-211.4635;-2216.763
39823;250.5893;-211.9044;-2217.221
39856;249.4289;-212.3474;-2217.978
39890;249.312;-212.517;-2218.12
39924;248.5677;-213.0486;-2218.915
39957;248.5051;-213.1238;-2219.538
39992;248.4639;-212.7346;-2220.127
40025;248.7152;-211.9681;-2220.571
40058;249.3421;-209.8895;-2222.261
40093;248.994;-208.5175;-2223.464
40126;247.4241;-206.7499;-2225.374
40160;246.4459;-206.4412;-2225.508
40193;245.6319;-205.8021;-2225.658
40227;245.3797;-204.2615;-2227.099
40261;245.5885;-203.7286;-2228.247
40295;249.1898;-202.4972;-2231.585
40328;247.8681;-206.4968;-2221.542
40362;245.1642;-209.3739;-2218.348
40396;240.4103;-211.327;-2215.551
40429;235.219;-214.6734;-2212.149
40463;231.3102;-215.6698;-2210.297
40497;231.6146;-213.2857;-2213.094
40530;234.4772;-212.2759;-2213.567
40564;237.6171;-212.069;-2213.797
40598;238.9962;-212.2399;-2214.5
40631;239.9381;-212.6581;-2215.492
40665;240.2632;-213.869;-2216.53
40699;240.4045;-214.7266;-2217.887
40733;240.1143;-216.6229;-2219.635
40750;239.0527;-219.5611;-2222.537
40800;237.8751;-221.5452;-2225.468
40834;236.8431;-223.8709;-2227.388
40851;235.8221;-225.6475;-2229.268
40901;235.7529;-226.1093;-2230.885
40918;235.9093;-226.5397;-2231.952
40952;235.6319;-227.3642;-2233.35
40985;236.466;-227.6678;-2234.448
41019;237.3613;-227.7545;-2235.42
41053;238.3802;-227.7088;-2235.835
41088;238.7271;-227.9263;-2236.067
41137;239.8636;-227.75;-2236.7
41154;240.8613;-227.3464;-2236.587
41187;241.6436;-227.1547;-2236.697
41223;242.674;-226.5621;-2236.526
41255;243.0333;-226.3746;-2236.442
41289;243.4894;-226.2247;-2235.969
41322;243.8032;-226.0721;-2235.748
41356;244.1923;-226.017;-2235.419
41407;244.6547;-225.7554;-2235.448
41424;244.8064;-225.5321;-2235.663
41457;244.8475;-225.5113;-2235.766
41492;244.8852;-225.5396;-2236.082
41541;244.8183;-225.7376;-2236.121
41558;244.7235;-225.7547;-2236.38
41592;244.7751;-225.7422;-2236.714
41626;244.5322;-226.0116;-2237.049
41659;244.5563;-226.0126;-2237.238
41693;244.4167;-226.4004;-2237.488
41727;244.2779;-226.6454;-2237.86
41760;243.7434;-227.4308;-2238.205
41794;243.7314;-227.4169;-2238.441
41828;243.7424;-227.5052;-2238.459
41862;243.7358;-227.5503;-2238.488
41895;243.7298;-227.6505;-2238.531
41929;243.7302;-227.6686;-2238.529
41962;243.6788;-227.5862;-2238.645
41996;243.5379;-227.587;-2238.711
42030;243.5433;-227.5568;-2238.673
42064;243.5146;-227.4739;-2238.691
42097;243.5331;-227.4933;-2238.633
42131;243.5086;-227.4693;-2238.634
42165;243.4474;-227.4958;-2238.496
42198;243.4884;-227.3353;-2238.271
42232;243.4603;-227.298;-2238.267
42266;243.1046;-227.2354;-2238.4
42299;242.8047;-227.0596;-2238.528
42333;242.4264;-227.2736;-2238.406
42367;242.3739;-227.223;-2238.457
42384;242.1502;-227.0842;-2238.663
42435;241.9854;-226.989;-2238.722
42451;241.7754;-226.9163;-2238.824
42485;241.5632;-226.8127;-2238.916
42535;241.0799;-226.7381;-2239.095
42552;240.8124;-226.7402;-2239.169
42586;240.5323;-226.7502;-2239.167
42620;240.4637;-226.7679;-2239.083
42653;240.4122;-226.7655;-2239.04
42687;240.1549;-226.9755;-2238.982
42738;239.8446;-227.0678;-2239.029
42754;239.622;-227.1279;-2239.005
42788;239.501;-227.1041;-2239.028
42838;239.4892;-227.0694;-2239.005
42856;239.4619;-226.9784;-2239.083
42889;239.4241;-226.9403;-2239.097
42940;239.3707;-226.9398;-2239.066
42957;239.305;-226.9503;-2239.104
42990;239.1517;-226.9293;-2239.039
43041;239.1065;-226.9492;-2239.038
43057;239.0614;-226.9405;-2239.029
43091;238.998;-226.9602;-2238.991
43125;238.9049;-226.9762;-2238.995
43176;238.7292;-227.0366;-2239.044
43192;238.7188;-227.0367;-2239.051
43226;238.6908;-227.0195;-2239.089
43260;238.6483;-227.0283;-2239.117
43294;238.5575;-227.0697;-2239.277
43328;238.3841;-227.1737;-2239.292
43361;238.3459;-227.1497;-2239.356
43395;238.2974;-227.1177;-2239.375
43428;238.3066;-227.0932;-2239.373
43462;238.2324;-227.115;-2239.386
43496;238.1579;-227.1306;-2239.344
43529;237.9831;-227.1692;-2239.339
43563;237.8751;-227.1713;-2239.377
43597;237.7758;-227.1849;-2239.313
43630;237.7394;-227.1911;-2239.281
43664;237.5712;-227.3249;-2239.259
43698;237.4063;-227.2977;-2239.218
43732;237.1914;-227.2869;-2239.303
43765;237.0399;-227.126;-2239.336
43799;236.7593;-227.0899;-2239.291
43833;236.5927;-227.0491;-2239.247
43866;236.2245;-227.1212;-2239.203
43900;235.9134;-227.2391;-2239.047
43934;235.7276;-227.2593;-2238.872
43967;235.552;-227.2212;-2238.717
44001;235.454;-227.2307;-2238.706
44035;235.1588;-227.003;-2238.843
44069;234.3555;-226.66;-2239.09
44102;234.0806;-226.5554;-2239.055
44119;233.5506;-226.5721;-2238.832
44170;233.0003;-226.3143;-2238.798
44462;227.845;-227.1223;-2237.545
44494;227.4705;-227.1849;-2237.408
44528;226.3665;-227.3353;-2237.352
44561;226.0301;-227.1821;-2237.205
44595;225.373;-227.0542;-2236.828
44629;224.5265;-227.1321;-2236.367
44663;223.8868;-227.0751;-2236.204
44696;222.7376;-226.5264;-2236.156
44730;222.1002;-226.0827;-2236.037
44764;221.1119;-225.7099;-2235.742
44798;219.646;-225.6158;-2235.007
44828;218.3031;-225.3841;-2234.26
44860;216.7041;-225.263;-2233.54
44891;214.5947;-225.3526;-2233.119
44925;213.1043;-225.189;-2232.715
44958;211.4328;-225.2684;-2232.2
44993;210.5421;-225.8813;-2230.859
45026;247.4616;-204.8822;-2206.279
45060;252.2646;-206.0834;-2205.093
45093;308.5761;-218.8533;-2207.149
47495;-225.6487;-179.1771;-1954.2
47529;-240.0933;-171.2275;-1932.896
47562;-251.0404;-166.5434;-1898.329
47596;-262.0586;-160.1074;-1874.938
47630;-279.6537;-154.7073;-1831.019
47681;-287.4141;-145.5722;-1811.64
47717;-302.4431;-141.1745;-1781.887
47758;-311.6482;-134.6247;-1760.253
47811;-335.8898;-102.6033;-1782.158
47844;-343.1205;-101.729;-1774.033
47902;-355.6442;-96.89055;-1741.251
47918;-362.1161;-90.36402;-1731.778
47952;-379.3259;-90.73904;-1698.968
47969;-383.1992;-80.81394;-1686.893
47988;-393.1114;-70.78777;-1677.628
48022;-409.1485;-62.88018;-1674.793
48056;-431.7058;-60.15231;-1654.385
48073;-438.4316;-27.14775;-1649.475
48108;-455.6224;-23.49969;-1635.917
48159;-475.0104;-23.44386;-1611.355
48193;-486.5813;-20.53272;-1590.294
48209;-499.0296;-17.80755;-1573.311
48243;-509.9639;-13.83607;-1560.505
48277;-497.2534;-67.92423;-1425.847
48298;-508.3942;-67.44927;-1419.534
48331;-520.9646;-61.62968;-1407.912
48365;-534.4293;-54.73121;-1394.68
48398;-544.958;-52.12268;-1379.209
48432;-551.9225;-48.72285;-1358.253
48466;-558.3202;-44.62282;-1342.315
48522;-563.8022;-41.80967;-1318.108
48556;-579.5286;-33.15326;-1283.102
48607;-586.4677;-29.40683;-1262.53
48640;-559.1656;-25.47485;-1208.402
48674;-551.5959;-19.4267;-1189.953
48708;-538.9852;-10.9378;-1154.047
48742;-527.2017;3.827982;-1131.325
48775;-518.7728;19.90593;-1110.684
48809;-507.3465;28.09481;-1086.825
48843;-497.9229;47.4377;-1072.561
48877;-489.0472;53.26171;-1054.897
48910;-486.5598;60.31761;-1044.728
48944;-486.2881;68.96519;-1031.882
48978;-486.0372;75.13832;-1019.039
49012;-483.4156;79.95115;-1004.874
49045;-481.2015;110.9528;-1000.974
49079;-471.499;112.1253;-986.0046
49112;-459.3854;113.3546;-971.9366
49163;-453.6197;114.0245;-962.0439
49179;-449.4914;115.9766;-952.7891
49230;-445.6009;117.0446;-943.5892
49264;-441.296;116.5268;-936.0752
49281;-437.0198;114.7002;-930.2604
49297;-433.2485;110.4682;-923.2183
49348;-432.6385;105.1524;-912.2467
49365;-440.2141;116.8234;-912.7047
49398;-415.3943;47.39569;-859.7028
49432;-441.153;-137.2348;-820.8823
49466;-393.0637;-194.7214;-898.108
49500;-394.4134;-194.7902;-897.5146
49533;-398.8325;-195.1813;-895.7529
49561;-398.8325;-195.1813;-895.7529
49608;-398.8325;-195.1813;-895.7529
49641;-398.8325;-195.1813;-895.7529
49659;-398.8325;-195.1813;-895.7529
49709;-398.8325;-195.1813;-895.7529
49729;-398.8325;-195.1813;-895.7529
49760;-398.8325;-195.1813;-895.7529
49794;-398.8325;-195.1813;-895.7529
49850;-398.8325;-195.1813;-895.7529
49930;-398.8325;-195.1813;-895.7529
49947;-398.8325;-195.1813;-895.7529
49997;54.05725;-21.41186;-2077.315
50031;82.60929;-11.7907;-2072.676
50065;99.77512;-5.020843;-2070.689
50098;126.0246;3.929311;-2063.671
50132;144.4516;8.410916;-2058.532
50166;169.6566;15.3967;-2052.482
50200;186.9074;18.62711;-2047.476
50233;208.4786;23.36749;-2042.003
50267;221.6581;24.82265;-2037.688
50301;240.9337;27.32902;-2031.398
50335;250.3011;29.9355;-2029.12
50370;256.6242;31.25045;-2028.307
50403;265.0111;31.70823;-2026.159
50420;269.8694;31.36576;-2025.5
50454;274.4576;31.82736;-2025.604
50522;279.0416;31.93478;-2025.532
50538;282.2828;32.09408;-2026.246
50555;285.3813;31.57556;-2026.605
50614;287.2833;31.11068;-2026.931
50641;290.1791;30.99593;-2027.164
50675;291.6571;30.85086;-2027.748
50693;292.2477;31.06342;-2028.703
50743;293.4739;31.64863;-2031.061
50776;293.6638;32.44875;-2035.071
50810;291.9466;35.6549;-2043.139
50827;289.8182;38.86519;-2053.194
50877;288.0196;39.0098;-2061.944
50894;290.35;41.02524;-2070.646
50945;287.8699;44.68596;-2088.367
50962;288.9945;44.35234;-2096.031
50997;293.6254;40.80354;-2100.042
51030;295.7506;38.04578;-2103.475
51064;297.3796;36.7811;-2107.81
51098;296.2472;36.09427;-2116.992
51132;297.5435;35.15344;-2117.42
51165;297.7172;34.03841;-2118.236
51199;294.8179;32.11468;-2122.319
51233;292.0118;32.66982;-2125.275
51266;291.3967;32.90472;-2125.735
51300;290.144;32.9334;-2126.281
51351;288.0848;32.61089;-2125.227
51367;283.1063;29.96082;-2123.072
51401;282.1928;29.30077;-2119.33
51435;281.82;28.65959;-2112.135
51469;279.7334;29.09191;-2106.459
51502;274.1965;28.95623;-2100.335
51553;273.6045;29.18119;-2092.789
51570;274.2492;25.07075;-2080.25
51620;274.1856;23.99961;-2073.513
51637;275.5021;23.62458;-2064.546
51705;276.6608;22.73893;-2057.05
51722;281.8574;25.29817;-2047.25
51738;286.3133;26.87419;-2039.565
51772;289.6856;28.24117;-2034.253
51806;301.8517;29.43866;-2026.309
51822;306.5092;31.87442;-2024.405
51856;314.2253;32.3503;-2021.107
51890;318.261;31.48308;-2018.887
51924;321.213;31.52668;-2017.715
51957;326.2207;32.76772;-2017.778
51991;328.2567;32.28869;-2017.64
52025;331.595;32.96584;-2018.882
52058;332.5035;31.90102;-2019.134
52092;334.9055;32.09977;-2021.338
52143;337.1895;32.56112;-2023.892
52177;340.7773;32.07385;-2026.282
52193;344.1046;31.99896;-2028.991
52227;348.28;32.46443;-2031.822
52260;352.3973;32.63857;-2033.97
52294;355.8122;32.7389;-2035.814
52328;359.69;31.96027;-2037.015
52362;364.6168;31.96693;-2038.054
52412;372.0717;32.68069;-2039.002
52429;375.0554;32.20758;-2039.228
52463;379.0356;31.27848;-2038.579
52496;382.3602;30.57561;-2037.485
52530;390.3972;28.3101;-2034.723
52564;397.7886;26.15436;-2031.71
52597;402.3632;24.74472;-2028.625
52632;404.834;23.65681;-2026.602
52675;405.9692;23.70355;-2024.717
52698;407.429;24.39603;-2022.857
52722;407.9679;25.15532;-2021.417
52772;409.6605;26.31985;-2019.156
52789;414.039;26.64079;-2016.215
52840;418.3059;29.2756;-2014.82
52884;420.8974;30.52162;-2013.847
52905;423.2903;31.14005;-2012.477
52948;425.6215;31.46769;-2010.865
52978;426.2619;31.07484;-2009.67
52995;426.8463;30.82478;-2008.44
53029;429.21;31.94629;-2007.821
53062;430.7388;32.39416;-2007.06
53096;431.2804;31.72924;-2005.889
53130;431.3198;30.86136;-2004.665
53163;431.3183;30.81706;-2004.479
53197;431.6349;30.9312;-2004.407
53231;431.2509;30.7911;-2004.305
53282;430.8653;30.57647;-2004.392
53298;430.4581;30.40752;-2004.475
53366;428.9624;28.44093;-2004.772
53433;419.0075;28.33557;-2007.809
53484;393.0045;29.91712;-2013.252
53534;382.0389;29.14505;-2017.025
53568;355.1072;25.23384;-2028.393
53601;322.0394;25.65046;-2041.62
53635;314.8756;24.44496;-2047.024
53669;301.6652;23.12006;-2061.294
53703;278.2793;20.5266;-2084.83
53736;265.5284;20.09785;-2095.369
53770;232.3561;8.220694;-2117.449
53787;222.3734;8.742784;-2125.844
53837;209.5639;6.078503;-2134.862
53871;184.6452;-2.536592;-2149.47
53888;151.3714;-6.245307;-2167.268
53938;137.992;-9.419744;-2168.369
53972;111.9479;-15.34311;-2170.329
54006;83.65072;-20.62325;-2172.899
54039;67.7849;-22.75996;-2171.274
54056;24.9078;-32.69277;-2174.495
54107;15.33784;-34.49266;-2175.803
54141;-8.991173;-37.5809;-2180.036
54191;-45.79926;-39.59703;-2186.57
54242;-53.01336;-39.12952;-2188.055
54275;-62.38419;-39.28682;-2189.165
54309;-69.79236;-40.13166;-2189.83
54343;-81.62434;-41.61066;-2192.462
54360;-83.68368;-42.01459;-2193.115
54394;-90.52114;-43.29745;-2195.256
54427;-94.87292;-43.66701;-2196.48
54461;-98.35902;-44.88094;-2197.103
54495;-99.52348;-44.93383;-2197.373
54531;-99.63158;-44.81902;-2197.461
54562;-100.1523;-44.28711;-2197.722
54597;-97.97871;-44.4782;-2197.059
54630;-95.20103;-44.03412;-2196.516
54663;-86.09106;-42.34028;-2194.305
54697;-78.0127;-42.48306;-2193.331
54730;-72.50677;-41.09269;-2192.899
54764;-66.28832;-40.25071;-2192.989
54798;-47.45977;-39.235;-2190.621
54831;-37.43166;-37.85584;-2189.74
54866;-23.25688;-36.57047;-2190.0
54899;-9.70751;-37.18876;-2189.564
54932;14.634;-38.36573;-2187.087
54966;39.72096;-39.57505;-2184.785
55000;67.27546;-39.72545;-2182.476
55034;99.43623;-41.3359;-2181.803
55067;119.0708;-41.44838;-2182.889
55101;164.9061;-36.89527;-2184.719
55118;188.2796;-29.76337;-2184.409
55168;217.3162;-16.53537;-2185.32
55202;241.0942;-4.659569;-2185.928
55223;300.9683;21.69438;-2179.019
55253;310.4757;28.20644;-2180.577
55287;334.5857;42.42136;-2183.07
55320;381.0673;55.78629;-2171.975
55371;395.0485;56.91749;-2168.239
55404;426.4632;61.9674;-2164.526
55438;443.2175;64.39097;-2159.594
55472;467.8846;61.33755;-2152.781
55489;480.0739;61.93557;-2151.489
55573;529.7295;50.79213;-2139.328
55607;533.1213;50.0463;-2138.486
55657;544.3947;49.58017;-2135.474
55691;555.1862;50.44145;-2132.751
55725;570.7768;47.57063;-2129.081
55758;577.6439;46.67498;-2127.099
55809;582.2997;46.71036;-2125.691
55826;582.7318;46.56371;-2124.643
55859;583.5901;46.34113;-2123.647
55893;583.96;46.21383;-2122.617
55927;583.9733;46.18658;-2122.033
55960;583.7022;45.98911;-2121.442
56001;581.4493;44.47794;-2119.783
56028;580.3734;44.47595;-2119.555
56061;578.1792;44.49232;-2119.069
56095;577.7913;44.52631;-2119.058
56129;563.5972;45.0787;-2116.989
56162;560.7196;45.78365;-2117.281
56196;555.305;48.03157;-2118.436
56230;553.0922;48.35809;-2118.748
56264;548.1479;49.48695;-2120.349
56297;542.2503;49.36526;-2121.104
56331;539.0153;49.57024;-2122.13
56365;536.102;50.62978;-2123.422
56398;532.9727;50.48874;-2123.964
56432;529.3286;50.61098;-2124.869
56466;527.1264;50.0523;-2125.494
56499;524.2673;49.81211;-2126.458
56567;520.3353;49.13924;-2127.344
56729;518.2946;48.26587;-2127.263
56795;502.04;49.18761;-2121.186
56846;498.0041;48.69012;-2119.002
56863;493.9456;48.6854;-2117.49
56896;493.461;48.47036;-2117.295
56930;488.8556;48.22862;-2116.843
56964;483.229;48.74978;-2117.504
57015;478.2937;49.4456;-2119.595
57048;474.225;49.76313;-2122.092
57065;461.6382;51.59301;-2130.088
57098;443.7659;52.35624;-2143.363
57132;422.1306;52.18161;-2160.107
57183;412.534;49.51536;-2171.679
57199;377.5388;48.62871;-2209.054
57233;374.3152;47.69779;-2219.663
