
0;-85.63711;375.3935;-2229.383
30;-85.72912;375.4789;-2229.53
60;-85.75758;375.4751;-2229.567
90;-85.7918;375.7339;-2230.018
140;-85.71678;376.1988;-2230.23
180;-86.20666;376.3601;-2230.244
200;-86.62307;376.5293;-2230.076
240;-87.86292;377.0701;-2229.257
270;-89.40778;377.1729;-2228.076
310;-91.19205;377.0941;-2225.412
330;-92.94464;376.415;-2223.659
360;-96.42242;375.4073;-2219.455
390;-103.308;365.3165;-2213.679
430;-103.9714;366.8612;-2212.998
460;-105.5511;366.4514;-2211.491
510;-106.8071;367.8427;-2211.024
540;-107.3359;368.4609;-2210.636
580;-107.8169;369.2148;-2210.872
600;-107.9614;369.4834;-2211.051
630;-107.971;370.2457;-2211.083
660;-108.1083;370.5496;-2211.405
694;-108.0687;370.9034;-2211.594
746;-108.3777;371.1548;-2211.409
766;-108.9223;371.4138;-2211.127
796;-108.9467;371.5126;-2211.164
826;-109.1377;371.7525;-2211.057
866;-109.3973;372.1277;-2210.934
896;-109.4956;372.4325;-2210.545
936;-109.6851;372.6993;-2210.288
966;-109.6868;373.2299;-2210.012
996;-109.4954;373.5946;-2209.722
1036;-109.1788;373.6354;-2209.53
1066;-108.5424;373.9773;-2209.352
1096;-107.3045;374.993;-2208.586
1136;-105.5886;375.324;-2208.468
1166;-104.0277;375.6353;-2208.802
1196;-103.0145;375.8138;-2208.709
1236;-99.43612;377.3328;-2210.396
1276;-98.01443;377.7988;-2210.706
1296;-97.60665;377.8073;-2210.484
1336;-97.38803;377.9992;-2210.07
1366;-97.73909;378.7083;-2209.406
1396;-98.00662;379.3454;-2209.266
1436;-99.11617;379.9179;-2208.546
1466;-99.84096;381.0485;-2206.656
1496;-101.1846;381.1512;-2205.527
1536;-101.619;381.5811;-2204.898
1566;-101.807;381.6546;-2204.413
1596;-100.1309;381.9992;-2203.853
1636;-96.92257;379.929;-2203.459
1666;-86.92535;375.4897;-2204.084
1716;-73.27053;373.7152;-2204.124
1736;-54.43756;369.5652;-2202.923
1766;-41.27646;369.1548;-2203.857
1796;-25.17771;367.5999;-2201.735
1826;-6.029119;370.0339;-2199.544
1866;3.946943;363.5795;-2196.377
1896;13.68984;367.259;-2195.121
1926;24.34584;369.3686;-2194.476
1966;31.96466;369.789;-2192.696
1996;38.64858;371.6189;-2191.796
2026;43.45498;372.1476;-2191.572
2066;51.31244;371.8315;-2190.761
2096;55.49149;371.6921;-2191.298
2126;58.21685;372.2542;-2192.001
2166;59.29976;371.6938;-2192.277
2186;60.88635;371.976;-2193.245
2246;61.08808;371.9572;-2193.399
2266;60.89996;372.0372;-2193.521
2296;60.04224;372.1645;-2193.49
2326;58.61555;371.771;-2193.189
2366;56.70814;371.6841;-2193.555
2396;53.19103;371.8769;-2194.216
2426;49.266;372.2185;-2194.901
2476;43.82513;372.6556;-2196.477
2496;40.61507;372.4004;-2197.486
2516;35.23989;371.8265;-2199.352
2566;31.15771;371.8011;-2200.882
2596;26.48536;371.5812;-2203.995
2626;22.43904;370.4454;-2206.437
2666;19.38856;370.0111;-2207.25
2696;16.93586;370.8983;-2208.847
2726;14.62816;370.8037;-2211.298
2766;12.02357;370.7807;-2213.64
2796;10.47684;370.9242;-2215.162
2826;9.563015;370.7593;-2216.426
2866;8.939851;371.1189;-2219.478
2896;8.620358;371.1869;-2220.526
2946;8.060027;370.0598;-2222.116
2966;7.467817;368.8985;-2223.062
2996;7.254381;368.8648;-2223.641
3026;7.460786;368.6808;-2224.396
3066;7.48199;368.3831;-2224.935
3096;8.978379;368.2075;-2226.711
3126;9.62243;368.1413;-2227.922
3156;12.10777;368.2219;-2229.848
3196;13.01554;368.0332;-2231.013
3226;15.04686;367.4949;-2232.454
3256;16.52228;367.7521;-2233.944
3296;18.77131;368.1039;-2235.961
3346;19.99017;368.227;-2237.085
3366;20.69884;368.3301;-2237.489
3396;21.26541;368.4185;-2237.728
3426;22.72387;368.8496;-2239.513
3456;23.38357;369.1362;-2239.939
3496;23.47194;369.2649;-2240.033
3546;23.5499;369.4294;-2240.233
3566;23.7311;369.8442;-2241.14
3596;23.69024;370.3123;-2242.208
3626;22.99519;370.3869;-2242.209
3676;21.69997;370.16;-2242.858
3706;17.82427;369.1616;-2243.822
3726;16.5611;368.7859;-2244.347
3776;9.215299;367.4679;-2245.304
3796;8.41249;368.0331;-2245.83
3826;8.371977;368.3871;-2246.025
3876;9.632113;368.5872;-2247.357
3896;9.099651;368.2647;-2247.537
3926;11.358;364.4366;-2247.81
3956;11.70581;364.574;-2247.87
3996;11.91092;364.3487;-2247.784
4026;13.87078;365.492;-2247.724
4056;15.07913;365.9317;-2247.44
4096;16.12219;366.5243;-2248.089
4126;17.92796;366.7736;-2248.554
4156;18.90187;367.6471;-2249.281
4196;19.94156;368.8563;-2250.869
4226;20.61613;369.0532;-2251.24
4256;20.01267;369.6971;-2251.952
4296;19.33935;369.9168;-2252.63
4326;17.83897;369.9414;-2253.713
4376;14.92296;369.9314;-2255.113
4386;11.23693;369.8627;-2255.673
4426;5.603195;368.7756;-2255.732
4456;1.367321;368.3932;-2256.733
4496;-2.936753;367.5978;-2257.684
4526;-4.834404;367.7157;-2259.129
4557;-8.585029;368.0878;-2260.236
4607;-10.77304;367.6979;-2259.952
4637;-15.97251;367.9887;-2260.162
4677;-16.65827;368.0881;-2260.286
4687;-18.62378;365.6417;-2259.364
4727;-19.59649;365.9949;-2258.608
4767;-20.44016;365.6635;-2258.165
4797;-21.18782;365.6139;-2257.825
4827;-21.86606;365.6514;-2258.052
4877;-22.24622;365.7481;-2258.48
4907;-22.32744;365.6799;-2258.552
4927;-22.72754;365.8377;-2258.769
4957;-22.86679;366.1758;-2259.484
4997;-22.72612;366.2056;-2259.44
5027;-21.864;366.3029;-2259.784
5057;-20.45968;366.2327;-2260.105
5097;-19.07202;365.88;-2259.699
5147;-14.3799;365.2274;-2260.443
5157;-10.5873;365.7558;-2260.008
5197;-6.324666;365.1808;-2261.021
5227;-1.538799;365.2916;-2262.507
5257;4.745541;366.2609;-2264.532
5297;7.886589;366.4113;-2266.358
5327;9.631893;366.5619;-2265.633
5377;12.06051;367.3563;-2266.324
5397;13.05644;367.6125;-2266.623
5427;14.38397;369.0109;-2268.072
5457;15.23754;369.2277;-2268.19
5497;15.48658;369.8773;-2268.234
5527;15.62906;370.0607;-2268.518
5557;15.59534;370.2463;-2268.4
5597;15.53013;370.4149;-2268.229
5627;15.34544;370.6366;-2268.196
5657;14.86439;370.667;-2268.189
5697;14.65112;370.6026;-2268.049
5727;13.30593;370.5919;-2267.723
5759;9.264986;369.6334;-2266.87
5789;8.859201;369.1834;-2266.767
5829;9.072475;369.088;-2266.889
5859;9.091272;368.9663;-2266.8
5909;10.26473;368.0862;-2267.381
5929;10.27027;368.2452;-2267.987
5959;10.9507;367.7516;-2268.746
5989;11.40699;367.6903;-2268.743
6029;11.65967;367.6706;-2268.68
6059;13.0054;368.1591;-2268.555
6109;14.31088;368.7246;-2268.555
6129;15.37928;369.1942;-2269.31
6159;15.82612;369.5378;-2269.4
6209;16.7489;369.9251;-2269.532
6219;17.74582;370.0926;-2269.618
6259;17.98859;370.6297;-2269.776
6309;18.24681;371.0212;-2270.383
6329;18.27722;371.0199;-2270.439
6359;17.97544;370.9922;-2270.512
6389;16.86556;370.6731;-2270.592
6439;14.00868;370.7756;-2270.629
6459;10.7804;369.9893;-2270.025
6509;9.153325;370.0533;-2270.323
6539;4.043117;369.8074;-2270.89
6569;0.8004578;369.3777;-2270.323
6609;-2.702007;369.2736;-2270.375
6629;-4.640361;369.8229;-2270.239
6659;-9.903252;370.6281;-2268.041
6709;-12.62495;370.5382;-2266.951
6739;-15.62193;369.9261;-2265.964
6769;-17.82392;369.7135;-2265.875
6809;-19.41693;369.7946;-2265.1
6839;-20.56927;369.8917;-2264.258
6869;-21.82313;368.448;-2262.834
6909;-22.35933;368.7073;-2262.167
6939;-22.50892;368.5949;-2261.947
6959;-22.58069;368.0234;-2260.421
6989;-21.98191;367.9166;-2259.743
7039;-20.05626;368.3888;-2259.464
7069;-18.38713;368.5903;-2258.833
7109;-15.98665;368.3245;-2258.653
7139;-9.956706;368.6833;-2258.314
7159;-5.940072;367.4764;-2257.995
7209;-2.649914;366.9387;-2257.851
7229;0.1094227;366.9349;-2258.043
7259;5.052095;367.4687;-2258.91
7309;9.6125;368.6945;-2259.364
7339;11.6804;369.9669;-2259.888
7359;13.72722;370.5473;-2261.143
7409;14.58791;371.0389;-2261.349
7429;14.83167;371.5158;-2261.431
7479;14.91627;371.4953;-2261.469
7489;14.78703;372.0316;-2261.703
7529;14.64609;372.0916;-2261.622
7560;13.7251;372.4033;-2261.554
7600;11.27438;372.7893;-2260.009
7630;8.191395;372.4123;-2260.111
7660;4.324148;373.0463;-2260.872
7700;4.213882;373.0654;-2260.954
7730;0.5130305;371.6703;-2260.666
7760;-2.206621;370.1237;-2260.439
7790;-3.497409;370.9972;-2260.517
7830;-3.936112;370.7486;-2260.639
7880;-4.244377;370.5808;-2260.732
7890;-3.105214;371.1805;-2261.794
7930;-1.87037;370.5809;-2261.662
7960;0.3758169;369.1465;-2261.101
7990;3.178807;368.8295;-2261.398
8020;5.013827;367.7551;-2261.06
8060;7.044556;367.9629;-2261.951
8090;11.21129;368.6196;-2263.624
8130;11.61736;368.6482;-2264.028
8160;12.64984;369.7053;-2264.603
8190;13.14136;370.2077;-2265.533
8230;14.04035;370.391;-2266.683
8260;14.90149;370.4765;-2267.798
8290;14.52288;370.4873;-2268.246
8330;13.06892;370.8618;-2268.822
8370;10.27195;370.0276;-2268.731
8410;8.134298;369.7134;-2268.927
8420;2.652426;369.5161;-2270.822
8480;-1.510442;368.7693;-2270.625
8510;-5.479896;368.9337;-2271.039
8530;-10.12203;368.1405;-2269.695
8560;-12.77625;368.7533;-2269.457
8600;-15.54602;369.0027;-2269.628
8630;-18.16236;368.6435;-2269.427
8660;-21.20087;368.3438;-2269.327
8700;-23.58957;368.1816;-2269.012
8730;-24.44017;368.2455;-2268.886
8760;-24.95849;368.0673;-2268.943
8800;-25.1293;368.3451;-2269.26
8830;-25.08187;368.354;-2269.298
8860;-24.90695;368.2989;-2269.202
8890;-20.70568;369.1489;-2271.067
8930;-17.77428;369.1675;-2270.45
8960;-9.040131;368.3444;-2270.05
9000;-3.480316;369.24;-2270.118
9030;-0.1552391;369.8222;-2270.572
9060;4.007499;370.8725;-2271.946
9090;8.419005;371.3517;-2272.197
9130;9.894697;371.9056;-2272.54
9160;11.16006;371.5702;-2272.446
9190;12.06535;372.0385;-2272.676
9230;12.76067;371.646;-2272.73
9280;13.4945;371.6048;-2272.949
9290;13.82821;372.3271;-2273.396
9330;13.74543;372.3815;-2273.266
9360;13.5579;372.5097;-2273.188
9390;12.71619;372.9468;-2272.744
9430;10.53219;372.8308;-2271.858
9460;8.509524;372.7715;-2271.169
9490;8.220343;372.7955;-2270.813
9530;7.595441;372.4044;-2270.635
9560;4.904595;372.0318;-2270.031
9590;2.400175;369.0646;-2269.386
9630;-0.4051215;368.0156;-2267.859
9660;-0.4579886;368.6714;-2267.485
9710;-1.609224;368.7624;-2266.574
9740;0.02000772;368.7263;-2265.569
9770;0.4544109;368.8258;-2265.333
9810;0.6068227;368.709;-2265.172
9830;1.093179;368.3209;-2264.735
9860;2.880399;367.8142;-2264.839
9910;5.211284;367.6718;-2265.113
9940;7.033735;368.0649;-2265.448
9970;9.742116;368.3445;-2267.191
10010;10.84613;368.8251;-2267.943
10030;12.62854;369.3278;-2268.734
10070;13.1111;369.5024;-2269.23
10100;13.27568;369.7331;-2269.25
10140;13.47342;369.4912;-2269.531
10160;13.47812;369.5227;-2269.694
10210;13.49074;369.697;-2270.017
10240;12.27745;369.3754;-2270.331
10260;10.5019;369.1537;-2270.914
10300;8.074137;369.5667;-2271.116
10330;2.443783;370.0004;-2271.406
10370;-2.559121;369.3986;-2271.667
10400;-6.661943;368.8376;-2270.649
10440;-13.07747;368.0452;-2269.388
10460;-16.02841;368.4611;-2268.976
10500;-19.9252;368.9297;-2267.52
10520;-22.72742;368.8201;-2266.178
10570;-25.31159;368.2452;-2264.886
10600;-27.15838;368.1618;-2264.231
10640;-27.73714;368.2995;-2264.052
10660;-27.86029;368.3629;-2263.889
10710;-27.85723;368.3637;-2263.895
10740;-27.75943;368.441;-2263.865
10762;-27.02705;368.6511;-2263.865
10812;-24.51116;369.1793;-2264.374
10822;-21.58532;369.6194;-2264.705
10882;-15.97515;370.9946;-2266.556
10902;-8.597765;371.2637;-2266.431
10932;-3.56676;371.7016;-2266.611
10962;0.7563024;372.3;-2266.81
11002;7.904356;372.3077;-2267.8
11032;13.65968;372.9792;-2268.762
11072;16.19859;373.1118;-2269.76
11102;17.78788;372.8687;-2270.06
11132;19.61325;372.8684;-2270.299
11172;20.66813;373.0222;-2270.029
11212;21.2216;373.3382;-2269.313
11232;21.57784;373.3221;-2268.197
11262;21.4787;373.4005;-2266.952
11312;21.42487;373.4795;-2266.488
11332;21.28122;373.8829;-2266.152
11382;21.15481;373.9353;-2266.244
11392;19.0465;374.5499;-2265.774
11432;17.78201;375.3458;-2265.329
11472;17.27707;374.9534;-2265.88
11502;16.75302;375.0078;-2265.787
11532;19.0764;373.8028;-2267.935
11572;19.60621;373.5632;-2268.152
11612;19.51039;373.5225;-2268.158
11642;18.55597;373.4646;-2268.287
11672;18.04742;373.1033;-2268.307
11712;18.28326;372.9102;-2267.916
11742;19.73747;373.1278;-2267.457
11782;22.1449;373.9938;-2266.982
11812;23.16886;374.3665;-2265.78
11832;25.32892;374.5417;-2264.593
11882;26.8195;374.681;-2264.862
11912;29.5929;374.2576;-2263.674
11952;31.16856;374.1772;-2263.07
11972;32.51239;374.1457;-2262.83
12012;33.78708;373.9248;-2262.801
12042;34.35205;373.8475;-2262.854
12082;34.77576;373.818;-2263.0
12092;34.85808;373.3982;-2263.005
12132;34.68069;373.3302;-2263.181
12162;33.5415;373.6;-2263.452
12202;31.43216;373.4636;-2263.317
12232;25.82856;373.4035;-2263.222
12262;20.71788;373.2451;-2261.698
12302;17.87951;373.2552;-2261.782
12332;12.50468;372.3794;-2261.329
12362;8.656963;372.0207;-2262.247
12402;3.641964;371.9028;-2261.837
12432;0.5847321;371.5691;-2262.083
12472;-0.6668751;372.2882;-2261.47
12502;-0.6568911;372.2585;-2261.582
12532;0.2682168;372.302;-2261.769
12572;1.100698;372.4129;-2261.611
12602;2.91484;372.2264;-2260.883
12642;8.369102;371.9774;-2260.6
12662;14.47582;372.3593;-2259.578
12702;18.06526;372.3696;-2259.578
12732;23.62117;372.6101;-2258.917
12762;27.06937;372.5658;-2258.155
12802;28.24523;372.1558;-2257.143
12852;30.71317;372.4741;-2256.011
12862;32.15005;372.5575;-2255.897
12902;32.65929;372.5963;-2255.634
12952;32.94735;372.4435;-2255.194
12962;32.93112;372.387;-2254.185
13002;32.69799;372.5549;-2254.117
13032;31.84055;372.4933;-2253.215
13072;30.95388;372.8411;-2252.922
13112;30.5115;373.4042;-2253.687
13142;28.66408;373.1706;-2253.808
13182;24.7822;372.6421;-2252.585
13202;19.45037;371.6065;-2251.039
13242;16.06218;370.3562;-2250.144
13272;16.06947;370.3631;-2250.09
13312;15.98054;370.3321;-2248.374
13342;17.28953;369.3312;-2247.244
13382;17.84772;368.4388;-2246.83
13392;18.43788;368.0532;-2246.413
13432;18.94741;367.5602;-2246.062
13462;20.31853;367.5521;-2245.843
13502;21.58963;366.7769;-2244.543
13532;22.98118;367.0805;-2244.085
13583;25.23149;367.8368;-2243.496
13593;26.20074;367.9718;-2242.988
13633;27.88211;368.5901;-2242.64
13673;30.1034;368.8926;-2241.858
13703;33.6007;369.9788;-2242.868
13743;35.46604;369.9803;-2243.358
13773;36.38509;370.101;-2243.93
13813;36.31099;370.153;-2243.917
13843;35.9176;370.0319;-2244.239
13873;32.97766;369.9104;-2244.233
13913;31.46312;369.7563;-2244.302
13933;28.82287;369.9811;-2244.947
13973;21.84792;370.163;-2246.162
14003;14.33655;369.1362;-2246.726
14043;11.8244;368.661;-2247.455
14073;6.247732;368.7753;-2248.861
14113;3.075365;368.8169;-2249.161
14143;-1.829681;369.5392;-2249.663
14173;-5.771093;369.5779;-2249.737
14213;-7.701812;369.4289;-2250.953
14243;-10.83642;368.95;-2250.579
14263;-11.26474;369.2041;-2250.629
14303;-11.56478;369.4883;-2250.799
14333;-11.40086;369.5531;-2250.824
14373;-10.59363;369.7909;-2250.684
14393;-7.608855;369.7267;-2250.917
14433;-5.492752;369.3299;-2249.997
14473;-1.578217;369.7774;-2248.779
14503;4.302072;369.5489;-2247.683
14533;9.031081;369.9727;-2246.956
14573;12.61618;369.6265;-2246.966
14593;16.32488;369.462;-2246.423
14643;17.964;369.5764;-2245.994
14663;20.00006;369.7332;-2245.896
14713;22.84924;369.8815;-2246.005
14743;23.92391;369.8226;-2245.41
14773;24.9614;369.8003;-2245.124
14793;26.38541;370.0937;-2244.804
14833;27.11903;370.5839;-2244.485
14883;27.15191;370.6492;-2244.381
14913;26.97754;370.5976;-2244.048
14953;26.68718;370.7379;-2243.617
14963;26.44705;371.0026;-2243.425
15003;24.61538;370.7555;-2241.532
15033;20.35044;370.2313;-2237.74
15073;17.80278;370.2864;-2235.981
15113;16.15993;370.2077;-2233.505
15153;13.59275;369.3404;-2230.978
15163;13.61626;369.0251;-2230.043
15203;12.81221;369.0025;-2229.321
15233;13.26587;368.7596;-2229.029
15263;14.26366;368.1768;-2228.766
15303;14.37154;367.8717;-2228.311
15333;15.89866;367.0613;-2228.371
15363;18.76236;368.0793;-2228.412
15403;20.12716;368.3996;-2228.563
15433;21.48551;368.3289;-2229.296
15463;22.31629;368.2679;-2229.845
15503;22.59277;368.0847;-2229.93
15533;22.84285;368.2451;-2230.087
15563;23.15901;368.3218;-2230.283
15603;23.4912;368.36;-2230.549
15653;23.7514;368.3589;-2230.867
15663;23.69358;368.5755;-2231.85
15703;22.9979;368.8255;-2232.979
15733;20.73118;368.8777;-2234.32
15773;13.55557;368.0658;-2235.203
15806;9.94841;368.9416;-2236.305
15836;3.770312;368.9342;-2237.154
15866;-2.032859;368.7593;-2237.621
15926;-7.165586;369.3289;-2236.853
15936;-11.83452;368.8783;-2236.542
15966;-19.11725;368.0768;-2236.408
15996;-22.95659;368.3069;-2236.286
16046;-25.63166;368.8038;-2236.218
16066;-25.9831;368.6797;-2236.323
16096;-26.24288;368.7465;-2236.331
16146;-26.29905;368.8654;-2236.507
16156;-25.966;368.9513;-2236.875
16216;-25.88696;368.6865;-2237.061
16226;-22.85931;369.8261;-2238.928
16266;-17.35699;370.6476;-2239.12
16296;-13.9398;370.1351;-2239.211
16336;-7.025642;368.0558;-2240.237
16376;-0.9518;368.7622;-2239.386
16406;5.193918;369.9552;-2240.234
16446;8.645053;370.4012;-2240.922
16476;10.09797;370.5576;-2241.289
16516;12.9957;371.7578;-2243.076
16536;14.28241;372.1837;-2243.535
16576;14.96728;372.1451;-2244.005
16606;14.93031;372.2045;-2243.952
16646;14.86277;372.4579;-2244.248
16676;14.61436;372.6941;-2244.467
16706;14.01143;372.6201;-2244.297
16746;13.14743;372.9933;-2244.312
16766;12.51633;373.2071;-2244.306
16796;11.1487;372.6982;-2244.969
16836;9.67448;373.0047;-2245.211
16866;7.613792;374.5159;-2245.08
16906;1.450541;371.4608;-2245.084
16936;-1.237099;368.6144;-2244.987
16966;-4.278548;366.5525;-2244.745
16996;-3.563479;369.1457;-2242.847
17036;-0.8479897;369.6992;-2240.323
17066;0.7870367;369.4258;-2239.788
17106;2.200898;368.9899;-2239.666
17136;3.552861;369.3673;-2239.321
17166;8.680006;367.9578;-2237.635
17206;11.48466;367.0929;-2237.743
17236;16.13184;367.6023;-2238.018
17266;18.36997;367.6969;-2237.317
17306;19.55304;367.9368;-2237.508
17346;21.87922;368.3904;-2237.69
17376;23.25269;368.9632;-2237.589
17396;24.82142;369.0072;-2237.935
17426;25.70543;369.2533;-2238.476
17476;25.89152;369.2881;-2238.454
17496;26.13715;369.2237;-2238.55
17526;25.96306;369.3445;-2238.513
17566;25.38495;369.5986;-2239.466
17596;23.26185;370.0184;-2240.063
17626;20.19764;370.064;-2241.343
17666;12.77434;369.1232;-2241.928
17696;9.917795;369.3341;-2242.476
17726;5.49111;369.7642;-2243.695
17766;0.7501617;370.2887;-2243.354
17816;-3.808976;370.9951;-2244.152
17889;-8.425445;370.1477;-2244.432
17910;-11.43981;368.6789;-2244.557
17934;-12.37162;368.5637;-2244.484
17938;-12.6661;368.7308;-2244.413
17978;-12.77644;368.6633;-2244.504
17998;-11.54031;370.1085;-2245.58
18028;-10.72898;369.925;-2245.679
18068;-7.877417;370.4669;-2245.848
18118;-4.375994;369.8036;-2245.773
18137;4.147401;369.974;-2245.399
18170;11.25834;371.4305;-2246.469
18200;15.72283;371.5749;-2245.776
18240;18.5697;371.7388;-2245.725
18270;20.65838;371.3047;-2246.016
18300;23.20974;371.4327;-2246.305
18330;26.2015;371.2097;-2246.498
18370;26.97784;371.4109;-2246.21
18400;28.28887;371.7784;-2247.241
18440;28.88042;371.6322;-2247.01
18470;28.88021;371.9096;-2246.735
18500;28.82816;372.1213;-2246.63
18540;28.94246;372.1005;-2246.643
18570;29.13034;372.1933;-2246.783
18600;29.11405;372.3046;-2246.915
18640;29.05662;372.3192;-2246.95
18670;27.83708;372.4983;-2246.433
18700;26.08748;372.0549;-2247.145
18740;25.48277;371.9744;-2247.259
18780;25.474;371.8127;-2247.474
18790;25.50412;371.5934;-2247.65
18830;25.40506;371.5213;-2247.586
18860;25.58629;371.0957;-2247.541
18900;25.92631;371.1349;-2247.045
18950;28.4794;371.7417;-2247.807
18960;30.43551;371.4381;-2247.186
19000;33.19543;371.6609;-2247.194
19050;34.43722;371.5139;-2246.742
19070;37.21327;372.6469;-2246.983
19100;38.30597;372.7566;-2246.873
19130;39.23754;372.8905;-2247.022
19170;39.91848;373.1356;-2247.543
19200;40.07129;373.1253;-2247.651
19230;40.21071;373.1975;-2247.945
19270;39.86748;373.0271;-2248.115
19300;38.81259;372.4629;-2248.672
19330;34.26143;371.3714;-2250.355
19370;30.88028;371.1761;-2250.764
19400;21.82805;369.7878;-2252.263
19430;15.57886;369.5073;-2251.952
19470;11.35512;368.9356;-2253.219
19500;4.238204;367.9851;-2255.198
19540;-0.6403155;367.9495;-2255.719
19570;-3.337637;368.0672;-2255.431
19600;-6.254007;368.2;-2255.755
19640;-9.347992;368.0374;-2255.983
19670;-10.19745;368.2022;-2256.281
19700;-10.50382;367.8439;-2256.101
19740;-10.31036;367.7928;-2255.562
19770;-10.16473;367.6862;-2255.352
19800;-7.738262;367.8156;-2254.242
19840;-3.537398;366.6209;-2253.733
19870;-0.4996711;366.9042;-2251.879
19900;1.652187;367.2273;-2251.432
19940;7.052053;367.0521;-2250.441
19970;11.32179;367.1181;-2249.219
20000;16.38173;368.0057;-2248.855
20050;18.47899;368.5814;-2249.402
20060;20.03275;368.7642;-2250.286
20100;20.85308;369.0629;-2250.646
20130;22.75419;369.3908;-2251.023
20170;23.79998;370.2299;-2251.609
20200;24.24326;370.1964;-2251.799
20230;24.72046;371.2132;-2252.282
20270;25.03994;371.8263;-2252.393
20300;24.4655;372.0876;-2252.129
20330;23.89988;371.4011;-2251.139
20370;23.67145;370.72;-2250.466
20400;23.6347;370.6185;-2250.394
20430;23.27775;370.5882;-2250.145
20470;23.77053;370.7544;-2249.804
20500;23.89557;370.7604;-2249.929
20530;20.44629;370.6298;-2249.238
20570;20.81243;370.6194;-2249.08
20591;19.80464;369.615;-2248.742
20631;20.78106;368.6978;-2248.346
20671;21.47196;368.3772;-2248.316
20701;22.20519;368.2299;-2248.036
20741;21.98919;367.3436;-2247.148
20771;22.28126;367.2206;-2246.535
20803;22.95272;366.7817;-2246.243
20841;23.36833;366.204;-2245.682
20871;24.99498;366.1616;-2245.311
20901;28.8851;366.4895;-2244.456
20941;33.84104;367.437;-2246.506
20971;35.98914;367.765;-2246.432
21011;39.38412;368.3735;-2246.632
21031;43.36043;368.5335;-2247.466
21081;48.03758;368.7475;-2247.218
21111;50.78373;368.5716;-2246.831
21131;55.14504;368.8554;-2248.021
21161;56.65544;368.713;-2247.991
21201;59.30396;368.8755;-2247.579
21231;60.49601;368.0808;-2246.537
21281;61.976;367.7232;-2246.463
21291;62.98506;367.715;-2245.895
21331;63.99819;368.036;-2245.433
21381;64.55035;367.9561;-2244.826
21401;65.13955;368.3489;-2244.63
21431;65.43833;368.5233;-2243.811
21461;65.55376;368.9892;-2242.814
21501;65.22068;369.3311;-2242.74
21531;63.67714;369.7919;-2241.097
21561;58.84119;369.3264;-2239.353
21601;53.70126;369.6114;-2239.278
21631;47.44703;367.9967;-2238.386
21661;39.18793;366.769;-2237.144
21701;32.24733;366.4232;-2237.398
21731;20.22556;366.3304;-2238.881
21781;8.616593;367.6024;-2243.233
21801;-1.201801;369.2847;-2244.458
21831;-12.57567;369.1284;-2245.981
21881;-23.57318;368.5196;-2245.888
21891;-37.66085;369.1758;-2246.333
21951;-46.98227;369.9247;-2247.435
21961;-55.51273;371.3654;-2248.06
22001;-64.14149;372.3066;-2247.747
22031;-71.36923;371.5446;-2245.702
22071;-78.50802;372.4479;-2244.636
22101;-81.01601;373.2153;-2244.083
22131;-82.49839;373.5533;-2243.286
22171;-83.87199;374.0948;-2242.453
22201;-85.14683;373.8126;-2240.567
22231;-85.03687;373.6503;-2238.97
22271;-84.81519;373.7705;-2238.474
22301;-81.64272;372.8891;-2232.962
22331;-78.31303;371.4573;-2230.958
22371;-74.74277;370.5486;-2229.271
22401;-69.60063;369.3914;-2225.911
22431;-60.48035;365.1421;-2222.63
22471;-55.98563;364.6771;-2221.555
22501;-53.46381;365.2948;-2221.251
22531;-52.7179;365.5828;-2221.002
22571;-52.8491;365.7131;-2221.108
22621;-52.72994;365.5543;-2221.186
22631;-52.96741;365.4738;-2221.242
22671;-53.68953;365.4407;-2220.69
22711;-54.06643;365.8183;-2219.987
22721;-55.85298;366.6664;-2219.394
22761;-57.43585;367.0887;-2217.926
22801;-58.97091;367.878;-2217.229
22831;-61.2594;368.5362;-2216.82
22861;-63.22374;369.5431;-2215.73
22901;-65.74452;370.0242;-2214.353
22931;-67.28958;369.1714;-2213.736
22961;-67.59929;369.2798;-2213.604
23001;-67.70491;369.7308;-2213.825
23031;-67.39543;369.8039;-2214.522
23061;-63.77642;370.8612;-2216.473
23101;-61.83017;371.0792;-2217.249
23131;-59.11224;371.1964;-2219.592
23181;-53.4749;371.8147;-2219.511
23191;-49.48875;372.2314;-2221.452
23231;-47.36043;371.6747;-2221.012
23271;-45.55873;371.4886;-2221.315
23301;-44.02496;371.0352;-2222.647
23331;-43.34636;370.8761;-2223.784
23371;-43.46223;370.7292;-2224.712
23401;-44.16329;370.6687;-2227.021
23431;-47.35998;370.2316;-2228.457
23471;-51.70342;370.9209;-2230.457
23501;-57.53434;370.1124;-2232.527
23531;-64.46825;370.1052;-2233.16
23571;-70.91599;370.0273;-2234.775
23601;-75.67969;369.8304;-2236.416
23631;-81.01104;368.337;-2237.195
23671;-84.19171;368.7917;-2237.823
23701;-85.90111;368.4333;-2238.415
23731;-86.83977;368.6594;-2238.508
23771;-87.18359;369.1776;-2238.687
23801;-87.5247;369.283;-2239.122
23831;-87.25232;369.4667;-2239.21
23871;-86.91431;369.4424;-2239.275
23901;-86.48628;369.3997;-2239.017
23951;-84.49772;368.6544;-2238.19
23971;-82.26456;366.9521;-2237.092
24001;-77.72756;365.5944;-2235.698
24041;-68.19746;363.6362;-2235.572
24071;-59.70276;362.5021;-2233.309
24101;-46.59592;362.4757;-2229.384
24141;-32.87564;364.4597;-2223.17
24171;-25.80717;367.0345;-2223.52
24201;-25.43723;367.0086;-2223.579
24241;-24.5242;367.431;-2223.896
24271;-23.49541;368.6305;-2224.629
24301;-20.86098;368.928;-2224.856
24341;-20.468;368.4365;-2225.718
24371;-21.64676;367.8689;-2225.8
24401;-26.59387;363.2324;-2227.539
24421;-29.70788;362.1545;-2227.027
24471;-32.26137;361.1574;-2225.995
24501;-36.06766;362.3252;-2224.937
24541;-37.77335;362.9056;-2223.769
24571;-40.30385;362.5077;-2223.017
24601;-42.34007;362.7355;-2222.134
24641;-43.79776;363.2483;-2220.543
24671;-44.79861;363.4028;-2218.608
24691;-45.22095;363.6156;-2218.289
24741;-46.2745;363.865;-2217.498
24771;-48.19469;364.334;-2216.635
24801;-48.34787;364.7059;-2215.978
24841;-48.19048;364.8897;-2215.998
24871;-47.63168;365.2476;-2215.437
24901;-45.99565;364.9466;-2214.34
24941;-40.74008;368.0431;-2214.738
24971;-38.33248;369.4528;-2213.864
25001;-35.05027;370.4979;-2213.506
25031;-30.94712;371.0232;-2214.372
25071;-29.22518;370.879;-2214.541
25101;-27.60463;371.3986;-2214.395
25121;-27.07385;372.0053;-2215.13
25171;-27.12739;372.1973;-2215.527
25191;-27.60258;372.2692;-2215.681
25241;-31.73463;373.0905;-2217.486
25271;-36.47483;374.0163;-2219.436
25311;-41.93327;374.1326;-2222.015
25341;-47.32001;374.5285;-2224.566
25361;-52.32255;374.5456;-2226.389
25411;-57.06792;373.5433;-2227.674
25441;-60.81909;373.0593;-2228.927
25461;-63.01852;372.5106;-2229.555
25511;-65.6193;372.2186;-2231.471
25541;-66.14472;372.4337;-2232.247
25571;-66.68604;372.3513;-2233.304
25591;-66.66976;372.6689;-2233.815
25641;-66.08456;373.2552;-2234.502
25661;-65.66639;373.1458;-2234.748
25711;-63.89771;373.6992;-2235.034
25741;-58.43313;374.5983;-2235.208
25771;-55.08776;373.3062;-2235.386
25811;-51.84735;371.5564;-2234.366
25841;-45.41758;369.5367;-2234.058
25879;-36.4278;368.5433;-2232.18
25899;-30.14664;368.4945;-2230.557
25949;-18.70569;370.4603;-2225.782
25959;-11.78022;371.3;-2225.012
25999;-9.062095;371.1351;-2224.831
26029;-7.353058;370.5431;-2224.113
26069;-6.902336;370.7002;-2224.388
26099;-6.772245;370.9679;-2224.51
26149;-8.237802;369.2834;-2225.186
26169;-15.93674;366.7692;-2225.258
26199;-22.84709;364.3164;-2226.372
26249;-31.85515;363.3143;-2227.985
26269;-36.0695;363.4645;-2228.417
26299;-40.62949;365.1223;-2229.125
26329;-44.99123;366.5765;-2230.029
26369;-47.61176;367.2566;-2229.293
26399;-51.01376;368.1482;-2229.293
26429;-53.58813;368.6847;-2228.791
26469;-55.61381;368.7338;-2227.169
26499;-56.53826;369.0341;-2227.485
26529;-57.30854;369.3786;-2227.151
26569;-57.44065;369.5552;-2227.166
26599;-57.57569;369.7321;-2227.321
26649;-57.47624;369.8146;-2227.466
26669;-56.72903;370.2536;-2227.814
26699;-53.30746;372.1095;-2228.163
26729;-51.13169;372.2273;-2227.982
26769;-48.29946;373.1197;-2226.539
26799;-44.24914;374.7281;-2226.443
26849;-41.82146;375.4789;-2226.579
26859;-39.819;375.6715;-2226.486
26899;-38.27988;376.4223;-2227.122
26939;-37.09797;376.8815;-2227.586
26969;-37.07245;376.9288;-2227.589
26999;-37.0323;376.966;-2227.595
27039;-38.07924;376.5668;-2228.344
27069;-39.51622;376.9334;-2229.084
27099;-41.62391;377.3812;-2230.553
27129;-45.99992;376.6251;-2232.263
27169;-48.61409;376.6458;-2232.461
27199;-50.9026;376.171;-2233.218
27239;-53.85495;376.3304;-2233.508
27269;-55.41071;375.965;-2233.948
27299;-56.44648;375.765;-2233.939
27329;-57.53431;374.8074;-2233.618
27369;-58.20808;374.6299;-2233.415
27399;-58.19804;374.5958;-2233.446
27439;-57.54733;374.7543;-2233.076
27469;-53.34951;374.3888;-2232.081
27499;-51.58419;373.8392;-2230.643
27539;-47.47933;373.0554;-2228.948
27569;-41.234;370.1143;-2226.476
27599;-35.63951;366.8253;-2223.185
27639;-25.77601;365.5393;-2219.837
27679;-11.9226;364.6587;-2215.529
27699;-2.35294;366.7006;-2211.591
27729;3.048164;366.7726;-2209.175
27779;4.51973;368.1387;-2207.897
27799;4.351506;369.2017;-2207.495
27829;3.849178;368.8736;-2207.675
27859;3.746868;368.8232;-2207.778
27899;-1.547693;367.3048;-2207.407
27929;-13.67612;364.3636;-2213.682
27979;-19.08312;363.7947;-2214.881
27999;-24.32751;362.9874;-2216.358
28029;-28.4334;363.4529;-2217.209
28079;-33.8466;364.6203;-2219.303
28099;-37.69162;365.3126;-2220.602
28129;-43.0348;366.0609;-2220.983
28179;-47.68602;366.9941;-2221.512
28209;-51.52575;367.1084;-2221.198
28249;-54.11871;368.1894;-2220.302
28279;-55.13213;368.1826;-2220.131
28309;-55.8261;368.4079;-2220.322
28349;-56.48837;369.1924;-2220.714
28379;-56.58271;369.838;-2221.072
28409;-56.08566;370.8897;-2221.55
28449;-55.7023;371.6713;-2222.185
28479;-54.69022;372.2175;-2221.301
28499;-51.21691;373.4592;-2220.383
28549;-46.09193;374.8257;-2219.629
28569;-41.81712;375.6909;-2219.921
28599;-40.23802;376.5064;-2219.84
28639;-38.26271;376.9326;-2221.005
28669;-38.11729;376.8014;-2221.155
28699;-37.97841;376.8005;-2221.423
28739;-37.79902;376.6403;-2222.207
28769;-38.17629;376.5282;-2222.926
28799;-39.63582;376.3243;-2224.237
28839;-41.66916;375.3235;-2226.416
28869;-44.42049;374.8233;-2228.644
28899;-48.00324;374.6548;-2229.894
28939;-50.58897;374.3083;-2231.475
28969;-53.31364;373.3888;-2232.121
28989;-54.61542;372.8658;-2232.871
29039;-56.4256;372.6993;-2233.355
29079;-57.87333;372.1862;-2233.149
29109;-58.90083;372.3154;-2233.2
29139;-59.02369;372.2857;-2233.252
29179;-59.08951;372.1746;-2233.112
29209;-59.0685;372.1172;-2233.042
29229;-56.28586;371.8938;-2232.599
29279;-54.6126;371.6423;-2231.908
29299;-50.979;370.2831;-2229.469
29339;-46.24369;367.4901;-2226.097
29379;-41.12432;365.1136;-2223.692
29389;-33.46505;363.4227;-2219.876
29449;-29.21975;363.7799;-2217.941
29459;-27.63243;363.5788;-2216.789
29519;-26.07038;363.2574;-2216.303
29529;-24.63747;363.6868;-2216.083
29569;-23.88924;363.6982;-2215.801
29599;-23.36408;362.7532;-2216.691
29639;-26.7331;358.215;-2217.786
29669;-27.99206;356.6003;-2218.408
29719;-29.59176;357.133;-2218.697
29729;-32.38599;359.5121;-2219.677
29769;-35.36026;360.6789;-2220.053
29799;-36.2537;361.7094;-2220.248
29839;-37.57854;362.6552;-2220.496
29869;-40.22607;363.9102;-2220.403
29889;-45.19484;363.2128;-2219.593
29939;-48.91983;364.1327;-2219.165
29969;-51.61464;364.7811;-2218.622
29999;-52.58586;365.1565;-2218.294
30039;-53.5405;365.7978;-2218.519
30069;-53.67479;365.8331;-2218.419
30089;-52.96882;366.1881;-2217.836
30139;-51.90017;366.4768;-2217.532
30169;-49.88812;366.733;-2216.283
30199;-46.31678;367.521;-2215.171
30229;-44.36192;367.9363;-2214.372
30269;-38.64087;369.4373;-2215.006
30289;-33.25133;371.0151;-2214.686
30339;-29.70858;372.2415;-2215.404
30369;-29.11555;372.1408;-2215.215
30409;-28.22467;372.5241;-2215.111
30439;-27.38018;372.8876;-2215.279
30479;-27.37963;372.3745;-2215.755
30509;-27.50574;372.5361;-2215.969
30529;-29.19446;372.991;-2216.942
30579;-30.5166;373.3848;-2217.88
30599;-35.36992;372.617;-2220.053
30629;-38.09668;372.8638;-2220.98
30679;-43.95443;372.0277;-2223.172
30699;-48.38099;371.9477;-2224.633
30729;-52.10074;371.3858;-2225.918
30779;-53.97255;370.8777;-2226.573
30799;-56.18203;370.755;-2225.711
30829;-57.07195;370.822;-2225.879
30879;-57.82589;370.8424;-2225.849
30891;-58.07758;370.8177;-2225.933
30931;-58.39893;370.5445;-2225.589
30981;-57.86662;370.4931;-2225.431
30991;-55.91355;369.9256;-2224.143
31031;-53.63135;370.4548;-2222.221
31061;-49.79394;370.3614;-2219.712
31101;-44.51087;368.8267;-2216.178
31131;-38.81119;365.8429;-2212.493
31161;-35.4879;364.9406;-2211.493
31201;-30.01627;364.2635;-2211.127
31231;-25.60075;363.165;-2211.744
31271;-10.95321;362.6142;-2209.587
31301;-4.231485;364.4734;-2207.459
31331;-2.235691;365.7144;-2206.451
31371;-1.440456;366.689;-2206.7
31401;-3.415821;366.427;-2207.338
31431;-6.137911;366.9763;-2208.869
31471;-14.45027;366.5423;-2209.884
31501;-21.2807;365.3517;-2210.345
31531;-27.40057;367.0536;-2211.65
31571;-33.05943;367.6296;-2211.824
31601;-37.37511;368.0876;-2212.623
31631;-44.67497;369.4646;-2216.631
31671;-49.07781;370.3482;-2217.399
31701;-52.81147;370.4959;-2218.076
31731;-55.52707;371.2571;-2218.03
31771;-56.86338;371.3756;-2217.436
31801;-57.74025;371.4977;-2217.609
31831;-58.24072;371.6876;-2217.741
31871;-58.47682;372.066;-2218.05
31901;-58.49444;372.6608;-2218.464
31951;-58.23509;372.9562;-2218.727
31971;-56.78201;373.4529;-2218.073
32001;-52.30792;374.5248;-2216.969
32031;-48.30684;375.6615;-2216.815
32071;-44.71133;376.8363;-2217.054
32101;-42.6221;376.9967;-2216.727
32131;-38.86781;377.2072;-2217.921
32171;-37.96669;377.193;-2218.032
32221;-37.28532;377.0842;-2218.042
32231;-37.29201;377.0995;-2218.055
32271;-37.64363;377.1657;-2218.285
32301;-38.89049;376.6762;-2220.112
32331;-43.45545;377.1923;-2224.186
32371;-49.28218;376.9899;-2227.214
32401;-52.06569;376.5044;-2227.967
32431;-55.8916;376.1292;-2230.333
32471;-60.21678;376.5768;-2232.616
32501;-64.66492;375.4538;-2233.31
32531;-66.81465;375.6427;-2234.094
32571;-68.68744;375.4556;-2234.914
32601;-69.14436;375.4522;-2235.199
32631;-69.7094;375.4079;-2235.857
32671;-69.66076;375.34;-2236.166
32701;-69.4249;375.3151;-2236.525
32731;-68.41481;375.3792;-2236.568
32771;-67.01556;374.2459;-2236.673
32801;-62.91472;374.0472;-2237.014
32831;-57.0544;371.9132;-2237.015
32871;-48.67416;365.9098;-2234.206
32901;-37.46085;365.2401;-2234.29
32931;-31.20986;366.1846;-2233.217
32971;-21.56848;369.0479;-2231.91
33021;-16.2887;371.8005;-2231.126
33051;-16.32173;371.6769;-2230.859
33061;-15.99484;371.4389;-2230.833
33101;-17.45797;369.9737;-2230.965
33131;-23.4263;366.0391;-2231.213
33171;-29.01448;365.0959;-2233.645
33221;-35.10315;364.8253;-2235.431
33231;-37.4335;365.5313;-2235.884
33271;-43.36057;365.8063;-2236.855
33301;-46.39597;366.1257;-2237.333
33331;-49.13055;367.3093;-2237.849
33371;-53.13083;367.4969;-2237.424
33401;-54.33024;367.712;-2237.509
33431;-56.91057;367.9399;-2236.992
33471;-58.14131;368.2346;-2236.725
33501;-59.04283;369.2853;-2237.41
33531;-59.8525;369.6387;-2237.966
33571;-59.97615;369.9816;-2237.811
33601;-59.95453;370.2422;-2237.564
33631;-59.23141;370.4875;-2236.927
33671;-54.88433;371.7941;-2236.31
33701;-51.91511;373.2726;-2235.737
33731;-48.05671;373.2791;-2234.744
33771;-44.00166;372.4748;-2233.803
33811;-38.34455;373.3986;-2234.031
33831;-36.16278;374.3409;-2233.761
33871;-34.79543;374.8493;-2233.705
33901;-34.49325;374.7642;-2234.265
33931;-34.8908;374.6469;-2234.909
33971;-36.26617;375.0693;-2236.24
34021;-38.09857;375.2088;-2237.651
34031;-42.28047;374.7134;-2239.283
34071;-47.84931;373.0803;-2239.842
34101;-50.85659;373.0171;-2240.701
34131;-53.52309;373.1624;-2241.532
34171;-56.87082;373.4288;-2242.767
34201;-58.9513;373.5494;-2243.12
34231;-59.89827;373.503;-2243.333
34271;-61.37847;371.5909;-2242.906
34301;-61.48252;371.703;-2242.879
34331;-61.43876;371.6104;-2243.174
34371;-59.88994;371.599;-2242.747
34401;-56.28212;371.9957;-2242.129
34431;-53.40879;369.1066;-2241.472
34471;-51.70804;368.237;-2241.07
34501;-44.25676;365.1228;-2236.451
34531;-38.10463;364.244;-2236.045
34571;-22.89477;371.625;-2234.807
34601;-19.99142;371.6143;-2233.227
34631;-16.48955;371.4511;-2232.256
34671;-13.84457;370.6768;-2232.669
34701;-11.85757;370.8024;-2232.859
34731;-11.62101;370.9695;-2232.726
34771;-13.31061;371.1516;-2233.098
34801;-14.98785;370.4176;-2233.764
34831;-22.32516;366.4181;-2234.575
34871;-28.08817;364.5897;-2236.313
34901;-32.06569;364.0513;-2236.153
34931;-35.31914;363.3747;-2235.558
34971;-37.73629;363.2252;-2235.388
35001;-41.46192;364.8294;-2235.04
35051;-43.83294;365.9131;-2235.174
35071;-47.52555;366.2253;-2234.013
35101;-50.25926;366.69;-2234.238
35131;-52.20332;366.8341;-2234.053
35171;-53.05663;367.2956;-2233.842
35201;-53.37935;367.358;-2233.922
35231;-53.75659;366.8135;-2233.493
35271;-54.07347;367.0393;-2233.431
35301;-52.88656;368.2151;-2233.481
35331;-49.7241;369.2118;-2233.245
35371;-47.09715;370.1912;-2232.484
35401;-43.79802;370.5679;-2231.938
35431;-40.6259;371.5389;-2232.152
35471;-37.25683;371.8925;-2233.069
35501;-36.28712;371.6941;-2233.222
35531;-35.23245;371.7396;-2233.789
35571;-35.16685;371.8152;-2233.726
35601;-35.55685;371.5671;-2233.979
35633;-35.98622;371.4164;-2234.788
35663;-39.63726;371.3487;-2236.365
35703;-42.5468;371.3914;-2237.96
35733;-45.80537;370.2864;-2239.539
35763;-47.36295;370.2674;-2240.331
35803;-50.52672;369.8435;-2240.723
35833;-52.57281;369.834;-2241.212
35863;-54.72448;369.6296;-2241.884
35903;-55.32248;369.3697;-2241.818
35935;-54.78098;369.3327;-2241.287
35965;-52.62212;369.8073;-2241.14
35995;-49.96059;370.1034;-2240.601
36035;-48.12783;369.7835;-2239.948
36065;-44.14438;368.8281;-2238.676
36115;-40.5867;367.8864;-2237.535
36135;-37.45177;366.4052;-2237.039
36165;-32.78394;366.4307;-2236.853
36215;-28.63219;365.8807;-2236.191
36235;-25.10371;366.3014;-2234.788
36265;-19.94977;367.8167;-2233.802
36295;-19.43918;367.5195;-2233.799
36335;-19.64195;367.4699;-2233.817
36365;-21.01043;365.8319;-2233.783
36395;-22.78342;364.3729;-2233.738
36445;-25.26989;364.2877;-2233.303
36465;-29.00853;364.9874;-2232.729
36495;-32.57582;366.2994;-2231.688
36535;-33.95959;366.9814;-2231.044
36565;-36.09691;367.2924;-2230.227
36595;-41.25784;367.7148;-2228.151
36625;-47.0859;368.2839;-2227.651
36665;-50.11594;368.497;-2226.713
36695;-51.80407;368.2288;-2225.67
36745;-52.49541;368.4595;-2225.431
36765;-52.58581;368.8352;-2225.181
36815;-51.8101;369.8157;-2224.947
36845;-50.2398;370.8578;-2224.023
36865;-47.04194;371.7007;-2222.174
36915;-41.29284;373.0795;-2220.147
36945;-34.28495;373.6721;-2219.588
36975;-31.2454;374.331;-2218.695
36995;-29.1148;373.9348;-2218.17
37045;-26.05077;374.6688;-2217.361
37065;-24.52373;374.87;-2217.706
37095;-24.01135;374.7884;-2218.017
37145;-23.82741;374.3414;-2218.568
37175;-24.31675;374.4527;-2218.925
37195;-27.01143;375.0855;-2219.889
37245;-29.49684;375.5938;-2221.063
37275;-34.06133;375.0934;-2222.028
37305;-37.8428;375.1332;-2223.729
37345;-39.58038;374.6786;-2224.039
37375;-44.21431;374.1126;-2225.251
37395;-46.40091;373.4778;-2225.65
37445;-48.18515;373.7519;-2226.384
37465;-48.02441;373.7357;-2226.45
37495;-47.65896;373.4141;-2226.184
37545;-46.04013;373.0748;-2225.581
37565;-45.02983;372.9317;-2224.311
37615;-40.59064;371.2166;-2223.189
37645;-37.61887;369.1915;-2220.833
37665;-34.21441;365.8146;-2218.427
37695;-23.70348;365.9052;-2215.179
37725;-9.053064;368.9313;-2208.879
37765;-4.23559;372.7941;-2207.088
37795;-2.905994;373.7223;-2207.323
37845;-0.426414;374.6535;-2208.191
37875;0.1226969;376.7104;-2207.928
37895;0.1719261;376.5689;-2207.684
37925;-0.3056261;375.938;-2206.679
37965;-3.380777;371.4592;-2205.565
37995;-17.19989;363.5117;-2205.696
38045;-23.04925;361.936;-2206.399
38075;-26.01734;361.8886;-2205.206
38105;-29.87633;362.3838;-2203.838
38145;-30.92982;362.7065;-2203.599
38165;-31.98076;363.4637;-2203.424
38195;-34.73345;363.8309;-2202.383
38245;-36.42842;364.3929;-2201.368
38265;-36.79347;365.5268;-2201.312
38295;-36.72964;366.2514;-2200.745
38345;-36.12267;367.57;-2200.131
38365;-35.08987;368.4325;-2199.353
38395;-31.53254;370.0192;-2199.481
38435;-26.4977;371.6965;-2199.289
38475;-21.66796;371.99;-2198.237
38505;-15.39572;372.3509;-2197.334
38545;-10.89614;372.4498;-2198.452
38575;-5.912675;372.6217;-2198.413
38595;-2.175947;372.3415;-2199.5
38645;0.3121672;372.1466;-2200.256
38675;1.928064;371.8556;-2200.909
38695;2.660521;371.6131;-2201.426
38745;2.928353;371.3886;-2202.394
38775;2.98096;371.618;-2203.49
38805;2.97071;371.7696;-2204.344
38845;3.006895;371.7065;-2205.639
38865;2.675397;371.7224;-2206.924
38905;2.386431;371.5506;-2207.899
38935;2.472941;371.3972;-2208.09
38975;2.636389;371.2762;-2208.264
38995;3.508102;370.7204;-2208.515
39045;4.40882;369.9582;-2208.558
39085;5.912298;369.3085;-2209.51
39105;7.913384;368.1601;-2209.44
39135;9.961246;367.5392;-2209.7
39175;11.86372;365.6579;-2208.74
39195;13.0954;364.7915;-2208.816
39235;14.51788;362.7322;-2208.242
39275;14.85716;362.5889;-2208.199
39305;14.26032;362.5413;-2208.005
39335;12.16158;363.557;-2207.559
39365;6.437262;363.6961;-2206.975
39405;-0.8835546;364.9467;-2207.007
39425;-15.90773;365.4612;-2207.055
39475;-25.69561;365.3598;-2206.136
39505;-46.61719;365.369;-2205.097
39535;-61.58717;365.7663;-2205.051
39575;-84.04503;364.7733;-2205.293
39595;-106.6372;360.8785;-2201.936
39636;-124.6421;363.6726;-2202.202
39676;-148.3758;369.0804;-2202.323
39696;-164.7043;375.1018;-2202.022
39736;-186.7364;377.4821;-2199.728
39776;-203.2782;381.6021;-2201.255
39796;-226.7197;382.7054;-2199.368
39836;-242.9361;386.3148;-2199.471
39876;-260.783;387.8041;-2200.632
39906;-275.869;389.4385;-2200.545
