
0;-82.83115;-230.3955;-2063.846
30;-83.70784;-229.6674;-2062.426
60;-84.36092;-229.1581;-2061.653
90;-85.66551;-228.1367;-2060.0
140;-86.59362;-227.6537;-2058.75
180;-87.80286;-227.6318;-2057.236
200;-88.87984;-227.3458;-2056.094
240;-90.65438;-227.5403;-2054.241
270;-92.69694;-227.697;-2052.425
310;-94.04151;-227.2195;-2051.203
330;-95.32252;-227.2891;-2049.884
360;-96.42964;-227.3415;-2048.631
390;-98.18864;-228.1717;-2047.015
430;-99.01606;-228.3004;-2046.15
460;-100.0603;-228.6285;-2045.026
510;-100.3709;-228.6788;-2044.557
540;-100.8889;-228.8726;-2043.936
580;-101.2186;-229.1301;-2043.352
600;-101.4955;-229.3158;-2042.965
630;-101.6517;-229.418;-2042.743
660;-102.1239;-229.6104;-2042.308
694;-102.2607;-229.9735;-2042.147
746;-102.3813;-230.1665;-2042.014
766;-102.7029;-230.6363;-2041.966
796;-102.8628;-230.9098;-2041.959
826;-102.8935;-230.7526;-2042.178
866;-103.0588;-231.0526;-2042.226
896;-103.1825;-231.3892;-2042.335
936;-103.1654;-231.4396;-2042.419
966;-103.2029;-231.5331;-2042.641
996;-103.1922;-231.5385;-2042.924
1036;-103.0296;-231.5326;-2043.119
1066;-102.7959;-231.6443;-2043.281
1096;-102.4239;-231.7694;-2043.529
1136;-101.9839;-231.7154;-2043.94
1166;-101.8494;-231.72;-2044.069
1196;-101.6519;-231.7093;-2044.335
1236;-101.5174;-231.6436;-2044.392
1276;-101.3769;-231.6223;-2044.482
1296;-101.1741;-231.7143;-2044.592
1336;-101.095;-231.7812;-2044.645
1366;-100.9817;-231.8708;-2044.802
1396;-100.8238;-231.7503;-2044.997
1436;-100.5476;-231.9188;-2045.352
1466;-99.70732;-232.2362;-2046.25
1496;-98.19641;-232.4818;-2048.154
1536;-96.99648;-232.221;-2050.86
1566;-94.53352;-232.7816;-2053.593
1596;-86.77821;-232.0191;-2056.868
1636;-78.91671;-232.2917;-2058.943
1666;-67.15498;-235.0041;-2060.323
1716;-55.47478;-239.7905;-2059.823
1736;-43.80705;-243.8623;-2060.516
1766;-27.85089;-244.4837;-2060.552
1796;-12.88406;-245.1745;-2060.119
1826;-1.149229;-243.1817;-2062.976
1866;4.721071;-243.288;-2063.732
1896;13.79363;-241.19;-2064.77
1926;22.40027;-240.37;-2065.142
1966;29.88438;-240.4472;-2065.343
1996;35.47712;-239.5208;-2065.564
2026;39.1183;-239.7987;-2065.382
2066;42.52497;-240.4591;-2064.758
2096;44.41576;-240.7883;-2064.313
2126;45.42221;-240.6868;-2063.855
2166;46.31888;-240.5375;-2063.915
2186;47.08663;-240.2437;-2063.933
2246;47.36393;-239.8388;-2064.299
2266;47.14332;-239.5417;-2064.947
2296;45.29131;-240.0636;-2065.557
2326;43.08757;-239.3563;-2067.377
2366;40.27331;-238.5473;-2069.275
2396;37.99549;-238.6516;-2070.183
2426;35.06744;-238.7649;-2071.201
2476;31.57263;-238.715;-2072.707
2496;28.88459;-238.3584;-2073.722
2516;26.76855;-238.5033;-2074.222
2566;24.08956;-238.9784;-2074.527
2596;21.16021;-239.0445;-2075.135
2626;17.67016;-239.228;-2075.205
2666;15.58714;-239.959;-2075.255
2696;13.06185;-239.7973;-2075.35
2726;11.56133;-239.8192;-2075.547
2766;9.778945;-239.7307;-2075.802
2796;8.399728;-239.755;-2076.089
2826;7.530747;-239.7156;-2076.299
2866;6.710551;-240.0139;-2076.568
2896;6.411415;-240.3079;-2076.705
2946;6.020269;-240.2069;-2076.996
2966;5.994262;-240.2518;-2077.033
2996;5.963717;-240.2188;-2077.065
3026;6.108207;-240.1006;-2077.385
3066;6.426817;-240.2531;-2077.629
3096;7.296628;-239.88;-2078.028
3126;8.198721;-239.918;-2078.528
3156;9.292841;-239.2227;-2079.202
3196;10.44;-238.4243;-2079.935
3226;11.07707;-237.5946;-2080.69
3256;12.48418;-236.6199;-2081.859
3296;14.18252;-234.6018;-2083.088
3346;15.05918;-233.3232;-2083.812
3366;15.47583;-231.1283;-2084.714
3396;15.00663;-227.6986;-2086.03
3426;14.72855;-223.9946;-2087.704
3456;13.58244;-220.2006;-2089.366
3496;11.43058;-214.8609;-2091.037
3546;8.883066;-208.1553;-2092.978
3566;7.117039;-203.7441;-2094.26
3596;5.359552;-196.8045;-2096.206
3626;4.565009;-195.8761;-2096.373
3676;2.520391;-192.3865;-2097.385
3706;-2.041501;-186.5592;-2099.834
3726;-5.016968;-184.0292;-2100.91
3776;-7.994211;-180.1553;-2102.562
3796;-9.344588;-176.2639;-2104.023
3826;-13.94995;-173.6754;-2106.592
3876;-13.93226;-173.4409;-2106.721
3896;-13.01456;-174.7261;-2106.253
3926;-11.80213;-179.4398;-2105.102
3956;-9.811655;-180.0441;-2105.529
3996;-7.221272;-182.4713;-2105.225
4026;-4.834311;-189.1086;-2103.489
4056;-3.420144;-192.5121;-2102.117
4096;-1.952341;-194.813;-2101.58
4126;1.096914;-200.5377;-2099.71
4156;2.747643;-202.9346;-2099.302
4196;5.279636;-206.9872;-2097.886
4226;8.111793;-210.3352;-2096.55
4256;10.63692;-214.5658;-2095.078
4296;11.28397;-218.0025;-2093.648
4326;12.87544;-221.9859;-2092.513
4376;12.41852;-225.2458;-2091.901
4386;12.58635;-227.0054;-2092.126
4426;11.41027;-228.7878;-2091.983
4456;10.1708;-230.2705;-2091.882
4496;9.582195;-232.1064;-2091.97
4526;8.903344;-233.5803;-2092.043
4557;8.283899;-235.0262;-2091.856
4607;6.895348;-236.1597;-2091.566
4637;6.123874;-236.8836;-2091.477
4677;5.468801;-237.4259;-2091.441
4687;4.516842;-238.3069;-2091.239
4727;3.967113;-238.6846;-2091.365
4767;3.171012;-238.8847;-2091.747
4797;-1.253774;-240.6727;-2094.382
4827;-3.726393;-241.4319;-2095.435
4877;-4.513667;-241.8344;-2095.981
4907;-4.904961;-242.0366;-2096.381
4927;-5.569993;-242.5509;-2096.835
4957;-5.580274;-242.5578;-2097.011
4997;-4.52145;-242.4879;-2097.025
5027;-2.957935;-242.5815;-2096.997
5057;-0.9014922;-243.1635;-2096.763
5097;0.1629225;-243.1466;-2097.065
5147;1.578645;-243.2964;-2097.639
5157;3.111177;-243.2622;-2098.248
5197;4.03048;-242.9054;-2098.673
5227;5.501904;-241.4937;-2099.459
5257;6.893669;-240.0527;-2100.352
5297;7.667339;-238.7765;-2100.991
5327;8.125936;-238.1625;-2101.002
5377;8.833824;-234.8204;-2101.667
5397;10.07204;-228.7404;-2103.66
5427;10.61619;-224.7282;-2104.476
5457;10.50049;-221.9729;-2105.252
5497;8.275862;-218.0351;-2106.18
5527;4.688395;-211.3925;-2107.814
5557;2.502201;-204.9531;-2109.551
5597;0.5165839;-198.9151;-2111.161
5627;0.2084859;-196.5788;-2111.786
5657;-0.9848224;-191.8329;-2113.482
5697;-1.698308;-191.1091;-2113.612
5727;-5.920249;-187.1431;-2115.296
5759;-8.557446;-183.3261;-2116.197
5789;-9.196445;-177.5338;-2118.144
5829;-24.10535;-163.2818;-2124.088
5859;-25.59706;-161.3162;-2124.577
5909;-25.4922;-161.7628;-2124.832
5929;-17.90423;-169.5534;-2122.384
5959;-13.92922;-174.0327;-2121.311
5989;-10.75552;-179.2939;-2119.73
6029;-8.256677;-179.8159;-2120.227
6059;-5.625682;-181.7545;-2119.883
6109;-3.260662;-191.4314;-2116.673
6129;-2.55858;-192.0795;-2116.757
6159;-0.8018259;-195.7027;-2115.815
6209;1.237657;-200.8577;-2113.863
6219;3.038459;-206.7602;-2111.458
6259;4.499979;-210.0911;-2109.753
6309;6.460855;-212.5512;-2108.579
6329;8.000445;-215.1561;-2106.935
6359;8.941092;-217.0129;-2106.072
6389;9.544436;-219.2405;-2104.86
6439;10.57958;-223.1553;-2103.327
6459;10.46317;-226.3031;-2101.907
6509;9.574565;-228.7976;-2101.132
6539;8.643482;-230.1922;-2100.715
6569;8.410374;-231.5405;-2100.522
6609;7.709655;-232.9062;-2100.271
6629;6.867786;-233.7655;-2100.161
6659;5.684853;-235.0808;-2099.65
6709;4.639593;-236.0921;-2099.183
6739;3.70805;-237.0359;-2098.751
6769;2.012398;-238.0164;-2098.698
6809;-3.818891;-240.26;-2100.332
6839;-4.862357;-240.56;-2100.603
6869;-5.796392;-240.3823;-2101.241
6909;-6.184688;-240.6159;-2101.495
6939;-6.387697;-240.7723;-2101.454
6959;-5.570662;-241.0764;-2100.537
6989;-3.903525;-241.2008;-2099.361
7039;-2.250479;-241.2674;-2098.128
7069;-1.131756;-241.0022;-2097.802
7109;0.05488057;-240.4876;-2097.49
7139;1.279552;-240.1309;-2097.375
7159;2.504908;-239.1497;-2097.243
7209;3.955844;-238.3839;-2097.173
7229;4.807724;-237.5239;-2097.385
7259;5.702739;-236.4372;-2097.322
7309;6.61432;-234.9929;-2097.43
7339;7.48225;-231.7477;-2097.969
7359;7.36703;-227.66;-2099.117
7409;6.678093;-221.9574;-2100.86
7429;5.706762;-220.3209;-2101.42
7479;3.454202;-216.5021;-2102.839
7489;-1.089647E-4;-210.6775;-2104.291
7529;-2.335188;-207.8743;-2105.104
7560;-5.370238;-198.0876;-2107.62
7600;-7.18553;-196.0451;-2108.242
7630;-11.19294;-182.3164;-2112.452
7660;-12.49089;-181.8749;-2112.493
7700;-13.9484;-181.7074;-2112.095
7730;-16.59387;-178.3952;-2112.768
7760;-25.63764;-166.361;-2115.461
7790;-27.94127;-165.1666;-2116.053
7830;-29.17523;-165.2382;-2116.005
7880;-27.51545;-166.9147;-2115.753
7890;-23.55289;-172.9898;-2114.516
7930;-20.27526;-174.423;-2114.484
7960;-18.26915;-175.2181;-2114.975
7990;-11.23477;-188.1029;-2111.998
8020;-10.5261;-193.2515;-2110.095
8060;-9.434208;-195.2666;-2109.704
8090;-7.720006;-197.9504;-2108.915
8130;-5.12236;-204.5931;-2107.318
8160;-2.298137;-209.1059;-2105.212
8190;-0.2215694;-211.3465;-2104.124
8230;2.032565;-214.4263;-2103.012
8260;3.36118;-217.8279;-2101.125
8290;4.310265;-220.8574;-2099.691
8330;5.636032;-222.9751;-2098.978
8370;5.532786;-226.7449;-2098.072
8410;5.064411;-227.9962;-2098.05
8420;5.128116;-229.9715;-2097.986
8480;4.608374;-232.0587;-2097.773
8510;3.713143;-233.6023;-2097.993
8530;2.194588;-236.447;-2097.731
8560;0.8641832;-238.5788;-2097.06
8600;-0.08671958;-239.4197;-2097.002
8630;-1.270904;-240.3516;-2097.057
8660;-8.780214;-243.2198;-2099.669
8700;-9.103813;-243.4104;-2099.753
8730;-9.185201;-243.5361;-2099.818
8760;-9.20124;-243.5843;-2099.862
8800;-9.227909;-243.7098;-2099.813
8830;-7.616776;-243.4549;-2099.481
8860;-5.732815;-243.4704;-2099.168
8890;-3.685583;-243.1364;-2098.966
8930;-2.25983;-243.0053;-2098.895
8960;-0.1803208;-242.4088;-2099.236
9000;2.010686;-241.2999;-2099.431
9030;3.232525;-240.3745;-2099.575
9060;4.350225;-239.2623;-2099.738
9090;5.556608;-238.247;-2100.21
9130;6.681461;-237.1353;-2100.556
9160;7.578382;-235.6459;-2100.989
9190;8.4294;-232.4822;-2102.039
9230;8.575722;-227.5119;-2103.461
9280;8.161583;-224.2029;-2104.392
9290;6.746628;-220.8942;-2105.25
9330;3.054688;-214.5416;-2107.177
9360;0.4487048;-210.0534;-2108.532
9390;-1.445318;-199.0448;-2111.909
9430;-3.179757;-195.1749;-2112.475
9460;-4.633367;-189.1811;-2114.685
9490;-7.105981;-184.4563;-2116.385
9530;-8.508896;-183.4292;-2116.459
9560;-10.3087;-183.1768;-2116.476
9590;-12.99536;-181.2504;-2117.341
9630;-13.72286;-177.3492;-2116.356
9660;-23.48764;-167.92;-2120.219
9710;-24.43559;-166.1473;-2120.74
9740;-24.38223;-166.2311;-2121.081
9770;-22.30495;-167.6509;-2120.806
9810;-19.8817;-172.3525;-2119.602
9830;-16.5395;-177.1396;-2118.604
9860;-13.23624;-179.8102;-2118.099
9910;-8.293996;-181.3375;-2118.321
9940;-6.808293;-184.7831;-2117.217
9970;-5.745759;-185.7354;-2116.982
10010;-4.181628;-192.4501;-2114.61
10030;-1.981697;-198.5318;-2112.463
10070;0.9366937;-209.4479;-2107.64
10100;2.256296;-211.719;-2106.537
10140;3.212293;-213.6316;-2105.464
10160;4.753442;-216.0611;-2104.269
10210;6.199552;-218.852;-2103.511
10240;6.905053;-222.2209;-2102.107
10260;7.464279;-225.546;-2101.382
10300;6.812958;-228.8407;-2100.794
10330;5.783651;-231.2228;-2100.393
10370;4.978623;-233.8987;-2099.627
10400;3.705539;-236.1894;-2099.216
10440;2.391174;-237.7311;-2099.087
10460;1.53594;-239.145;-2098.456
10500;0.2650451;-240.3368;-2097.583
10520;-0.786458;-240.9981;-2096.964
10570;-1.368664;-241.2647;-2096.723
10600;-9.14222;-243.5114;-2098.531
10640;-9.563953;-243.5715;-2098.431
10660;-9.589275;-243.4383;-2098.438
10710;-9.749125;-243.3624;-2098.421
10740;-9.780449;-243.4159;-2098.377
10762;-8.297263;-243.6319;-2097.392
10812;-5.907306;-243.4611;-2095.893
10832;-3.846537;-242.9117;-2094.99
10882;-1.311219;-242.0785;-2094.306
10902;0.5132706;-241.4995;-2094.011
10932;2.457853;-240.2914;-2093.844
10962;3.943074;-239.4272;-2093.555
11002;4.986875;-238.4021;-2093.365
11032;6.888872;-236.4639;-2093.442
11072;7.535881;-235.6477;-2093.202
11102;8.890175;-234.2116;-2093.194
11132;10.11529;-229.2531;-2093.941
11172;10.29554;-225.5225;-2094.637
11212;9.512311;-222.1939;-2095.396
11232;7.782471;-218.1558;-2096.28
11262;4.995876;-212.4163;-2097.357
11312;2.531726;-201.1198;-2100.766
11332;1.715573;-200.4333;-2100.839
11382;0.4087566;-194.0143;-2102.505
11392;-1.405275;-190.6987;-2103.449
11432;-1.788269;-190.3342;-2103.388
11472;-4.516875;-189.6029;-2103.465
11502;-6.797832;-187.3433;-2104.121
11532;-8.505764;-184.2204;-2104.866
11572;-8.646576;-184.0398;-2104.94
11612;-8.811067;-183.8942;-2105.053
11642;-9.152139;-184.1726;-2105.2
11672;-9.010778;-184.24;-2105.354
11712;-8.125257;-185.0172;-2105.392
11742;-6.89648;-185.6446;-2105.576
11782;-5.086601;-189.5649;-2104.554
11812;-4.044106;-191.3058;-2104.268
11832;-3.570076;-191.4634;-2104.186
11882;-0.5924427;-197.4402;-2102.106
11912;2.662484;-203.8806;-2100.209
11952;4.798959;-207.6906;-2098.344
11972;7.663318;-213.3909;-2096.015
12012;9.803118;-217.0185;-2093.607
12042;11.38948;-219.1022;-2092.57
12082;12.70693;-220.883;-2092.061
12092;13.45216;-222.9764;-2091.25
12132;13.73948;-225.5737;-2090.499
12162;13.00452;-227.0352;-2089.901
12202;12.21346;-228.789;-2089.201
12232;11.19648;-230.7039;-2088.684
12262;9.891432;-232.9786;-2087.893
12302;9.177279;-233.9188;-2087.681
12332;6.872734;-235.3111;-2087.418
12362;5.335409;-235.9737;-2087.373
12402;4.799125;-236.0401;-2087.501
12432;4.59612;-236.0053;-2087.564
12472;3.932903;-236.36;-2087.674
12502;3.986703;-236.2707;-2087.624
12532;4.622005;-236.4229;-2087.164
12572;5.481414;-236.389;-2086.708
12602;6.558118;-236.2075;-2086.471
12642;8.305866;-235.8704;-2086.507
12662;9.487895;-235.1715;-2086.445
12702;11.07428;-234.6599;-2086.511
12732;12.53755;-233.8328;-2086.532
12762;13.65064;-232.753;-2086.558
12802;14.8566;-231.5117;-2086.878
12852;15.76599;-230.1519;-2087.39
12862;16.0084;-228.5463;-2088.184
12902;15.5168;-224.511;-2089.918
12952;14.8707;-222.0225;-2090.935
12962;12.35639;-217.3122;-2093.014
13002;8.351041;-208.5266;-2095.924
13032;5.491915;-204.7775;-2096.848
13072;3.161637;-201.8272;-2097.825
13112;1.934928;-199.313;-2098.573
13142;-0.7752085;-192.9655;-2100.939
13182;-4.142411;-186.8785;-2102.806
13202;-8.764031;-181.9936;-2104.26
13242;-15.38432;-176.6001;-2107.296
13272;-16.62721;-174.3433;-2108.491
13312;-28.64795;-157.965;-2115.342
13342;-28.35679;-157.611;-2115.864
13382;-26.66663;-157.8555;-2115.889
13392;-26.07464;-158.4439;-2115.859
13432;-18.62045;-164.1128;-2112.654
13462;-15.14826;-171.4798;-2109.827
13502;-12.47831;-174.2719;-2108.931
13532;-7.469482;-178.07;-2107.709
13583;-3.857248;-180.6528;-2106.863
13593;-2.30747;-185.7901;-2105.43
13633;-0.008476083;-194.8131;-2102.048
13673;2.932786;-199.7599;-2100.119
13703;5.293406;-204.2755;-2097.784
13743;7.796398;-208.3983;-2096.241
13773;9.983698;-213.9251;-2093.75
13813;10.80375;-217.5991;-2091.534
13843;11.49463;-220.3335;-2090.494
13873;12.15605;-223.4618;-2089.712
13913;12.02113;-225.102;-2089.17
13933;11.71218;-227.1832;-2088.416
13973;10.98385;-229.0688;-2088.338
14003;10.11716;-231.5244;-2088.281
14043;9.486865;-232.628;-2088.159
14073;8.419238;-233.8743;-2087.896
14113;7.012307;-234.9656;-2087.6
14143;6.238148;-235.682;-2087.399
14173;4.918758;-236.6931;-2087.216
14213;1.044463;-238.4562;-2088.212
14243;-0.3934619;-238.7702;-2088.666
14273;-0.5419058;-238.4639;-2088.885
14303;-0.6026801;-238.5332;-2088.91
14333;-0.5542749;-238.5553;-2088.933
14373;0.0238372;-238.4342;-2088.884
14403;1.126721;-238.3265;-2088.587
14433;2.355936;-238.2467;-2088.51
14473;4.150962;-237.7325;-2088.584
14503;5.786124;-237.1803;-2088.595
14533;7.2912;-236.7554;-2088.58
14573;9.000653;-235.8514;-2088.571
14593;10.4995;-234.7996;-2089.047
14643;11.72714;-233.413;-2089.48
14663;12.47176;-232.1049;-2089.601
14713;13.33685;-228.5969;-2090.292
14743;14.00075;-226.1408;-2091.2
14773;13.84876;-222.4902;-2092.68
14793;13.56331;-220.3309;-2093.661
14833;10.82835;-214.2443;-2095.55
14883;9.174395;-211.9074;-2096.309
14913;6.088553;-207.1036;-2097.856
14953;4.521016;-203.036;-2099.124
14963;3.261802;-192.8095;-2101.83
15003;2.508211;-191.7836;-2101.932
15033;-0.9610145;-179.558;-2105.596
15073;-2.061131;-179.7944;-2105.064
15113;-3.93434;-179.4189;-2104.655
15153;-5.858461;-179.2336;-2104.263
15163;-7.246731;-179.7889;-2103.543
15203;-7.870037;-179.8533;-2103.391
15233;-8.444375;-180.1691;-2103.207
15263;-8.005473;-181.1466;-2102.753
15303;-7.511087;-180.2855;-2103.217
15333;-6.734777;-181.9845;-2103.171
15363;-5.971044;-186.7631;-2101.686
15403;-4.455041;-190.5012;-2100.995
15433;-2.830697;-196.3705;-2099.375
15463;-0.7307104;-205.0313;-2096.893
15503;1.085272;-208.1828;-2095.556
15533;2.463785;-210.606;-2094.34
15563;5.568468;-214.325;-2092.351
15603;8.34259;-217.3951;-2090.924
15653;9.706283;-219.7621;-2089.844
15663;10.98024;-222.263;-2089.229
15703;11.50206;-225.4712;-2088.096
15733;11.43123;-227.3722;-2087.644
15774;11.19615;-229.5658;-2086.973
15806;10.41187;-231.7929;-2086.368
15836;9.55612;-233.2934;-2085.629
15866;8.486794;-234.3572;-2084.889
15926;6.915052;-235.2629;-2084.336
15936;6.074532;-235.6567;-2084.086
15966;4.854934;-236.0627;-2083.735
15996;-0.2386193;-238.7301;-2084.639
16046;-1.660163;-239.3975;-2084.987
16066;-2.403315;-239.7578;-2085.176
16096;-3.0309;-239.7413;-2085.449
16146;-3.476433;-239.8614;-2085.56
16156;-3.075557;-239.6777;-2085.352
16216;-1.803263;-239.6888;-2084.591
16226;-0.4484283;-239.4784;-2083.822
16266;0.6144403;-238.9037;-2083.569
16296;1.590736;-238.2925;-2083.408
16336;3.103164;-237.3907;-2083.312
16376;5.031308;-236.5122;-2083.277
16406;6.743063;-235.3576;-2083.049
16446;8.87178;-233.7819;-2083.08
16476;9.959252;-232.0374;-2083.418
16516;11.10653;-229.3544;-2083.8
16536;11.47248;-226.0151;-2084.828
16576;11.83899;-222.2068;-2086.223
16606;10.65917;-217.2283;-2088.545
16646;9.300582;-213.6754;-2089.552
16676;6.43207;-208.8875;-2091.045
16706;4.095531;-204.012;-2092.438
16746;0.8128503;-197.1084;-2094.664
16766;-0.8031492;-194.0132;-2095.661
16796;-2.448746;-188.1941;-2097.488
16836;-5.273037;-184.7321;-2098.089
16866;-7.777601;-180.7984;-2098.867
16906;-8.715356;-179.5022;-2098.811
16936;-16.75966;-170.2728;-2099.6
16966;-19.15139;-166.7433;-2100.578
16996;-27.64885;-152.1675;-2108.952
17036;-27.45208;-152.9199;-2108.457
17066;-26.04737;-155.8476;-2106.765
17106;-9.38114;-184.6446;-2094.922
17136;-9.774612;-183.8022;-2095.498
17166;-8.374372;-183.2528;-2096.208
17206;-7.429158;-183.4506;-2096.814
17236;-6.078338;-185.1809;-2096.795
17266;-3.830973;-187.4486;-2096.735
17306;-0.8307907;-193.579;-2094.902
17346;2.232324;-197.0794;-2093.282
17376;5.9085;-202.9646;-2091.353
17396;7.567817;-205.4115;-2090.045
17426;10.28008;-210.1115;-2087.258
17476;12.17221;-213.7404;-2085.92
17496;13.17865;-215.7348;-2085.138
17526;14.33591;-219.0137;-2084.222
17566;14.25095;-221.5075;-2083.509
17596;14.18877;-223.3463;-2082.85
17626;13.78596;-224.9675;-2082.34
17666;13.2464;-226.8186;-2081.717
17696;12.58345;-228.1939;-2081.413
17726;11.31557;-229.3271;-2081.119
17766;10.27601;-230.5567;-2080.771
17816;8.887143;-231.3502;-2080.686
17890;5.658563;-233.2404;-2081.394
17910;4.782965;-233.6249;-2081.615
17934;4.429657;-233.7854;-2081.715
17938;4.166314;-234.0388;-2081.84
17978;4.160555;-234.0972;-2081.835
17998;4.40611;-234.2578;-2081.733
18028;5.022575;-234.672;-2081.491
18068;5.738638;-234.7207;-2081.5
18118;6.651959;-234.8444;-2081.606
18137;8.135815;-234.8044;-2081.699
18170;10.0363;-233.9231;-2082.15
18200;11.93734;-232.9278;-2082.718
18240;12.92907;-231.8611;-2083.081
18270;14.51243;-230.4719;-2083.672
18300;16.33054;-229.0101;-2084.561
18330;17.17337;-226.9596;-2085.18
18370;17.59946;-223.0461;-2086.627
18400;17.50881;-219.0946;-2088.452
18440;15.92643;-214.9132;-2089.766
18470;13.95036;-210.7561;-2091.128
18500;11.41463;-204.7952;-2093.335
18540;7.972487;-196.0433;-2096.372
18570;5.790407;-190.162;-2098.31
18600;4.647934;-185.3911;-2100.028
18640;3.73625;-183.7953;-2100.591
18670;2.133592;-183.0421;-2100.857
18700;0.7928898;-181.8879;-2101.277
18740;-4.89817;-175.2302;-2103.899
18780;-6.422033;-173.3579;-2104.579
18790;-7.073783;-171.1472;-2105.8
18830;-7.187277;-171.1049;-2105.874
18860;-7.213257;-171.7905;-2105.892
18900;-7.168364;-171.4806;-2106.288
18950;-5.732095;-170.9827;-2107.004
18960;-2.943742;-171.8545;-2107.764
19000;-1.674668;-173.7778;-2107.801
19050;-0.7081183;-181.6747;-2105.641
19070;3.230478;-191.9444;-2102.063
19100;5.815804;-197.9285;-2101.009
19130;8.038001;-202.0926;-2099.382
19170;10.73176;-206.3374;-2097.973
19200;13.0188;-212.2898;-2095.232
19230;13.35072;-215.4191;-2093.555
19270;14.27888;-218.3471;-2092.757
19300;14.91277;-220.2961;-2092.332
19330;14.36479;-223.2836;-2091.34
19370;13.7814;-225.2264;-2090.902
19400;12.96907;-227.3086;-2090.509
19430;11.43573;-229.8658;-2090.38
19470;10.29375;-231.8459;-2089.84
19500;8.512195;-233.5786;-2089.614
19540;7.524333;-234.5004;-2089.523
19570;6.948186;-234.9691;-2089.633
19600;3.976027;-236.0571;-2090.549
19640;2.852381;-236.6821;-2090.967
19670;2.026324;-236.9523;-2091.349
19700;1.398644;-236.9458;-2091.924
19740;1.434151;-236.9523;-2091.981
19770;1.805524;-237.1204;-2091.942
19800;2.872244;-237.258;-2091.849
19840;4.182788;-237.2335;-2092.075
19870;5.192646;-237.2616;-2092.14
19900;6.955575;-237.1887;-2092.535
19940;8.790009;-236.2541;-2093.239
19970;9.939415;-235.2921;-2093.666
20000;11.12313;-233.9219;-2094.07
20050;12.62529;-231.8354;-2094.656
20060;13.47843;-230.3371;-2095.203
20100;14.30984;-227.565;-2095.762
20130;14.54044;-225.0023;-2096.551
20170;13.78795;-220.6176;-2098.007
20200;12.92236;-216.4763;-2099.212
20230;11.16393;-213.0502;-2100.349
20270;8.305604;-206.8006;-2101.969
20300;5.403378;-200.9045;-2103.073
20330;3.903075;-197.6995;-2103.692
20370;3.134064;-194.7118;-2104.119
20400;1.308445;-190.1505;-2105.418
20430;-2.690224;-177.3047;-2109.623
20470;-3.080557;-176.5424;-2109.59
20500;-5.994354;-173.9837;-2109.946
20530;-6.552232;-173.4019;-2110.087
20570;-6.696847;-173.3952;-2110.124
20591;-6.898951;-171.3061;-2111.035
20631;-6.995418;-171.6283;-2110.948
20671;-6.975371;-171.644;-2110.97
20701;-6.600011;-171.8021;-2111.049
20741;-3.815586;-173.2944;-2110.545
20771;-1.195995;-174.5462;-2110.1
20803;1.961105;-176.4869;-2109.947
20841;4.914427;-182.1803;-2108.525
20871;8.220306;-187.7657;-2107.515
20901;10.77693;-190.0363;-2106.644
20941;15.21326;-196.2101;-2104.137
20971;18.67631;-201.0027;-2101.772
21011;22.13909;-204.2191;-2099.969
21031;27.79229;-208.9021;-2096.97
21081;33.99172;-213.2673;-2095.179
21111;38.65815;-216.0479;-2094.387
21131;42.04259;-219.3545;-2092.857
21161;43.54584;-220.5357;-2092.321
21201;45.32776;-222.0815;-2091.703
21231;47.38494;-223.912;-2090.776
21281;50.33203;-226.4835;-2089.186
21291;52.64518;-227.8442;-2088.614
21331;53.96681;-229.9024;-2088.0
21381;54.66138;-230.5292;-2087.935
21401;55.10572;-231.8211;-2087.763
21431;55.01949;-232.1794;-2087.928
21461;55.10983;-232.3424;-2088.048
21501;54.9836;-232.3637;-2088.373
21531;53.86067;-232.9617;-2088.481
21561;51.73482;-233.7764;-2089.09
21601;49.15333;-234.8774;-2089.361
21631;44.36838;-236.7576;-2089.27
21661;39.80907;-239.3904;-2088.431
21701;32.85992;-241.4559;-2087.457
21731;25.00401;-240.9997;-2086.509
21781;18.30471;-240.7815;-2086.064
21801;8.133056;-240.3232;-2085.084
21831;1.193898;-239.5938;-2085.435
21881;-7.679628;-237.6668;-2085.902
21891;-15.3377;-234.5814;-2086.239
21951;-22.71597;-231.5538;-2087.169
21961;-29.51866;-228.8033;-2087.984
22001;-33.53529;-226.1762;-2088.348
22031;-37.97866;-223.0461;-2089.153
22071;-39.98743;-220.6537;-2089.539
22101;-41.14629;-218.7253;-2089.757
22131;-43.46966;-214.6322;-2091.168
22171;-43.29712;-208.3397;-2092.355
22201;-43.01606;-205.3149;-2093.054
22231;-40.87111;-201.6198;-2093.989
22271;-38.6793;-198.6678;-2094.611
22301;-37.12357;-197.3134;-2094.802
22331;-32.86703;-193.0612;-2095.776
22371;-29.53412;-185.5116;-2097.75
22401;-27.00935;-183.3018;-2098.045
22431;-24.31425;-177.4935;-2099.658
22471;-23.03961;-173.6447;-2100.888
22501;-22.27167;-172.2771;-2101.032
22531;-20.94118;-172.5953;-2100.796
22571;-18.70477;-173.4346;-2100.642
22621;-18.44412;-175.7347;-2100.395
22631;-16.68968;-178.7729;-2099.546
22671;-16.17924;-181.9548;-2098.292
22711;-15.42026;-185.1152;-2097.478
22721;-16.03599;-188.2604;-2096.124
22761;-17.16112;-192.7791;-2093.582
22801;-20.57743;-200.9891;-2089.798
22831;-23.31234;-206.5852;-2087.219
22861;-25.68822;-211.3212;-2084.637
22901;-28.30586;-215.7823;-2083.168
22931;-29.71357;-218.7601;-2082.201
22961;-31.18445;-221.7782;-2081.58
23001;-31.72931;-224.5286;-2081.405
23031;-31.23144;-226.6528;-2081.153
23061;-30.59244;-229.1118;-2081.53
23101;-31.28906;-232.2659;-2082.178
23131;-30.89491;-233.1219;-2082.412
23181;-31.09521;-234.593;-2083.334
23191;-29.75013;-235.8741;-2084.196
23231;-29.08014;-236.7906;-2084.954
23271;-29.09009;-237.5206;-2085.933
23301;-29.17789;-237.6284;-2086.512
23331;-30.4473;-237.285;-2087.846
23371;-31.50735;-237.7384;-2088.658
23401;-33.84979;-237.809;-2090.626
23431;-36.11517;-237.6104;-2092.625
23471;-38.02767;-237.3315;-2094.243
23501;-40.86415;-236.9137;-2096.101
23531;-44.61596;-236.5865;-2098.04
23571;-46.97374;-235.8694;-2099.531
23601;-48.25303;-235.1724;-2100.288
23631;-49.88026;-234.0154;-2101.395
23671;-50.61067;-232.6997;-2102.54
23701;-49.58479;-228.5794;-2104.396
23731;-47.65629;-223.704;-2106.793
23771;-47.00821;-220.6861;-2108.462
23801;-46.79332;-217.8636;-2110.409
23831;-44.48892;-212.8943;-2112.462
23871;-40.7327;-208.78;-2113.923
23901;-39.02768;-204.8974;-2116.416
23951;-34.45567;-200.8656;-2117.487
23971;-30.73362;-196.8493;-2118.91
24001;-29.62336;-196.713;-2118.736
24041;-20.95377;-182.5773;-2123.114
24071;-19.39118;-180.3186;-2123.614
24101;-17.72133;-177.2195;-2125.295
24141;-9.129501;-143.1542;-2137.224
24171;-5.668711;-141.2807;-2138.875
24201;-4.970505;-144.3885;-2137.205
24241;6.058964;-135.49;-2145.218
24271;10.87537;-122.1162;-2151.806
24301;0.1601218;-140.6924;-2140.639
24341;-0.7891145;-135.1149;-2141.384
24371;4.96583;-170.9935;-2131.678
24401;-0.5262802;-175.0717;-2127.579
24421;-4.286514;-181.4232;-2122.859
24471;-8.594103;-189.2173;-2117.512
24501;-12.01488;-193.269;-2114.071
24541;-15.35081;-199.7081;-2110.087
24571;-20.08244;-209.1781;-2103.768
24601;-21.7977;-213.229;-2100.757
24641;-23.75944;-216.7134;-2097.565
24671;-26.30201;-220.7398;-2095.094
24691;-27.55325;-222.8666;-2093.795
24741;-27.9128;-224.9926;-2092.406
24771;-28.73997;-226.1077;-2091.902
24801;-30.23812;-228.7749;-2090.594
24841;-29.87767;-230.1783;-2089.711
24871;-30.25763;-231.3808;-2089.266
24901;-30.38517;-232.4538;-2088.938
24941;-30.4089;-233.663;-2088.495
24971;-30.09064;-234.8161;-2088.299
25001;-28.38047;-236.3024;-2088.438
25031;-27.32986;-237.2384;-2088.713
25071;-27.00888;-237.6203;-2088.927
25101;-26.96575;-237.6996;-2088.936
25121;-27.34693;-237.8936;-2088.869
25171;-28.16882;-238.2897;-2088.658
25191;-29.22106;-238.4362;-2088.323
25241;-30.63284;-238.5645;-2088.406
25271;-33.51805;-238.8645;-2088.84
25311;-36.24141;-238.181;-2089.546
25341;-38.09426;-237.3473;-2090.357
25361;-40.7948;-237.0293;-2090.758
25411;-41.46888;-236.2559;-2091.005
25441;-42.978;-234.9414;-2091.704
25461;-43.61784;-233.246;-2092.362
25511;-43.6178;-230.7747;-2093.369
25541;-43.08863;-227.6483;-2094.609
25571;-41.81031;-223.6949;-2096.311
25591;-39.67865;-220.7968;-2097.626
25641;-35.67586;-211.9744;-2101.329
25661;-32.21922;-206.4584;-2103.696
25711;-30.4414;-204.058;-2104.979
25741;-26.31697;-201.2365;-2106.482
25771;-22.41925;-197.8183;-2107.671
25811;-19.62443;-193.8232;-2108.768
25842;-16.82165;-189.3279;-2110.543
25879;-13.18592;-180.4294;-2114.214
25899;-8.941474;-176.7764;-2116.728
25949;-2.627292;-149.9069;-2126.256
25959;-4.004995;-166.6388;-2117.121
25999;-4.059673;-169.7923;-2115.513
26029;-3.951689;-169.809;-2115.552
26069;-4.498139;-172.4706;-2114.765
26099;-3.616764;-174.9272;-2113.827
26149;-0.5985843;-175.1513;-2115.115
26169;-0.647699;-176.0577;-2115.229
26199;-3.524273;-182.6497;-2112.38
26249;-5.331686;-186.0899;-2110.88
26269;-8.807365;-191.2053;-2108.063
26299;-12.39035;-195.7715;-2105.154
26329;-15.74788;-199.8963;-2102.733
26369;-17.96379;-204.7004;-2099.913
26399;-20.92666;-208.6297;-2097.179
26429;-24.65796;-214.3688;-2094.231
26469;-26.8379;-217.4473;-2092.583
26499;-27.52296;-221.0739;-2090.223
26529;-27.34536;-223.4825;-2088.479
26569;-27.55866;-225.1994;-2087.416
26599;-27.69617;-226.2507;-2086.879
26649;-27.46021;-226.9202;-2086.654
26669;-28.32453;-228.8348;-2086.83
26699;-28.10564;-230.4136;-2086.965
26729;-28.16255;-232.7589;-2087.095
26769;-28.2593;-234.4807;-2087.127
26799;-28.24746;-235.5306;-2087.207
26849;-28.10345;-236.451;-2087.414
26859;-27.61703;-236.9446;-2087.543
26899;-27.41744;-237.4385;-2087.819
26939;-26.96502;-237.4232;-2087.746
26969;-27.09173;-237.9437;-2087.769
26999;-27.33982;-238.2945;-2087.785
27039;-28.13499;-238.9264;-2087.895
27069;-28.81206;-239.4077;-2088.087
27099;-29.5926;-239.4671;-2088.384
27129;-30.60872;-239.4236;-2088.811
27169;-32.07387;-239.3933;-2089.03
27199;-32.85181;-238.3447;-2089.258
27239;-34.30187;-236.8466;-2089.69
27269;-36.80448;-235.1656;-2090.887
27299;-37.1283;-232.7765;-2091.619
27329;-37.72334;-230.2547;-2093.306
27369;-36.22762;-225.6706;-2094.899
27399;-33.63767;-222.5774;-2096.021
27439;-29.57357;-217.1743;-2098.052
27469;-22.95843;-208.201;-2101.046
27499;-22.53193;-207.5619;-2101.789
27539;-18.6097;-204.0479;-2103.132
27569;-12.3488;-200.322;-2105.058
27599;-9.018389;-197.4099;-2106.029
27639;-4.834271;-188.9915;-2109.778
27679;-4.1056;-184.9779;-2110.9
27699;-2.020494;-175.3905;-2115.449
27729;0.295957;-165.8771;-2118.802
27779;25.62928;-118.0707;-2142.212
27799;24.51484;-119.0393;-2141.532
27829;23.52297;-117.8623;-2141.91
27859;18.40559;-128.0643;-2137.229
27899;-1.812044;-182.7016;-2110.236
27929;-1.923781;-182.189;-2110.105
27979;-2.105114;-182.3559;-2109.737
27999;-2.051616;-184.032;-2108.489
28029;-3.738175;-187.4898;-2106.248
28079;-5.644433;-191.002;-2104.133
28099;-8.945152;-195.7292;-2101.378
28129;-12.82768;-200.9253;-2098.236
28179;-17.09853;-206.6387;-2094.534
28209;-19.96196;-213.228;-2090.581
28249;-22.04515;-217.4709;-2087.854
28279;-25.21944;-223.6311;-2085.342
28309;-25.33565;-225.2579;-2084.438
28349;-25.32932;-226.3362;-2083.715
28379;-25.22118;-228.8451;-2082.718
28409;-25.00453;-229.6746;-2082.567
28449;-24.2006;-231.4838;-2081.782
28479;-23.72398;-233.5938;-2081.467
28499;-23.75587;-235.2515;-2081.632
28549;-23.35395;-236.3441;-2081.511
28569;-22.6172;-237.3127;-2081.667
28599;-21.57438;-238.7691;-2082.035
28639;-21.45389;-239.0186;-2082.217
28669;-21.53467;-239.3038;-2082.552
28699;-21.84531;-239.9386;-2082.97
28739;-21.82564;-240.1471;-2083.082
28769;-22.75438;-240.4541;-2083.59
28799;-24.12928;-240.8956;-2084.794
28839;-25.35242;-240.9296;-2085.83
28869;-27.4998;-241.6591;-2086.768
28899;-29.77492;-241.0638;-2088.193
28939;-30.53185;-240.549;-2088.585
28969;-32.13281;-240.1265;-2089.228
28989;-33.77261;-238.9098;-2090.261
29039;-34.85083;-236.9461;-2091.189
29079;-34.9483;-234.2203;-2092.276
29109;-33.92925;-230.3433;-2093.91
29139;-32.32059;-225.4074;-2096.415
29179;-30.99092;-223.1671;-2098.421
29209;-27.02412;-216.3324;-2101.741
29229;-23.47199;-212.1389;-2103.658
29279;-17.25471;-203.913;-2106.202
29299;-15.40447;-201.4691;-2107.269
29339;-13.30864;-199.7722;-2107.679
29379;-11.41658;-198.2795;-2108.176
29389;-9.029827;-191.2568;-2109.914
29449;-6.637422;-180.866;-2113.828
29459;-6.373365;-179.4384;-2114.298
29519;-6.192529;-178.0736;-2114.802
29529;-5.831582;-177.1186;-2115.265
29569;-5.691645;-177.0957;-2115.26
29599;-5.646814;-176.9822;-2115.292
29639;-5.704593;-177.1421;-2115.141
29669;-5.945799;-188.1414;-2111.93
29719;-5.955171;-188.0724;-2111.911
29729;-6.235605;-188.1507;-2111.821
29769;-7.599197;-192.3771;-2110.494
29799;-8.830359;-194.7742;-2108.977
29839;-12.3754;-203.3221;-2104.979
29869;-14.36456;-208.6279;-2101.812
29889;-16.56094;-213.4712;-2099.761
29939;-18.92407;-217.8825;-2096.729
29969;-24.4792;-223.5868;-2094.467
29999;-24.85046;-227.4417;-2091.772
30039;-25.45388;-229.8808;-2090.839
30069;-24.49789;-231.8538;-2089.328
30089;-24.32265;-232.73;-2089.113
30139;-23.40654;-234.3287;-2088.625
30169;-23.10133;-235.7407;-2088.551
30199;-22.86865;-237.3253;-2088.599
30229;-22.04615;-238.7857;-2088.507
30269;-21.44182;-239.7486;-2088.526
30289;-21.19342;-240.2962;-2088.426
30339;-20.65412;-240.9286;-2088.096
30369;-20.56667;-241.0709;-2088.078
30409;-20.55866;-241.0744;-2088.065
30439;-20.43746;-241.2688;-2087.986
30479;-20.48888;-241.6491;-2087.946
30509;-20.59511;-241.7629;-2088.074
30529;-22.03277;-242.0011;-2088.722
30579;-23.52433;-242.1332;-2089.74
30599;-24.80812;-242.4316;-2090.128
30629;-26.69783;-242.5816;-2090.503
30679;-28.60409;-242.5484;-2090.572
30699;-30.5661;-242.2601;-2090.843
30729;-32.67948;-241.5903;-2091.222
30779;-34.93913;-240.6936;-2091.728
30799;-35.79128;-239.4234;-2091.852
30829;-37.61701;-236.8969;-2092.596
30879;-37.46521;-234.3711;-2093.033
30891;-37.06724;-232.0591;-2093.667
30931;-34.62806;-228.8328;-2093.721
30981;-32.18304;-221.8894;-2095.355
30991;-28.8743;-213.8281;-2098.34
31031;-26.30108;-211.658;-2098.861
31061;-21.07508;-206.6574;-2099.571
31101;-15.78474;-201.0277;-2100.476
31131;-12.78304;-196.6049;-2100.885
31161;-10.14802;-194.487;-2101.294
31201;-7.253318;-182.992;-2104.941
31231;-7.296047;-181.7983;-2105.33
31271;-6.345843;-180.3201;-2105.76
31301;-4.401213;-170.9097;-2108.369
31331;-1.834604;-166.0379;-2109.295
31371;-1.831229;-166.0124;-2109.3
31401;-1.691357;-168.9111;-2108.422
31431;-0.9545968;-167.856;-2108.871
31471;-1.570183;-170.833;-2107.627
31501;-2.87081;-175.5943;-2105.159
31531;-4.730753;-186.6152;-2100.047
31571;-5.612817;-189.2702;-2098.721
31601;-7.370286;-192.4882;-2096.806
31631;-12.71062;-199.8634;-2092.534
31671;-16.08838;-205.5493;-2089.309
31701;-18.88054;-210.933;-2086.309
31731;-21.79563;-215.5696;-2084.185
31771;-22.98494;-219.8223;-2081.817
31801;-23.77193;-223.4831;-2079.807
31831;-25.51126;-226.5165;-2078.788
31871;-25.4477;-228.7847;-2077.693
31901;-25.89236;-230.8989;-2077.638
31951;-26.04063;-232.4886;-2077.721
31971;-26.08082;-234.5874;-2078.14
32001;-25.73441;-237.0945;-2078.012
32031;-25.34816;-237.4938;-2078.058
32071;-24.44167;-238.345;-2077.939
32101;-23.85897;-239.0515;-2077.971
32131;-23.60427;-239.2344;-2078.217
32171;-23.48138;-239.6063;-2078.365
32221;-24.09658;-240.8337;-2078.705
32231;-25.88152;-242.0626;-2079.054
32271;-27.52307;-242.279;-2079.965
32301;-28.51296;-242.0662;-2080.45
32331;-31.17593;-241.2426;-2081.575
32371;-33.73828;-240.3455;-2082.78
32401;-34.46358;-239.6957;-2083.048
32431;-35.75611;-239.1977;-2083.654
32471;-36.20936;-238.1922;-2084.114
32501;-37.2566;-236.2078;-2085.261
32531;-39.99901;-232.7545;-2087.594
32571;-40.83532;-230.8503;-2089.072
32601;-40.19832;-226.9931;-2091.219
32631;-39.21121;-223.8362;-2093.125
32671;-36.38148;-219.0751;-2095.778
32701;-32.32509;-213.1697;-2098.236
32731;-29.54571;-209.7726;-2099.956
32771;-27.44867;-204.9477;-2103.545
32801;-24.00813;-202.3751;-2104.38
32831;-18.36082;-193.1244;-2108.078
32871;-15.67495;-193.9894;-2107.932
32901;-11.47127;-188.1815;-2109.637
32931;-9.891415;-187.3616;-2110.24
32971;-9.47709;-187.1649;-2110.326
33021;-8.144142;-183.531;-2112.008
33051;-7.833785;-183.4554;-2112.126
33061;-7.270017;-183.4378;-2112.211
33101;-6.183637;-182.2597;-2112.835
33131;-5.868568;-183.4127;-2112.479
33171;-5.31208;-184.6388;-2112.528
33221;-5.951341;-185.3578;-2112.373
33231;-7.044021;-188.3657;-2111.087
33271;-9.276773;-192.5958;-2109.384
33301;-11.99498;-197.6186;-2107.513
33331;-16.20796;-204.5616;-2104.41
33371;-19.70408;-209.6661;-2102.068
33401;-22.35435;-214.4604;-2099.918
33431;-24.23599;-219.1004;-2097.431
33471;-25.28742;-222.7017;-2094.959
33501;-25.67497;-225.1285;-2093.14
33531;-27.68112;-229.8899;-2091.843
33571;-28.62042;-232.3943;-2091.552
33601;-28.07975;-233.7624;-2091.222
33631;-27.76971;-236.9946;-2090.964
33671;-26.15342;-238.9605;-2090.51
33701;-25.45782;-239.5791;-2090.406
33731;-24.32511;-240.5727;-2090.44
33771;-22.9834;-240.7556;-2090.726
33811;-22.53626;-240.8923;-2090.944
33831;-22.31272;-240.9553;-2091.109
33871;-22.35266;-241.0666;-2091.153
33901;-23.11088;-241.4673;-2091.533
33931;-23.90752;-241.5967;-2091.893
33971;-24.91211;-240.8595;-2092.396
34021;-26.12766;-240.5584;-2092.706
34031;-27.0585;-240.3804;-2092.916
34071;-28.87048;-239.6848;-2093.341
34101;-30.82233;-238.9313;-2094.13
34131;-33.47913;-237.696;-2095.139
34171;-34.59232;-236.1295;-2095.708
34201;-35.17888;-233.8379;-2096.42
34231;-35.90016;-230.5387;-2098.04
34271;-35.57846;-227.7281;-2098.862
34301;-33.87621;-224.5531;-2099.822
34331;-32.74961;-218.542;-2102.205
34371;-25.71634;-208.5671;-2105.618
34401;-22.20515;-205.2037;-2106.79
34431;-20.28975;-204.362;-2107.15
34471;-16.83921;-199.2033;-2109.198
34501;-13.87478;-197.5356;-2109.925
34531;-7.776582;-189.2121;-2113.348
34571;-1.433774;-169.8552;-2121.626
34601;-1.356655;-149.6797;-2133.427
34631;-1.127317;-149.8407;-2132.984
34671;-1.354031;-151.2752;-2132.109
34701;-1.421978;-151.2084;-2131.856
34731;-3.525635;-142.2725;-2135.722
34771;-2.336776;-149.8619;-2130.196
34801;5.585228;-165.6454;-2126.37
34831;0.4493385;-176.0636;-2120.474
34871;-1.436817;-184.2297;-2116.212
34901;-4.123697;-189.1152;-2113.589
34931;-8.247495;-198.3044;-2109.381
34971;-11.52285;-202.1315;-2107.171
35001;-14.52781;-207.7885;-2103.76
35051;-17.25901;-213.9351;-2100.089
35071;-19.85669;-216.5104;-2098.107
35101;-22.11878;-221.1361;-2096.218
35131;-22.91674;-224.6138;-2094.755
35171;-24.76585;-228.262;-2093.284
35201;-24.83818;-231.2622;-2091.853
35231;-24.51685;-233.2753;-2090.621
35271;-23.95032;-234.4328;-2090.057
35301;-23.95948;-237.0031;-2089.659
35331;-23.60298;-238.9935;-2089.585
35371;-23.24757;-241.8338;-2089.347
35401;-22.21829;-242.315;-2089.604
35431;-22.02581;-242.4009;-2089.704
35471;-21.90385;-242.4736;-2089.779
35501;-22.11296;-242.7592;-2089.919
35531;-24.68027;-243.6426;-2090.784
35571;-25.40349;-243.7406;-2091.191
35601;-26.02107;-244.0236;-2091.587
35633;-26.75302;-244.0343;-2091.916
35663;-29.43239;-243.4579;-2093.348
35703;-30.26033;-242.7836;-2094.101
35733;-31.41138;-241.6975;-2094.856
35763;-33.18405;-240.4698;-2095.999
35803;-34.47897;-238.0713;-2097.254
35833;-36.40279;-235.0976;-2099.306
35863;-36.11661;-230.9419;-2101.148
35903;-35.26832;-229.2167;-2102.099
35935;-32.72361;-226.1932;-2103.294
35965;-29.33844;-220.4045;-2105.204
35995;-24.19652;-213.5929;-2107.298
36035;-21.52111;-211.7688;-2108.153
36065;-17.27725;-206.5887;-2109.423
36115;-14.47456;-203.4375;-2110.266
36135;-10.84357;-196.1332;-2113.363
36165;-6.147851;-185.9219;-2118.256
36215;-3.633353;-178.7492;-2121.001
36235;-1.337948;-175.6761;-2122.269
36265;-0.7625116;-175.453;-2122.229
36295;-0.2370408;-175.5152;-2122.136
36335;-1.260503;-174.1489;-2121.734
36365;-1.356358;-174.2652;-2121.539
36395;-3.37161;-179.8938;-2118.068
36445;-3.718879;-183.7085;-2115.666
36465;-4.988421;-186.8845;-2113.728
36495;-8.814875;-197.6714;-2108.62
36535;-12.12387;-202.2934;-2105.414
36565;-16.32067;-208.2676;-2101.519
36595;-23.17225;-218.4107;-2096.796
36625;-24.86252;-224.4677;-2092.857
36665;-25.47525;-227.0943;-2090.53
36695;-26.2454;-229.3602;-2088.714
36745;-27.07477;-232.3508;-2086.973
36765;-27.16004;-234.6189;-2085.862
36815;-26.19235;-236.0093;-2084.819
36845;-26.06771;-238.523;-2084.382
36865;-25.73463;-239.7408;-2084.26
36915;-24.97468;-240.2849;-2084.238
36945;-23.65724;-240.8645;-2084.1
36975;-21.99938;-241.195;-2084.35
36995;-20.69108;-241.7002;-2084.442
37045;-19.79765;-242.2074;-2084.474
37065;-19.85338;-242.4327;-2084.442
37095;-20.19637;-242.8105;-2084.441
37145;-20.47703;-242.8564;-2084.39
37175;-21.46074;-243.0627;-2084.391
37195;-22.42697;-242.9116;-2084.323
37245;-24.73633;-242.1361;-2084.653
37275;-26.97536;-242.5572;-2085.124
37305;-28.96475;-241.3321;-2085.95
37345;-29.85027;-240.4509;-2086.337
37375;-30.36281;-239.5302;-2086.791
37395;-30.64613;-236.2574;-2088.126
37445;-30.58253;-232.9709;-2088.919
37465;-29.4034;-229.0109;-2090.136
37495;-27.7844;-224.9007;-2091.556
37545;-24.13048;-215.3406;-2094.615
37565;-20.54074;-209.7782;-2096.168
37615;-16.17279;-203.5557;-2098.145
37645;-8.584091;-191.1256;-2102.743
37665;-6.988739;-187.4218;-2104.036
37695;-5.526727;-183.9191;-2105.158
37725;-3.798331;-179.8177;-2107.707
37765;-0.7030035;-161.1254;-2115.153
37795;1.654034;-161.1329;-2114.92
37845;8.433198;-154.8202;-2117.261
37875;8.502389;-154.5787;-2117.203
37895;16.5743;-126.1788;-2133.985
37925;16.31556;-126.3569;-2133.88
37965;10.20507;-160.9955;-2118.978
37995;2.664248;-166.0981;-2113.927
38045;-0.9522076;-184.955;-2103.046
38075;-3.249562;-189.0844;-2100.405
38105;-6.901488;-197.3109;-2096.336
38145;-8.809461;-200.2349;-2094.413
38165;-11.71684;-206.5223;-2090.328
38195;-14.11117;-211.35;-2087.243
38245;-15.51584;-217.164;-2083.787
38265;-16.36771;-221.627;-2080.985
38295;-16.3626;-224.7583;-2078.655
38345;-15.95031;-227.7558;-2076.956
38365;-14.58763;-230.2767;-2075.489
38395;-12.82026;-233.6402;-2074.29
38435;-11.20734;-236.4893;-2073.505
38475;-9.3846;-238.9523;-2073.043
38505;-7.193246;-241.4851;-2073.198
38545;-4.569416;-242.8011;-2073.974
38575;-2.705425;-243.1132;-2074.978
38595;-1.769439;-243.2751;-2075.601
38645;-1.036443;-243.7057;-2076.136
38675;-0.493806;-243.8505;-2076.366
38695;-0.2421935;-243.8752;-2076.566
38745;-0.2573208;-243.688;-2076.734
38775;-0.1893639;-243.4155;-2076.867
38805;-0.1688378;-243.3732;-2076.934
38845;-0.09701147;-243.4261;-2077.081
38865;0.03886659;-243.5139;-2077.312
38905;0.3219973;-243.3253;-2077.651
38935;1.27235;-243.0793;-2077.838
38975;2.631592;-242.8353;-2078.041
38995;5.593322;-242.5103;-2078.318
39045;8.113613;-242.6679;-2078.409
39085;11.21643;-243.2322;-2078.471
39105;14.12481;-243.6684;-2078.711
39135;16.19417;-243.9769;-2079.228
39175;17.50613;-244.2432;-2079.709
39195;19.05772;-244.0945;-2080.313
39235;19.55741;-243.7044;-2080.651
39275;19.89281;-243.174;-2080.899
39305;19.59945;-242.619;-2080.919
39335;18.64792;-241.9564;-2080.547
39365;14.14772;-240.6657;-2079.15
39405;-0.194503;-237.8668;-2078.369
39425;-11.58525;-237.0912;-2075.986
39475;-22.61071;-236.3613;-2071.884
39505;-41.34275;-238.0472;-2066.168
39535;-57.27696;-236.3322;-2061.726
39575;-73.73685;-237.1633;-2057.274
39595;-97.8419;-233.0903;-2056.151
39636;-114.84;-229.5067;-2054.803
39676;-134.015;-225.1934;-2052.472
39696;-151.7169;-222.3225;-2051.714
39736;-169.2537;-218.9675;-2051.617
39776;-185.0421;-214.8707;-2050.137
39796;-201.0612;-210.5659;-2049.469
39836;-217.9436;-205.4858;-2048.644
39876;-235.0803;-200.0093;-2048.347
39906;-249.977;-197.8782;-2046.721
