
1;-733.306;-263.3634;-2407.623
30;-734.7623;-262.2014;-2404.695
79;-738.7249;-264.8662;-2402.931
161;-738.6977;-267.5818;-2401.77
177;-738.3348;-267.4811;-2400.771
230;-739.2217;-270.4632;-2400.768
263;-735.8353;-270.4594;-2400.272
297;-735.4418;-271.1267;-2399.733
330;-735.1299;-272.9206;-2398.905
364;-735.6037;-274.2857;-2396.801
398;-737.413;-273.3972;-2394.531
449;-737.5681;-273.5068;-2393.844
467;-734.7348;-275.992;-2390.362
501;-729.4126;-282.7058;-2386.735
534;-710.3506;-297.5907;-2388.013
554;-710.0131;-300.2888;-2389.131
601;-701.6231;-308.4951;-2387.671
636;-690.8807;-310.5642;-2382.988
669;-682.706;-316.4839;-2378.908
703;-669.4135;-328.5204;-2372.29
736;-658.6649;-336.9539;-2371.211
770;-642.6196;-344.9136;-2369.887
804;-635.19;-348.6445;-2370.565
915;-617.6593;-351.8609;-2370.65
967;-587.0344;-355.3402;-2360.565
993;-551.6734;-351.3315;-2360.068
1026;-542.1437;-349.7846;-2362.631
1060;-527.8524;-348.4579;-2364.71
1094;-504.4791;-350.1984;-2362.986
1128;-494.121;-351.4288;-2358.89
1161;-487.0121;-350.5907;-2356.346
1199;-477.318;-348.8223;-2350.752
1216;-468.3069;-346.6017;-2347.623
1249;-460.9376;-344.529;-2343.315
1301;-451.5895;-340.2016;-2339.276
1320;-446.9624;-338.9765;-2335.729
1354;-438.3482;-336.1126;-2329.165
1404;-426.5179;-332.9281;-2318.023
1438;-420.4955;-331.7899;-2310.612
1455;-414.0056;-331.4931;-2300.379
1488;-407.9338;-328.7896;-2284.233
1539;-399.7957;-327.3089;-2262.156
1556;-390.4254;-327.3413;-2243.523
1589;-381.2669;-325.8384;-2220.169
1623;-368.1337;-322.9567;-2196.665
1674;-361.7975;-319.2763;-2172.247
1690;-360.0849;-316.8057;-2143.991
1724;-350.7307;-311.7296;-2119.367
1758;-346.3998;-305.4147;-2091.958
1808;-350.9217;-299.4826;-2064.793
1825;-345.2678;-294.0452;-2044.371
1859;-339.9247;-288.687;-2019.0
1909;-341.6233;-283.9689;-1995.255
1944;-343.4239;-278.1889;-1975.32
1977;-340.9904;-273.9876;-1954.159
2046;-337.212;-269.3343;-1934.913
2083;-333.3391;-260.5427;-1882.458
2105;-334.1369;-261.8397;-1891.902
2129;-333.6545;-251.0391;-1841.045
2163;-331.5515;-250.3855;-1831.374
2197;-328.5174;-248.3377;-1803.964
2231;-324.3902;-245.2922;-1781.227
2264;-321.8889;-241.2953;-1754.117
2298;-316.495;-237.3742;-1726.042
2332;-314.3459;-230.3712;-1696.66
2365;-318.7413;-222.6381;-1670.067
2399;-319.5457;-214.0516;-1643.927
2433;-320.7851;-207.6396;-1622.467
2466;-322.5287;-201.5885;-1602.694
2500;-324.6709;-198.0241;-1587.107
2534;-325.3176;-192.0535;-1565.972
2568;-327.1892;-188.0998;-1548.259
2601;-331.7067;-184.3038;-1533.241
2635;-335.441;-178.019;-1512.991
2669;-339.0452;-173.1369;-1495.29
2702;-342.2912;-169.4049;-1474.442
2736;-344.8458;-168.2521;-1461.254
2754;-354.2092;-162.9879;-1436.38
2787;-361.6311;-164.0765;-1418.596
2820;-370.2924;-156.8002;-1389.543
2856;-377.0716;-161.5965;-1374.168
2904;-392.3123;-155.1107;-1338.131
2921;-401.6594;-153.1151;-1327.674
2955;-415.0682;-161.1236;-1282.822
2995;-426.324;-157.9554;-1242.132
3029;-441.7067;-152.2916;-1223.233
3062;-462.3161;-133.7454;-1180.291
3096;-472.0428;-120.6613;-1165.926
3130;-479.174;-107.2951;-1149.638
3165;-479.3295;-97.08112;-1114.269
3199;-473.8626;-89.78004;-1103.258
3233;-475.1378;-84.26227;-1097.676
3266;-510.4156;-39.61939;-1098.725
3300;-572.4248;70.04593;-1130.818
3334;-528.7177;123.9161;-1278.128
3368;-538.1686;202.8286;-1243.468
3401;-557.3938;135.1536;-1092.165
3435;-566.955;59.15443;-1258.782
3455;-577.4927;77.66696;-1124.37
3485;-727.0296;175.4192;-1320.698
3535;-294.6406;41.06037;-630.561
3552;-294.6406;41.06037;-630.561
3589;-294.6406;41.06037;-630.561
3620;-294.6406;41.06037;-630.561
3653;-294.6406;41.06037;-630.561
3704;-294.6406;41.06037;-630.561
3721;-294.6406;41.06037;-630.561
10592;-521.7323;-155.5043;-1363.138
10642;-520.9969;-155.4724;-1363.663
10676;-502.6637;-211.5259;-1368.464
10697;-503.7696;-161.0804;-1375.848
10731;-502.6243;-161.8564;-1383.347
10752;-496.4638;-161.692;-1385.274
10806;-485.3706;-160.7229;-1393.72
10822;-475.5925;-161.8408;-1392.473
10856;-463.514;-172.6335;-1386.114
10890;-475.3449;-155.038;-1390.718
10923;-454.9433;-106.6515;-1380.942
10957;-437.2011;-110.65;-1413.152
11007;-430.0172;-104.9357;-1413.383
11041;-420.2763;-110.2023;-1415.972
11058;-406.8768;-113.6378;-1417.688
11092;-391.5007;-115.3237;-1418.298
11126;-378.3349;-113.9346;-1414.245
11159;-365.1938;-112.7151;-1411.649
11193;-352.3846;-103.4083;-1417.834
11227;-340.5263;-98.35362;-1421.195
11277;-330.4564;-96.43825;-1421.933
11294;-319.5647;-96.53697;-1422.497
11328;-308.1559;-96.12135;-1420.672
11379;-299.9049;-95.54037;-1421.378
11447;-277.298;-106.25;-1402.321
11464;-277.3083;-106.3366;-1402.519
11488;-273.9601;-105.6786;-1402.472
11504;-266.2882;-101.631;-1404.142
11560;-264.4448;-101.7517;-1403.075
11577;-261.2933;-102.2266;-1402.619
11597;-254.964;-102.9908;-1405.612
11632;-248.922;-105.0021;-1408.441
11664;-243.0223;-105.8553;-1413.184
11716;-235.9326;-105.4983;-1420.902
11732;-230.2575;-104.5071;-1426.312
11765;-223.8006;-106.5177;-1434.459
11817;-216.7551;-109.7312;-1445.619
11835;-209.678;-112.6684;-1458.711
11862;-199.8499;-113.7791;-1474.933
11913;-195.0607;-114.5808;-1481.746
11947;-189.2072;-115.4333;-1494.112
11963;-184.7655;-116.5069;-1504.997
11993;-179.048;-115.8793;-1521.036
12039;-176.0622;-116.5768;-1530.32
12067;-172.0053;-117.4327;-1539.827
12118;-168.2757;-117.6553;-1550.041
12134;-165.4419;-118.3394;-1557.576
12169;-161.1389;-120.447;-1566.977
12236;-157.3629;-121.7954;-1579.986
12274;-156.8657;-122.3611;-1585.258
12298;-157.3435;-122.9398;-1589.661
12349;-157.2741;-123.9121;-1593.913
12365;-157.51;-124.8403;-1597.717
12416;-157.8048;-125.8997;-1602.764
12451;-159.2569;-126.6709;-1606.439
12503;-161.514;-127.0527;-1609.284
12520;-165.957;-129.5328;-1613.139
12539;-169.9359;-130.765;-1617.624
12574;-174.7813;-130.7744;-1622.383
12601;-180.0114;-131.1868;-1626.775
12651;-186.5041;-131.4548;-1631.11
12685;-192.3808;-131.8385;-1634.487
12706;-197.5661;-132.3763;-1637.82
12757;-200.2009;-134.0804;-1640.872
12774;-204.5987;-135.4532;-1645.24
12802;-207.0987;-136.9877;-1650.763
12840;-210.2795;-138.4947;-1657.161
12871;-214.3798;-139.7961;-1664.138
12921;-215.7886;-142.8752;-1670.389
12937;-218.4497;-154.1298;-1677.808
12971;-218.1761;-158.4939;-1682.234
13005;-217.2;-161.5772;-1687.363
13073;-214.1256;-166.5814;-1694.088
13093;-208.8497;-170.5976;-1701.694
13119;-203.2769;-173.3139;-1710.584
13135;-196.4101;-175.2547;-1719.502
13169;-188.4992;-176.4584;-1727.425
13205;-180.5699;-178.5952;-1734.603
13254;-172.5181;-183.3061;-1746.005
13337;-160.5847;-183.9203;-1758.478
13728;-155.4654;-184.3358;-1760.946
13777;-141.9174;-189.7987;-1780.42
13798;-149.4797;-192.7072;-1799.441
13849;-150.4198;-192.8905;-1801.658
13867;-152.8889;-194.0181;-1805.513
13910;-154.8582;-195.6303;-1808.81
14100;-174.4806;-202.8705;-1847.673
14143;-184.9142;-206.2068;-1871.577
14172;-185.8663;-206.3289;-1875.109
14189;-186.3576;-207.9119;-1875.743
14227;-186.5408;-209.144;-1877.139
14271;-186.0966;-210.9766;-1886.886
14305;-185.1588;-212.2776;-1892.508
14339;-184.0298;-213.205;-1895.623
14372;-183.2781;-214.9318;-1900.275
14393;-180.9483;-216.1624;-1904.925
14425;-176.6429;-217.3944;-1909.619
14459;-173.3875;-217.9461;-1913.448
14502;-168.6036;-218.958;-1921.278
14535;-163.1375;-219.8577;-1928.405
14569;-154.7101;-218.4008;-1934.551
14603;-149.0719;-219.0921;-1939.529
14679;-135.0701;-222.8111;-1958.626
14704;-129.1607;-225.5462;-1974.628
14726;-121.8695;-228.7206;-1963.628
14763;-119.3318;-231.0734;-1966.025
14798;-115.5624;-233.469;-1968.399
14832;-111.6545;-236.9985;-1979.967
14866;-101.0316;-245.6683;-1981.74
14899;-99.51096;-247.5445;-1987.874
14933;-96.07351;-251.0691;-1997.97
14985;-96.60719;-250.4979;-2009.593
15001;-95.19914;-252.9153;-2015.402
15035;-95.59779;-251.8671;-2023.925
15069;-96.26765;-251.5359;-2031.245
15108;-95.40005;-252.9243;-2033.612
15125;-95.5937;-255.3673;-2033.056
15159;-98.45448;-256.6393;-2042.847
15192;-99.23016;-260.4757;-2056.617
15243;-100.3576;-271.1528;-2070.837
15277;-103.748;-268.1852;-2080.03
15327;-104.3722;-272.8253;-2083.28
15345;-116.8013;-269.5018;-2103.377
15389;-122.7339;-268.7345;-2119.625
15402;-128.7229;-269.714;-2131.433
15426;-131.6565;-273.1001;-2135.25
15477;-136.3698;-272.4963;-2140.946
15502;-142.5617;-273.057;-2150.375
15535;-150.1155;-273.8253;-2168.659
15569;-154.442;-272.4423;-2178.027
15651;-156.9851;-272.8508;-2182.86
15707;-160.0789;-273.1534;-2189.455
15790;-164.5131;-272.9422;-2202.16
15835;-166.6547;-273.3554;-2208.823
15852;-167.3931;-275.8645;-2209.13
15872;-172.1719;-274.9875;-2232.435
15890;-171.7817;-276.7714;-2231.445
15923;-171.2816;-277.4337;-2231.204
15974;-170.1268;-277.21;-2233.773
16008;-168.2581;-278.2153;-2232.901
16041;-165.7282;-279.6853;-2233.688
16076;-158.8724;-277.5049;-2246.602
16106;-154.5017;-277.9767;-2251.259
16156;-149.0119;-281.2545;-2248.821
16175;-143.8366;-281.4822;-2260.598
16224;-137.5801;-286.308;-2256.371
16242;-135.6089;-287.2319;-2257.976
16261;-131.209;-284.7342;-2272.529
16301;-130.4865;-285.4838;-2272.515
16353;-129.0537;-287.2075;-2272.513
16364;-127.9394;-288.9413;-2274.069
16415;-127.395;-289.7166;-2275.754
16431;-126.5243;-290.5596;-2277.947
16465;-125.4932;-291.8377;-2280.772
16499;-124.9985;-292.6441;-2283.787
16576;-124.459;-293.4697;-2291.736
16601;-127.0072;-294.4447;-2298.978
16635;-133.4807;-289.0995;-2329.131
16668;-134.708;-290.0227;-2334.107
16702;-139.4726;-290.9205;-2342.813
16736;-144.6213;-291.3138;-2352.201
16753;-146.123;-295.8686;-2350.031
16787;-151.0069;-298.0498;-2360.656
16858;-154.731;-309.1933;-2342.63
16876;-165.5779;-302.0908;-2399.428
16909;-167.4348;-300.7808;-2402.847
16943;-168.5151;-301.5654;-2410.52
16960;-169.6443;-305.8602;-2411.644
16994;-170.1851;-309.2346;-2413.935
17029;-170.7385;-311.0629;-2416.176
17061;-170.8422;-313.1852;-2419.976
17112;-171.0157;-314.7356;-2424.617
17128;-172.2847;-317.6456;-2428.992
17167;-172.7197;-317.6043;-2431.07
17201;-173.143;-318.1814;-2432.989
17235;-173.5583;-318.8743;-2434.863
17268;-172.8967;-320.3341;-2436.719
17302;-168.9595;-317.2292;-2457.788
17320;-169.7029;-316.5273;-2462.468
17370;-169.3785;-316.6206;-2469.354
17403;-166.1571;-323.4817;-2463.24
17463;-163.9973;-323.4362;-2462.263
17480;-161.8634;-323.9388;-2463.865
17499;-155.905;-324.9771;-2465.175
17532;-152.9111;-326.2315;-2466.898
17566;-147.1999;-328.1299;-2470.223
17630;-143.6971;-329.2256;-2473.872
17651;-138.9305;-329.0803;-2476.776
17675;-134.4333;-329.3749;-2479.881
17695;-129.6639;-329.659;-2483.084
17728;-124.1863;-330.7635;-2489.335
17779;-120.2134;-331.4931;-2494.254
17796;-116.4958;-331.3201;-2500.335
17829;-113.1216;-331.3696;-2505.127
17880;-111.3413;-330.8594;-2509.658
17914;-108.913;-330.6271;-2513.422
17947;-106.7865;-330.8469;-2517.872
17981;-112.2224;-339.815;-2536.382
17998;-113.1666;-348.482;-2540.761
18032;-114.6622;-353.3436;-2542.225
18065;-117.2073;-358.1541;-2545.851
18099;-118.6492;-359.862;-2547.975
18133;-120.3044;-362.8349;-2550.493
18166;-125.4366;-365.3775;-2559.328
18200;-126.804;-365.5147;-2561.468
18251;-125.6841;-375.3207;-2563.983
18269;-126.2369;-380.2328;-2566.08
18293;-128.7193;-385.5419;-2572.164
18337;-129.3543;-387.2242;-2574.628
18371;-132.1207;-388.8375;-2578.42
18388;-133.0223;-389.0691;-2581.222
18438;-135.3238;-389.2142;-2584.514
18455;-136.9937;-389.1644;-2586.686
18507;-137.6494;-388.9769;-2588.522
18541;-137.9592;-389.1523;-2588.892
18575;-139.7003;-388.7409;-2590.545
18591;-140.824;-389.5144;-2591.804
18630;-142.2483;-390.1407;-2592.51
18663;-142.6262;-389.9322;-2592.73
18707;-142.7596;-389.8601;-2592.817
18723;-142.7461;-389.8582;-2592.86
18758;-142.5434;-389.3461;-2592.887
18791;-142.5483;-389.2888;-2592.894
18825;-141.7707;-389.6294;-2592.536
18875;-141.1189;-389.7583;-2592.189
18892;-139.7014;-389.8691;-2591.608
18926;-138.5389;-390.0577;-2591.374
18959;-137.3078;-390.3141;-2590.698
18993;-133.7183;-390.2226;-2587.389
19027;-132.2924;-390.1661;-2586.287
19061;-130.9685;-389.9801;-2586.318
19094;-128.4034;-389.1638;-2583.68
19128;-118.7704;-388.4586;-2577.831
19178;-116.1174;-387.4968;-2576.003
19195;-113.0681;-387.4668;-2576.123
19254;-111.8063;-388.2957;-2575.735
19273;-110.5779;-388.8152;-2575.495
19290;-106.7069;-388.8842;-2573.988
19324;-95.87684;-390.9364;-2572.837
19383;-94.87447;-390.8018;-2571.922
19400;-93.69109;-390.6893;-2571.159
19417;-93.05604;-391.3032;-2571.105
19468;-92.84886;-391.6999;-2571.238
19502;-92.98005;-391.6636;-2571.294
19536;-93.88026;-391.9004;-2572.152
19576;-95.90868;-393.6263;-2574.28
19592;-96.04179;-393.6837;-2574.299
19626;-97.02791;-394.2078;-2574.651
19660;-97.89922;-394.2674;-2573.477
19711;-100.516;-395.6048;-2573.576
19727;-103.0692;-396.2547;-2573.833
19790;-104.031;-397.2214;-2572.561
19805;-111.4637;-401.2629;-2573.39
19824;-120.6391;-404.5128;-2577.59
19874;-126.4922;-404.4879;-2578.707
19891;-131.8097;-404.3437;-2579.411
19943;-135.0368;-404.3697;-2578.751
19995;-141.9506;-404.2764;-2580.29
20020;-145.9722;-403.3964;-2579.642
20055;-152.4516;-401.5531;-2579.492
20079;-156.2486;-400.8776;-2578.161
20096;-159.5469;-400.8379;-2578.122
20129;-172.3854;-398.9788;-2583.626
20163;-179.7679;-400.0862;-2586.414
20196;-182.1569;-401.3226;-2586.857
20231;-183.9878;-401.5287;-2587.149
20264;-189.0531;-402.7082;-2589.159
20310;-191.2977;-402.6038;-2590.155
20327;-193.6216;-402.7487;-2590.606
20360;-195.7027;-402.9698;-2591.051
20394;-199.0627;-404.4294;-2593.988
20428;-199.4828;-404.2914;-2593.33
20461;-199.4899;-404.2689;-2593.343
20495;-202.0341;-403.673;-2595.434
20534;-203.446;-403.4359;-2596.791
20572;-203.2554;-403.5114;-2596.93
20589;-203.2082;-403.4302;-2597.873
20622;-202.9249;-402.9899;-2599.487
20673;-201.779;-402.5326;-2601.02
20690;-200.3251;-404.279;-2602.024
20740;-195.27;-405.1792;-2600.931
20774;-192.5549;-405.6375;-2601.304
20791;-189.5432;-404.8046;-2602.697
20824;-186.7337;-406.7025;-2604.367
20860;-182.1891;-405.3021;-2604.07
20894;-181.2579;-405.0904;-2604.365
20927;-178.9189;-405.7433;-2605.135
20961;-175.4904;-405.8626;-2606.976
20994;-171.1335;-406.8554;-2610.138
21028;-171.1614;-407.1297;-2611.103
21061;-169.8548;-407.7962;-2612.283
21095;-169.2499;-407.3203;-2613.309
21146;-167.966;-408.0381;-2614.614
21163;-166.9867;-407.6984;-2615.073
21213;-166.5937;-406.6371;-2616.921
21230;-166.4271;-406.6552;-2615.816
21264;-165.4899;-407.2116;-2614.967
21345;-165.2641;-407.6452;-2614.574
21373;-167.054;-408.2075;-2612.446
21389;-167.3564;-408.9102;-2612.502
21405;-168.9902;-409.8171;-2610.063
21442;-171.3678;-409.2692;-2605.777
21464;-173.0562;-408.5677;-2603.309
21492;-176.1807;-407.0716;-2599.76
21525;-181.7472;-406.3071;-2597.615
21559;-185.697;-404.5988;-2596.252
21593;-193.039;-404.9828;-2597.492
21643;-213.8494;-400.8334;-2603.946
21660;-218.8399;-398.6692;-2602.89
21694;-220.8292;-398.9788;-2601.291
21728;-221.1993;-399.0276;-2600.63
21778;-222.7976;-400.8003;-2598.296
21795;-224.1701;-402.2595;-2596.432
21829;-229.4049;-403.9778;-2594.054
21863;-231.4164;-404.1088;-2593.642
21995;-238.3057;-405.105;-2590.493
22032;-240.2809;-405.2962;-2589.506
22054;-241.306;-405.1463;-2588.794
22072;-244.0637;-406.3723;-2588.14
22087;-249.855;-407.8126;-2587.834
22156;-250.0708;-408.093;-2586.385
22183;-250.891;-407.7908;-2585.938
22215;-250.808;-407.6548;-2585.752
22231;-249.5555;-408.5817;-2584.783
22265;-253.2934;-409.1023;-2586.305
22304;-245.4936;-410.1972;-2583.334
22333;-244.8216;-408.6633;-2582.384
22368;-241.7494;-406.0328;-2581.706
22401;-241.8471;-404.6546;-2582.356
22435;-240.1001;-402.787;-2582.173
22468;-232.7753;-402.8303;-2582.758
22492;-229.6057;-400.1382;-2582.856
22536;-222.6129;-400.1843;-2580.494
22571;-213.1987;-401.7629;-2578.189
22603;-210.0861;-401.0695;-2576.967
22622;-207.4608;-401.3174;-2577.205
22668;-205.6882;-401.3665;-2579.282
22704;-204.6962;-401.4942;-2579.542
22736;-201.7057;-401.7943;-2579.621
22771;-199.5253;-401.4715;-2579.039
22854;-199.0159;-401.2888;-2579.107
22890;-195.7323;-400.7501;-2580.144
22906;-194.9615;-400.6518;-2580.53
22923;-193.4463;-401.0489;-2581.355
22960;-191.411;-399.5123;-2581.69
23011;-190.8201;-399.1309;-2581.734
23027;-189.9026;-399.0471;-2581.124
23061;-188.812;-398.9578;-2580.214
23095;-188.2029;-398.9241;-2579.749
23128;-181.7695;-398.8629;-2575.066
23193;-181.5963;-398.8337;-2575.043
23209;-175.9264;-399.2901;-2570.601
23243;-180.0103;-398.9238;-2574.276
23276;-183.5448;-399.773;-2576.894
23310;-183.9063;-399.7969;-2577.551
23327;-187.9456;-398.9109;-2579.346
23361;-191.906;-397.6885;-2582.3
23394;-192.2091;-398.3152;-2582.232
23449;-193.2032;-397.5853;-2582.414
23471;-195.461;-398.2386;-2583.938
23505;-196.755;-398.2148;-2583.932
23538;-198.2072;-398.7825;-2584.12
23559;-200.1698;-398.9393;-2584.11
23592;-200.5969;-399.0482;-2584.705
23643;-203.3949;-399.1934;-2586.334
23677;-205.493;-399.7542;-2587.331
23710;-207.5748;-399.493;-2587.771
23730;-208.636;-399.4504;-2587.622
23763;-209.283;-399.6291;-2587.737
23814;-210.7713;-400.3989;-2588.004
23831;-212.8366;-400.7689;-2588.313
23866;-214.6539;-401.3521;-2589.137
23889;-221.2527;-399.7346;-2591.514
23922;-223.5686;-400.2082;-2592.734
23956;-227.8123;-397.3907;-2593.379
23990;-231.894;-395.7824;-2594.861
24040;-233.0367;-395.5373;-2595.904
24074;-233.3623;-395.4459;-2596.74
24094;-235.59;-395.2544;-2598.542
24120;-236.6047;-395.5397;-2599.263
24154;-237.5093;-396.6875;-2599.743
24188;-238.9086;-398.174;-2599.304
24238;-238.9094;-398.1836;-2599.31
24272;-239.3716;-398.1971;-2599.252
24289;-240.7309;-398.7369;-2600.079
24339;-242.2027;-399.5194;-2600.569
24356;-243.1682;-399.6384;-2601.041
24391;-244.9821;-399.5762;-2602.674
24424;-245.1224;-399.6589;-2602.975
24458;-245.0605;-399.738;-2602.927
24492;-246.6945;-400.75;-2604.621
24526;-247.1869;-400.912;-2603.727
24576;-247.5926;-401.2595;-2603.82
24594;-247.9766;-402.521;-2603.188
24628;-249.6675;-403.9808;-2603.381
24662;-250.0536;-402.5724;-2605.047
24695;-250.5847;-401.8555;-2604.961
24729;-251.3346;-400.9961;-2606.546
24763;-252.5738;-399.7395;-2608.641
24796;-250.537;-401.3414;-2609.884
24830;-250.1733;-401.7972;-2609.395
24864;-250.2333;-402.0462;-2609.575
24894;-250.2757;-402.0527;-2609.646
24928;-250.8654;-399.9284;-2613.292
24979;-251.3517;-398.4105;-2615.081
24995;-249.3481;-398.4189;-2615.639
25029;-247.5789;-398.459;-2615.665
25063;-246.8215;-398.7576;-2617.182
25097;-246.304;-398.8807;-2617.663
25131;-246.0815;-398.4598;-2618.4
25165;-244.5988;-398.0263;-2619.46
25198;-242.0806;-397.5672;-2618.544
25232;-239.7726;-399.2529;-2617.77
25266;-238.402;-399.7256;-2619.447
25303;-236.3337;-400.3768;-2620.295
25345;-234.7878;-400.362;-2619.939
25361;-226.9444;-399.0146;-2621.075
25412;-225.2507;-397.7583;-2621.218
25428;-217.7088;-396.8045;-2618.074
25462;-216.3624;-394.7003;-2620.003
25496;-214.6743;-394.7161;-2619.533
25529;-214.499;-395.1861;-2622.885
25563;-214.4366;-396.1754;-2623.905
25597;-207.0994;-402.2019;-2619.979
25631;-199.7877;-403.8813;-2616.772
25664;-198.8513;-404.0721;-2616.675
25698;-198.2782;-405.6774;-2616.47
25739;-196.3302;-407.9948;-2615.294
25765;-194.1372;-408.1964;-2610.194
25799;-194.2922;-408.3001;-2610.063
25833;-194.5233;-408.5326;-2610.076
25866;-195.1554;-409.3909;-2610.083
25903;-195.4069;-410.1647;-2609.515
25921;-196.4446;-410.1271;-2609.52
25970;-199.2264;-409.2491;-2607.965
25988;-200.9644;-402.3741;-2604.169
26021;-203.8245;-398.0288;-2603.336
26054;-210.6399;-397.2109;-2605.468
26088;-211.5044;-397.9073;-2604.984
26122;-211.8066;-399.8694;-2603.254
26172;-212.4527;-400.8208;-2601.821
26190;-213.2803;-400.7618;-2601.157
26223;-214.7095;-400.7854;-2599.336
26258;-215.795;-400.7961;-2598.386
26316;-218.1619;-400.2274;-2597.012
26345;-217.9431;-400.6287;-2595.837
26372;-217.8757;-400.8839;-2592.861
26405;-217.4433;-400.41;-2590.769
26439;-217.3744;-401.1192;-2589.573
26472;-216.0708;-400.2719;-2586.201
26507;-216.2564;-400.3383;-2585.983
26540;-217.658;-400.6029;-2584.773
26573;-216.8764;-400.8991;-2583.872
26607;-217.7642;-400.98;-2582.943
26624;-217.9902;-400.9533;-2582.76
26658;-218.4146;-400.6922;-2583.123
26692;-218.3392;-400.5008;-2582.83
26741;-218.3241;-400.4129;-2582.779
26767;-219.0149;-400.7226;-2582.891
26801;-219.5912;-399.7921;-2583.178
26834;-220.3137;-399.2952;-2583.436
26868;-219.9782;-399.0349;-2582.844
26902;-219.4498;-397.5956;-2583.129
26918;-218.6369;-396.9745;-2582.856
26959;-216.635;-396.2379;-2582.16
27009;-214.3925;-396.5717;-2581.698
27081;-211.6921;-396.8301;-2580.891
27124;-213.1266;-394.8868;-2582.533
27140;-207.9069;-398.1494;-2581.636
27157;-207.4675;-398.0109;-2581.794
27190;-207.0023;-396.7372;-2581.957
27241;-205.0407;-396.3205;-2582.204
27258;-201.2059;-397.0829;-2580.759
27292;-200.827;-396.9515;-2580.333
27326;-199.4218;-397.5635;-2579.691
27360;-199.2125;-397.0754;-2579.7
27410;-198.7336;-397.1297;-2579.239
27427;-198.6141;-397.1704;-2579.169
27477;-198.052;-396.7259;-2578.7
27494;-198.0098;-396.083;-2578.052
27545;-197.1109;-395.2744;-2576.959
27562;-196.3471;-394.8719;-2575.434
27612;-194.3682;-396.2082;-2574.3
27629;-196.1826;-394.7252;-2573.533
27675;-197.3822;-394.2804;-2573.251
27691;-197.8871;-393.9792;-2572.672
27741;-195.2176;-395.3751;-2571.276
27758;-194.1273;-394.9084;-2570.565
27792;-191.5123;-394.5196;-2569.255
27826;-193.5847;-394.4654;-2570.173
27859;-193.1797;-394.4511;-2569.944
27893;-195.1645;-395.9899;-2570.012
27927;-194.8463;-396.253;-2570.136
27960;-194.8812;-396.567;-2569.918
27994;-195.4049;-396.9077;-2569.963
28028;-194.8433;-396.9526;-2568.938
28061;-194.9498;-397.165;-2568.896
28095;-194.7799;-397.8523;-2568.664
28129;-195.2508;-398.1038;-2568.082
28162;-195.3469;-398.1216;-2567.995
28196;-197.5663;-396.9247;-2569.085
28230;-197.8001;-397.1183;-2568.843
28264;-198.6935;-396.7978;-2569.486
28297;-198.8217;-397.541;-2569.441
28331;-198.8475;-397.8955;-2569.441
28365;-197.3735;-401.1445;-2568.368
28399;-196.6553;-401.1996;-2568.169
28433;-195.7691;-401.1285;-2568.111
28466;-195.6797;-401.9534;-2568.088
28501;-195.5329;-402.1409;-2568.16
28526;-195.8407;-402.0529;-2569.64
28559;-195.642;-402.3793;-2570.134
28593;-195.6593;-402.619;-2570.22
28628;-195.8392;-403.2805;-2571.802
28678;-195.7482;-403.671;-2571.979
28695;-194.7929;-403.9603;-2571.811
28729;-195.2933;-403.2998;-2572.599
28779;-194.7392;-402.8009;-2573.505
28796;-194.6112;-404.0122;-2573.666
28829;-194.525;-403.9594;-2573.836
28862;-192.6757;-404.4399;-2570.565
28895;-192.3109;-403.8367;-2570.124
28929;-190.9591;-403.1236;-2569.056
28976;-188.3161;-402.2991;-2565.77
29003;-188.1908;-402.0861;-2565.493
29037;-186.3871;-401.8583;-2562.936
29070;-185.3219;-401.0193;-2560.66
29104;-184.8103;-400.5647;-2559.37
29137;-184.7902;-399.7911;-2558.056
29174;-185.2377;-398.374;-2556.978
29191;-185.9347;-398.1389;-2556.183
29225;-186.3908;-398.1747;-2556.371
29258;-187.3044;-397.1508;-2555.802
29292;-187.2911;-397.1438;-2555.602
29325;-187.6057;-396.5382;-2555.041
29359;-187.841;-396.5105;-2554.929
29410;-187.9156;-396.5553;-2554.875
29426;-188.3382;-396.4315;-2554.786
29477;-188.2864;-396.3756;-2554.745
29511;-188.2875;-396.3141;-2554.649
29529;-188.8608;-395.7339;-2555.06
29563;-188.8237;-395.6675;-2555.031
29596;-189.1469;-395.4895;-2555.3
29630;-189.4304;-394.9416;-2555.642
29664;-189.4229;-394.586;-2555.498
29697;-189.3079;-394.3846;-2555.877
29731;-189.0807;-394.2751;-2556.007
29765;-187.9714;-393.6501;-2556.594
29815;-187.6789;-393.435;-2556.532
29835;-187.5284;-393.1208;-2556.509
29868;-186.042;-391.8461;-2556.885
29890;-185.1962;-391.0222;-2556.719
29935;-184.8123;-390.7835;-2556.567
29969;-184.7091;-390.7507;-2556.528
30002;-184.8297;-390.9191;-2557.018
30019;-185.3085;-391.0363;-2558.111
30070;-185.7151;-391.1025;-2558.605
30104;-187.3957;-390.7895;-2560.134
30137;-190.0336;-388.8492;-2564.255
30154;-194.3819;-386.3979;-2570.138
30205;-198.8358;-384.9335;-2576.883
30238;-202.6442;-384.4786;-2581.14
30272;-204.3467;-384.3947;-2583.344
30293;-206.8628;-382.9752;-2585.883
30339;-208.7832;-382.4626;-2587.324
30373;-211.5456;-381.0858;-2589.811
30391;-213.2177;-380.2224;-2591.845
30428;-216.1755;-379.0781;-2594.26
30462;-217.7723;-379.0619;-2595.982
30512;-219.2719;-377.7378;-2598.908
30532;-221.3602;-375.1767;-2602.125
30566;-222.8695;-373.173;-2604.284
30599;-223.9722;-372.1251;-2606.088
30633;-226.2806;-371.4865;-2608.903
30667;-228.2117;-370.4768;-2611.048
30701;-230.0448;-369.0625;-2614.704
30719;-230.6193;-368.7115;-2615.117
30768;-231.086;-368.5638;-2615.401
30801;-231.4901;-368.7174;-2615.628
30835;-231.8506;-368.75;-2615.796
30869;-231.9053;-368.8821;-2616.127
30902;-232.0653;-368.731;-2616.774
30938;-233.1738;-368.2641;-2617.541
30970;-233.8831;-367.9262;-2617.591
30993;-234.351;-367.6098;-2617.824
31043;-234.8958;-366.9715;-2618.015
31061;-235.7186;-366.4906;-2618.264
31095;-236.0465;-366.2865;-2618.335
31151;-236.9849;-365.5591;-2618.684
31162;-239.7586;-364.5784;-2620.219
31196;-240.0804;-364.2915;-2620.77
31230;-240.4968;-364.441;-2621.24
31263;-240.8502;-364.3722;-2621.625
31314;-243.411;-364.4181;-2622.277
31331;-243.91;-364.7063;-2622.701
31364;-243.8918;-364.7713;-2622.86
31398;-244.5673;-364.3657;-2623.482
31432;-244.5166;-364.3907;-2623.787
31465;-243.951;-365.6179;-2623.252
31516;-243.7951;-367.0086;-2623.756
31536;-242.9134;-369.7122;-2623.096
31553;-242.7964;-371.5841;-2623.673
31620;-243.0344;-372.382;-2623.672
31637;-244.06;-373.9599;-2623.635
31654;-244.1426;-375.9957;-2622.808
31696;-244.0653;-377.9767;-2621.656
31726;-242.8274;-379.7993;-2621.418
31777;-241.6324;-381.6249;-2619.456
31794;-237.584;-385.3812;-2615.322
31827;-235.3111;-387.6219;-2613.057
31861;-233.7066;-388.9561;-2609.303
31895;-230.3844;-389.7847;-2605.423
31937;-226.3347;-391.1902;-2599.939
31971;-224.3408;-391.7487;-2595.461
32005;-223.9295;-392.1961;-2592.739
32038;-222.6935;-392.6114;-2590.217
32055;-219.9976;-392.2889;-2587.146
32089;-217.5413;-392.4006;-2585.167
32122;-217.4868;-392.3817;-2585.0
32156;-214.8462;-392.8919;-2582.837
32207;-214.8409;-392.9061;-2582.752
32224;-214.8248;-394.3445;-2582.373
32258;-215.5369;-394.0266;-2583.209
32292;-215.6236;-394.438;-2583.274
32326;-216.5483;-396.5332;-2583.766
32360;-218.3837;-397.3606;-2587.05
32393;-219.9149;-397.2662;-2589.401
32427;-219.5588;-397.7367;-2589.596
32461;-219.3336;-398.8898;-2588.757
32494;-223.6787;-396.1031;-2590.752
32528;-227.3331;-394.2496;-2590.701
32562;-229.5977;-393.1602;-2593.615
32595;-230.289;-393.1038;-2593.766
32629;-230.9412;-393.0344;-2593.735
32663;-231.6471;-392.8052;-2593.679
32696;-231.6372;-392.5724;-2593.377
32730;-231.5093;-394.5944;-2592.698
32764;-231.5519;-394.5944;-2592.6
32797;-229.3204;-395.3839;-2586.553
32852;-226.0523;-394.8586;-2582.995
32868;-224.0651;-394.2559;-2580.872
32902;-222.3273;-393.4546;-2581.04
32936;-221.2215;-393.0512;-2580.629
32969;-220.441;-393.0569;-2580.154
32987;-219.9428;-389.3611;-2580.852
33037;-214.0691;-389.9255;-2578.27
33054;-212.4048;-389.5144;-2578.207
33104;-211.1746;-389.8961;-2577.94
33121;-210.8731;-390.0107;-2578.305
33172;-211.0682;-387.6862;-2580.844
33189;-211.8754;-386.4976;-2582.872
33222;-213.5656;-386.5391;-2586.487
33256;-216.5866;-386.552;-2590.569
33290;-218.2439;-386.3552;-2594.809
33324;-222.4622;-384.3433;-2602.178
33357;-224.1689;-383.4796;-2604.191
33417;-225.4545;-382.3861;-2605.871
33486;-227.9057;-381.1711;-2606.791
33564;-229.8249;-380.3821;-2607.662
33584;-233.4416;-376.643;-2610.599
33601;-234.2636;-375.3255;-2611.699
33617;-234.4018;-374.6378;-2611.936
33634;-235.0355;-374.2076;-2612.594
33668;-235.3417;-373.4881;-2613.11
33715;-235.6134;-372.8434;-2614.282
33733;-237.8501;-370.6842;-2617.539
33766;-238.8163;-369.1306;-2618.971
33800;-239.83;-368.4848;-2620.112
33834;-241.5327;-367.7536;-2620.966
33868;-242.1182;-366.8871;-2622.235
33901;-242.5246;-367.3617;-2622.869
33935;-242.6358;-367.8509;-2623.454
33969;-242.972;-367.8785;-2623.89
34002;-242.8463;-367.9527;-2624.141
34036;-242.4961;-369.7343;-2623.79
34070;-242.3521;-370.8134;-2623.883
34103;-242.5213;-371.7064;-2623.995
34150;-242.24;-373.0117;-2624.148
34168;-242.4348;-374.1377;-2623.834
34202;-241.9247;-374.8582;-2624.074
34236;-241.6395;-375.6522;-2624.142
34270;-239.9044;-377.5034;-2623.287
34303;-239.6373;-378.3701;-2623.349
34337;-238.5696;-379.855;-2622.808
34371;-237.6797;-380.5166;-2623.552
34404;-237.7386;-380.7748;-2623.502
34438;-236.5113;-382.3723;-2623.07
34455;-233.1185;-385.8656;-2620.923
34492;-233.0071;-386.0403;-2620.972
34624;-224.4404;-393.9857;-2610.309
34678;-221.4446;-396.4578;-2605.741
34695;-221.0224;-396.3996;-2605.676
34711;-220.7906;-397.2545;-2601.736
34745;-221.6784;-396.1006;-2599.925
34762;-221.9502;-395.4563;-2599.242
34795;-222.7253;-394.6917;-2599.403
34829;-223.571;-393.788;-2599.968
34863;-223.3582;-393.7682;-2600.042
34897;-228.0094;-392.3777;-2603.977
34942;-230.5689;-391.3942;-2605.528
35024;-231.5045;-390.9029;-2606.623
35117;-234.5122;-390.0991;-2608.318
35137;-235.8437;-389.6197;-2609.154
35154;-238.5071;-389.649;-2612.254
35177;-241.5606;-389.6865;-2612.316
35200;-242.5716;-389.7456;-2613.066
35234;-242.6213;-389.6042;-2612.786
35268;-242.9812;-389.2707;-2611.604
35302;-238.7469;-390.9072;-2604.172
35335;-238.6954;-391.9963;-2599.892
35369;-237.5351;-392.3951;-2597.486
35403;-237.4652;-392.8381;-2596.15
35421;-237.0889;-392.4183;-2594.151
35471;-236.3027;-393.87;-2591.361
35505;-235.3432;-393.3488;-2588.091
35538;-235.1547;-393.6076;-2587.397
35555;-232.0897;-394.8168;-2585.032
35592;-231.8262;-394.765;-2584.777
35626;-232.0113;-394.7798;-2583.907
35680;-232.003;-394.762;-2583.844
35704;-231.9398;-394.8556;-2583.793
35728;-231.7334;-394.8665;-2583.943
35761;-232.7532;-394.511;-2584.737
35795;-233.5493;-394.4075;-2585.042
35829;-234.2028;-393.6396;-2586.337
35862;-237.118;-390.9633;-2589.192
35896;-240.2377;-389.1356;-2590.589
35947;-241.8136;-387.8298;-2591.726
35963;-242.3885;-386.7071;-2592.188
35997;-243.4331;-385.1215;-2592.424
36034;-243.7783;-383.6942;-2592.282
36054;-244.1677;-382.4993;-2592.537
36115;-244.7264;-381.0229;-2593.384
36132;-244.8763;-380.1638;-2594.273
36166;-244.7138;-379.3625;-2594.523
36200;-244.7634;-377.6828;-2595.923
36233;-244.6954;-377.2926;-2596.347
36267;-244.4403;-376.1715;-2596.731
36301;-244.1803;-375.2655;-2597.466
36334;-243.6363;-374.7293;-2598.085
36368;-243.5006;-374.3418;-2598.442
36401;-243.3185;-373.8416;-2598.634
36435;-242.9952;-373.4048;-2599.323
36471;-242.8635;-373.2449;-2599.481
36504;-242.2135;-373.0929;-2599.876
36522;-241.7917;-373.0696;-2600.778
36572;-241.306;-372.8842;-2601.363
36589;-240.9112;-372.8808;-2602.543
36640;-240.7743;-372.9553;-2605.18
36656;-240.5403;-373.0211;-2605.424
36690;-239.9207;-373.5295;-2606.084
36723;-239.0532;-375.2906;-2606.306
36757;-238.5688;-376.4259;-2606.292
36791;-237.337;-377.4964;-2606.377
36839;-236.1404;-379.377;-2605.128
36856;-235.1063;-381.4065;-2603.128
36906;-234.2476;-382.7594;-2601.929
36923;-232.2854;-384.1322;-2601.286
36957;-230.5814;-384.9786;-2600.24
36991;-228.5225;-386.4879;-2598.329
37041;-224.6724;-389.6765;-2594.562
37058;-222.3111;-391.8883;-2591.683
37091;-221.2709;-392.72;-2589.939
37125;-220.1462;-393.1587;-2588.523
37159;-219.3338;-393.1833;-2587.694
37252;-215.4216;-393.7964;-2583.791
37318;-212.2343;-391.5743;-2581.991
37334;-211.3237;-390.7743;-2580.075
37368;-211.418;-390.8499;-2579.85
37402;-210.7749;-391.3178;-2577.948
37435;-211.3241;-391.8167;-2577.836
37469;-213.3726;-393.0324;-2576.229
37502;-213.4374;-393.328;-2575.956
37536;-212.4416;-395.6978;-2572.735
37570;-212.3616;-396.2238;-2571.299
37587;-212.8457;-396.3906;-2570.679
37637;-212.4228;-397.2127;-2570.362
37654;-212.0573;-397.9019;-2570.302
37705;-211.1425;-399.9093;-2569.009
37722;-210.9893;-399.9493;-2569.033
37772;-210.5048;-399.4504;-2568.921
37791;-210.1724;-398.8807;-2569.19
37825;-209.0756;-397.7721;-2569.439
37861;-208.1384;-395.9423;-2570.37
37895;-208.0652;-394.883;-2570.501
37945;-208.121;-394.1685;-2570.424
37962;-207.825;-393.8754;-2570.564
37997;-207.4632;-394.009;-2571.042
38031;-207.8079;-394.0222;-2571.444
38064;-208.0177;-394.1545;-2573.05
38098;-213.2332;-394.2692;-2577.707
38132;-213.8803;-393.7399;-2579.16
38166;-215.3953;-392.9777;-2582.87
38199;-217.1862;-391.2652;-2586.883
38233;-217.5573;-391.104;-2590.954
38267;-221.3657;-390.0874;-2597.21
38328;-223.1728;-392.6583;-2604.139
38427;-226.416;-392.2709;-2610.512
38444;-226.7694;-391.5966;-2610.858
38473;-229.0178;-388.92;-2612.328
38490;-229.368;-387.7671;-2612.243
38524;-229.1002;-387.2907;-2612.308
38557;-229.5119;-387.3952;-2613.698
38591;-230.4225;-387.387;-2615.487
38625;-230.3003;-386.3282;-2616.533
38659;-231.1435;-386.2168;-2618.644
38692;-231.9925;-386.2628;-2620.595
38726;-233.1863;-386.1371;-2622.628
38760;-233.5351;-385.2128;-2622.914
38794;-233.548;-384.5278;-2623.07
38827;-235.1751;-384.2657;-2625.692
38861;-235.365;-383.6267;-2625.65
38894;-235.4258;-382.9154;-2625.576
38928;-235.2375;-382.6951;-2625.54
38964;-235.0575;-382.4065;-2625.758
38990;-234.9249;-382.2001;-2625.906
39024;-234.95;-382.1747;-2625.958
39058;-235.9609;-381.933;-2628.091
39091;-236.1322;-382.0532;-2628.356
39125;-236.2452;-382.2312;-2628.677
39159;-236.1376;-382.297;-2628.999
39192;-236.5575;-382.9059;-2629.99
39243;-236.2635;-383.0451;-2630.104
39260;-234.7514;-385.2696;-2629.737
39294;-232.6834;-389.1957;-2628.343
39327;-231.6084;-390.1478;-2627.616
39378;-231.2831;-392.6005;-2627.135
39395;-227.0156;-396.0611;-2623.054
39445;-222.1605;-393.6941;-2613.751
39479;-220.4962;-394.1868;-2611.983
39496;-218.2538;-393.3493;-2608.943
39529;-218.0587;-393.4266;-2608.853
39563;-217.5856;-394.1912;-2608.533
39614;-217.2786;-394.2615;-2608.517
39631;-217.0168;-395.5209;-2608.512
39681;-216.8728;-398.0314;-2607.818
39716;-217.3978;-398.6096;-2608.803
39749;-218.6159;-400.2544;-2610.86
39772;-219.2733;-400.2281;-2611.804
39801;-231.6378;-398.4794;-2618.655
39835;-232.3169;-398.8609;-2618.355
39869;-236.8743;-399.2764;-2622.238
39903;-243.0983;-392.5367;-2625.214
39937;-243.1236;-391.1101;-2624.697
39972;-244.3888;-390.1302;-2623.716
39989;-244.7894;-389.7903;-2623.658
40040;-248.2009;-391.0718;-2627.174
40057;-245.4109;-389.7154;-2626.599
40107;-244.4855;-390.2545;-2627.063
40141;-237.7513;-392.7772;-2617.837
40175;-235.519;-402.3072;-2611.921
40192;-235.0559;-404.1678;-2611.17
40225;-235.7867;-403.1493;-2611.003
40259;-233.1645;-402.2772;-2609.384
40293;-233.15;-402.2839;-2609.392
40326;-231.988;-401.391;-2607.923
40360;-232.3271;-400.9342;-2607.488
40394;-234.491;-403.4471;-2609.447
40427;-235.9453;-402.5877;-2610.053
40461;-237.0087;-401.6946;-2611.587
40495;-237.8327;-400.9963;-2612.226
40529;-239.6505;-399.263;-2612.537
40562;-241.8418;-395.9119;-2612.735
40597;-242.8536;-394.2471;-2611.918
40631;-244.0945;-391.8732;-2611.394
40664;-244.5713;-390.0567;-2609.549
40698;-247.219;-386.6994;-2608.999
40732;-248.4421;-385.1962;-2608.415
40766;-248.6061;-383.7583;-2607.127
40803;-249.3757;-382.1154;-2605.447
40839;-250.1157;-380.9843;-2604.197
40873;-250.211;-380.0844;-2602.854
40889;-250.5597;-379.4829;-2601.568
40985;-251.1898;-377.1682;-2600.923
41112;-251.6291;-373.4111;-2598.871
41159;-251.0886;-373.0239;-2598.65
41211;-250.608;-372.9326;-2598.682
41228;-249.5123;-372.6482;-2598.337
41262;-248.4532;-372.8351;-2597.088
41295;-246.652;-373.8294;-2596.401
41329;-245.5262;-374.7277;-2596.127
41364;-243.7234;-375.9555;-2595.076
41398;-243.0444;-376.7924;-2595.007
41431;-239.6918;-380.6955;-2592.362
41465;-238.1056;-381.6568;-2592.05
41500;-235.6335;-382.8332;-2591.466
41533;-229.2542;-385.4553;-2586.882
41567;-224.6586;-388.4604;-2582.929
41601;-220.0843;-390.2395;-2579.135
41634;-218.7577;-391.1758;-2577.679
41669;-217.1459;-392.015;-2576.241
41717;-215.4837;-393.185;-2575.332
41767;-214.7818;-393.3556;-2575.088
41784;-213.6376;-393.8438;-2574.641
41818;-211.9756;-394.2178;-2573.741
41868;-210.6657;-394.8643;-2571.832
41886;-210.5044;-395.1265;-2571.745
41936;-210.5144;-395.3424;-2571.867
41969;-210.9549;-396.0094;-2572.056
42003;-211.8957;-397.2755;-2572.303
42020;-212.4361;-397.592;-2572.358
42070;-213.5616;-398.1763;-2572.194
42088;-213.3546;-397.5211;-2572.126
42138;-213.3537;-397.327;-2572.16
42172;-212.6825;-397.1263;-2572.071
42189;-212.691;-396.8701;-2571.95
42239;-214.4452;-394.3534;-2572.083
42256;-214.3422;-394.3485;-2571.65
42307;-214.1991;-394.3856;-2571.335
42341;-214.135;-394.6603;-2570.979
42358;-214.1412;-394.9964;-2570.623
42391;-214.535;-394.8826;-2570.387
42425;-214.6402;-394.7566;-2570.461
42459;-215.2264;-394.5772;-2570.506
42492;-215.4632;-394.6492;-2570.866
42526;-216.848;-394.7544;-2573.096
42561;-219.7448;-394.4173;-2576.218
42611;-221.7761;-393.1145;-2579.138
42628;-223.5208;-391.3582;-2582.975
42662;-226.536;-390.2841;-2587.622
42696;-228.9574;-388.3755;-2594.217
42729;-232.4989;-388.5034;-2600.26
42763;-234.2827;-389.1234;-2603.002
42796;-236.0159;-388.586;-2603.972
42831;-238.8569;-387.5223;-2606.907
42864;-240.3255;-386.2972;-2608.333
42898;-241.1455;-385.8515;-2608.93
42932;-242.2107;-384.7957;-2610.074
42965;-243.1446;-384.2537;-2610.374
43001;-245.1998;-383.3553;-2611.512
43026;-248.0064;-382.2686;-2613.288
43061;-248.9099;-382.0359;-2614.416
43093;-249.1272;-381.9151;-2614.765
43144;-249.1777;-381.8602;-2614.918
43161;-249.3934;-381.773;-2615.213
43194;-251.8967;-378.667;-2617.351
43228;-252.3219;-377.5782;-2618.414
43279;-252.2685;-377.0654;-2618.748
43295;-252.3961;-376.659;-2619.42
43330;-252.2505;-375.8844;-2620.437
43363;-252.1406;-375.5877;-2620.864
43397;-251.4213;-375.2671;-2621.644
43430;-251.5468;-374.7142;-2621.919
43464;-251.5627;-374.5299;-2621.94
43498;-251.5264;-374.4399;-2622.233
43531;-251.0406;-374.3578;-2623.028
43582;-250.5416;-374.4156;-2623.199
43616;-249.6641;-374.7514;-2623.172
43634;-248.4262;-374.7876;-2623.153
43667;-247.8331;-375.0016;-2623.453
43701;-247.261;-375.3369;-2623.623
43752;-246.282;-375.5736;-2623.497
43768;-245.8688;-375.8609;-2623.748
43802;-245.2969;-376.3508;-2623.577
43836;-244.3286;-377.1281;-2623.562
43853;-243.7739;-377.5863;-2623.577
43903;-243.7281;-377.8828;-2623.547
43937;-242.5761;-380.0439;-2621.733
43956;-242.3344;-380.4623;-2621.145
44004;-240.1477;-381.5251;-2619.934
44037;-238.7721;-382.4854;-2618.271
44071;-237.9821;-384.6464;-2615.895
44105;-236.8912;-386.8065;-2612.614
44138;-237.186;-387.7323;-2609.001
44172;-236.1188;-388.3936;-2606.928
44206;-234.005;-388.7187;-2605.231
44241;-233.3302;-389.1912;-2603.34
44257;-232.4337;-389.2722;-2600.869
44294;-231.5243;-390.2717;-2599.777
44328;-230.4991;-390.4496;-2597.507
44385;-227.3016;-392.1912;-2595.515
44401;-227.2745;-393.1113;-2594.861
44435;-228.0813;-392.5865;-2595.446
44469;-228.2575;-392.4688;-2594.808
44502;-228.6992;-392.4437;-2595.182
44536;-236.2649;-390.001;-2600.418
44570;-237.0923;-389.6055;-2600.834
44603;-236.5484;-389.9315;-2600.119
44637;-234.0912;-391.5568;-2597.927
44671;-229.618;-392.9511;-2594.479
44705;-227.5206;-392.8113;-2593.251
44739;-227.5707;-393.0148;-2592.178
44772;-227.3433;-393.4058;-2591.354
44806;-226.4823;-394.0983;-2589.774
44823;-226.3805;-394.3077;-2589.274
44873;-226.1656;-394.6844;-2589.169
44907;-226.7267;-394.7552;-2589.565
44941;-227.6985;-394.5942;-2591.231
44974;-228.4016;-394.288;-2592.336
44991;-231.295;-393.9266;-2596.85
45025;-232.5299;-393.11;-2598.385
45058;-235.0307;-391.1556;-2600.547
45092;-236.4716;-389.2338;-2603.173
45143;-238.0836;-387.8463;-2604.603
45160;-242.4987;-385.1003;-2607.204
45193;-243.0442;-383.9699;-2607.462
45227;-244.3535;-382.2424;-2608.121
45261;-244.8488;-381.6627;-2608.626
45311;-245.8743;-380.7122;-2609.217
45328;-247.5846;-378.1519;-2611.301
45362;-248.1742;-377.1491;-2611.891
45395;-248.2203;-376.9309;-2611.96
45429;-248.4535;-376.6205;-2612.056
45463;-248.4295;-376.3743;-2612.109
45497;-248.8359;-375.9223;-2612.077
45533;-248.4243;-375.3124;-2612.128
45566;-248.085;-374.8373;-2612.032
45600;-247.6145;-374.6271;-2611.881
45641;-247.4938;-374.2644;-2611.996
45675;-247.0293;-374.2672;-2611.99
45693;-246.5381;-373.8989;-2612.585
45743;-245.7163;-374.17;-2612.517
45764;-244.9302;-374.6896;-2612.931
45795;-244.2549;-375.3598;-2613.48
45828;-243.8573;-375.7835;-2613.703
45878;-244.0217;-376.3757;-2613.869
45895;-241.851;-378.5399;-2613.607
45946;-241.0379;-380.3009;-2613.929
45979;-238.6002;-381.9003;-2613.801
45999;-237.7124;-382.0644;-2613.058
46032;-233.3878;-384.7599;-2610.262
46083;-229.4738;-387.0486;-2606.383
46100;-227.8026;-388.2506;-2603.543
46134;-224.9576;-388.5408;-2600.677
46168;-223.7662;-390.2057;-2598.109
46201;-223.6892;-389.6354;-2597.252
46235;-223.2809;-389.6058;-2596.205
46269;-222.5118;-389.6433;-2595.09
46302;-222.4146;-389.1227;-2594.304
46336;-223.0192;-388.2962;-2594.033
46371;-223.5512;-388.2596;-2594.371
46394;-224.3145;-388.8458;-2594.9
46444;-231.2418;-390.3625;-2597.34
46479;-231.5277;-390.4095;-2596.942
46496;-230.1919;-391.9792;-2595.286
46530;-230.6681;-391.648;-2595.424
46580;-230.2078;-392.2995;-2594.249
46597;-230.8365;-392.7409;-2593.52
46630;-231.5292;-392.9048;-2593.257
46664;-235.997;-393.7262;-2594.299
46698;-237.5764;-394.7144;-2594.825
46731;-239.5365;-395.1596;-2594.419
46765;-239.6628;-395.1457;-2593.3
46799;-238.3378;-394.2675;-2593.458
46833;-236.7436;-394.9957;-2592.305
46866;-230.6472;-394.4828;-2587.568
46900;-230.4822;-394.3797;-2587.366
46934;-230.5139;-394.3479;-2587.308
46971;-230.4261;-394.3768;-2587.198
47005;-228.4368;-394.1267;-2587.062
47039;-228.2088;-393.9035;-2586.924
47065;-228.0428;-393.8062;-2587.365
47099;-228.2656;-393.9211;-2588.908
47133;-229.9801;-392.4681;-2591.132
47167;-229.4137;-391.7083;-2593.563
47200;-229.7642;-391.1036;-2596.124
47234;-230.6535;-390.414;-2600.653
47292;-232.6854;-389.358;-2602.893
47309;-234.3139;-387.6648;-2605.229
47325;-237.003;-385.4548;-2609.072
47359;-237.9681;-384.5951;-2610.587
47394;-239.259;-382.802;-2611.955
47428;-240.608;-381.528;-2612.946
47470;-241.9724;-380.3437;-2613.482
47504;-241.8804;-379.9775;-2613.158
47521;-241.9224;-378.9962;-2613.496
47572;-242.0755;-378.7071;-2613.432
47605;-241.8429;-376.6784;-2613.251
47623;-242.0594;-376.7111;-2613.253
47673;-242.3792;-376.5714;-2612.849
47707;-242.397;-376.5568;-2612.858
47723;-242.4188;-376.5344;-2612.855
47774;-242.417;-376.5062;-2612.954
47791;-242.9079;-375.8958;-2613.768
47824;-243.1905;-376.0735;-2613.694
47863;-243.4562;-376.4123;-2613.566
47896;-243.9314;-376.8826;-2613.885
47930;-243.9059;-377.6858;-2613.592
47964;-243.2507;-379.7398;-2613.587
47997;-242.8111;-381.0002;-2613.286
48031;-241.9518;-383.5524;-2612.543
48065;-239.6026;-384.1123;-2611.937
48099;-238.3627;-385.0738;-2610.246
48132;-235.6238;-387.0653;-2607.649
48167;-229.7276;-388.9604;-2600.967
48200;-226.4277;-389.5928;-2598.512
48233;-225.3686;-388.8753;-2596.945
48267;-224.3851;-388.156;-2595.87
48301;-224.6503;-388.3251;-2594.994
48334;-224.5675;-389.4099;-2593.669
48368;-225.2329;-390.2191;-2593.977
48402;-224.8907;-390.6396;-2594.441
48475;-225.5578;-391.0605;-2595.545
48491;-226.4367;-390.7724;-2597.418
48542;-226.1976;-390.994;-2597.796
48561;-226.3513;-391.3206;-2598.503
48653;-227.018;-391.6225;-2599.961
48686;-228.1522;-391.7521;-2603.054
48702;-228.5997;-392.1539;-2603.615
48736;-231.9509;-395.9928;-2609.313
48770;-233.7595;-397.4564;-2610.741
48803;-233.4423;-397.2529;-2610.67
48837;-232.8871;-397.1318;-2610.483
48871;-230.5794;-393.5602;-2609.033
48904;-230.335;-394.7534;-2608.928
48955;-229.7956;-395.558;-2607.942
48973;-229.6427;-396.1722;-2607.03
49009;-229.1732;-396.2827;-2606.733
49043;-228.8678;-396.6613;-2606.887
49060;-228.8224;-397.0627;-2606.806
49094;-227.5411;-399.1454;-2606.629
49127;-228.2369;-399.6669;-2606.99
49161;-229.1375;-400.7454;-2607.962
49195;-229.5267;-400.0972;-2607.879
49228;-232.6216;-400.5127;-2611.598
49262;-232.3593;-398.9615;-2611.55
49296;-232.4243;-397.801;-2612.45
49330;-232.9618;-396.3121;-2612.348
49363;-235.0054;-394.3488;-2612.756
49397;-235.8219;-393.4483;-2613.734
49431;-237.2364;-390.8192;-2615.303
49464;-237.4971;-389.0219;-2615.747
49498;-238.136;-387.7261;-2616.198
49546;-238.8859;-386.338;-2616.097
49557;-240.0399;-384.834;-2615.575
49607;-240.303;-383.9734;-2615.037
49641;-242.7805;-381.7092;-2614.981
49675;-243.2984;-380.6223;-2614.716
49710;-244.666;-378.8777;-2613.922
49730;-245.1798;-376.5009;-2613.186
49772;-245.5069;-376.2299;-2612.812
49806;-245.9875;-375.647;-2612.693
49827;-246.0985;-375.4577;-2612.525
49893;-247.8636;-373.5205;-2613.296
49911;-247.3158;-373.5541;-2612.978
49946;-247.3154;-373.4311;-2612.904
49963;-247.9765;-372.5961;-2613.153
50016;-248.1273;-373.3286;-2613.253
50033;-247.0257;-374.7842;-2613.056
50054;-246.1378;-375.9656;-2612.912
50104;-245.1312;-377.1889;-2612.679
50138;-243.2722;-379.1035;-2612.134
50172;-242.3098;-380.6019;-2611.611
50188;-237.2295;-385.4537;-2607.709
50260;-232.6439;-389.0907;-2603.178
50295;-229.796;-390.4641;-2599.966
50371;-223.9765;-392.6071;-2593.429
50387;-223.4638;-393.2218;-2590.924
50408;-223.2294;-394.2094;-2588.703
50441;-223.0651;-393.7505;-2588.22
50459;-223.1849;-393.4436;-2587.653
50492;-222.6007;-393.5884;-2587.238
50526;-221.003;-393.3784;-2586.276
50559;-217.1812;-394.4625;-2583.705
50593;-217.8611;-395.556;-2583.335
50643;-219.3572;-397.2062;-2583.759
50660;-219.5414;-397.7433;-2582.908
50694;-218.7041;-397.813;-2581.91
50728;-217.6211;-397.8255;-2580.411
50761;-218.5428;-398.29;-2580.751
50795;-218.4051;-398.2793;-2580.418
50829;-218.4817;-398.1342;-2579.965
50862;-218.3309;-398.282;-2578.915
50899;-215.9863;-397.868;-2574.312
50933;-215.1889;-397.0052;-2572.974
50967;-213.964;-396.6302;-2571.23
51001;-213.4834;-396.7007;-2570.067
51035;-212.3834;-394.7989;-2569.064
51068;-211.8233;-393.4185;-2567.868
51283;-211.5224;-392.5491;-2567.281
51426;-211.7713;-391.7634;-2567.191
51460;-234.1467;-383.4149;-2594.235
51511;-235.6471;-382.3128;-2595.139
51528;-237.2225;-381.1313;-2596.57
51561;-238.5851;-379.3742;-2597.132
51595;-239.6733;-377.602;-2598.071
51630;-240.339;-376.7228;-2598.383
51677;-241.0704;-375.3749;-2598.755
51694;-243.9338;-372.5135;-2599.524
51745;-245.8269;-371.4144;-2600.573
51778;-246.0611;-371.0982;-2600.818
51813;-248.3297;-370.2652;-2602.373
51846;-248.7898;-369.688;-2603.503
51880;-248.7933;-369.5385;-2603.826
51896;-249.3359;-368.9017;-2604.824
51930;-249.4863;-368.6219;-2606.061
51981;-250.0512;-368.6555;-2607.613
52015;-250.7061;-367.542;-2609.143
52031;-251.0412;-367.9638;-2610.569
52065;-250.9767;-368.6157;-2611.512
52099;-251.7135;-368.7231;-2612.462
52132;-251.0686;-369.8282;-2613.39
52166;-250.9356;-370.719;-2613.836
52200;-250.4346;-372.2167;-2615.149
52234;-249.8502;-372.8939;-2615.658
52267;-249.6674;-373.9924;-2615.609
52301;-248.3177;-376.8835;-2614.909
52335;-244.5278;-379.6751;-2614.281
52368;-242.345;-380.0541;-2612.526
52402;-238.5415;-383.8034;-2606.524
52436;-235.1541;-386.3724;-2599.688
52469;-231.185;-388.8713;-2591.58
52503;-230.5335;-388.7523;-2590.54
52537;-229.704;-389.9515;-2589.083
52570;-228.8206;-389.9652;-2588.127
52604;-228.3417;-389.9778;-2586.53
52638;-226.1294;-390.3757;-2583.542
52671;-225.3077;-390.7304;-2582.666
52705;-223.0714;-392.1908;-2580.371
52739;-223.0864;-392.2059;-2580.386
52772;-224.8397;-393.1861;-2580.376
52789;-226.9606;-394.6905;-2580.934
52823;-227.5355;-394.5514;-2581.063
52874;-227.5641;-394.3831;-2580.886
52890;-226.8705;-394.1851;-2580.863
52924;-226.7547;-393.8895;-2580.476
52958;-227.0548;-393.9962;-2580.323
52992;-226.9951;-394.0775;-2580.345
53032;-227.1701;-394.0073;-2580.433
53060;-227.2495;-394.7386;-2579.293
53110;-228.5922;-393.3874;-2579.172
53127;-227.0056;-393.9786;-2576.166
53161;-227.0512;-393.9348;-2575.957
53211;-224.3156;-395.0219;-2572.428
53230;-222.8685;-395.5412;-2570.214
53264;-220.8526;-396.0495;-2568.239
53297;-218.4979;-396.314;-2565.276
53331;-217.2595;-396.0258;-2564.273
53365;-216.4971;-395.9996;-2563.565
53399;-215.937;-395.8306;-2562.932
53432;-215.1621;-396.1034;-2562.276
53468;-215.2037;-396.2121;-2561.564
53500;-214.912;-396.0067;-2560.945
53534;-214.3475;-395.8848;-2559.886
53567;-214.1545;-395.6038;-2559.354
53601;-212.9809;-395.5903;-2558.305
53635;-212.8132;-395.4473;-2557.92
53668;-212.8174;-395.3674;-2557.972
53702;-212.2338;-394.9424;-2557.094
53735;-210.1718;-394.6247;-2555.537
53752;-209.5603;-394.4883;-2554.69
53803;-209.1364;-394.2448;-2554.221
53837;-208.5009;-394.238;-2553.332
53853;-207.8285;-394.0817;-2553.052
53904;-207.7794;-394.0049;-2552.9
53938;-207.1705;-393.9272;-2552.442
53955;-206.4461;-394.1104;-2551.849
54005;-205.9526;-393.9241;-2551.372
54039;-205.3389;-394.1997;-2551.007
54072;-204.3892;-394.1568;-2550.81
54089;-203.9777;-394.0956;-2550.804
54140;-204.008;-394.0862;-2550.74
54174;-203.8009;-394.1559;-2550.872
54191;-203.5896;-394.2793;-2550.905
54241;-203.2234;-394.1699;-2550.956
54258;-203.2749;-394.2159;-2551.059
54292;-203.2147;-394.0605;-2551.405
54342;-202.8931;-394.1076;-2551.75
54376;-202.5728;-393.7979;-2552.231
54393;-202.3713;-393.834;-2552.48
54443;-201.371;-393.9152;-2552.672
54477;-201.3276;-393.2308;-2553.547
54494;-201.6815;-392.8712;-2555.12
54544;-202.2402;-392.2479;-2556.435
54562;-202.3086;-392.0939;-2556.64
54601;-202.2857;-391.7063;-2557.104
54635;-202.7351;-391.5221;-2558.012
54668;-203.2176;-391.3808;-2559.291
54704;-203.7984;-391.0933;-2560.056
54738;-204.1906;-391.0752;-2560.466
54759;-204.5724;-391.2492;-2560.979
54793;-204.6324;-391.2512;-2561.421
54826;-205.6283;-392.123;-2563.656
54861;-205.6939;-392.1962;-2563.612
54911;-205.9045;-392.3062;-2563.846
54928;-206.2575;-392.4876;-2564.367
54961;-206.879;-392.6352;-2564.583
54995;-210.0346;-393.1613;-2568.055
55029;-211.05;-393.1104;-2569.362
55079;-211.0598;-393.1057;-2569.362
55096;-210.9063;-393.0467;-2569.33
55130;-210.8929;-392.9897;-2569.352
55163;-211.0922;-392.9461;-2569.247
55214;-211.1699;-392.9272;-2569.212
55231;-211.5811;-392.7873;-2569.476
55264;-213.0015;-392.8679;-2570.187
55315;-213.1829;-392.8647;-2570.198
55332;-214.0222;-392.8074;-2568.038
55366;-215.6352;-393.1213;-2568.205
55404;-215.6984;-393.1095;-2568.185
55433;-215.7061;-393.0866;-2568.135
55467;-216.215;-392.9085;-2567.681
55517;-216.073;-393.3244;-2566.811
55534;-216.4658;-392.7817;-2564.017
55568;-216.3871;-392.8839;-2563.907
55601;-216.6992;-393.1346;-2563.493
55635;-217.5954;-393.3973;-2562.271
55669;-217.4917;-393.4207;-2561.432
55719;-217.9693;-393.5623;-2560.212
55736;-218.6423;-393.877;-2558.771
55770;-220.4736;-394.6003;-2557.272
55804;-221.6216;-395.3544;-2555.998
55837;-222.0359;-395.811;-2555.35
55871;-222.285;-396.3365;-2554.964
55905;-222.6273;-396.8654;-2554.452
55938;-222.5147;-396.9541;-2553.492
55956;-221.7167;-396.8588;-2551.638
56007;-220.4175;-396.5494;-2550.522
56026;-219.5846;-396.3635;-2549.791
56074;-217.2681;-395.5282;-2548.292
56108;-216.7745;-395.6089;-2547.938
56125;-215.1972;-396.0803;-2547.713
56178;-214.1797;-396.0212;-2546.982
56211;-208.707;-395.4451;-2545.418
56231;-205.6058;-395.5397;-2545.47
56265;-202.1301;-395.7843;-2543.826
56299;-199.7094;-394.8892;-2544.901
56333;-197.8234;-394.2797;-2546.116
56366;-196.049;-393.7778;-2546.46
56400;-194.9143;-393.6563;-2546.261
56434;-194.4949;-393.4532;-2546.145
56467;-194.0126;-393.4119;-2545.843
56488;-193.7395;-393.1929;-2545.255
56539;-193.7674;-393.2832;-2544.855
56572;-194.5158;-392.4024;-2543.377
56606;-196.4431;-391.8284;-2541.391
56640;-200.8118;-389.8729;-2538.795
56657;-205.3707;-388.3352;-2533.983
56707;-211.1453;-387.0437;-2530.06
56741;-216.993;-385.3995;-2527.253
56775;-222.3057;-384.9366;-2524.484
56802;-232.1488;-383.1623;-2521.308
56836;-236.782;-381.3957;-2519.37
56870;-250.6633;-378.7553;-2516.525
56921;-261.3177;-377.1556;-2515.427
56937;-266.9603;-377.2617;-2513.808
56988;-270.5493;-375.5151;-2513.923
57007;-273.0662;-375.228;-2513.613
57024;-277.419;-374.2464;-2512.755
57060;-284.2336;-373.9219;-2512.196
57093;-288.7226;-373.7348;-2511.059
57127;-291.5448;-373.7242;-2510.28
57161;-293.3452;-373.8672;-2509.807
57195;-298.1197;-372.3014;-2507.611
57245;-301.4009;-371.8026;-2507.659
57262;-303.7119;-370.7048;-2506.672
57312;-305.7623;-369.0649;-2506.704
57329;-307.2795;-367.8259;-2506.301
57363;-307.717;-366.5837;-2506.331
57397;-308.0041;-366.3332;-2506.345
57430;-308.5696;-365.8359;-2506.495
57464;-308.9078;-365.8586;-2506.459
57498;-309.5318;-365.41;-2507.212
57532;-309.1047;-363.9898;-2508.374
57561;-308.5937;-362.7914;-2509.161
57595;-307.8586;-361.968;-2509.838
57628;-306.8657;-361.4963;-2510.81
57662;-306.5824;-361.1736;-2512.473
57696;-305.9347;-361.8836;-2512.865
57729;-305.0613;-362.1399;-2513.118
57763;-304.3622;-363.0604;-2514.105
57797;-303.3537;-363.6946;-2515.145
57830;-302.7737;-364.4286;-2516.532
57864;-302.8837;-364.8392;-2517.099
57898;-303.1679;-365.7842;-2519.586
57932;-302.4687;-366.4403;-2520.961
57965;-301.5589;-367.4279;-2523.028
58000;-301.041;-367.9405;-2525.462
58049;-301.363;-368.4222;-2526.831
58066;-301.4392;-368.4537;-2527.379
58100;-300.5801;-368.5908;-2528.292
58178;-300.2714;-368.672;-2528.51
58194;-299.5575;-368.0609;-2528.49
58211;-299.1823;-367.8875;-2528.317
58227;-298.7926;-368.2332;-2528.075
58261;-298.2218;-368.4672;-2526.975
58295;-294.3578;-368.9783;-2524.254
58356;-287.8113;-369.5746;-2521.838
58373;-286.6306;-370.1268;-2521.052
58407;-285.5961;-370.9133;-2519.012
58440;-284.6692;-371.8586;-2516.777
58457;-283.9373;-373.0921;-2515.395
58508;-283.7982;-373.6761;-2514.372
58524;-282.0807;-374.642;-2513.3
58558;-282.1755;-374.4332;-2511.906
58609;-282.9852;-372.4465;-2508.369
58626;-281.7175;-371.6316;-2505.864
58660;-281.3775;-371.9475;-2503.993
58710;-277.7343;-372.0454;-2501.3
58743;-273.6302;-372.1562;-2498.067
58760;-269.9985;-372.4706;-2493.894
58794;-269.4443;-372.4034;-2492.146
58828;-268.4469;-372.2624;-2490.578
58861;-268.1549;-370.7342;-2488.063
58895;-263.0541;-370.6883;-2485.402
58946;-260.6165;-372.0466;-2483.08
58962;-258.5451;-372.7837;-2482.74
59013;-259.3116;-372.0183;-2481.69
59030;-257.9681;-372.0004;-2480.05
59080;-259.2159;-372.8093;-2478.736
59097;-258.5629;-374.2793;-2477.45
59148;-262.8194;-374.1386;-2476.693
59165;-262.7945;-374.1921;-2476.739
59232;-262.4421;-374.0814;-2476.631
59257;-262.8753;-374.1582;-2475.942
59312;-263.2097;-374.1169;-2475.594
59346;-262.7727;-373.9722;-2475.347
59380;-264.446;-372.8776;-2474.45
59408;-264.8368;-372.8605;-2474.527
59433;-265.9989;-372.7766;-2474.645
59467;-267.7492;-372.4906;-2473.756
59500;-268.0847;-372.5544;-2473.865
59534;-269.9269;-371.2393;-2473.772
59568;-271.3297;-370.696;-2473.356
59601;-271.524;-370.1956;-2473.813
59635;-273.6523;-369.1127;-2473.56
59669;-273.5596;-368.8104;-2473.906
59702;-274.7463;-367.777;-2474.677
59736;-274.9957;-367.0701;-2475.524
59770;-273.3101;-367.0601;-2478.294
59803;-272.896;-366.4037;-2480.927
59837;-272.3225;-366.5968;-2483.728
59862;-273.1344;-365.9308;-2484.78
59900;-275.0489;-365.411;-2487.402
59934;-275.8948;-364.5412;-2488.639
59968;-277.235;-364.1056;-2489.537
60002;-279.1027;-363.8112;-2490.488
60038;-279.9473;-363.1357;-2492.477
60072;-280.7548;-362.7328;-2494.483
60104;-281.3685;-361.8276;-2495.338
60130;-281.876;-361.3309;-2495.822
60181;-282.4839;-361.018;-2496.324
60199;-284.044;-361.0917;-2497.891
60248;-284.3687;-361.1396;-2498.3
60282;-285.8044;-361.2055;-2499.938
60299;-286.6957;-362.0045;-2501.35
60332;-287.3494;-362.0443;-2502.178
60383;-287.9146;-363.0881;-2502.822
60400;-288.7411;-363.8045;-2503.71
60433;-290.3611;-364.7005;-2504.266
60468;-290.8158;-366.002;-2503.335
60518;-291.5241;-367.461;-2502.298
60535;-292.4021;-367.4477;-2500.617
60569;-294.832;-367.7592;-2499.268
60603;-294.9489;-368.1711;-2498.976
60637;-297.9275;-369.7626;-2497.087
60670;-300.1169;-370.7456;-2496.378
60704;-301.0906;-370.7315;-2495.839
60738;-301.3321;-370.9675;-2495.496
60771;-304.5223;-374.5665;-2497.415
60805;-305.1106;-373.8333;-2497.205
60839;-305.7464;-373.4109;-2496.671
60873;-305.7461;-373.3695;-2496.625
60906;-305.8597;-373.247;-2496.296
60940;-306.2509;-373.2896;-2496.215
60973;-305.9708;-373.3535;-2495.508
61051;-305.9607;-372.8965;-2495.071
61171;-305.4804;-372.8307;-2493.857
61188;-304.0809;-371.3453;-2491.698
61223;-304.2321;-371.5348;-2491.51
61275;-303.6431;-372.5295;-2492.012
61292;-303.523;-372.9546;-2492.483
61326;-302.9347;-373.5831;-2493.047
61376;-302.5332;-374.1284;-2493.185
61393;-303.375;-375.0874;-2493.877
61427;-304.4418;-375.938;-2495.76
61478;-306.0179;-376.325;-2496.991
61494;-306.6664;-376.4091;-2497.386
61545;-306.6855;-376.4635;-2497.27
61562;-306.7076;-376.5441;-2497.385
61596;-307.2649;-376.57;-2497.766
61631;-308.2956;-376.3912;-2498.327
61658;-308.7302;-376.7002;-2498.686
61709;-308.8402;-376.7064;-2498.871
61725;-308.9005;-377.0156;-2499.357
61776;-309.5408;-377.1334;-2499.909
61810;-310.8311;-377.8883;-2501.124
61827;-311.2246;-377.7218;-2501.256
61877;-312.2278;-377.3238;-2501.919
61894;-312.7867;-376.5878;-2502.802
61931;-312.8367;-375.9786;-2503.43
61964;-311.811;-374.0206;-2505.946
62000;-311.1951;-372.9991;-2507.498
62034;-309.6942;-370.7532;-2510.139
62068;-308.622;-370.0056;-2510.968
62163;-307.4111;-369.6516;-2511.954
62231;-304.0744;-367.6784;-2513.387
62270;-302.9469;-366.1913;-2514.278
62291;-302.4235;-365.9103;-2514.491
62341;-300.4997;-364.9894;-2515.212
62375;-300.3386;-364.7668;-2515.773
62392;-299.9435;-364.4443;-2516.153
62426;-299.6877;-364.3981;-2516.316
62459;-299.512;-364.3882;-2516.404
62493;-299.3648;-364.4633;-2516.526
62543;-299.2621;-364.4134;-2516.521
62560;-299.0009;-364.4634;-2516.221
62594;-298.7603;-365.4345;-2515.407
62645;-298.6612;-365.7864;-2515.191
62661;-298.2821;-365.87;-2514.125
62712;-298.1812;-365.978;-2512.396
62729;-298.3063;-366.6356;-2510.488
62779;-299.1761;-369.5479;-2508.934
62803;-300.376;-372.1909;-2508.917
62849;-300.7179;-374.7277;-2508.57
62866;-300.9266;-375.3808;-2508.403
62901;-301.1962;-375.9585;-2508.243
62938;-301.7896;-376.1749;-2507.594
62972;-302.0661;-376.4657;-2507.229
62992;-302.0899;-376.1018;-2505.757
63040;-302.5138;-376.3064;-2503.509
63073;-303.077;-375.2727;-2502.296
63113;-303.2997;-375.0791;-2501.723
63129;-298.2477;-374.4608;-2500.174
63163;-297.6091;-373.7877;-2497.82
63197;-292.0221;-372.944;-2493.131
63244;-291.3656;-372.42;-2492.292
63273;-288.5474;-372.6324;-2491.965
63323;-288.0223;-372.3221;-2491.8
63340;-287.005;-371.8459;-2491.55
63374;-287.0067;-371.7009;-2491.341
63408;-287.7133;-371.3423;-2490.763
63441;-291.0691;-370.5829;-2488.923
63475;-289.6335;-370.8246;-2489.0
63509;-289.8278;-370.6328;-2489.082
63529;-290.92;-370.3455;-2489.075
63576;-292.6118;-370.8161;-2489.184
63611;-294.0351;-371.3381;-2489.636
63792;-294.4318;-371.7515;-2489.722
63810;-295.4417;-372.2661;-2489.549
63843;-297.1783;-372.1058;-2490.614
63860;-297.5641;-372.1482;-2490.265
63895;-298.9103;-371.1168;-2489.678
63930;-298.5822;-370.5881;-2489.406
63968;-299.0493;-370.2127;-2489.84
64002;-299.9439;-369.3443;-2491.064
64036;-300.4438;-368.9725;-2491.241
64070;-300.9385;-368.0803;-2492.127
64103;-299.7666;-367.0387;-2493.507
64137;-299.6959;-365.112;-2494.089
64171;-299.1825;-363.9558;-2493.303
64204;-298.687;-363.24;-2493.254
64238;-297.7941;-361.7486;-2494.304
64272;-295.4881;-361.2956;-2494.012
64305;-295.172;-360.7441;-2494.225
64340;-294.6475;-360.611;-2494.814
64374;-293.8434;-360.0317;-2494.629
64397;-293.0963;-359.1887;-2495.107
64431;-292.7599;-359.0812;-2495.53
64465;-292.7784;-359.0614;-2495.576
64499;-292.5434;-359.0343;-2495.621
64549;-292.309;-359.1103;-2495.652
64566;-291.1173;-359.3878;-2495.222
64617;-291.8282;-360.326;-2494.725
64651;-292.3889;-362.1129;-2493.666
64676;-293.4904;-362.1463;-2491.864
64693;-294.1422;-362.5196;-2489.937
64743;-294.5739;-363.2171;-2489.409
64777;-294.8888;-367.4712;-2489.161
64811;-295.7786;-368.1434;-2489.015
64844;-295.2457;-368.7761;-2488.674
64862;-298.9033;-370.2509;-2488.104
64912;-299.7568;-369.4238;-2488.322
64932;-298.9314;-368.1329;-2485.914
64966;-291.5728;-366.6973;-2483.936
64999;-289.5793;-365.8268;-2482.984
65033;-287.5828;-364.7834;-2481.752
65067;-284.2016;-365.4686;-2481.437
65100;-278.2715;-365.1841;-2479.353
65134;-275.3569;-366.1329;-2478.662
65168;-273.014;-366.3191;-2478.6
65201;-271.5456;-366.515;-2478.426
65237;-268.7908;-366.3867;-2478.881
65271;-267.4914;-366.4604;-2478.702
65305;-267.468;-366.4639;-2478.715
65339;-267.1299;-366.3972;-2478.67
65373;-267.6885;-367.0074;-2477.266
65406;-268.216;-366.6892;-2476.878
65441;-269.2448;-366.8794;-2476.748
65474;-269.4814;-366.8626;-2476.761
65510;-271.9376;-366.7245;-2477.448
65544;-274.9133;-366.5975;-2479.112
65561;-275.8663;-366.8728;-2480.276
65595;-277.676;-367.5678;-2482.79
65629;-278.8917;-368.1691;-2483.642
65662;-280.0496;-368.3106;-2484.332
65696;-284.3134;-369.0906;-2486.901
65730;-283.9975;-369.9777;-2483.252
65828;-283.1899;-370.2268;-2481.053
65852;-283.1159;-370.21;-2480.271
65869;-283.3904;-370.1556;-2480.283
65903;-284.4331;-370.2173;-2481.138
65948;-285.2594;-369.3651;-2482.079
65982;-286.5291;-368.7736;-2482.848
65998;-287.4788;-368.5944;-2484.481
66032;-287.6029;-367.876;-2485.259
66066;-287.8311;-366.3058;-2486.262
66099;-288.1925;-365.1948;-2487.125
66133;-288.67;-363.9515;-2487.951
66167;-289.2455;-362.8502;-2488.747
66200;-290.3364;-362.2909;-2489.744
66234;-290.3632;-361.817;-2490.223
66268;-290.375;-361.68;-2490.543
66302;-290.4631;-361.2892;-2490.804
66335;-290.7977;-361.3586;-2490.874
66369;-291.3;-361.3263;-2491.073
66403;-292.2111;-360.4521;-2490.986
66436;-293.1602;-359.7275;-2490.741
66470;-296.1038;-359.0652;-2490.658
66504;-297.5613;-359.1884;-2490.119
66537;-300.2137;-359.0081;-2488.816
66571;-302.3114;-359.8606;-2488.337
66605;-302.3681;-360.5846;-2487.404
66639;-301.9473;-361.4677;-2485.874
66672;-305.8249;-360.2032;-2489.392
66707;-306.4795;-360.6767;-2490.199
66726;-308.5787;-363.7237;-2493.568
66776;-308.4992;-365.1111;-2494.013
66793;-310.2543;-367.5824;-2493.193
66827;-310.4135;-368.4212;-2492.831
66878;-310.2773;-368.7386;-2492.683
66894;-307.1211;-369.945;-2492.405
66928;-305.8085;-370.4149;-2491.908
66962;-304.4406;-370.9279;-2491.034
66995;-303.664;-371.2879;-2491.294
67029;-302.2245;-371.2512;-2491.233
67063;-292.5293;-365.7875;-2491.048
67097;-289.0646;-366.0026;-2492.789
67130;-284.6793;-364.9666;-2492.954
67164;-282.3217;-364.6505;-2494.205
67198;-280.9151;-364.7154;-2495.365
67231;-279.4022;-364.7449;-2496.384
67265;-276.6657;-364.3192;-2495.933
67299;-272.8975;-367.2051;-2499.213
67332;-272.8785;-366.3407;-2498.954
67361;-272.0196;-365.5862;-2497.389
67399;-272.4231;-364.6368;-2494.18
67433;-275.2004;-362.3798;-2489.728
67483;-275.6987;-363.0081;-2490.164
67517;-278.8759;-364.2253;-2489.986
67534;-283.362;-364.966;-2489.409
67568;-287.1606;-365.7365;-2487.768
67601;-288.7429;-370.2033;-2479.874
67635;-291.2426;-371.0782;-2475.916
67669;-292.5698;-369.9317;-2478.435
67702;-293.6658;-369.4936;-2479.406
67736;-294.7588;-368.7518;-2480.351
67770;-296.3997;-368.2843;-2480.011
67803;-297.5785;-367.0089;-2479.707
67837;-298.0035;-366.3589;-2480.155
67871;-298.8314;-364.9155;-2481.194
67905;-298.1326;-362.7376;-2483.111
67939;-297.139;-362.5724;-2481.618
67972;-295.3237;-361.5391;-2478.654
68006;-294.3904;-358.3585;-2482.047
68039;-293.4921;-358.2896;-2480.778
68073;-293.1472;-358.4054;-2480.547
68110;-292.1518;-356.5621;-2482.004
68144;-290.7654;-354.7693;-2483.301
68177;-289.8353;-353.7542;-2484.978
68194;-289.3645;-352.5829;-2485.838
68228;-289.0819;-351.2939;-2486.76
68262;-289.0913;-350.4067;-2487.484
68295;-289.4356;-349.2704;-2488.588
68329;-289.8724;-348.7849;-2489.672
68373;-290.0479;-348.724;-2490.088
68407;-290.3544;-348.5404;-2490.794
68440;-291.6552;-349.0637;-2492.382
68474;-292.4277;-349.1775;-2492.614
68508;-293.1827;-349.8586;-2493.021
68541;-294.7644;-351.4637;-2493.511
68558;-296.0787;-352.3975;-2494.285
68609;-297.7912;-354.1741;-2495.794
68643;-299.2776;-355.8139;-2494.773
68659;-301.7221;-357.5907;-2495.558
68710;-303.2874;-358.7318;-2495.78
68727;-303.607;-359.511;-2495.75
68761;-306.3198;-360.9184;-2493.096
68794;-307.7394;-361.9241;-2491.756
68845;-308.2321;-362.1853;-2491.58
68862;-308.8324;-362.5918;-2491.388
68896;-309.4763;-363.095;-2490.916
68929;-310.0269;-363.3208;-2490.828
68962;-310.0558;-363.6843;-2490.603
68996;-310.1465;-363.7778;-2490.443
69030;-310.3131;-364.1204;-2489.649
69064;-309.8914;-364.3576;-2489.182
69097;-308.5513;-363.7126;-2487.853
69131;-305.8412;-363.3245;-2487.75
69165;-302.9424;-362.6585;-2486.618
69198;-293.0408;-362.1472;-2484.265
69232;-291.2083;-361.7155;-2483.008
69266;-287.0666;-361.8502;-2482.681
69300;-279.7056;-364.4033;-2486.34
69333;-278.8381;-364.8836;-2486.574
69367;-278.1364;-364.7292;-2486.396
69401;-278.2618;-364.0363;-2484.618
69434;-278.3921;-364.3373;-2484.476
69468;-278.2858;-364.1815;-2484.365
69502;-278.5214;-363.9893;-2483.787
69536;-279.5025;-364.5803;-2483.445
69586;-280.1629;-365.0598;-2483.437
69603;-281.1851;-365.5046;-2483.41
69637;-281.8455;-365.8134;-2483.4
69670;-282.0875;-365.9265;-2483.667
69704;-282.2867;-365.8161;-2483.694
69738;-282.445;-365.3715;-2483.522
69771;-283.5988;-363.8316;-2483.667
69805;-286.0396;-362.0388;-2485.016
69839;-288.1137;-360.3919;-2486.311
69872;-290.6085;-362.2694;-2480.484
69906;-290.6706;-362.4531;-2478.859
69940;-290.1802;-362.4349;-2478.235
69957;-289.7101;-361.8887;-2477.773
70007;-289.6436;-361.4814;-2477.554
70041;-289.1062;-361.1799;-2477.526
70075;-288.1379;-358.8632;-2482.843
70108;-287.6646;-359.1261;-2482.078
70142;-285.291;-358.8393;-2480.389
70176;-284.8201;-358.788;-2480.23
70212;-284.7448;-358.3649;-2479.939
70228;-284.6398;-358.3052;-2479.655
70274;-285.0446;-358.0222;-2479.77
70307;-285.2839;-357.7228;-2479.826
70341;-285.9702;-357.6272;-2480.024
70375;-285.6184;-357.4527;-2480.808
70408;-286.6385;-357.4407;-2481.052
70442;-287.7901;-358.063;-2481.591
70476;-288.6076;-358.1434;-2482.006
70509;-289.812;-359.0757;-2482.865
70543;-290.7717;-359.4548;-2483.037
70577;-300.3009;-358.0205;-2497.888
70611;-301.258;-357.6818;-2498.877
70644;-301.7078;-360.1173;-2492.151
70678;-303.4478;-362.0324;-2486.561
70695;-304.3222;-363.3188;-2483.439
70728;-304.5815;-365.6415;-2479.801
70779;-305.3305;-367.2296;-2478.158
70815;-308.4894;-370.9156;-2485.798
70832;-308.5094;-370.8983;-2486.007
70882;-309.4;-373.5777;-2488.543
70899;-309.1721;-373.9358;-2489.293
70933;-309.2653;-374.4137;-2490.026
70967;-309.3572;-374.6949;-2490.554
71000;-309.7067;-374.6945;-2491.762
71051;-307.4877;-374.3636;-2493.028
71137;-307.2692;-373.4797;-2493.79
71204;-298.9291;-370.2704;-2489.189
71238;-298.7792;-370.3009;-2488.582
71255;-298.0866;-370.0638;-2488.052
71305;-295.6707;-369.31;-2487.021
71339;-294.3837;-368.3556;-2485.803
71356;-293.8239;-367.6146;-2484.954
71407;-293.4068;-368.3621;-2484.661
71431;-293.5699;-368.4973;-2484.251
71465;-293.6293;-369.0197;-2484.238
71527;-293.4714;-368.9706;-2484.273
71561;-293.7878;-368.2773;-2485.038
71611;-294.0101;-368.0877;-2485.139
71645;-295.1601;-368.0144;-2485.717
71662;-295.6506;-367.8863;-2485.952
71695;-296.1028;-368.1273;-2486.16
71733;-297.0854;-368.529;-2487.052
71776;-297.5009;-368.168;-2486.934
71793;-297.9193;-368.1378;-2487.155
71827;-298.1758;-367.9502;-2487.176
71863;-299.2921;-367.2883;-2486.943
71933;-300.1058;-366.9157;-2487.427
71949;-300.8682;-366.3229;-2487.443
71968;-300.8126;-365.8515;-2487.495
72002;-300.244;-364.6214;-2488.955
72038;-298.7128;-363.7437;-2490.749
72071;-297.6623;-363.5525;-2493.717
72105;-296.5019;-362.8427;-2496.324
72139;-295.9144;-361.8044;-2497.122
72196;-293.2429;-363.7437;-2493.234
72238;-292.6412;-362.1921;-2495.714
72255;-292.1493;-360.5768;-2497.809
72272;-292.0483;-359.6761;-2498.137
72308;-291.1041;-358.7027;-2498.0
72342;-290.0913;-359.9625;-2490.998
72363;-290.448;-357.9524;-2492.814
72397;-290.7186;-357.1599;-2493.156
72447;-290.8384;-356.7677;-2493.848
72464;-291.2121;-356.5586;-2494.3
72498;-291.8762;-356.0133;-2495.268
72548;-292.2926;-355.6238;-2495.786
72566;-293.3079;-355.3328;-2496.896
72599;-293.3706;-355.2146;-2496.981
72633;-294.144;-355.2896;-2497.161
72667;-295.4376;-355.2602;-2497.418
72700;-296.705;-355.4696;-2497.762
72734;-298.3762;-356.3886;-2497.982
72857;-303.4674;-357.9585;-2496.663
72903;-306.0623;-359.2253;-2496.545
72926;-307.8773;-360.1691;-2496.109
72960;-308.8631;-361.3781;-2495.533
73010;-310.553;-362.0737;-2495.217
73028;-312.6815;-362.6772;-2495.096
73061;-313.8583;-364.2816;-2495.468
73095;-316.0488;-365.3093;-2496.747
73129;-316.97;-365.9713;-2497.157
73164;-317.4945;-366.6346;-2497.217
73198;-317.4038;-367.3798;-2496.786
73232;-317.9281;-367.6918;-2496.939
73265;-318.0522;-368.0497;-2497.036
73299;-318.1554;-369.1818;-2497.634
73332;-318.3226;-369.9598;-2497.587
73367;-318.5049;-370.046;-2497.308
73444;-318.0501;-370.1685;-2496.921
73477;-318.1814;-370.5819;-2497.171
73510;-318.0447;-370.6119;-2497.14
73527;-317.3842;-370.9512;-2496.749
73561;-316.3144;-370.9212;-2496.62
73595;-315.5582;-371.0015;-2496.281
73628;-315.0193;-371.1922;-2495.524
73662;-313.7641;-371.287;-2493.955
73696;-313.0732;-371.3998;-2493.805
73746;-311.8841;-371.2838;-2492.851
73763;-310.8432;-370.7094;-2492.597
73797;-310.0231;-370.2539;-2491.683
73831;-309.1627;-369.2924;-2489.802
73864;-308.0512;-369.0126;-2487.875
73898;-307.9215;-368.9476;-2486.53
73932;-307.698;-368.7977;-2486.411
73965;-307.7662;-368.8127;-2486.053
73999;-306.9265;-368.7312;-2484.492
74033;-306.82;-368.6524;-2483.208
74066;-307.087;-368.5414;-2483.106
74100;-306.9497;-368.6213;-2483.046
74134;-306.8341;-368.7023;-2482.796
74168;-306.5902;-368.9149;-2482.74
74201;-306.4323;-368.5647;-2482.336
74235;-305.8294;-368.6739;-2481.95
74269;-306.8564;-368.6457;-2480.274
74302;-306.7738;-368.13;-2480.6
74336;-306.6531;-368.007;-2480.415
74370;-306.6578;-368.0021;-2480.406
74403;-306.2529;-368.2773;-2479.181
74437;-305.9799;-368.2585;-2479.166
74471;-305.9728;-368.2475;-2479.028
74504;-306.397;-368.1513;-2479.076
74538;-306.7651;-368.299;-2478.835
74572;-306.9206;-368.123;-2479.091
74606;-307.0997;-368.2058;-2479.004
74664;-307.1998;-367.9883;-2479.092
74681;-306.9269;-367.5775;-2478.297
74699;-306.8904;-367.2567;-2478.143
74733;-306.8795;-367.2231;-2478.247
74767;-306.4358;-366.4602;-2478.525
74820;-306.093;-366.5786;-2476.921
74846;-305.2548;-366.3445;-2474.68
74863;-305.361;-366.4362;-2474.449
74914;-304.9652;-365.3079;-2474.608
74932;-304.3354;-364.2717;-2474.365
74966;-303.5103;-363.4219;-2473.826
74999;-302.4777;-363.6839;-2473.565
75033;-302.2485;-363.3695;-2473.339
75084;-300.6911;-362.1944;-2472.16
75126;-299.7105;-361.551;-2469.746
75177;-299.3134;-360.8363;-2468.951
75210;-299.1275;-360.0012;-2468.047
75227;-298.9424;-359.9176;-2468.116
75278;-298.8924;-358.7879;-2466.804
75295;-299.5301;-357.9336;-2466.466
75332;-298.7543;-357.0372;-2466.207
75362;-298.3247;-356.7552;-2466.131
75396;-297.0346;-357.2927;-2467.197
75429;-296.7063;-357.1219;-2467.585
75480;-295.667;-357.6483;-2469.124
75514;-294.1983;-358.7239;-2471.387
75530;-293.6429;-359.5002;-2472.591
75564;-293.445;-359.5776;-2473.579
75598;-293.4312;-359.83;-2474.496
75634;-293.506;-359.3782;-2474.771
75667;-293.8031;-359.2484;-2475.394
75702;-294.4011;-359.1898;-2476.226
75739;-294.9885;-359.2902;-2477.02
75772;-295.5171;-359.6638;-2478.224
75806;-296.1597;-359.463;-2479.487
75840;-297.8586;-359.6122;-2482.366
75874;-298.597;-359.4557;-2483.36
75907;-298.718;-359.0862;-2484.019
75941;-298.4163;-359.3498;-2484.887
75992;-298.4888;-360.9328;-2483.525
76008;-298.9201;-360.8023;-2485.162
76059;-298.3007;-361.6428;-2482.7
76078;-298.0351;-363.2369;-2482.386
76095;-299.1384;-362.4129;-2486.643
76149;-299.5289;-363.4829;-2486.032
76166;-298.9508;-363.3247;-2484.302
76200;-299.2851;-362.035;-2489.086
76234;-299.4986;-361.6857;-2491.921
76267;-299.9096;-360.7593;-2495.141
76301;-299.2972;-361.7632;-2493.565
76352;-299.697;-360.1345;-2496.375
76375;-299.8635;-358.7586;-2498.689
76394;-299.2051;-360.4001;-2496.909
76436;-299.3533;-358.9936;-2501.003
76469;-298.8718;-361.0124;-2498.622
76510;-297.5237;-360.8084;-2497.157
76532;-297.2058;-360.9664;-2495.866
76565;-297.0267;-361.1343;-2495.433
76599;-296.8219;-361.3395;-2495.275
76633;-296.4429;-361.4918;-2495.338
76683;-296.1778;-361.4228;-2495.25
76717;-296.5583;-359.4489;-2500.353
76734;-297.3442;-359.8562;-2505.348
76768;-297.1427;-360.8263;-2503.651
76818;-297.0888;-361.0518;-2502.954
76835;-296.88;-361.9728;-2502.439
76869;-296.7987;-361.9574;-2502.352
76902;-296.8343;-362.1985;-2502.329
76936;-297.1065;-362.3553;-2502.228
76987;-297.5409;-362.9283;-2502.015
77007;-301.7402;-361.6755;-2510.383
77044;-303.5299;-362.7701;-2511.442
77061;-304.4215;-362.5516;-2511.674
77111;-307.6328;-362.0791;-2511.172
77128;-311.6957;-362.2764;-2511.354
77164;-318.2354;-366.5775;-2512.211
77198;-322.6482;-370.6973;-2512.416
77233;-325.056;-372.7895;-2513.08
77284;-327.6927;-374.4795;-2513.574
77301;-330.5094;-377.9171;-2514.461
77334;-330.5882;-380.0027;-2514.086
77368;-331.1181;-380.5853;-2514.506
77402;-331.9984;-381.1606;-2514.892
77436;-333.5767;-381.9788;-2516.383
77469;-333.4865;-382.032;-2516.801
77503;-333.1803;-382.1706;-2516.527
77538;-335.1467;-382.3419;-2516.271
77572;-336.7349;-381.5085;-2515.374
77605;-336.6081;-381.6303;-2514.103
77656;-330.1481;-382.5048;-2513.359
77688;-328.619;-382.6388;-2512.594
77704;-321.7095;-384.1379;-2513.649
77738;-321.6303;-383.9195;-2513.459
77772;-323.2939;-382.3922;-2511.313
77807;-324.5085;-382.214;-2510.156
77839;-324.9659;-382.1625;-2510.045
77890;-325.0527;-381.5242;-2507.793
77923;-325.3518;-380.9754;-2507.015
77940;-325.6647;-379.8116;-2505.963
77974;-324.3812;-378.6734;-2505.156
78008;-324.3004;-378.8488;-2503.092
78058;-324.4241;-378.4256;-2501.545
78075;-323.448;-378.5325;-2500.113
78110;-323.2738;-378.3863;-2499.792
78134;-322.0937;-378.4649;-2498.212
78167;-322.0926;-378.4406;-2497.718
78214;-321.5278;-378.0883;-2497.184
78268;-321.1362;-378.6225;-2496.115
78793;-320.9908;-378.6072;-2495.53
78842;-334.9517;-379.2049;-2492.252
78876;-338.2132;-379.596;-2491.533
78910;-341.2332;-380.2921;-2490.526
78943;-341.7478;-380.3586;-2489.914
78977;-349.591;-379.5328;-2489.532
79011;-354.1063;-379.851;-2488.417
79028;-356.0178;-379.7981;-2488.385
79080;-360.5639;-378.2843;-2489.052
79112;-362.6975;-377.9892;-2488.543
79146;-364.2498;-378.3782;-2487.658
79164;-366.5105;-378.537;-2486.488
79197;-367.9747;-378.9886;-2485.959
79247;-370.8368;-379.8089;-2485.08
79324;-374.5438;-380.2867;-2483.857
79354;-376.6118;-380.5766;-2482.612
79370;-377.2651;-380.2015;-2482.158
79404;-377.2529;-380.082;-2481.582
79438;-378.5637;-379.5553;-2480.88
79472;-378.8344;-378.9904;-2480.026
79506;-379.4042;-378.2963;-2479.05
79539;-378.8545;-377.1248;-2475.521
79573;-377.9479;-376.5339;-2473.438
79719;-353.7145;-370.4792;-2448.537
79769;-342.6402;-367.0758;-2442.627
79803;-337.7539;-364.8054;-2438.422
79871;-334.3811;-362.8314;-2432.468
79887;-329.7724;-362.5665;-2426.1
79904;-327.3883;-362.1581;-2423.525
79939;-324.9851;-361.8556;-2421.079
79973;-320.4091;-361.5335;-2418.19
79996;-317.3228;-360.75;-2416.332
80046;-309.7956;-357.3198;-2411.32
80063;-306.0619;-355.7289;-2407.301
80114;-304.7466;-354.9819;-2405.228
80189;-303.3288;-354.9593;-2402.987
80213;-303.5527;-354.531;-2401.648
80230;-304.7304;-353.5486;-2399.574
80271;-309.1908;-352.9991;-2398.321
80310;-312.494;-352.049;-2395.651
80344;-322.881;-351.4987;-2393.474
80378;-326.7753;-351.2571;-2392.282
80412;-328.4513;-351.8586;-2389.765
80447;-330.1443;-352.3325;-2384.7
80464;-336.5813;-354.7751;-2378.204
80497;-340.2813;-355.9283;-2369.478
80532;-342.3036;-356.2619;-2360.821
80565;-349.6264;-355.4096;-2348.727
80599;-354.3262;-353.5095;-2339.431
80633;-363.4724;-350.9625;-2324.344
80671;-370.3055;-349.6146;-2310.557
80704;-379.8675;-349.4638;-2295.007
80738;-388.4334;-348.3355;-2285.266
80789;-399.2877;-346.9261;-2277.55
80805;-408.2328;-346.5435;-2266.274
80856;-414.7196;-347.63;-2256.61
80873;-425.5322;-344.5569;-2246.984
80906;-437.2423;-340.026;-2237.488
80940;-444.5256;-336.8216;-2231.962
80974;-454.0511;-333.3095;-2224.182
81008;-463.9447;-330.7296;-2214.891
81042;-470.235;-329.6361;-2209.116
81207;-499.1229;-321.5538;-2166.98
81224;-497.7274;-322.7978;-2172.795
81258;-512.3698;-323.7059;-2162.556
81274;-519.7291;-323.3191;-2151.927
81296;-525.2687;-321.7188;-2139.035
81347;-529.5306;-319.0039;-2124.576
81381;-531.5295;-318.462;-2107.801
81414;-539.6688;-315.1497;-2098.576
81448;-540.3626;-313.2858;-2085.237
81465;-542.0685;-309.3354;-2081.671
81504;-542.9986;-303.0887;-2073.877
81538;-540.5786;-297.0446;-2058.549
81578;-542.0718;-293.446;-2046.53
81595;-543.8497;-291.9381;-2032.083
81643;-546.2739;-288.5879;-2020.334
81665;-548.4105;-288.0635;-2005.435
81710;-550.2383;-286.3874;-1996.527
81744;-552.2053;-285.0146;-1986.1
81778;-551.2605;-293.3286;-1968.313
81812;-550.6352;-293.699;-1959.662
81845;-554.9254;-294.5476;-1956.693
81865;-563.5271;-284.9032;-1948.198
81913;-566.0682;-290.2698;-1938.969
81946;-571.449;-283.656;-1928.715
81980;-576.7816;-288.0585;-1918.366
82014;-587.6896;-290.3218;-1903.871
82047;-594.165;-291.1916;-1896.728
82066;-603.9759;-282.9439;-1881.36
82100;-610.3358;-280.1772;-1875.154
82150;-625.1397;-276.4196;-1848.885
82184;-631.2331;-274.9635;-1844.525
82209;-639.571;-279.3547;-1837.378
82273;-641.923;-278.9942;-1840.086
82357;-498.1166;-443.0694;-1718.383
82374;-508.8934;-468.805;-1579.096
82392;-559.5269;-390.5972;-1626.215
82408;-559.5269;-390.5972;-1626.215
83214;-727.6629;-134.0275;-1604.196
83247;-727.0621;-132.5885;-1603.677
83306;-725.3995;-130.6693;-1601.091
83324;-722.242;-128.703;-1594.545
83349;-720.4586;-127.6183;-1591.827
83374;-719.7212;-125.5035;-1592.649
83410;-719.0313;-122.7201;-1582.719
83443;-713.0851;-135.6555;-1520.037
83477;-719.0464;-139.1812;-1517.087
83510;-739.7087;-143.5343;-1500.988
83544;-682.7924;-168.9769;-1569.667
83595;-687.188;-173.6079;-1589.495
83612;-689.7646;-158.8372;-1578.413
83662;-695.6911;-154.9046;-1570.501
83696;-725.6407;-86.99619;-1513.874
83713;-732.2022;-84.64302;-1508.669
83763;-770.2754;-48.92643;-1576.415
83780;-750.8331;-82.88721;-1504.547
83807;-751.0713;-81.89145;-1505.363
83840;-754.2908;-69.57453;-1492.376
83874;-790.1205;-195.4046;-1348.556
83908;-800.9886;-113.5377;-1490.357
83959;-843.6564;-32.59188;-1455.978
83998;-516.0603;-33.82567;-1021.068
84036;-526.7421;-11.8133;-1046.053
84052;-527.1556;-10.38192;-1046.317
84069;-528.9604;-5.097313;-1046.821
84119;-529.6611;-4.578106;-1044.99
84136;-529.6611;-4.578106;-1044.99
84573;-283.273;-370.521;-2460.701
84606;-287.472;-369.2752;-2470.54
84640;-290.3381;-368.7094;-2468.641
84675;-293.2715;-369.8596;-2471.049
84709;-299.671;-378.0304;-2478.952
84726;-303.8363;-386.3156;-2491.39
84776;-307.7056;-400.1613;-2503.5
84793;-309.7732;-403.8796;-2508.723
84828;-316.2641;-404.4281;-2516.025
84877;-319.9665;-404.8016;-2518.318
84911;-333.0478;-402.6902;-2524.896
84928;-338.1244;-401.01;-2526.783
84979;-354.481;-394.3081;-2532.892
84998;-361.335;-394.7351;-2535.517
85049;-378.3006;-393.3846;-2540.726
85083;-382.9325;-392.6154;-2542.047
85100;-386.1045;-390.8288;-2544.023
85151;-391.1037;-387.6415;-2547.595
85167;-395.6119;-385.5591;-2550.471
85201;-396.123;-385.695;-2551.117
85251;-397.5429;-386.6076;-2552.276
85268;-399.1836;-387.3141;-2553.346
85319;-400.0501;-386.5061;-2553.792
85352;-400.5665;-386.9882;-2554.059
85369;-400.4895;-386.629;-2553.359
85421;-400.185;-385.6492;-2552.655
85440;-399.5122;-383.5214;-2549.868
85488;-396.7054;-381.2395;-2545.428
85522;-393.1607;-376.7476;-2541.787
85540;-385.4236;-374.8988;-2534.094
85574;-380.6307;-370.95;-2532.192
85608;-372.8558;-367.632;-2528.798
85644;-353.7422;-367.6198;-2518.335
85665;-337.1324;-366.8563;-2507.883
85698;-325.7022;-365.0645;-2502.924
85732;-305.1603;-366.1476;-2493.227
85766;-286.9397;-355.4075;-2503.775
85816;-266.6785;-351.7124;-2491.392
85834;-246.0182;-344.3824;-2485.799
85884;-229.862;-338.1742;-2481.54
85917;-210.8064;-334.7567;-2479.857
85934;-186.5318;-325.5147;-2474.494
85968;-170.0611;-313.1114;-2483.358
86018;-156.5072;-308.1213;-2484.042
86052;-143.628;-304.2474;-2484.538
86069;-129.786;-295.7691;-2487.966
86103;-119.8105;-290.8644;-2487.958
86136;-109.3546;-288.0673;-2487.868
86173;-100.6161;-288.7675;-2487.132
86204;-85.82822;-289.4756;-2485.451
86237;-79.5276;-289.3707;-2485.003
86271;-68.39737;-289.331;-2481.543
86305;-63.00926;-289.9171;-2480.894
86338;-58.8289;-289.9164;-2480.007
86372;-54.14112;-289.5963;-2478.741
86406;-47.26596;-289.873;-2476.462
86440;-44.87505;-289.9962;-2476.2
86473;-39.45323;-288.2644;-2474.075
86507;-36.93165;-287.2558;-2472.764
86529;-34.16441;-286.4634;-2471.171
86563;-29.84566;-285.081;-2468.799
86597;-24.67699;-284.922;-2466.166
86633;-22.12495;-284.9177;-2463.531
86668;-17.93036;-285.6526;-2460.006
86706;-16.20889;-285.5595;-2458.212
86740;-13.3707;-285.5246;-2455.445
86773;-12.44793;-285.8533;-2452.925
86807;-6.174641;-281.106;-2442.067
86841;-2.950349;-283.8759;-2439.511
86875;0.8022001;-285.997;-2435.735
86908;2.701743;-287.11;-2431.046
86942;3.420223;-289.2125;-2426.004
86976;4.22884;-290.9487;-2419.564
87009;1.578462;-294.0494;-2412.83
87030;1.128156;-294.3999;-2405.797
87081;-0.296407;-295.4629;-2396.375
87100;0.7725243;-296.7474;-2386.375
87135;-1.274026;-297.1295;-2375.251
87168;-1.441688;-299.5995;-2361.342
87219;-0.4955032;-302.9621;-2336.919
87252;-1.82248;-301.8713;-2328.638
87269;1.27362;-303.0523;-2296.088
87303;-2.478243;-299.5906;-2278.485
87336;-6.728497;-298.4877;-2251.858
87387;-9.438378;-295.8459;-2234.4
87404;-12.85081;-294.5703;-2209.168
87438;-12.81293;-293.6216;-2170.458
87472;-14.51068;-294.3685;-2147.745
87522;-18.38588;-290.8559;-2118.878
87542;-21.79649;-288.3159;-2087.949
87572;-28.68149;-284.9604;-2054.901
87606;-43.24734;-283.0474;-2022.306
87640;-39.90169;-279.1537;-1992.999
87673;-39.97997;-274.6578;-1965.766
87707;-42.3579;-266.0902;-1928.816
87741;-47.05495;-258.5865;-1900.587
87775;-48.8214;-254.5614;-1874.443
87808;-49.11654;-247.3302;-1844.865
87842;-47.40416;-241.3123;-1812.866
87876;-44.88697;-235.6192;-1779.058
87909;-43.73072;-234.0182;-1752.259
87960;-40.22703;-236.3312;-1705.266
87978;-39.56623;-234.4197;-1682.434
88012;-34.64442;-230.2488;-1641.098
88046;-29.84698;-222.3936;-1591.579
88080;-26.34472;-217.3977;-1562.536
88113;-23.32025;-209.778;-1527.37
88150;-19.98956;-197.365;-1489.257
88184;-17.73248;-188.1236;-1464.5
88207;-14.58448;-176.7612;-1433.662
88241;-15.57999;-163.9526;-1416.0
88275;-18.80758;-156.8585;-1389.967
88312;-22.04837;-148.8307;-1370.833
88345;-23.18846;-143.834;-1340.735
88379;-20.64921;-138.6415;-1313.17
88441;-21.45884;-135.2496;-1245.489
88474;-26.41645;-134.4217;-1208.225
88508;-27.59067;-136.5159;-1174.986
88546;-32.68088;-131.0125;-1139.777
88597;-34.42645;-136.3391;-1103.366
88630;-50.63177;-122.3998;-1074.106
88647;-59.03371;-117.2102;-1053.146
88697;-65.60277;-111.5961;-1031.773
88749;-57.05191;-107.2326;-1004.735
88779;-59.4788;-73.76878;-1006.139
88813;-54.18737;-63.20655;-991.7711
88846;-90.94854;-0.9693444;-996.0833
88879;-90.56721;2.274048;-993.4332
88925;-269.4125;63.12951;-1073.848
89092;-269.4125;63.12951;-1073.848
92514;-133.8099;9.464038;-1848.795
92582;-140.4365;4.116305;-1894.778
92599;-143.9103;3.206479;-1924.436
92614;-149.5294;-0.03296821;-1960.292
92649;-149.7093;2.266151;-1982.104
92682;-150.6795;2.383334;-2007.303
92716;-149.903;6.307748;-2029.212
92751;-147.4691;8.42487;-2045.377
92784;-145.6664;16.27944;-2065.834
92801;-142.8465;20.35017;-2080.226
92835;-137.1436;23.48345;-2093.088
92869;-133.6954;25.87637;-2104.936
92902;-129.2776;26.81833;-2117.964
92936;-125.5647;27.38827;-2127.82
92970;-121.129;29.21945;-2138.75
93004;-117.0958;30.05394;-2148.384
93038;-112.5857;30.5306;-2155.228
93071;-109.1857;32.07933;-2160.028
93104;-99.32202;32.27483;-2166.36
93138;-88.13009;32.21769;-2172.004
93172;-78.34569;32.78859;-2175.057
93205;-65.92308;33.62526;-2179.215
93239;-48.04987;34.00431;-2181.921
93273;-30.88035;32.44646;-2182.429
93314;-12.14211;29.48523;-2183.56
93340;9.091495;27.3741;-2185.091
93374;37.1363;23.10639;-2186.109
93408;62.32123;16.92099;-2184.04
93441;81.15763;15.7719;-2182.991
93475;124.5645;12.87672;-2182.323
93509;142.2097;8.840519;-2179.283
93542;166.4147;10.11766;-2183.76
93576;190.0691;12.5178;-2188.042
93607;209.209;17.79319;-2190.882
93636;223.8976;22.79557;-2192.963
93668;242.4157;30.40078;-2193.153
93701;253.5079;34.43615;-2196.765
93735;271.2542;41.1916;-2198.06
