
1;-598.9591;-300.6004;-2465.525
30;-599.2567;-300.5513;-2466.091
79;-600.3322;-301.5652;-2464.37
161;-597.1406;-301.5723;-2462.75
177;-595.5916;-302.0012;-2464.875
230;-593.7927;-302.4838;-2458.751
263;-590.3289;-301.3657;-2461.225
297;-588.9551;-301.569;-2459.795
330;-587.156;-302.9588;-2457.695
364;-585.0215;-304.1285;-2454.208
398;-584.7492;-303.2421;-2452.009
449;-584.6502;-302.5373;-2450.147
467;-583.2592;-302.7295;-2447.302
501;-577.4622;-306.5629;-2441.473
535;-571.0082;-310.9779;-2437.633
554;-569.0447;-312.53;-2436.212
602;-566.2194;-318.6954;-2431.565
636;-558.0669;-323.4973;-2432.853
669;-548.1201;-330.5721;-2431.498
703;-539.0365;-342.1913;-2429.278
736;-532.1165;-347.2102;-2426.352
770;-521.2177;-353.2879;-2425.254
804;-512.6047;-355.5975;-2421.022
915;-484.0613;-355.616;-2413.135
967;-456.71;-359.7441;-2408.397
993;-411.8369;-354.6909;-2404.711
1027;-405.239;-351.2135;-2399.394
1060;-393.2111;-348.7525;-2393.365
1094;-375.4431;-350.5754;-2389.929
1128;-361.7323;-352.82;-2387.26
1161;-349.0648;-352.6445;-2383.615
1199;-342.8786;-353.2624;-2381.995
1216;-329.3006;-352.3533;-2378.921
1249;-323.8024;-351.9283;-2374.429
1301;-314.3231;-347.8097;-2366.085
1320;-304.0779;-347.3812;-2359.45
1354;-296.5714;-345.5601;-2352.664
1404;-288.9906;-343.9604;-2346.202
1438;-279.9491;-342.4029;-2336.974
1455;-272.1783;-341.6108;-2322.753
1488;-265.7853;-339.4558;-2307.083
1539;-257.8403;-338.4681;-2288.751
1556;-250.1319;-337.0878;-2268.876
1590;-238.985;-334.1709;-2247.838
1623;-226.5193;-329.4798;-2229.035
1674;-217.4083;-322.5768;-2198.972
1691;-214.9881;-318.6844;-2171.845
1724;-206.3967;-310.7813;-2148.543
1758;-201.7578;-303.8755;-2123.569
1808;-206.0033;-297.6975;-2092.199
1825;-201.3021;-291.0402;-2073.904
1859;-197.3308;-282.8961;-2052.511
1910;-199.5708;-277.1419;-2029.322
1944;-200.5902;-270.1972;-2005.389
1977;-197.856;-264.5806;-1988.474
2046;-194.3446;-257.2667;-1965.909
2083;-189.9095;-245.533;-1907.787
2105;-190.6799;-248.0672;-1920.825
2130;-188.9454;-235.6;-1861.763
2163;-187.4142;-233.2185;-1846.505
2197;-183.6887;-228.517;-1814.311
2231;-180.9208;-225.2819;-1788.004
2264;-178.6205;-221.8052;-1755.532
2298;-172.762;-218.4944;-1727.021
2332;-172.0424;-214.3386;-1695.02
2365;-176.56;-207.3346;-1662.51
2399;-177.6147;-201.2847;-1634.607
2433;-179.0216;-194.7791;-1606.505
2466;-181.6044;-188.6587;-1578.491
2500;-184.2251;-184.3549;-1551.953
2534;-185.089;-178.1872;-1528.028
2568;-188.085;-172.7458;-1498.893
2601;-195.8737;-166.7584;-1474.342
2635;-201.2645;-160.505;-1454.207
2669;-207.4582;-154.7338;-1434.045
2702;-211.6715;-151.3908;-1416.645
2736;-218.1077;-145.1811;-1386.35
2754;-226.018;-142.8385;-1372.602
2787;-239.2104;-142.089;-1344.165
2820;-247.9291;-139.3614;-1330.867
2857;-259.2877;-137.9398;-1289.467
2904;-268.3353;-135.6585;-1278.609
2921;-288.0716;-126.8672;-1242.484
2955;-294.1398;-128.7722;-1221.198
2996;-303.4138;-129.3115;-1202.151
3029;-325.8944;-116.808;-1163.013
3062;-334.1223;-111.6449;-1156.894
3096;-344.7608;-93.80856;-1142.086
3130;-346.859;-79.77841;-1119.048
3165;-335.0481;-77.10186;-1106.748
3199;-322.0969;-76.00356;-1095.058
3233;-288.7549;-66.30533;-1088.441
3267;-255.2114;-45.21867;-1102.549
3300;-218.5067;70.19403;-1178.142
3334;-294.2154;131.5676;-1316.143
3368;-285.1684;142.8588;-1322.733
3401;-292.3126;91.23982;-1331.46
3435;-393.7998;53.55983;-1304.821
3456;-386.3546;55.43439;-1289.458
3485;-398.0278;189.7216;-1311.689
3536;-273.145;32.53062;-809.4184
3553;-273.145;32.53062;-809.4184
3590;-273.145;32.53062;-809.4184
3620;-273.145;32.53062;-809.4184
3653;-273.145;32.53062;-809.4184
3704;-273.145;32.53062;-809.4184
3721;-273.145;32.53062;-809.4184
10592;-479.6849;-194.7932;-1488.296
10642;-475.8936;-199.5795;-1485.2
10676;-472.1426;-210.0865;-1480.184
10697;-468.1561;-210.9101;-1480.031
10731;-462.3335;-211.5054;-1485.479
10752;-453.1702;-209.9068;-1486.81
10806;-440.8906;-209.8782;-1491.325
10822;-430.3169;-209.5713;-1491.648
10856;-419.2306;-208.8677;-1491.918
10890;-414.4619;-162.5767;-1444.967
10923;-397.1522;-136.7255;-1496.578
10957;-385.3444;-120.2994;-1488.387
11007;-374.9359;-110.0356;-1493.224
11041;-362.1129;-112.7131;-1480.604
11058;-348.7933;-112.9324;-1477.961
11092;-338.0256;-113.1534;-1476.272
11126;-324.0536;-112.9169;-1474.907
11160;-307.0388;-112.8787;-1472.194
11193;-270.4515;-95.41888;-1467.584
11227;-262.7964;-92.77534;-1468.339
11278;-251.2337;-92.32761;-1463.668
11295;-239.9092;-91.76728;-1460.531
11328;-229.3302;-91.78136;-1460.006
11379;-220.6782;-90.06908;-1458.427
11447;-216.7229;-107.0816;-1460.036
11464;-217.5337;-109.6906;-1460.708
11488;-214.9508;-110.5451;-1462.348
11504;-210.1383;-108.6448;-1465.763
11560;-202.0459;-111.5856;-1467.508
11577;-195.6428;-113.7993;-1469.638
11597;-188.9049;-114.8229;-1472.107
11632;-181.5033;-117.2778;-1475.448
11665;-174.8619;-117.5799;-1478.922
11717;-166.5374;-116.1343;-1485.123
11732;-157.4998;-116.363;-1496.018
11766;-147.1017;-119.6631;-1507.885
11817;-138.9793;-121.8582;-1515.185
11835;-130.1526;-124.2512;-1524.752
11862;-115.6058;-124.0249;-1547.903
11913;-108.0908;-125.6076;-1557.784
11947;-101.8809;-126.6016;-1564.511
11963;-95.40173;-127.4259;-1573.447
11993;-85.71902;-127.2517;-1589.995
12039;-81.25952;-128.1117;-1597.129
12067;-73.96085;-129.1903;-1607.339
12118;-67.55372;-128.5886;-1616.333
12135;-63.07434;-128.9063;-1623.798
12169;-56.94825;-129.8257;-1631.759
12236;-50.77298;-129.9876;-1639.422
12274;-49.12678;-130.2682;-1642.142
12298;-48.47157;-130.5674;-1644.34
12349;-46.93381;-130.9838;-1647.8
12365;-46.01689;-130.5183;-1650.826
12416;-45.03521;-129.7711;-1653.635
12451;-44.90094;-129.5432;-1655.961
12503;-45.06666;-129.1347;-1658.303
12520;-46.13278;-129.891;-1659.22
12539;-46.99783;-129.7006;-1660.504
12574;-48.59753;-128.1921;-1662.363
12601;-52.25729;-126.3316;-1664.335
12651;-56.75568;-126.0421;-1665.487
12685;-61.90299;-125.1108;-1666.951
12706;-68.11651;-122.2757;-1667.796
12757;-71.1888;-121.817;-1670.461
12774;-74.67738;-121.2011;-1671.784
12802;-76.13617;-120.4073;-1675.097
12840;-78.27299;-120.3046;-1678.56
12871;-79.83128;-119.6686;-1682.268
12921;-80.0414;-119.5792;-1684.698
12937;-84.45154;-134.2523;-1688.737
12971;-84.26556;-137.0792;-1690.106
13005;-83.46358;-139.9067;-1692.005
13073;-81.82806;-142.9008;-1693.872
13094;-77.70697;-145.6061;-1697.685
13119;-73.66365;-147.2568;-1701.307
13135;-69.17793;-148.561;-1705.577
13170;-62.00454;-149.4622;-1709.838
13205;-54.73433;-150.0828;-1713.901
13254;-50.56517;-151.7831;-1716.386
13337;-41.38531;-152.2892;-1721.393
13728;-33.84959;-152.9247;-1722.935
13778;-29.20099;-152.645;-1727.187
13798;-31.77554;-154.6121;-1739.662
13849;-33.53484;-155.9239;-1747.43
13868;-36.53293;-157.6661;-1755.296
13910;-38.57084;-159.0511;-1761.132
14100;-58.14511;-165.1824;-1796.354
14143;-65.8167;-168.7268;-1814.12
14173;-67.56024;-168.4764;-1817.388
14189;-67.95675;-170.2167;-1822.019
14227;-68.92046;-171.3954;-1826.097
14271;-69.30049;-172.002;-1831.539
14305;-69.33736;-171.4238;-1833.891
14339;-68.26791;-171.2739;-1836.763
14372;-66.59163;-171.9059;-1840.177
14393;-64.99797;-172.0043;-1841.818
14425;-62.18972;-172.8413;-1844.044
14459;-58.64833;-173.4675;-1847.027
14502;-54.99521;-173.9437;-1849.231
14536;-51.29576;-173.9817;-1851.087
14569;-43.26102;-173.101;-1853.115
14603;-38.44598;-172.5215;-1856.11
14679;-29.35166;-172.7067;-1861.638
14704;-26.4869;-172.3463;-1864.128
14726;-5.513037;-184.226;-1882.617
14763;-3.816696;-184.9724;-1883.001
14798;-0.7616902;-188.0078;-1887.382
14832;2.1864;-190.9517;-1889.637
14866;7.002858;-193.9485;-1893.063
14899;9.280202;-196.8773;-1897.776
14933;11.67853;-198.2911;-1900.32
14986;13.21956;-201.1942;-1909.263
15002;14.28238;-202.7973;-1913.227
15035;14.80068;-203.4474;-1919.914
15069;14.48962;-204.3219;-1925.423
15109;14.36104;-205.068;-1929.815
15125;14.94706;-209.2299;-1937.164
15159;10.26961;-208.9708;-1945.602
15192;9.208105;-209.0139;-1948.563
15243;7.694992;-211.3035;-1950.527
15277;5.331109;-214.2294;-1961.764
15328;3.375787;-219.0086;-1967.984
15345;-7.418875;-222.6772;-1987.767
15390;-12.68787;-221.1825;-1995.918
15402;-20.48801;-221.4868;-2009.326
15426;-26.09163;-222.9473;-2022.172
15477;-31.13809;-223.139;-2036.785
15502;-34.57566;-226.0695;-2053.07
15536;-39.56768;-225.3288;-2062.501
15569;-47.36257;-223.8023;-2080.334
15651;-50.70098;-224.9168;-2090.513
15707;-53.59665;-226.5444;-2101.894
15790;-59.28483;-225.9225;-2119.474
15836;-59.97184;-226.4055;-2123.987
15852;-58.49374;-236.2206;-2138.29
15873;-60.40286;-234.279;-2140.595
15890;-60.03793;-236.4622;-2144.35
15924;-59.1167;-238.2046;-2148.598
15974;-58.99553;-237.7988;-2151.171
16008;-55.08584;-241.378;-2158.183
16042;-51.89322;-244.1657;-2162.619
16076;-50.49257;-242.5014;-2163.828
16106;-47.01913;-241.6366;-2165.68
16156;-37.63872;-245.7825;-2171.259
16175;-36.82248;-245.4488;-2171.459
16224;-30.20845;-249.3068;-2175.176
16243;-26.36994;-250.8525;-2177.894
16261;-24.75176;-249.5151;-2179.04
16301;-21.80889;-250.9638;-2182.613
16353;-18.99017;-251.7962;-2185.944
16364;-17.10566;-252.0471;-2188.992
16415;-15.65748;-252.4605;-2194.292
16431;-14.31356;-253.363;-2200.286
16465;-13.92458;-254.0641;-2205.751
16499;-14.1334;-256.7521;-2213.68
16576;-15.4055;-260.3083;-2227.155
16601;-17.78798;-261.5326;-2237.906
16635;-22.84537;-257.5042;-2242.823
16668;-25.86626;-256.4996;-2248.984
16702;-32.23234;-257.5455;-2259.413
16736;-37.99938;-258.0361;-2270.771
16753;-36.56993;-268.8924;-2286.161
16787;-40.61693;-267.4106;-2291.246
16858;-32.73769;-294.828;-2328.958
16876;-54.89622;-268.4816;-2317.721
16910;-57.12106;-267.1458;-2320.012
16943;-59.86512;-266.9012;-2323.426
16960;-60.66898;-271.8706;-2333.314
16994;-61.49258;-275.8176;-2339.993
17029;-61.48816;-279.4865;-2349.446
17061;-62.29641;-281.0574;-2355.906
17112;-63.06751;-282.1733;-2361.0
17129;-63.23412;-284.01;-2364.67
17168;-63.32821;-284.867;-2368.908
17201;-63.50032;-286.0262;-2373.848
17235;-62.66664;-289.0163;-2379.671
17269;-60.98389;-290.2635;-2383.086
17302;-61.67755;-285.7872;-2384.422
17320;-61.10533;-283.4193;-2387.05
17370;-60.57668;-281.6063;-2389.415
17403;-49.10147;-292.9511;-2403.751
17469;-47.61783;-296.0547;-2411.396
17481;-45.5855;-297.3334;-2416.362
17499;-36.05002;-298.8551;-2424.865
17533;-31.29427;-301.7504;-2430.293
17566;-25.33098;-302.9441;-2433.935
17630;-19.14725;-304.3739;-2439.346
17651;-11.85052;-303.8318;-2444.363
17675;-6.535666;-304.638;-2449.672
17695;0.5424835;-305.8574;-2456.284
17728;5.711729;-307.7572;-2465.167
17779;8.538613;-309.1878;-2469.978
17796;11.39934;-309.2889;-2476.511
17830;13.28608;-309.9511;-2482.515
17880;14.80587;-309.4481;-2486.819
17914;17.08906;-309.4208;-2491.349
17947;20.56095;-308.9638;-2498.101
17981;14.83978;-326.5414;-2508.684
17998;13.94401;-331.4294;-2515.537
18032;12.48374;-336.3061;-2521.708
18066;9.906377;-339.8855;-2527.213
18099;8.298457;-341.34;-2532.288
18133;6.280027;-343.9617;-2536.321
18167;3.052695;-344.8412;-2545.78
18201;2.382461;-344.321;-2548.31
18251;-0.4075309;-350.5941;-2546.565
18269;-5.196697;-360.2861;-2552.407
18293;-10.67698;-366.9396;-2560.219
18337;-11.5362;-368.5386;-2562.26
18371;-12.36745;-368.6727;-2563.366
18388;-12.88426;-368.5728;-2566.091
18439;-14.27344;-368.8759;-2569.365
18455;-14.99243;-368.9549;-2571.297
18507;-15.26861;-368.749;-2572.887
18541;-15.30478;-368.9963;-2573.327
18575;-15.69587;-368.9789;-2574.265
18592;-15.99371;-369.2153;-2574.457
18630;-16.80923;-370.2008;-2575.563
18663;-17.90837;-370.7519;-2575.991
18708;-17.64927;-370.9709;-2576.29
18724;-17.50266;-371.5951;-2576.237
18758;-17.32603;-371.6925;-2576.382
18791;-16.83834;-372.4823;-2576.835
18825;-15.82893;-373.4941;-2577.174
18875;-12.70037;-374.7494;-2577.672
18892;-10.78077;-375.7666;-2577.85
18926;-9.047465;-376.5278;-2578.104
18960;-7.227266;-377.797;-2578.567
18993;-4.554848;-379.1675;-2579.824
19027;-2.469938;-380.9762;-2580.506
19061;-0.1874372;-380.8366;-2580.497
19094;2.640523;-381.9595;-2581.67
19128;12.97476;-382.404;-2579.731
19179;17.26078;-382.5095;-2579.889
19196;23.94647;-381.8645;-2579.701
19254;25.33909;-382.891;-2580.164
19273;26.68537;-384.3652;-2580.557
19290;32.34604;-385.3669;-2580.636
19324;40.44214;-386.6713;-2580.336
19383;42.14433;-387.3558;-2581.052
19400;43.18713;-387.6582;-2581.032
19417;44.61687;-388.0767;-2581.167
19468;44.92036;-388.7228;-2581.097
19502;44.59619;-388.9283;-2581.242
19536;43.84276;-388.9545;-2580.96
19576;42.48999;-389.1723;-2580.47
19593;41.98244;-389.2813;-2580.313
19626;40.91266;-389.7838;-2580.072
19660;39.90845;-389.3079;-2577.51
19711;37.92407;-389.7279;-2577.214
19727;34.27591;-390.2272;-2577.188
19790;31.82639;-390.45;-2575.581
19805;22.78146;-393.184;-2576.197
19824;11.01273;-396.005;-2578.253
19875;7.08673;-396.2944;-2579.885
19891;0.581048;-395.9062;-2579.39
19943;-2.612877;-396.1701;-2580.023
19995;-9.701876;-395.9368;-2579.999
20020;-14.76714;-395.118;-2579.422
20055;-20.54401;-393.2169;-2580.87
20079;-25.86752;-392.4045;-2581.738
20096;-29.67857;-391.0118;-2581.457
20130;-38.80616;-389.5961;-2587.671
20163;-45.37751;-389.7766;-2589.154
20197;-49.29259;-390.9736;-2590.221
20231;-52.46863;-390.8345;-2590.841
20264;-56.08377;-390.9686;-2591.739
20311;-59.65225;-390.6326;-2593.679
20327;-61.79736;-391.1514;-2594.655
20361;-66.3348;-391.3524;-2596.775
20394;-68.36821;-392.2532;-2597.448
20428;-68.54161;-392.2196;-2597.449
20461;-68.5656;-392.2044;-2598.415
20495;-69.84232;-391.6088;-2598.872
20534;-70.85542;-391.6209;-2599.85
20572;-70.6381;-391.6606;-2599.873
20589;-70.449;-391.6875;-2600.367
20623;-70.12385;-391.6904;-2600.995
20673;-68.05025;-391.7912;-2604.042
20690;-66.6535;-394.0511;-2605.454
20740;-62.54814;-395.5395;-2605.626
20774;-58.58316;-395.6515;-2605.23
20791;-55.01843;-394.9375;-2604.946
20824;-54.67168;-395.862;-2604.837
20860;-51.89095;-394.6834;-2604.529
20894;-48.67754;-393.8032;-2603.291
20927;-46.61773;-393.873;-2601.76
20961;-45.82463;-394.3004;-2601.214
20995;-45.11977;-394.8813;-2601.242
21028;-44.1788;-395.3896;-2601.229
21062;-41.64072;-395.6178;-2600.683
21095;-40.62778;-395.3201;-2600.776
21146;-39.37465;-396.218;-2600.65
21163;-38.89058;-396.2093;-2600.682
21213;-37.94097;-395.6207;-2601.107
21230;-37.37563;-395.1883;-2600.639
21264;-35.84266;-394.7152;-2599.479
21346;-35.97617;-395.0042;-2599.465
21373;-36.52294;-395.0931;-2598.921
21389;-36.63905;-395.3013;-2598.963
21406;-39.77431;-396.4213;-2598.701
21442;-40.76705;-396.456;-2598.259
21464;-42.28513;-396.2383;-2597.358
21492;-43.69011;-395.6291;-2596.616
21526;-50.7835;-394.8854;-2594.888
21559;-61.46744;-391.4438;-2589.442
21593;-66.68557;-391.6559;-2589.663
21643;-77.34719;-389.0622;-2593.312
21660;-82.75153;-387.1973;-2593.598
21694;-84.95808;-387.1477;-2592.819
21728;-85.43899;-387.2304;-2592.7
21778;-94.80653;-391.6262;-2588.938
21795;-102.0435;-393.1489;-2585.858
21829;-106.8593;-394.3719;-2584.616
21863;-112.1446;-394.1031;-2581.344
21996;-116.1509;-393.3953;-2578.598
22032;-116.2843;-393.2603;-2578.267
22054;-117.8078;-392.4124;-2577.525
22072;-119.8457;-392.0648;-2574.536
22087;-123.9021;-392.6872;-2572.854
22156;-123.8811;-392.8423;-2572.575
22184;-124.1378;-392.7906;-2572.457
22215;-124.0085;-392.1231;-2570.992
22232;-122.6343;-392.1623;-2569.382
22265;-127.9823;-394.2311;-2569.027
22305;-126.1209;-395.2916;-2569.178
22333;-120.7743;-393.043;-2568.769
22368;-116.7018;-390.5477;-2569.206
22401;-115.1311;-388.8117;-2569.721
22435;-111.2622;-386.7459;-2569.906
22469;-103.6824;-386.5564;-2568.663
22492;-98.88424;-383.8977;-2570.902
22536;-96.30823;-384.7532;-2569.226
22571;-91.07587;-387.0905;-2569.937
22603;-87.87177;-388.0752;-2571.401
22623;-82.4699;-388.4094;-2572.136
22668;-80.77307;-388.0099;-2571.915
22704;-78.77487;-389.0239;-2573.349
22737;-74.7412;-389.8849;-2574.79
22771;-72.23409;-389.6933;-2574.376
22855;-69.94586;-389.6043;-2574.964
22890;-65.67303;-388.811;-2575.187
22906;-64.30507;-388.4079;-2574.794
22923;-64.35986;-388.4271;-2574.73
22960;-63.75629;-387.2092;-2575.186
23011;-63.5956;-386.9345;-2575.184
23028;-63.38549;-387.1866;-2575.099
23061;-62.43923;-387.818;-2575.047
23095;-61.66376;-388.4321;-2575.387
23129;-57.03519;-387.0728;-2569.698
23193;-57.35265;-387.3537;-2569.934
23209;-56.43415;-387.6549;-2568.257
23243;-56.54734;-387.5816;-2568.278
23277;-57.07936;-387.6263;-2568.314
23310;-57.36996;-387.6261;-2568.386
23327;-59.55374;-387.4227;-2568.884
23361;-61.29306;-386.3793;-2570.733
23395;-64.0502;-386.9958;-2570.454
23449;-63.77832;-385.9962;-2571.3
23471;-65.02552;-386.0826;-2571.768
23505;-66.79575;-386.4139;-2573.508
23538;-69.0074;-387.0594;-2573.647
23559;-69.96616;-387.4614;-2574.157
23593;-72.67734;-387.7687;-2575.54
23643;-75.59892;-387.5363;-2576.501
23677;-80.53796;-388.4624;-2576.711
23711;-83.29101;-388.1627;-2577.375
23730;-85.13178;-388.0378;-2577.003
23763;-85.03907;-387.8685;-2577.136
23814;-88.4162;-388.0521;-2576.278
23831;-89.04187;-387.5249;-2576.117
23867;-89.86644;-387.4856;-2577.098
23889;-93.7896;-386.7493;-2579.187
23922;-94.55745;-386.5046;-2580.434
23956;-95.65929;-384.9577;-2582.81
23990;-98.47679;-383.6505;-2585.001
24040;-102.4689;-382.6275;-2586.768
24074;-104.0332;-381.8612;-2587.054
24094;-105.8434;-381.2498;-2587.043
24121;-106.5488;-381.2305;-2587.316
24155;-108.0156;-382.3692;-2587.223
24188;-110.136;-383.8415;-2586.658
24238;-111.4316;-383.945;-2586.531
24272;-111.9679;-384.068;-2586.846
24289;-113.0592;-383.9953;-2587.0
24339;-114.8392;-384.3061;-2588.007
24356;-115.993;-384.329;-2588.136
24391;-116.893;-383.8026;-2588.923
24424;-117.164;-383.7513;-2589.0
24458;-117.4476;-384.0406;-2589.972
24492;-119.3372;-384.0081;-2589.792
24526;-120.08;-385.3695;-2591.821
24576;-121.0904;-385.8283;-2592.205
24594;-122.2165;-389.3528;-2595.532
24628;-124.5391;-391.6069;-2596.289
24662;-125.1563;-390.4134;-2597.545
24695;-125.2569;-390.301;-2598.36
24729;-125.6268;-389.5479;-2600.498
24763;-125.9054;-388.8172;-2601.568
24797;-127.5014;-390.7714;-2601.852
24830;-126.3501;-391.4056;-2602.574
24864;-126.3207;-391.5767;-2602.964
24894;-125.6018;-391.3657;-2603.571
24928;-124.1626;-388.7416;-2604.196
24979;-123.3273;-387.5829;-2605.278
24995;-121.5313;-388.2598;-2606.766
25029;-119.5103;-389.0115;-2609.059
25063;-118.5899;-388.4513;-2609.236
25097;-116.1855;-388.1879;-2610.284
25131;-114.3184;-387.9002;-2611.928
25165;-111.5313;-387.087;-2612.894
25199;-108.041;-387.0833;-2612.995
25232;-105.398;-388.1977;-2612.708
25266;-103.1627;-388.1522;-2612.681
25304;-98.3875;-387.33;-2610.425
25345;-96.34776;-387.5339;-2609.728
25361;-95.44355;-387.5078;-2609.524
25412;-94.3699;-386.845;-2609.02
25429;-88.15914;-385.8356;-2605.543
25462;-86.11209;-384.5107;-2608.727
25496;-82.71854;-385.1702;-2609.164
25530;-80.52387;-384.8504;-2609.739
25563;-78.34821;-385.603;-2608.69
25597;-72.9856;-390.2712;-2606.272
25631;-73.23831;-392.8015;-2604.712
25664;-73.18909;-393.5184;-2604.314
25698;-70.63793;-394.7646;-2602.654
25739;-68.02687;-396.6689;-2600.301
25765;-63.50549;-395.743;-2595.294
25799;-63.35639;-395.8333;-2595.24
25833;-63.01439;-395.5709;-2593.37
25867;-63.19658;-395.934;-2592.402
25903;-64.01438;-396.7402;-2589.882
25921;-65.17931;-396.5074;-2589.043
25970;-67.64285;-395.9211;-2587.505
25988;-70.88126;-392.7306;-2586.626
26021;-72.93758;-389.8075;-2587.251
26055;-74.71908;-388.4781;-2587.296
26089;-74.71384;-388.1155;-2586.117
26122;-77.21124;-389.8761;-2583.397
26173;-77.57494;-390.3629;-2582.487
26190;-78.78388;-390.6236;-2582.339
26223;-80.43285;-390.8313;-2580.743
26258;-80.26151;-390.6855;-2580.499
26316;-80.81156;-390.059;-2579.748
26345;-81.17972;-390.1683;-2578.946
26372;-82.78096;-390.6049;-2576.503
26405;-84.92854;-390.4084;-2575.492
26439;-86.68366;-391.3254;-2572.698
26473;-87.44912;-391.153;-2571.891
26507;-87.30069;-390.8522;-2571.466
26540;-87.01284;-390.4844;-2570.452
26574;-87.35649;-390.5945;-2569.192
26607;-87.83342;-390.6985;-2568.252
26624;-87.9296;-390.617;-2567.565
26658;-87.82798;-390.3419;-2567.677
26692;-87.69091;-390.1284;-2567.416
26741;-87.89511;-390.0726;-2567.275
26767;-88.27026;-390.3023;-2566.161
26801;-90.63673;-390.3632;-2565.944
26834;-90.16479;-389.8193;-2565.87
26868;-89.95875;-389.889;-2565.869
26902;-90.15849;-389.5851;-2566.037
26919;-90.6125;-389.821;-2566.654
26959;-90.35879;-389.8168;-2566.825
27009;-87.75581;-389.4509;-2566.224
27081;-87.13642;-389.7242;-2566.157
27124;-83.7781;-387.1136;-2568.938
27140;-82.36199;-389.1813;-2568.094
27157;-81.9855;-389.2099;-2568.091
27191;-80.97955;-388.7506;-2568.649
27241;-80.93917;-388.8135;-2568.622
27258;-79.32005;-389.5484;-2567.915
27292;-79.29073;-389.7581;-2567.524
27326;-77.81602;-390.3135;-2566.392
27360;-77.82796;-390.0486;-2566.092
27410;-77.21239;-390.0894;-2565.251
27427;-76.56047;-389.8062;-2563.667
27478;-76.41673;-389.5345;-2563.006
27494;-75.82574;-388.9625;-2562.216
27545;-74.84871;-387.9356;-2560.501
27562;-74.36179;-387.8124;-2559.49
27612;-73.81572;-388.8461;-2558.168
27629;-68.62271;-385.3181;-2556.756
27675;-67.44618;-384.7517;-2556.787
27691;-65.68973;-383.9199;-2556.125
27741;-65.77152;-385.1438;-2555.477
27758;-66.03103;-385.2463;-2555.43
27793;-65.905;-385.1787;-2555.08
27826;-65.38957;-384.9154;-2555.031
27859;-65.19438;-384.961;-2554.616
27893;-63.78658;-385.3117;-2554.263
27927;-63.83236;-385.5195;-2554.175
27961;-61.32592;-385.4346;-2553.609
27994;-60.14308;-385.3377;-2553.307
28028;-60.15404;-386.1458;-2553.799
28062;-57.96492;-385.5663;-2552.833
28095;-56.34423;-385.706;-2552.433
28129;-55.93238;-385.4581;-2551.418
28163;-55.74072;-385.3552;-2551.285
28196;-56.64;-384.9233;-2552.273
28230;-56.39595;-384.8048;-2552.073
28264;-56.81447;-384.6692;-2552.66
28297;-56.76783;-384.8491;-2552.545
28331;-56.7254;-384.9083;-2552.492
28365;-57.95408;-387.0052;-2550.225
28399;-59.22147;-387.6461;-2550.175
28433;-62.02194;-388.5057;-2550.749
28466;-63.34613;-389.3912;-2550.824
28501;-63.58021;-389.8568;-2551.192
28526;-64.79488;-390.3303;-2552.943
28560;-65.20815;-390.7952;-2553.432
28593;-65.24654;-390.8644;-2553.584
28628;-65.21288;-391.1408;-2554.634
28678;-65.13373;-391.323;-2554.539
28696;-64.85118;-391.4278;-2554.632
28729;-65.14087;-391.2804;-2554.864
28780;-65.59118;-390.6659;-2555.421
28796;-65.801;-390.9471;-2555.086
28829;-65.84048;-390.8582;-2555.132
28862;-64.01433;-389.7694;-2552.023
28895;-63.58737;-388.1227;-2551.242
28929;-62.17881;-387.0104;-2550.221
28976;-60.25193;-386.5624;-2549.545
29003;-59.22438;-385.7719;-2548.744
29037;-57.38339;-385.9203;-2548.632
29070;-56.08554;-385.7082;-2548.677
29104;-54.63562;-385.5451;-2549.018
29138;-54.02704;-385.2732;-2549.01
29174;-53.28518;-384.5427;-2549.22
29191;-53.06927;-384.5644;-2549.177
29225;-53.25147;-384.4014;-2548.764
29258;-52.91566;-384.0775;-2549.018
29292;-52.84868;-384.1075;-2548.866
29325;-52.84599;-384.1053;-2548.92
29359;-53.186;-384.0697;-2548.703
29410;-53.61702;-384.1966;-2548.526
29426;-54.07311;-384.1339;-2548.398
29477;-54.39964;-384.1915;-2548.36
29511;-54.51403;-384.2306;-2548.34
29529;-54.92076;-383.842;-2548.212
29563;-54.97343;-383.8541;-2548.252
29596;-55.01575;-383.7498;-2548.284
29630;-55.74324;-383.7689;-2549.566
29664;-55.8844;-383.6901;-2549.655
29698;-55.93231;-383.6617;-2549.886
29731;-56.1204;-383.7065;-2549.878
29765;-56.00022;-383.4689;-2549.854
29815;-55.73332;-383.4992;-2549.872
29835;-55.32941;-383.4585;-2550.025
29868;-55.30491;-383.2971;-2549.951
29890;-55.32851;-383.2939;-2549.979
29935;-55.17049;-383.4439;-2550.078
29969;-55.2131;-383.7046;-2550.204
30002;-55.04655;-383.5735;-2550.089
30019;-53.93478;-382.8024;-2549.788
30070;-53.46354;-382.8214;-2550.243
30104;-53.38649;-382.6661;-2550.293
30138;-52.87382;-380.9437;-2550.99
30155;-53.08639;-378.5258;-2551.908
30205;-54.63059;-376.169;-2552.323
30239;-55.52666;-374.5119;-2552.377
30272;-56.40492;-373.8861;-2553.321
30293;-57.80996;-372.6478;-2554.796
30339;-60.38653;-372.1408;-2556.541
30373;-62.61368;-371.446;-2558.498
30391;-64.18473;-370.7068;-2558.971
30429;-66.14332;-370.3138;-2560.053
30462;-67.15581;-370.3054;-2560.531
30512;-68.63259;-369.6863;-2561.618
30532;-70.79886;-368.4657;-2563.767
30566;-72.33167;-367.5695;-2564.724
30599;-73.9126;-366.7098;-2565.839
30633;-76.51276;-366.3058;-2566.356
30667;-78.60937;-365.8906;-2567.779
30701;-80.00797;-365.1952;-2568.946
30719;-80.97068;-364.8319;-2569.28
30768;-82.36534;-364.4655;-2569.35
30802;-83.12514;-364.3915;-2569.164
30835;-83.75558;-364.4776;-2569.223
30869;-83.81918;-364.4532;-2569.257
30903;-84.30553;-363.8729;-2569.622
30938;-85.7908;-363.355;-2569.813
30970;-87.12493;-362.9834;-2570.217
30993;-88.38841;-362.7739;-2570.448
31043;-88.63487;-362.3723;-2570.758
31061;-89.16653;-361.9179;-2571.143
31095;-89.37339;-361.7508;-2571.486
31151;-89.73299;-361.4608;-2572.175
31162;-91.92558;-360.6563;-2572.934
31196;-92.14417;-360.2507;-2573.415
31230;-92.30291;-360.239;-2573.665
31263;-92.46548;-359.9732;-2574.528
31314;-94.56144;-360.1633;-2575.091
31331;-95.5921;-360.52;-2576.43
31364;-95.40292;-360.5504;-2577.43
31398;-95.99524;-360.2511;-2578.724
31432;-95.75678;-360.1816;-2579.526
31466;-95.45215;-360.6653;-2579.559
31516;-95.1405;-362.0145;-2580.8
31537;-94.56136;-362.7344;-2580.624
31553;-94.48665;-362.9734;-2580.422
31620;-94.70609;-363.4388;-2580.092
31637;-95.28204;-364.2952;-2579.718
31654;-95.63483;-365.3989;-2579.342
31696;-96.0926;-366.1582;-2578.377
31726;-95.59421;-366.7347;-2577.81
31777;-95.26478;-367.8569;-2577.156
31794;-94.32581;-368.8903;-2576.633
31828;-93.0588;-370.1743;-2575.984
31861;-92.33089;-371.3839;-2573.913
31895;-91.33601;-371.8662;-2572.585
31937;-89.27674;-373.0663;-2571.73
31971;-88.82449;-373.8525;-2570.134
32005;-88.63808;-375.0239;-2569.184
32038;-88.02843;-375.7896;-2568.524
32055;-87.80313;-376.2017;-2567.738
32089;-87.74535;-376.9874;-2567.241
32123;-85.64292;-377.0076;-2567.392
32156;-85.32632;-377.9518;-2567.544
32207;-85.14454;-377.8857;-2567.477
32224;-83.03811;-378.2536;-2565.432
32258;-84.27214;-378.0112;-2565.577
32292;-86.62405;-379.1149;-2564.65
32326;-88.68654;-380.8638;-2564.326
32360;-99.50365;-383.6064;-2565.465
32393;-101.3304;-383.8525;-2566.104
32427;-102.7352;-384.2111;-2565.571
32461;-100.5179;-385.1008;-2562.7
32495;-99.77483;-383.5667;-2563.365
32528;-100.2055;-382.8942;-2563.806
32562;-100.0204;-382.3082;-2564.015
32595;-99.7506;-381.8344;-2563.709
32629;-99.59261;-381.7464;-2563.747
32663;-99.33794;-381.3793;-2563.8
32696;-98.01864;-381.0414;-2564.778
32730;-95.59001;-381.7532;-2562.271
32764;-95.27905;-381.7117;-2562.292
32798;-89.66666;-381.9625;-2560.185
32852;-81.20053;-381.5594;-2559.75
32869;-77.14429;-382.0414;-2559.507
32902;-71.0872;-380.3461;-2559.748
32936;-68.8783;-380.0677;-2559.289
32970;-67.37034;-380.5042;-2558.525
32987;-66.9806;-379.5562;-2559.386
33037;-67.00642;-380.8739;-2557.938
33054;-66.8474;-380.9518;-2557.666
33104;-65.91408;-381.104;-2556.724
33122;-65.17995;-380.8002;-2555.72
33172;-64.98348;-379.8262;-2555.632
33190;-65.25078;-378.7469;-2555.406
33222;-65.60088;-378.274;-2555.537
33256;-66.82952;-378.3215;-2557.245
33290;-68.23013;-377.2711;-2557.862
33324;-70.69109;-375.5203;-2558.524
33357;-72.48924;-374.7438;-2559.594
33417;-74.51194;-373.1374;-2560.27
33486;-79.76951;-371.8227;-2561.13
33564;-82.38555;-371.178;-2561.681
33584;-85.39162;-369.1641;-2562.706
33601;-85.62231;-368.4329;-2563.429
33618;-85.75486;-367.743;-2563.996
33634;-87.44301;-367.3131;-2564.076
33668;-88.05115;-366.6433;-2564.402
33715;-88.40261;-365.8736;-2564.822
33733;-91.33456;-364.0913;-2566.561
33766;-91.79185;-362.9525;-2567.498
33800;-92.90436;-362.7921;-2568.694
33834;-95.01747;-362.4529;-2569.951
33868;-95.39095;-361.7434;-2572.205
33901;-96.1479;-362.1438;-2572.781
33935;-96.43702;-362.1746;-2572.922
33969;-96.59974;-362.2339;-2573.267
34002;-96.40151;-362.3602;-2573.918
34036;-96.24083;-362.9769;-2574.272
34070;-95.82948;-363.6604;-2574.885
34103;-95.97956;-364.0984;-2575.043
34150;-95.59193;-364.7982;-2575.774
34169;-95.95698;-365.7704;-2576.139
34202;-94.83108;-366.0591;-2576.647
34236;-94.53079;-366.3852;-2576.898
34270;-92.74467;-367.4738;-2577.933
34303;-91.5372;-368.2482;-2578.653
34337;-90.34812;-368.9909;-2578.62
34371;-89.56052;-368.8944;-2578.973
34404;-89.53642;-368.9378;-2578.975
34438;-88.39204;-369.6096;-2579.402
34455;-86.01087;-370.7953;-2579.646
34492;-85.1509;-371.3083;-2580.049
34624;-80.0845;-376.5116;-2578.441
34678;-78.47086;-378.7262;-2577.517
34695;-77.74882;-379.0444;-2577.688
34711;-76.79809;-380.5701;-2577.227
34745;-78.16849;-380.9658;-2577.203
34762;-79.57856;-380.8965;-2577.001
34796;-79.62344;-380.3313;-2577.031
34829;-80.58215;-379.923;-2577.257
34863;-84.13612;-380.2611;-2577.994
34897;-94.24798;-380.2876;-2584.694
34942;-97.70644;-381.2758;-2588.148
35024;-98.8442;-380.7497;-2588.372
35117;-99.68985;-380.4022;-2588.284
35137;-100.3965;-379.7976;-2588.103
35154;-102.493;-379.4355;-2588.419
35177;-104.4707;-380.2279;-2588.742
35200;-104.7335;-379.9995;-2588.393
35234;-104.1908;-379.1532;-2587.363
35268;-103.7079;-378.3685;-2585.063
35302;-102.1574;-379.7734;-2579.621
35336;-100.0968;-380.9102;-2576.44
35369;-97.74154;-381.5013;-2573.868
35403;-94.78311;-382.1535;-2569.044
35421;-93.0326;-381.9922;-2567.698
35471;-90.71519;-382.7003;-2563.381
35505;-89.27105;-382.9128;-2562.534
35539;-87.59741;-382.6607;-2559.219
35556;-87.88808;-383.5557;-2555.464
35593;-86.86918;-383.0472;-2552.893
35626;-87.6035;-383.0508;-2550.93
35681;-87.64059;-382.8618;-2548.981
35704;-87.70741;-382.8306;-2547.34
35728;-87.22066;-382.2939;-2546.334
35762;-87.50862;-381.8127;-2545.575
35801;-88.18829;-381.807;-2544.795
35829;-88.1298;-381.6036;-2544.761
35862;-89.2737;-380.1382;-2544.429
35896;-90.71847;-379.3761;-2543.963
35947;-91.28799;-379.0246;-2544.064
35963;-91.66572;-378.4081;-2544.135
35997;-92.19492;-377.5315;-2544.111
36034;-92.61451;-376.8651;-2543.965
36054;-93.39332;-376.0949;-2543.729
36115;-94.28068;-374.9662;-2543.55
36132;-94.51751;-374.563;-2543.63
36166;-94.4077;-374.0758;-2543.857
36200;-94.80588;-373.1933;-2544.28
36233;-95.25082;-372.8326;-2544.241
36267;-95.39429;-371.9313;-2544.816
36301;-95.47526;-371.1877;-2545.656
36334;-95.35844;-370.6908;-2546.074
36368;-95.49123;-370.1659;-2546.458
36402;-95.20402;-369.8635;-2547.128
36438;-94.83768;-369.3013;-2547.877
36471;-94.9307;-369.1186;-2548.118
36504;-93.96584;-368.7221;-2548.582
36522;-93.63079;-368.5381;-2548.987
36572;-93.10574;-368.1927;-2549.401
36589;-92.82685;-368.0658;-2549.639
36640;-92.4694;-367.8926;-2550.053
36656;-91.82206;-367.8152;-2550.184
36690;-91.38973;-368.0253;-2550.046
36723;-90.57188;-368.703;-2550.043
36757;-89.41698;-369.7553;-2549.978
36792;-88.42026;-370.1145;-2549.896
36839;-86.74892;-371.6609;-2550.185
36856;-85.35458;-373.6991;-2550.658
36906;-84.05639;-374.609;-2550.364
36923;-83.17785;-375.1042;-2550.089
36957;-82.37267;-375.9295;-2549.897
36991;-81.27016;-377.0941;-2549.478
37041;-78.59565;-378.6584;-2548.485
37058;-77.41043;-380.3349;-2547.853
37092;-76.95648;-381.0345;-2547.463
37125;-76.67455;-381.3228;-2547.021
37159;-76.36693;-381.3951;-2546.882
37252;-76.35854;-382.5323;-2546.695
37318;-77.73758;-382.4512;-2547.281
37334;-81.37328;-383.1418;-2548.564
37368;-83.4948;-383.6376;-2547.719
37402;-84.19344;-383.8706;-2547.517
37435;-89.01784;-384.8015;-2547.089
37469;-92.67584;-386.1798;-2546.221
37503;-92.83776;-386.4267;-2545.588
37536;-93.18771;-386.916;-2543.673
37570;-93.28621;-386.7742;-2542.94
37587;-93.17043;-386.7203;-2542.475
37638;-93.24318;-386.8004;-2541.273
37654;-93.18799;-386.9257;-2540.456
37705;-92.87752;-387.9738;-2539.58
37722;-92.03853;-387.6311;-2537.797
37772;-90.53246;-386.8976;-2536.884
37792;-89.62084;-386.0976;-2535.936
37825;-88.07601;-385.2106;-2535.57
37861;-86.85182;-383.42;-2534.588
37895;-86.53199;-383.2615;-2534.641
37946;-86.18513;-383.3699;-2534.865
37962;-85.80773;-383.5098;-2534.907
37997;-85.00497;-383.5356;-2534.166
38031;-84.7458;-383.5405;-2533.479
38064;-84.53682;-383.4939;-2533.118
38098;-83.97684;-382.6871;-2532.901
38132;-81.50436;-380.5342;-2533.166
38166;-80.54592;-379.6436;-2533.537
38200;-80.34947;-378.6368;-2534.731
38233;-80.07365;-377.6481;-2535.073
38267;-79.94688;-375.3562;-2536.165
38328;-79.82699;-375.4778;-2535.886
38428;-80.46217;-375.0283;-2538.837
38444;-80.93076;-374.6932;-2539.894
38473;-82.34489;-373.2506;-2541.712
38490;-82.83421;-372.6416;-2542.997
38524;-82.86481;-372.041;-2544.405
38558;-82.88375;-372.1585;-2544.34
38591;-82.98588;-372.3111;-2544.257
38625;-83.48975;-371.7809;-2545.465
38659;-83.51733;-371.8215;-2545.645
38692;-83.64723;-371.9546;-2545.777
38726;-83.84737;-372.0385;-2545.983
38760;-84.8924;-371.3363;-2547.707
38794;-85.01699;-370.9023;-2549.907
38828;-85.23461;-370.9137;-2549.908
38861;-85.80934;-370.0096;-2553.73
38895;-86.6967;-369.4968;-2556.356
38928;-86.50203;-369.3275;-2557.149
38964;-86.3989;-369.0386;-2557.616
38990;-86.51551;-368.8636;-2558.402
39024;-86.66778;-368.7261;-2559.278
39058;-87.91061;-368.1525;-2559.765
39092;-87.87348;-368.2288;-2561.54
39125;-88.02718;-368.163;-2562.768
39159;-88.06172;-367.8022;-2563.754
39193;-88.33175;-367.6814;-2563.978
39243;-87.93648;-367.7418;-2565.142
39260;-87.15041;-368.3835;-2565.659
39294;-86.83031;-369.2498;-2565.693
39327;-86.59278;-369.6394;-2565.798
39378;-87.56508;-372.0401;-2562.564
39395;-85.89192;-374.1566;-2560.606
39445;-85.38251;-374.1825;-2561.525
39480;-85.25982;-374.8127;-2562.376
39496;-84.93683;-375.302;-2564.129
39530;-84.87199;-375.2195;-2564.513
39563;-85.00928;-375.8688;-2564.556
39614;-84.96967;-375.8406;-2564.757
39631;-84.93932;-375.8481;-2564.679
39682;-86.50475;-377.231;-2563.325
39716;-88.91477;-377.6996;-2563.502
39749;-92.8318;-380.1764;-2566.105
39772;-100.0332;-381.9;-2569.923
39801;-104.9447;-380.0298;-2571.422
39835;-104.9206;-380.0655;-2571.463
39869;-104.8898;-380.045;-2571.135
39903;-107.6733;-375.7925;-2575.063
39937;-106.656;-374.8866;-2577.038
39973;-107.0292;-374.5239;-2577.714
39989;-107.6321;-373.8948;-2579.184
40040;-111.2019;-374.6036;-2582.155
40057;-108.6335;-372.3717;-2580.647
40107;-103.6858;-369.5244;-2573.8
40141;-98.98112;-370.4361;-2571.778
40175;-92.44081;-376.9189;-2562.223
40192;-90.25236;-378.0197;-2558.805
40225;-91.17017;-378.1957;-2558.99
40259;-96.1123;-378.8014;-2557.375
40293;-96.58257;-378.6072;-2557.148
40326;-96.54929;-378.4979;-2557.604
40360;-96.49149;-378.0424;-2558.094
40394;-98.89881;-379.413;-2552.752
40428;-98.59115;-378.3541;-2554.802
40461;-98.60111;-377.0735;-2556.403
40495;-98.5223;-377.018;-2556.425
40529;-98.27837;-376.5306;-2556.981
40562;-98.38129;-375.7041;-2557.852
40597;-98.33227;-375.319;-2558.008
40631;-98.37502;-374.5772;-2557.614
40664;-98.20795;-373.8104;-2557.462
40698;-100.2649;-371.565;-2556.79
40732;-100.9971;-370.3811;-2556.233
40766;-100.8128;-369.7579;-2555.895
40803;-100.9138;-369.2365;-2555.652
40839;-101.7312;-368.6229;-2554.776
40873;-102.4657;-367.941;-2553.72
40890;-103.3792;-367.5688;-2552.605
40985;-103.2827;-366.0877;-2551.73
41112;-103.4347;-363.2371;-2548.618
41159;-102.4694;-362.6208;-2547.154
41211;-100.3535;-362.3974;-2545.827
41228;-98.33289;-362.0472;-2544.946
41262;-97.31802;-362.2123;-2544.397
41296;-96.06528;-362.9459;-2543.774
41329;-94.83764;-363.7211;-2542.609
41364;-93.22099;-364.5108;-2542.104
41398;-92.88287;-365.4288;-2541.478
41431;-90.94547;-368.1851;-2539.673
41465;-88.38735;-368.9814;-2539.171
41500;-86.15598;-369.6458;-2538.794
41534;-82.69267;-371.0382;-2538.583
41567;-79.51813;-373.7762;-2538.051
41601;-75.38084;-375.7593;-2537.217
41635;-74.1561;-376.4739;-2536.882
41669;-73.17367;-377.6205;-2536.724
41717;-71.93843;-377.6144;-2536.282
41767;-71.94443;-377.7115;-2536.332
41784;-72.04284;-377.9815;-2536.063
41818;-72.30506;-378.2467;-2535.653
41868;-71.1331;-379.3358;-2535.461
41886;-71.45293;-379.5222;-2535.149
41936;-72.0605;-379.732;-2534.787
41969;-73.12731;-379.8175;-2534.281
42003;-74.70779;-380.2089;-2533.827
42020;-76.67049;-380.5654;-2534.073
42071;-78.2813;-381.0652;-2533.926
42088;-82.69469;-381.9471;-2534.921
42138;-85.96142;-382.27;-2535.114
42172;-87.33854;-382.8366;-2534.91
42189;-86.77643;-382.6316;-2534.764
42240;-85.03664;-380.6554;-2535.823
42257;-84.35016;-380.8222;-2535.893
42307;-83.78615;-380.7292;-2535.705
42341;-82.30821;-380.8791;-2535.259
42358;-81.64207;-381.3968;-2535.129
42391;-80.92817;-381.3601;-2535.833
42425;-80.63078;-381.3421;-2536.402
42459;-79.24457;-381.1095;-2537.417
42492;-78.94157;-380.9397;-2537.844
42526;-78.74223;-380.0229;-2538.039
42561;-79.15478;-378.9972;-2538.524
42611;-79.51426;-377.2964;-2539.728
42628;-79.97941;-375.0454;-2541.316
42662;-81.15417;-373.3641;-2542.531
42696;-82.18826;-372.1232;-2545.217
42729;-85.26452;-372.1716;-2549.712
42763;-86.33534;-372.518;-2552.432
42797;-86.80833;-372.3648;-2553.082
42831;-88.35363;-372.0232;-2554.676
42864;-89.44917;-371.2311;-2556.105
42898;-90.3576;-371.0915;-2556.69
42932;-90.68816;-370.998;-2556.884
42965;-91.51453;-370.6521;-2557.18
43001;-92.56763;-370.2739;-2557.708
43026;-94.61823;-369.8018;-2558.178
43061;-95.98052;-369.7823;-2558.334
43094;-96.71612;-369.6239;-2558.597
43144;-97.25494;-369.505;-2559.015
43161;-97.82406;-369.5338;-2559.175
43195;-100.803;-367.534;-2560.246
43228;-101.6323;-366.4722;-2561.076
43279;-101.8164;-366.2551;-2561.422
43296;-102.2496;-365.9698;-2561.896
43330;-102.5733;-365.4438;-2562.515
43363;-102.7531;-365.2323;-2562.876
43397;-102.9422;-365.1349;-2563.071
43430;-102.6143;-365.1142;-2563.77
43464;-102.6691;-364.8464;-2564.576
43498;-102.8539;-364.8502;-2564.57
43532;-102.5973;-364.7968;-2564.722
43583;-102.5887;-364.8314;-2564.819
43616;-101.9592;-365.1936;-2564.863
43634;-100.7916;-365.1198;-2565.178
43667;-99.73165;-364.8107;-2565.337
43701;-99.38049;-364.7119;-2565.279
43752;-98.22105;-364.3555;-2565.343
43769;-97.43382;-364.5418;-2564.938
43802;-97.2346;-364.6396;-2564.843
43836;-96.38238;-364.8353;-2564.501
43853;-95.97709;-364.8135;-2564.535
43904;-95.72144;-364.899;-2564.622
43937;-95.44527;-365.7697;-2564.476
43956;-95.17841;-366.101;-2564.572
44004;-93.5434;-366.6739;-2564.658
44037;-91.57915;-367.6869;-2564.229
44071;-91.0863;-368.9091;-2563.344
44105;-91.21491;-370.7259;-2562.518
44139;-91.55874;-372.4322;-2562.018
44173;-91.49577;-372.9012;-2561.815
44206;-90.32779;-373.402;-2561.62
44241;-90.34628;-374.0644;-2561.37
44258;-90.20561;-374.4099;-2561.307
44295;-89.01449;-375.1239;-2560.833
44329;-89.23771;-375.8568;-2560.406
44385;-89.03509;-376.4297;-2559.658
44402;-92.19501;-379.7531;-2557.174
44435;-95.51601;-379.3126;-2557.254
44469;-97.51212;-379.2676;-2556.181
44503;-98.88696;-379.1449;-2555.17
44536;-98.9327;-377.6249;-2555.84
44570;-98.80986;-376.0827;-2555.695
44604;-95.23557;-374.0949;-2554.303
44637;-91.192;-372.9661;-2551.8
44671;-89.53849;-373.3029;-2550.719
44705;-88.01499;-373.2358;-2550.53
44739;-86.73851;-373.6265;-2549.705
44772;-86.60553;-374.0362;-2549.215
44806;-86.24693;-374.4277;-2548.808
44823;-86.22482;-374.8767;-2548.145
44873;-85.34855;-375.3643;-2547.771
44907;-85.31779;-375.3487;-2547.748
44941;-85.47855;-375.2019;-2547.989
44974;-85.5797;-375.0092;-2548.384
44991;-85.98697;-374.6896;-2549.126
45025;-86.4387;-374.3349;-2549.957
45059;-87.24929;-373.5439;-2551.764
45092;-87.79931;-372.5853;-2553.12
45143;-88.63296;-371.9954;-2553.713
45160;-91.02647;-370.9088;-2554.459
45193;-91.54301;-370.5246;-2554.992
45227;-93.30916;-369.4946;-2555.624
45261;-94.17465;-369.11;-2555.888
45311;-95.88497;-368.78;-2556.011
45328;-97.28989;-367.7871;-2556.086
45362;-97.91078;-367.2502;-2556.33
45396;-98.07469;-367.1581;-2556.416
45429;-98.67166;-366.8333;-2556.401
45463;-98.76328;-366.5081;-2556.513
45497;-98.98058;-366.1899;-2556.412
45534;-98.59475;-365.688;-2556.711
45567;-98.35847;-365.1533;-2556.917
45600;-97.9823;-364.8369;-2557.095
45641;-97.89174;-364.544;-2557.281
45676;-97.46126;-364.517;-2557.494
45693;-96.79415;-364.1848;-2557.695
45743;-95.65633;-364.3425;-2557.893
45764;-94.74181;-364.4918;-2557.561
45795;-94.01901;-364.6978;-2557.453
45828;-93.3757;-364.84;-2557.461
45878;-93.18681;-365.0555;-2557.364
45895;-91.65115;-366.0658;-2556.867
45946;-91.34142;-366.7531;-2556.033
45980;-89.45158;-367.1589;-2554.83
45999;-88.83239;-367.4497;-2555.043
46033;-86.52911;-368.9459;-2554.236
46083;-84.97762;-369.9305;-2553.941
46100;-83.80071;-370.8261;-2553.024
46134;-82.14776;-371.6202;-2552.877
46168;-81.35461;-372.7083;-2552.128
46201;-81.27397;-372.7451;-2552.211
46235;-81.42603;-372.969;-2552.154
46269;-81.56084;-373.5799;-2552.465
46302;-81.31892;-373.5509;-2552.786
46336;-81.87547;-373.1778;-2553.939
46371;-82.85974;-372.8969;-2553.792
46394;-86.30759;-373.1634;-2553.01
46444;-98.40523;-374.9881;-2551.4
46479;-99.51917;-375.8586;-2552.216
46496;-99.76726;-376.5771;-2552.01
46530;-101.7675;-376.4279;-2551.943
46580;-101.9964;-376.8477;-2551.307
46597;-102.3783;-376.9758;-2550.971
46630;-102.8039;-377.0795;-2549.759
46664;-102.7277;-376.877;-2549.39
46698;-102.7066;-376.7936;-2549.292
46732;-102.6402;-376.7095;-2549.279
46765;-100.8917;-376.3969;-2549.422
46799;-99.4598;-375.5877;-2549.958
46833;-94.05781;-375.5061;-2549.49
46867;-91.0958;-375.9706;-2548.57
46900;-85.59651;-375.4308;-2548.661
46934;-84.91576;-375.0925;-2548.157
46971;-83.35188;-374.7237;-2546.824
47005;-83.33841;-375.0232;-2546.547
47039;-83.34873;-375.0153;-2546.239
47066;-83.20448;-373.5068;-2545.41
47099;-83.13464;-373.0469;-2544.723
47133;-83.91557;-372.6405;-2544.538
47167;-83.75744;-371.9324;-2544.238
47200;-83.46563;-371.7225;-2544.343
47234;-83.63165;-371.5164;-2544.582
47292;-84.34428;-370.6379;-2545.426
47309;-85.28568;-369.8272;-2546.751
47325;-86.567;-369.488;-2547.185
47359;-87.85807;-368.9462;-2547.963
47395;-89.28474;-367.744;-2549.262
47428;-90.44087;-367.2053;-2550.082
47470;-91.28348;-366.8962;-2550.44
47504;-91.35098;-367.0401;-2550.8
47521;-91.23676;-366.6439;-2551.192
47572;-91.35418;-366.6512;-2551.651
47605;-91.41917;-365.7188;-2553.306
47623;-91.57634;-365.9399;-2553.372
47673;-91.91502;-366.0197;-2553.69
47707;-92.01673;-365.9953;-2554.01
47723;-91.95029;-365.9856;-2554.415
47774;-91.99677;-365.9564;-2554.685
47791;-92.32199;-365.5474;-2555.436
47824;-92.63008;-365.6894;-2555.642
47864;-92.68378;-365.969;-2555.776
47897;-92.90237;-366.1894;-2555.889
47930;-92.8755;-366.5422;-2555.968
47964;-92.47655;-367.1193;-2555.943
47998;-92.34889;-367.6885;-2555.847
48031;-91.82263;-368.7742;-2554.67
48065;-90.73634;-368.252;-2554.476
48099;-90.2086;-368.6144;-2553.771
48132;-89.32882;-369.2217;-2553.12
48167;-87.50239;-370.4829;-2551.996
48200;-85.17355;-370.8033;-2550.924
48233;-84.49162;-370.8571;-2550.896
48267;-84.306;-370.8494;-2551.101
48301;-84.564;-371.2168;-2550.916
48335;-85.03619;-371.8667;-2550.184
48368;-84.84203;-371.8377;-2550.099
48402;-85.28395;-372.1781;-2550.234
48475;-94.83768;-375.0866;-2553.508
48491;-96.03859;-375.2475;-2553.835
48542;-97.13049;-375.7038;-2554.245
48562;-97.61452;-375.7429;-2554.097
48653;-98.52807;-376.0591;-2554.237
48686;-100.2258;-377.1194;-2554.384
48702;-102.0677;-378.4065;-2553.659
48736;-102.9066;-379.6486;-2550.966
48770;-103.6848;-380.2627;-2549.653
48803;-104.0283;-380.0439;-2549.549
48837;-104.8386;-379.8597;-2547.508
48871;-102.6457;-376.5413;-2547.584
48904;-98.08012;-377.3327;-2543.08
48955;-95.87779;-377.8953;-2539.775
48973;-94.29343;-378.3837;-2538.775
49010;-93.22942;-378.4237;-2538.949
49043;-91.03813;-378.1293;-2538.085
49060;-89.97514;-378.1405;-2536.948
49094;-88.23024;-378.8991;-2536.066
49128;-87.95583;-378.9034;-2535.789
49161;-87.84446;-378.942;-2535.736
49195;-88.06702;-377.9569;-2541.194
49229;-88.06748;-377.9583;-2541.188
49262;-86.98006;-376.7376;-2543.919
49296;-86.72994;-375.7792;-2545.421
49330;-86.51779;-374.9851;-2547.409
49364;-87.07887;-374.7565;-2548.148
49397;-87.32071;-374.231;-2548.871
49431;-88.49678;-373.0703;-2550.003
49464;-89.15005;-372.2226;-2551.264
49498;-89.60983;-371.7541;-2551.417
49546;-90.33562;-370.8418;-2552.036
49557;-90.60368;-370.336;-2552.245
49607;-90.83812;-370.2753;-2552.221
49641;-92.20526;-369.4728;-2551.923
49675;-92.95747;-368.9948;-2551.779
49710;-93.58333;-368.5735;-2551.788
49730;-94.33042;-366.4821;-2552.635
49773;-95.25093;-366.4937;-2552.502
49806;-95.84662;-365.9734;-2552.041
49827;-96.32559;-365.739;-2551.736
49893;-96.95918;-364.4128;-2551.04
49911;-96.86607;-364.3652;-2551.027
49947;-96.95448;-364.2362;-2550.913
49963;-96.9836;-363.9302;-2550.785
50016;-98.09782;-364.8222;-2549.732
50033;-97.4945;-365.2747;-2548.61
50054;-96.639;-365.923;-2547.68
50104;-95.32057;-366.3386;-2546.749
50138;-94.1013;-367.2377;-2545.127
50172;-93.07272;-368.3988;-2544.449
50189;-90.38761;-370.7763;-2542.698
50261;-88.07123;-373.2129;-2541.192
50295;-86.3772;-374.5016;-2540.366
50371;-85.01888;-376.1524;-2539.596
50387;-84.99121;-377.1281;-2539.313
50408;-85.0657;-377.7729;-2539.033
50441;-84.71913;-377.4821;-2538.777
50459;-84.82077;-377.3517;-2538.626
50492;-85.05855;-376.9901;-2538.033
50526;-90.47691;-378.71;-2536.596
50559;-91.9988;-379.8512;-2534.688
50593;-92.01042;-380.0146;-2533.213
50643;-92.93209;-380.3039;-2531.864
50661;-92.69087;-380.1434;-2531.133
50694;-92.19418;-379.8046;-2530.682
50728;-89.74387;-378.7947;-2528.198
50762;-89.8185;-378.8824;-2528.284
50795;-89.44803;-378.7858;-2528.082
50829;-89.41074;-378.6752;-2528.069
50863;-89.54167;-378.7921;-2527.869
50900;-87.20699;-378.4655;-2526.658
50933;-83.00229;-377.1731;-2525.448
50967;-79.68615;-376.2411;-2524.53
51001;-78.99464;-376.2701;-2524.171
51035;-78.16151;-375.7839;-2524.382
51068;-77.80637;-375.8304;-2524.57
51283;-77.50275;-375.8075;-2524.877
51426;-76.34497;-375.3344;-2525.557
51460;-81.03331;-371.9898;-2532.71
51511;-84.38773;-370.4515;-2536.941
51528;-86.52224;-369.203;-2540.132
51562;-87.35097;-368.4948;-2541.918
51595;-88.49213;-367.0847;-2543.684
51630;-89.74017;-366.319;-2544.887
51677;-90.86968;-365.1588;-2546.02
51694;-93.18037;-363.6385;-2547.185
51745;-95.57156;-362.9363;-2547.582
51779;-96.36553;-362.44;-2548.298
51813;-97.59946;-362.2025;-2548.934
51846;-98.14978;-361.4234;-2550.283
51880;-99.00768;-361.3836;-2552.056
51896;-99.67149;-361.0284;-2553.456
51930;-100.1358;-360.8809;-2554.304
51981;-100.6231;-361.273;-2555.182
52015;-101.3315;-360.2637;-2557.316
52031;-101.3415;-360.3573;-2557.676
52065;-101.3956;-360.6862;-2557.851
52099;-101.4781;-360.7238;-2557.922
52132;-101.5561;-360.919;-2557.974
52166;-101.4781;-361.1108;-2558.126
52200;-101.3017;-361.2601;-2558.038
52234;-100.8206;-361.2115;-2558.38
52267;-100.5644;-361.9503;-2558.488
52301;-98.92936;-363.9993;-2558.828
52335;-98.15089;-364.5898;-2558.452
52368;-95.70138;-364.9929;-2558.624
52403;-92.99725;-367.9748;-2557.716
52436;-91.84079;-371.1674;-2556.686
52470;-90.11023;-374.5993;-2555.618
52503;-89.26436;-375.0743;-2555.311
52537;-88.90025;-375.9057;-2554.917
52570;-88.65591;-376.247;-2555.136
52604;-88.4968;-376.7722;-2555.128
52638;-87.59304;-377.4154;-2555.067
52672;-87.49839;-377.728;-2555.048
52705;-88.98727;-378.9813;-2553.587
52739;-89.63411;-378.9551;-2553.319
52773;-91.82294;-380.8848;-2554.423
52789;-93.2052;-381.4947;-2554.529
52823;-94.31782;-381.7344;-2555.175
52874;-94.39274;-381.7706;-2555.353
52891;-95.48936;-381.9864;-2555.179
52924;-95.43133;-381.9363;-2555.115
52958;-94.87294;-381.9164;-2555.007
52992;-94.81882;-381.7987;-2554.583
53033;-94.65234;-381.0227;-2553.834
53060;-95.706;-382.4026;-2552.411
53110;-95.654;-381.8291;-2553.017
53128;-95.42703;-382.3134;-2552.326
53161;-95.5605;-382.2309;-2550.93
53211;-93.74766;-383.2135;-2549.968
53230;-93.10426;-383.7444;-2547.211
53264;-92.23578;-384.1772;-2546.152
53298;-90.91563;-384.4819;-2545.425
53331;-89.69702;-384.3411;-2544.731
53365;-88.71486;-384.3698;-2543.617
53399;-88.22468;-384.4129;-2543.129
53432;-86.92051;-384.5231;-2542.465
53468;-86.06651;-384.8806;-2542.054
53500;-85.53857;-384.954;-2541.201
53534;-84.83294;-384.9297;-2540.615
53567;-83.85805;-384.6721;-2539.801
53601;-83.2851;-384.6884;-2539.401
53635;-83.20788;-384.6621;-2539.273
53668;-83.0614;-384.5458;-2538.893
53702;-82.49269;-384.4904;-2538.487
53736;-81.15564;-384.0447;-2536.068
53753;-80.39384;-383.6578;-2534.706
53803;-79.54521;-383.2504;-2533.33
53837;-79.12381;-383.2343;-2532.675
53854;-78.49037;-382.8367;-2531.933
53904;-78.42053;-382.722;-2531.411
53938;-78.26552;-382.411;-2530.985
53956;-78.1058;-382.4211;-2530.635
54005;-77.67545;-382.1396;-2530.128
54039;-77.47388;-382.1436;-2529.962
54073;-76.86496;-381.9595;-2529.861
54090;-75.93351;-381.5571;-2529.907
54140;-75.76437;-381.6713;-2529.942
54174;-74.93925;-381.5984;-2530.184
54191;-74.76128;-381.7816;-2530.321
54241;-73.84158;-381.6087;-2530.493
54258;-73.77026;-381.6076;-2530.487
54292;-73.34709;-381.3913;-2530.952
54342;-72.40467;-380.959;-2531.331
54376;-71.42893;-380.3193;-2532.131
54393;-71.31573;-380.265;-2532.252
54443;-70.92362;-380.3552;-2532.779
54477;-70.89287;-379.6814;-2534.409
54494;-71.23494;-379.2465;-2534.936
54544;-71.6613;-378.6696;-2535.717
54562;-71.87382;-378.5115;-2536.273
54601;-72.06495;-378.0587;-2537.588
54635;-72.18291;-377.7178;-2538.109
54669;-72.52805;-377.4143;-2538.629
54704;-72.92123;-377.043;-2539.66
54738;-73.54548;-376.9577;-2540.428
54759;-74.50652;-377.2659;-2541.742
54793;-74.54996;-377.2545;-2541.855
54827;-75.56355;-377.9716;-2543.506
54861;-75.67793;-378.5681;-2544.397
54911;-76.53624;-378.7119;-2544.517
54928;-77.20869;-378.9435;-2545.409
54961;-77.26963;-379.395;-2546.179
54995;-78.45493;-379.9803;-2548.209
55029;-78.96894;-380.147;-2549.709
55079;-78.94983;-380.11;-2549.725
55096;-78.8159;-379.8439;-2549.78
55130;-78.99439;-379.7604;-2549.934
55163;-79.15141;-379.8547;-2550.035
55214;-79.18311;-379.8676;-2550.133
55231;-79.64893;-379.9344;-2550.993
55264;-80.42738;-380.5845;-2552.467
55315;-81.62526;-381.7645;-2553.969
55332;-81.73024;-382.0286;-2553.568
55366;-83.8148;-383.0736;-2553.927
55404;-83.80595;-383.1719;-2554.005
55433;-84.0043;-383.5655;-2554.35
55467;-84.15497;-383.6309;-2554.373
55517;-83.87396;-384.7531;-2554.729
55534;-84.40718;-385.4952;-2554.526
55568;-83.92294;-385.8924;-2554.598
55602;-84.0238;-386.0826;-2554.132
55635;-84.25481;-386.9638;-2553.855
55669;-84.06136;-387.3853;-2554.195
55720;-84.07709;-387.9574;-2554.452
55736;-84.72893;-389.4018;-2554.844
55770;-86.0343;-391.1997;-2553.665
55804;-86.94251;-392.5638;-2553.063
55837;-86.73743;-393.3515;-2552.759
55871;-86.54091;-393.5725;-2552.829
55905;-86.76474;-393.9419;-2552.484
55939;-86.29688;-394.3044;-2552.552
55956;-85.93863;-394.4082;-2552.734
56007;-83.01887;-395.0564;-2554.304
56026;-80.91496;-395.5879;-2554.722
56074;-79.81593;-395.537;-2555.173
56108;-79.63614;-395.6788;-2555.316
56125;-76.00419;-396.1771;-2556.281
56178;-73.41196;-396.8033;-2557.386
56211;-65.15369;-396.8356;-2558.627
56232;-63.13691;-397.0047;-2559.387
56265;-57.87645;-398.6985;-2561.169
56299;-53.14978;-396.6687;-2562.861
56333;-49.07121;-395.5709;-2564.381
56366;-47.50161;-395.7054;-2565.088
56400;-47.32986;-396.0023;-2565.113
56434;-46.5509;-396.0622;-2565.241
56467;-45.4368;-396.1514;-2565.57
56488;-44.94539;-396.3303;-2565.977
56539;-44.96924;-396.4772;-2566.119
56572;-45.35411;-396.4272;-2566.676
56606;-45.91574;-396.4733;-2566.778
56640;-47.67649;-395.9107;-2566.81
56657;-50.20323;-394.8333;-2566.623
56708;-58.01502;-393.6049;-2565.58
56741;-62.59187;-391.8191;-2564.672
56775;-68.22407;-390.767;-2563.283
56802;-78.76392;-388.558;-2561.236
56836;-83.02689;-386.552;-2560.826
56870;-97.73747;-384.0533;-2555.754
56921;-107.245;-382.5093;-2552.286
56937;-114.8481;-380.2854;-2549.36
56988;-119.1791;-377.7062;-2547.227
57007;-121.5612;-376.7143;-2545.277
57024;-126.1185;-374.6457;-2543.886
57060;-132.1018;-373.6341;-2541.24
57094;-138.8815;-373.0442;-2538.161
57127;-140.2873;-372.451;-2537.889
57161;-141.9336;-371.7927;-2537.82
57195;-148.1648;-369.5085;-2538.83
57245;-150.1679;-368.4143;-2537.785
57262;-152.8196;-366.941;-2536.741
57313;-155.4793;-364.4602;-2536.295
57329;-157.4907;-362.7982;-2535.7
57363;-158.6005;-359.7757;-2535.115
57397;-159.0888;-359.2254;-2534.723
57431;-160.0124;-358.1109;-2534.03
57465;-160.3076;-357.629;-2533.546
57498;-160.4586;-356.0563;-2532.587
57532;-160.2224;-353.9305;-2531.997
57561;-159.6697;-352.1166;-2532.009
57595;-159.3803;-351.2565;-2531.998
57629;-159.0828;-349.5146;-2532.054
57662;-158.6844;-348.9498;-2531.823
57696;-158.2352;-348.9025;-2531.743
57729;-156.4955;-348.2614;-2532.493
57763;-156.4843;-348.3248;-2532.5
57797;-155.2166;-348.1469;-2533.646
57831;-155.0417;-348.2216;-2534.104
57864;-155.0242;-348.825;-2535.985
57898;-155.0408;-348.8806;-2535.98
57932;-154.9052;-349.1297;-2536.05
57965;-154.6369;-349.6438;-2536.485
58000;-154.5958;-349.7368;-2536.619
58050;-154.5899;-350.4127;-2537.299
58066;-154.0905;-350.524;-2538.121
58100;-153.1552;-350.9807;-2539.209
58178;-151.9924;-351.8983;-2540.069
58194;-150.8798;-351.8854;-2542.311
58211;-150.2994;-353.0457;-2543.71
58228;-149.3845;-354.8419;-2543.556
58261;-148.6863;-356.2062;-2543.624
58296;-144.5127;-360.2016;-2545.492
58357;-136.7688;-363.64;-2547.398
58373;-135.0154;-365.5555;-2548.087
58407;-135.4146;-368.894;-2546.877
58440;-135.3398;-371.2877;-2545.617
58457;-136.0159;-373.7578;-2541.761
58508;-138.8958;-376.6899;-2536.181
58524;-137.8171;-377.3249;-2533.718
58558;-138.8411;-377.513;-2531.662
58609;-140.1602;-376.9305;-2527.919
58626;-141.8057;-377.1385;-2524.346
58660;-141.2324;-377.2732;-2521.717
58710;-141.4363;-377.5299;-2519.891
58744;-141.5433;-377.8158;-2518.883
58760;-141.0573;-378.3524;-2517.408
58794;-140.8695;-378.7707;-2516.194
58828;-140.6768;-378.9297;-2514.657
58862;-140.4571;-379.155;-2512.983
58895;-139.8236;-379.0661;-2511.548
58946;-139.6088;-379.2522;-2511.402
58963;-139.349;-379.4577;-2511.254
59013;-140.3913;-379.3782;-2511.029
59030;-140.3022;-379.5639;-2511.197
59081;-138.801;-381.5035;-2510.638
59097;-138.6709;-382.1888;-2510.559
59148;-140.739;-383.3235;-2507.022
59165;-141.9737;-383.0334;-2505.725
59232;-142.8231;-382.5399;-2504.678
59257;-143.1428;-381.8346;-2503.365
59313;-143.0855;-380.8105;-2502.236
59346;-140.8895;-380.0671;-2501.776
59380;-141.8305;-378.9832;-2501.886
59408;-140.9216;-377.4601;-2501.565
59433;-140.9414;-376.3262;-2501.234
59467;-141.569;-375.5429;-2501.293
59500;-141.7178;-374.7338;-2501.139
59534;-141.8972;-373.4865;-2502.244
59568;-142.5452;-372.8759;-2503.168
59601;-140.0915;-371.0521;-2505.801
59635;-140.3045;-370.7032;-2507.524
59669;-136.8946;-369.5418;-2511.729
59702;-137.7704;-369.1108;-2513.166
59736;-136.9588;-368.0682;-2515.164
59770;-134.2607;-366.8001;-2518.083
59803;-133.7539;-366.0239;-2519.274
59837;-133.2564;-365.0119;-2520.43
59862;-134.4955;-363.5661;-2521.29
59901;-136.3777;-361.2124;-2521.735
59934;-136.941;-359.0633;-2522.3
59968;-138.0611;-357.2904;-2522.209
60002;-138.9872;-356.222;-2522.492
60038;-139.4897;-353.696;-2522.838
60072;-140.187;-352.2426;-2522.527
60104;-140.7143;-350.8441;-2523.054
60130;-141.5888;-349.6439;-2523.141
60181;-142.1276;-348.836;-2523.138
60199;-142.7347;-347.9307;-2523.134
60248;-142.7839;-347.7594;-2523.177
60282;-143.5861;-347.3741;-2522.797
60299;-143.9171;-347.2405;-2522.748
60332;-144.2221;-346.9428;-2523.061
60383;-144.5575;-347.2532;-2523.017
60400;-145.5787;-347.562;-2522.756
60433;-147.3726;-348.7996;-2522.499
60468;-147.2064;-351.9251;-2523.559
60518;-147.2327;-354.4274;-2524.719
60535;-148.8842;-358.0553;-2528.272
60569;-152.0872;-359.9422;-2528.37
60603;-152.7258;-361.7124;-2528.984
60637;-156.6599;-365.8262;-2530.887
60670;-159.3882;-367.2663;-2530.038
60704;-161.7316;-368.4747;-2530.081
60738;-162.6084;-369.3246;-2530.191
60771;-166.7579;-372.1088;-2527.122
60805;-168.7851;-372.4065;-2527.547
60839;-170.4118;-373.6584;-2529.376
60873;-170.5485;-373.7378;-2529.319
60906;-170.7547;-374.3644;-2529.469
60940;-171.5604;-374.7089;-2529.32
60974;-171.6218;-375.1468;-2529.49
61051;-172.0641;-375.455;-2529.38
61171;-174.2322;-376.7087;-2526.288
61188;-174.2375;-376.6191;-2526.559
61223;-175.2697;-376.1754;-2525.256
61275;-175.2763;-376.1879;-2525.245
61292;-175.3525;-376.0669;-2525.19
61326;-175.2528;-376.075;-2525.324
61376;-175.3453;-376.107;-2525.187
61393;-176.4114;-376.1592;-2524.413
61427;-179.495;-374.5887;-2520.841
61478;-182.6064;-373.3512;-2517.756
61494;-183.0533;-373.2717;-2517.44
61545;-182.6769;-373.7534;-2517.612
61562;-182.584;-373.7501;-2517.509
61596;-182.5888;-373.7551;-2517.328
61631;-182.6584;-373.7035;-2517.332
61658;-182.755;-373.8698;-2517.041
61709;-182.6458;-373.863;-2517.052
61726;-183.7879;-374.3365;-2517.181
61776;-183.6489;-374.2736;-2517.191
61810;-183.5602;-374.2153;-2517.029
61827;-183.1038;-374.0024;-2518.199
61877;-182.8272;-373.7902;-2519.216
61894;-181.6391;-372.8058;-2520.911
61931;-179.5011;-371.4047;-2522.355
61964;-175.0632;-367.9333;-2526.902
62001;-170.7759;-366.502;-2531.214
62034;-168.6172;-363.8986;-2535.975
62068;-167.82;-363.8185;-2537.538
62163;-167.3155;-362.6276;-2536.948
62232;-163.7978;-356.0613;-2536.016
62270;-163.4358;-351.6546;-2534.722
62291;-162.7712;-350.2978;-2534.05
62341;-161.288;-346.7507;-2532.513
62375;-161.1257;-345.8018;-2532.286
62392;-160.8346;-345.0966;-2532.279
62426;-160.7154;-344.8773;-2532.131
62459;-160.4716;-344.5588;-2532.097
62493;-160.3413;-344.6468;-2532.152
62543;-160.3192;-344.7105;-2532.22
62560;-160.2491;-345.0715;-2532.052
62594;-159.8318;-347.2874;-2531.719
62645;-159.0349;-348.1237;-2531.785
62661;-158.3987;-349.4989;-2532.199
62712;-158.4883;-352.4276;-2533.478
62729;-159.3056;-355.2826;-2532.845
62779;-161.9516;-359.9189;-2528.9
62803;-164.9919;-363.5004;-2524.224
62849;-166.2385;-366.0808;-2520.75
62867;-167.1001;-366.7243;-2519.123
62901;-167.9881;-367.2339;-2517.97
62939;-169.0403;-367.5993;-2516.855
62972;-169.6933;-368.7855;-2516.5
62992;-169.6565;-369.7909;-2516.817
63040;-169.7783;-370.954;-2517.042
63073;-169.8661;-371.3715;-2517.047
63113;-170.0825;-371.9114;-2516.866
63130;-166.6065;-372.7128;-2518.111
63163;-166.6957;-373.1601;-2517.446
63197;-162.9431;-373.6789;-2517.897
63244;-162.768;-373.8233;-2517.702
63273;-160.1867;-374.2;-2517.769
63323;-159.6601;-374.1996;-2517.546
63340;-159.4942;-374.2061;-2517.532
63374;-159.4069;-374.1093;-2517.363
63408;-161.8511;-374.6752;-2516.873
63441;-164.1305;-374.5624;-2516.03
63475;-162.9433;-374.2459;-2516.333
63509;-163.0824;-373.863;-2516.057
63529;-164.3347;-373.2738;-2514.856
63576;-165.6978;-373.4969;-2513.251
63611;-167.1851;-373.7088;-2511.439
63792;-167.5809;-373.9361;-2510.451
63810;-167.698;-374.1507;-2510.204
63843;-168.4595;-373.3268;-2510.363
63861;-167.8342;-373.3435;-2511.531
63896;-166.2183;-372.1747;-2516.633
63930;-164.1162;-370.8896;-2519.145
63968;-164.2247;-370.2104;-2519.386
64002;-164.4433;-368.1118;-2519.118
64036;-164.294;-367.5755;-2519.29
64070;-164.8444;-364.1253;-2518.686
64103;-162.6597;-359.1208;-2517.666
64137;-162.9308;-355.7489;-2517.749
64171;-162.4984;-355.0378;-2518.17
64205;-162.0555;-353.8772;-2518.117
64238;-161.2206;-350.8258;-2517.966
64272;-159.0732;-349.8303;-2518.186
64305;-158.9501;-348.1293;-2517.489
64340;-158.6954;-347.3719;-2517.145
64374;-157.4515;-346.6346;-2518.398
64398;-156.8434;-345.1808;-2518.914
64431;-156.6086;-344.2181;-2518.752
64465;-156.5942;-343.9358;-2518.686
64499;-156.3351;-343.8625;-2518.642
64549;-155.8409;-344.282;-2519.393
64566;-154.3695;-345.5466;-2520.967
64617;-154.4286;-347.5069;-2521.444
64651;-154.4855;-350.0418;-2521.088
64676;-156.318;-352.5116;-2521.576
64693;-158.2894;-355.3578;-2521.297
64743;-159.7888;-357.1726;-2520.736
64777;-168.504;-363.6662;-2514.312
64811;-168.6942;-363.9577;-2514.359
64844;-169.2057;-364.4987;-2514.531
64863;-170.1392;-368.6236;-2512.203
64912;-170.6572;-368.6165;-2512.135
64932;-169.8022;-369.5664;-2513.218
64966;-164.105;-370.8547;-2515.322
64999;-162.5647;-371.1293;-2515.402
65033;-161.3764;-371.322;-2515.673
65067;-157.6101;-372.4358;-2513.402
65100;-155.7886;-373.2052;-2514.169
65134;-152.8744;-374.4944;-2514.251
65168;-151.6268;-375.0646;-2514.362
65202;-150.929;-375.5374;-2514.493
65238;-150.649;-375.6863;-2514.623
65271;-150.0513;-376.301;-2515.292
65305;-149.8338;-376.3661;-2515.214
65339;-149.5108;-376.408;-2515.216
65373;-148.7698;-377.1142;-2515.083
65406;-149.4637;-377.2589;-2513.851
65441;-149.829;-377.1051;-2512.314
65474;-150.4843;-376.8566;-2510.858
65510;-151.2184;-376.5948;-2509.805
65544;-153.4336;-375.8115;-2508.161
65561;-153.2836;-375.4057;-2508.308
65595;-153.7226;-375.1895;-2508.361
65629;-153.7971;-374.8077;-2508.778
65663;-153.905;-374.7487;-2509.85
65696;-154.6531;-374.9589;-2511.013
65730;-145.531;-382.2852;-2532.324
65828;-138.4531;-385.0687;-2548.112
65852;-138.7701;-384.6971;-2548.264
65869;-139.2548;-384.1517;-2548.423
65903;-140.1013;-382.4335;-2548.419
65948;-141.1176;-378.7792;-2550.067
65982;-142.4557;-376.9303;-2550.28
65998;-144.3118;-374.4865;-2549.444
66032;-144.9342;-372.5674;-2550.489
66066;-145.2531;-368.8661;-2552.707
66100;-145.9503;-367.1517;-2552.777
66133;-146.4107;-364.9073;-2553.531
66167;-146.9905;-363.6596;-2553.497
66201;-148.7289;-362.5308;-2552.215
66234;-148.7734;-361.7643;-2552.678
66268;-148.9069;-361.3917;-2552.954
66302;-150.3401;-359.5507;-2554.368
66336;-150.5679;-359.705;-2554.772
66369;-151.0052;-360.0025;-2555.79
66403;-152.6276;-358.5023;-2557.899
66436;-153.6387;-358.1801;-2559.683
66470;-154.594;-358.7394;-2560.027
66504;-155.9928;-361.4517;-2561.482
66538;-157.6887;-362.8569;-2562.582
66571;-159.3154;-366.2757;-2562.358
66605;-159.3416;-369.6182;-2562.828
66639;-159.5875;-371.6532;-2564.151
66672;-169.9466;-369.0579;-2554.384
66708;-170.8643;-369.9681;-2552.915
66726;-174.0856;-372.5833;-2546.276
66776;-173.5984;-375.0579;-2543.86
66794;-176.8656;-378.7652;-2539.193
66827;-178.1124;-380.4009;-2537.269
66878;-178.3294;-380.5612;-2536.709
66894;-177.0107;-380.9297;-2535.862
66928;-175.6945;-381.8917;-2534.403
66962;-174.9128;-382.4099;-2533.872
66996;-173.868;-382.554;-2532.096
67029;-172.9307;-382.8327;-2531.316
67063;-170.5634;-381.9041;-2533.379
67097;-167.447;-381.0764;-2534.993
67130;-159.8394;-379.8708;-2544.55
67164;-159.2488;-379.6364;-2544.857
67198;-159.1721;-379.5582;-2544.859
67231;-157.6087;-379.2011;-2546.269
67265;-157.6052;-379.3577;-2546.365
67299;-157.0272;-379.7216;-2545.629
67332;-157.1017;-379.544;-2545.556
67361;-157.3406;-379.6849;-2544.759
67399;-156.7219;-379.8174;-2544.122
67433;-158.5397;-380.2075;-2542.802
67484;-158.2433;-379.4324;-2535.955
67517;-161.758;-379.3588;-2531.097
67534;-164.0081;-378.8587;-2527.141
67568;-164.5472;-379.1304;-2526.455
67602;-162.0891;-383.7227;-2529.105
67635;-162.0146;-384.4766;-2529.309
67669;-164.1499;-382.0479;-2526.414
67703;-164.787;-381.3204;-2525.514
67737;-165.0922;-380.2151;-2525.129
67770;-165.5965;-379.3882;-2524.639
67804;-166.1562;-377.4028;-2525.901
67837;-165.7936;-376.0274;-2526.468
67871;-165.4322;-373.2258;-2528.447
67905;-163.8378;-367.4235;-2530.093
67939;-158.9555;-365.4101;-2534.423
67972;-156.0311;-364.1983;-2536.264
68006;-155.8985;-355.67;-2531.828
68040;-153.453;-354.8714;-2533.088
68073;-152.1042;-354.1925;-2532.888
68110;-152.3371;-350.109;-2530.403
68144;-152.1718;-346.7408;-2529.064
68178;-152.0953;-343.7436;-2526.507
68195;-152.7767;-342.4836;-2526.406
68229;-152.8565;-340.9318;-2526.332
68262;-153.2409;-340.016;-2526.583
68296;-153.4375;-338.528;-2527.48
68330;-153.571;-337.7551;-2527.417
68373;-153.8554;-337.3513;-2527.591
68407;-154.4975;-336.8424;-2527.834
68440;-155.739;-336.4792;-2527.531
68474;-156.3825;-336.5166;-2527.872
68508;-156.8204;-337.1161;-2528.174
68542;-158.0218;-338.596;-2528.28
68558;-159.2789;-339.3637;-2528.249
68609;-160.6366;-340.8618;-2528.516
68643;-161.1565;-346.6909;-2529.528
68660;-163.3717;-349.1993;-2529.311
68710;-165.3145;-352.3528;-2529.844
68727;-165.5795;-353.9372;-2529.912
68761;-168.7484;-357.8701;-2529.321
68794;-170.5721;-359.5749;-2528.99
68845;-172.1891;-361.166;-2528.367
68862;-173.5907;-362.6065;-2528.03
68896;-175.6897;-364.3155;-2527.241
68929;-176.2724;-364.9709;-2526.841
68963;-176.4553;-365.3555;-2525.559
68996;-176.2657;-365.7162;-2524.524
69030;-176.612;-367.5889;-2523.234
69064;-176.1387;-368.4918;-2521.411
69098;-176.0121;-368.7845;-2520.999
69131;-175.7273;-368.5499;-2520.317
69165;-175.227;-368.3414;-2520.148
69199;-171.2921;-368.4062;-2520.516
69232;-168.9244;-368.4057;-2519.998
69266;-164.6723;-367.9581;-2521.09
69300;-158.5169;-367.2728;-2521.207
69333;-156.491;-367.5292;-2520.51
69367;-155.1711;-367.2545;-2520.99
69401;-155.1761;-367.4749;-2520.792
69435;-155.1265;-368.5457;-2519.73
69468;-154.9701;-368.5174;-2519.726
69502;-154.985;-368.5576;-2519.768
69536;-154.884;-369.2489;-2519.02
69586;-155.0426;-369.7739;-2518.206
69603;-154.9442;-370.0828;-2517.947
69637;-154.8229;-370.4758;-2517.014
69670;-154.7195;-370.5148;-2516.698
69704;-154.5145;-370.3972;-2516.604
69738;-154.1977;-370.172;-2516.669
69771;-153.8231;-369.3978;-2517.692
69805;-153.089;-368.2552;-2519.448
69839;-153.0246;-366.1925;-2520.834
69873;-151.5265;-368.8357;-2525.609
69906;-149.434;-369.5385;-2530.635
69940;-147.8318;-367.6286;-2534.216
69957;-146.9835;-365.2357;-2536.056
70007;-147.0087;-363.3527;-2536.903
70041;-146.5943;-361.6338;-2537.926
70075;-148.8808;-351.8588;-2531.823
70108;-147.8103;-352.2858;-2533.024
70142;-141.7393;-350.6247;-2539.052
70176;-141.2484;-350.3441;-2539.41
70212;-141.3041;-350.0641;-2539.906
70238;-141.2607;-350.0411;-2540.704
70274;-141.8233;-349.7002;-2540.98
70307;-142.5204;-349.4604;-2542.119
70341;-143.8084;-349.5011;-2542.841
70375;-144.0567;-349.4798;-2543.342
70408;-145.9971;-349.7747;-2544.413
70442;-148.6804;-349.7875;-2545.991
70476;-149.3974;-349.2942;-2547.392
70510;-151.1079;-350.6147;-2548.775
70543;-152.7255;-352.0827;-2550.883
70577;-161.112;-348.8596;-2543.754
70611;-162.4369;-349.0109;-2542.899
70644;-161.9975;-357.1052;-2551.373
70678;-162.659;-361.8153;-2553.38
70695;-163.0102;-365.2988;-2554.883
70729;-169.5385;-372.7677;-2554.869
70780;-173.5763;-375.1951;-2552.336
70815;-185.3256;-371.7791;-2533.12
70832;-186.2635;-371.7284;-2532.811
70882;-188.8821;-372.9141;-2528.16
70899;-189.9163;-373.5605;-2526.897
70933;-190.8313;-374.0125;-2525.69
70967;-191.2681;-374.5687;-2524.975
71001;-191.8617;-374.5034;-2523.939
71052;-191.4528;-374.1508;-2523.825
71137;-191.5166;-372.6734;-2519.201
71204;-189.154;-371.9069;-2520.655
71238;-184.3351;-373.387;-2520.833
71256;-180.8769;-372.9884;-2521.291
71306;-175.5815;-370.9316;-2524.523
71339;-174.7213;-371.0364;-2525.311
71356;-174.1355;-370.8919;-2525.585
71407;-173.7473;-371.3992;-2524.637
71431;-174.0343;-371.9503;-2522.527
71465;-173.8671;-372.5011;-2520.702
71527;-172.925;-372.5;-2519.867
71561;-172.8475;-371.7223;-2519.604
71611;-172.0556;-371.6767;-2520.098
71645;-171.7408;-371.5289;-2520.525
71662;-171.222;-371.4304;-2520.626
71696;-170.7733;-371.625;-2520.604
71733;-170.7215;-371.637;-2520.522
71776;-170.3551;-371.2802;-2520.629
71793;-170.1383;-371.1732;-2520.685
71827;-168.798;-370.8965;-2521.566
71863;-168.5737;-370.9749;-2521.984
71934;-167.6737;-370.2026;-2522.432
71949;-166.3365;-369.8529;-2523.623
71968;-163.5846;-368.9836;-2525.343
72002;-161.2095;-366.6287;-2526.269
72038;-157.6918;-362.5817;-2528.261
72072;-157.0506;-361.7727;-2527.802
72105;-156.399;-360.5786;-2528.11
72139;-155.3613;-357.823;-2530.281
72196;-148.4846;-360.4481;-2537.307
72239;-149.5135;-357.4772;-2536.175
72255;-150.9051;-352.6548;-2534.404
72272;-151.3577;-349.9717;-2533.993
72308;-151.0025;-348.7596;-2534.16
72342;-148.65;-350.4467;-2537.401
72363;-151.3895;-346.0578;-2534.302
72397;-151.8871;-345.6471;-2534.0
72447;-152.525;-344.6763;-2532.747
72464;-152.7389;-344.349;-2532.265
72498;-154.1203;-343.1342;-2531.208
72549;-154.5005;-342.8361;-2531.361
72566;-155.0657;-342.2632;-2531.117
72599;-155.1829;-342.2073;-2531.533
72633;-155.2196;-342.3404;-2531.763
72667;-155.8854;-342.5757;-2531.874
72700;-156.5735;-343.1226;-2532.283
72734;-158.1107;-345.0415;-2532.236
72857;-161.1561;-348.3472;-2531.378
72903;-163.2541;-350.2477;-2530.245
72926;-164.4396;-352.1;-2529.74
72960;-166.5552;-354.3103;-2527.189
73011;-168.9124;-355.8973;-2525.793
73028;-170.5747;-357.1577;-2525.095
73061;-171.9102;-358.5864;-2523.691
73095;-174.1895;-359.2951;-2521.967
73129;-176.3673;-360.0825;-2520.491
73164;-177.9865;-360.602;-2517.705
73198;-178.2991;-361.259;-2516.868
73232;-179.0346;-361.4293;-2516.144
73265;-180.0574;-361.4552;-2514.428
73299;-181.5555;-361.9012;-2511.861
73333;-181.9724;-362.2842;-2510.777
73367;-182.4629;-362.4247;-2510.644
73444;-182.3421;-362.5254;-2510.522
73477;-182.3839;-363.2717;-2509.102
73511;-182.2341;-363.0961;-2508.81
73527;-181.5781;-363.4619;-2508.233
73561;-181.5911;-363.0887;-2507.333
73595;-181.4494;-363.1417;-2507.178
73629;-181.1585;-363.3993;-2506.819
73662;-180.8304;-363.7099;-2506.526
73696;-180.6053;-363.4174;-2505.182
73746;-180.244;-363.4068;-2504.787
73763;-179.9774;-363.0578;-2504.373
73797;-179.7928;-362.8734;-2503.941
73831;-179.2795;-363.1098;-2504.121
73865;-178.9253;-363.2773;-2503.994
73898;-178.82;-363.5262;-2503.36
73932;-178.5765;-363.1446;-2502.655
73965;-178.7404;-363.312;-2502.21
73999;-178.3148;-363.4737;-2501.963
74033;-177.9115;-363.7805;-2501.734
74067;-178.3709;-363.5042;-2500.491
74100;-179.2617;-363.6858;-2499.418
74134;-180.0994;-363.7059;-2498.364
74168;-181.0353;-363.6257;-2496.995
74201;-181.091;-363.1545;-2496.861
74235;-181.4547;-362.9239;-2496.11
74269;-181.1895;-363.3628;-2496.29
74302;-181.1308;-362.6209;-2495.81
74336;-180.4078;-362.4808;-2495.215
74370;-180.3647;-362.4862;-2494.985
74403;-179.7274;-363.2705;-2494.725
74437;-179.3434;-363.2698;-2494.811
74471;-179.1829;-363.3535;-2494.782
74504;-179.2253;-363.3723;-2494.756
74538;-179.0667;-363.9406;-2494.588
74572;-179.1786;-363.8507;-2494.448
74606;-178.9603;-364.0374;-2494.302
74665;-178.8307;-363.5954;-2494.261
74681;-178.0664;-363.4894;-2494.991
74699;-177.7786;-363.1667;-2495.854
74733;-177.5701;-363.0345;-2495.761
74767;-177.4006;-361.9909;-2495.863
74821;-176.8425;-362.6559;-2496.499
74846;-175.2383;-363.9833;-2498.293
74863;-175.0218;-364.203;-2498.211
74914;-175.2079;-363.2456;-2498.206
74932;-175.4207;-362.159;-2498.527
74966;-175.3553;-361.4643;-2499.195
74999;-175.0449;-361.417;-2499.488
75033;-174.7726;-361.2496;-2499.529
75084;-172.7474;-360.7505;-2500.79
75126;-170.2005;-361.1798;-2503.434
75177;-169.4624;-360.9141;-2504.745
75210;-168.4325;-360.9896;-2505.961
75228;-167.7116;-360.5492;-2506.247
75278;-166.2224;-361.41;-2508.972
75295;-165.4579;-361.0609;-2510.008
75332;-162.1309;-359.3074;-2511.659
75362;-159.1413;-359.4184;-2513.286
75396;-156.5739;-359.2886;-2514.392
75430;-154.8577;-358.7646;-2516.002
75480;-154.4295;-358.1035;-2516.241
75514;-153.3472;-357.9727;-2516.971
75531;-152.8741;-357.4839;-2517.484
75564;-152.523;-357.0501;-2518.618
75598;-152.4585;-357.4509;-2519.085
75634;-152.4039;-357.0337;-2523.003
75668;-152.6528;-357.1361;-2524.009
75702;-153.1348;-357.0839;-2524.353
75739;-153.4571;-357.3617;-2524.58
75773;-153.7041;-357.3961;-2524.947
75806;-154.1132;-356.742;-2526.907
75840;-154.4914;-356.6301;-2527.587
75874;-154.3862;-356.6273;-2528.429
75907;-154.3274;-356.1982;-2529.214
75941;-154.2497;-356.4451;-2529.824
75992;-151.3089;-360.9432;-2536.691
76009;-151.64;-360.3577;-2536.525
76059;-149.5447;-362.9627;-2542.749
76078;-148.462;-364.2599;-2544.576
76095;-150.2534;-361.5451;-2542.501
76149;-150.139;-362.4772;-2543.922
76166;-149.8443;-363.8166;-2547.431
76200;-151.5264;-360.2944;-2544.983
76234;-152.6013;-357.8395;-2542.734
76267;-153.3317;-355.5804;-2541.695
76302;-150.5471;-356.595;-2544.898
76352;-151.8248;-354.1501;-2544.467
76375;-153.4268;-351.4987;-2543.894
76394;-152.5577;-352.2629;-2545.687
76436;-153.9048;-349.6432;-2544.274
76470;-152.0101;-352.0487;-2546.286
76510;-151.4728;-351.8609;-2548.69
76532;-151.0268;-352.8165;-2550.685
76565;-150.602;-353.6402;-2551.842
76599;-150.3591;-353.9786;-2552.358
76633;-150.4455;-353.7654;-2552.797
76683;-150.5147;-353.5163;-2554.0
76717;-153.4255;-350.7199;-2551.335
76734;-156.537;-348.9982;-2548.214
76768;-155.4893;-350.717;-2552.699
76818;-155.8512;-351.5458;-2554.152
76835;-154.6732;-352.4392;-2555.295
76869;-153.9939;-352.2281;-2556.837
76902;-153.9167;-352.8454;-2557.148
76936;-154.0521;-353.3805;-2558.066
76987;-154.2122;-353.6904;-2558.252
77007;-159.1754;-351.9046;-2554.466
77044;-160.8583;-353.2579;-2552.753
77061;-161.6783;-353.9388;-2552.584
77112;-164.0144;-355.3255;-2552.788
77128;-167.227;-356.9235;-2551.771
77165;-173.1705;-362.0461;-2544.503
77198;-177.2583;-364.7418;-2541.135
77233;-180.8233;-367.2033;-2538.737
77284;-184.723;-369.9065;-2537.198
77301;-189.2226;-373.9117;-2534.576
77335;-191.9623;-376.2105;-2532.246
77368;-192.654;-376.2393;-2531.388
77402;-193.3303;-376.5716;-2531.057
77436;-195.5685;-376.5552;-2528.463
77469;-196.0094;-375.3936;-2526.906
77503;-196.0111;-375.0606;-2525.806
77538;-199.993;-375.9541;-2523.994
77572;-201.3814;-375.8871;-2522.987
77605;-201.3815;-376.3188;-2522.778
77656;-196.2075;-375.6985;-2523.779
77688;-194.6002;-375.8557;-2523.484
77705;-186.3441;-376.2102;-2526.479
77738;-186.4146;-375.6528;-2525.768
77772;-187.2208;-375.2972;-2524.795
77807;-189.6904;-374.7616;-2521.97
77840;-191.5747;-373.0287;-2517.276
77890;-191.5798;-372.7576;-2516.021
77924;-191.8895;-371.1751;-2512.697
77941;-192.2475;-369.2327;-2509.728
77974;-192.0752;-367.1931;-2506.484
78008;-191.8153;-367.5665;-2505.418
78059;-191.175;-367.1656;-2503.784
78076;-190.6278;-367.2725;-2503.105
78111;-190.3468;-366.7046;-2501.405
78134;-189.4526;-366.0284;-2498.261
78167;-189.4674;-365.7293;-2496.841
78214;-189.139;-364.7551;-2494.981
78268;-189.1802;-365.0795;-2492.569
78793;-189.2077;-364.7702;-2491.583
78842;-196.8882;-366.3976;-2486.661
78876;-201.7942;-367.755;-2484.352
78910;-203.5351;-368.3289;-2482.207
78943;-204.1528;-368.2057;-2480.613
78977;-210.6796;-368.916;-2479.044
79011;-212.9376;-370.1182;-2479.46
79028;-214.9823;-370.5294;-2478.756
79081;-217.7616;-369.8;-2478.773
79112;-219.7365;-369.8059;-2477.826
79146;-223.2023;-369.636;-2477.129
79164;-227.2795;-368.7853;-2475.254
79197;-228.7797;-368.7767;-2474.897
79247;-231.2968;-369.1187;-2474.592
79324;-234.223;-369.5282;-2473.505
79355;-237.3822;-369.7992;-2472.449
79371;-239.3669;-369.3058;-2471.515
79404;-239.5503;-369.0972;-2470.636
79438;-240.8352;-369.0653;-2469.49
79472;-243.0818;-368.5459;-2467.09
79506;-243.4948;-368.3111;-2466.281
79539;-242.1323;-367.6487;-2463.667
79573;-241.191;-366.634;-2458.44
79720;-214.7648;-359.8508;-2441.648
79769;-204.4594;-353.1239;-2427.813
79803;-202.148;-351.67;-2424.818
79871;-200.2853;-351.1032;-2421.785
79888;-196.6769;-351.2992;-2419.31
79904;-193.8993;-351.3613;-2415.235
79939;-191.0697;-351.4351;-2411.899
79973;-188.9527;-352.0859;-2408.727
79996;-185.6489;-351.9809;-2404.207
80046;-180.1828;-349.9476;-2398.695
80063;-176.1402;-350.1056;-2396.004
80114;-173.0596;-350.6829;-2392.805
80189;-170.1926;-351.402;-2384.958
80214;-169.87;-351.4079;-2381.122
80230;-170.7341;-350.4523;-2377.414
80271;-176.4078;-351.2755;-2373.387
80310;-180.8285;-350.1161;-2368.417
80344;-186.6971;-348.9599;-2363.398
80378;-192.5587;-347.8863;-2358.359
80412;-194.2837;-346.7961;-2350.052
80447;-197.3082;-346.2269;-2342.534
80464;-203.9126;-347.4623;-2334.338
80497;-205.7833;-347.067;-2329.424
80532;-208.7423;-345.5994;-2320.426
80565;-214.1946;-343.4737;-2311.428
80599;-221.8907;-340.4407;-2301.302
80633;-229.4689;-340.5559;-2291.389
80671;-236.2978;-338.6985;-2280.404
80704;-248.418;-336.595;-2267.55
80738;-259.0166;-333.2536;-2255.841
80789;-272.062;-329.2789;-2242.326
80805;-282.0895;-328.3476;-2232.788
80856;-290.5414;-327.755;-2223.771
80873;-301.4361;-322.2875;-2215.906
80907;-310.6197;-318.082;-2211.325
80940;-320.3533;-311.9388;-2204.143
80974;-327.2142;-306.9423;-2200.68
81008;-336.6745;-303.1765;-2194.456
81042;-342.3857;-301.0017;-2189.342
81207;-374.7072;-282.6128;-2134.281
81224;-368.7618;-289.6796;-2153.005
81258;-389.6308;-286.6384;-2131.757
81274;-392.8797;-285.4439;-2125.358
81297;-398.3095;-284.7577;-2113.472
81347;-402.9604;-282.2253;-2100.01
81381;-405.7373;-283.0678;-2086.656
81414;-416.0826;-282.6836;-2069.522
81448;-418.3764;-279.7424;-2056.674
81465;-426.0187;-265.8045;-2029.363
81505;-428.7939;-261.1791;-2015.971
81539;-427.0746;-257.1525;-2002.48
81578;-429.3366;-252.1169;-1979.994
81596;-432.0721;-250.9233;-1967.37
81643;-434.619;-250.5234;-1955.794
81666;-435.7169;-251.0267;-1942.897
81711;-437.7273;-249.2941;-1928.507
81744;-439.7806;-249.5013;-1918.419
81778;-441.3173;-254.5605;-1898.601
81812;-441.4732;-255.7698;-1887.663
81845;-447.6721;-259.0571;-1883.48
81866;-451.284;-256.3952;-1880.408
81913;-455.7375;-259.7865;-1871.213
81946;-457.7131;-257.2123;-1868.118
81980;-468.4318;-259.2259;-1849.984
82014;-475.1678;-259.4871;-1839.409
82048;-485.3985;-256.848;-1823.184
82066;-491.2856;-250.8725;-1817.008
82100;-502.6315;-244.3458;-1804.036
82150;-507.1643;-243.9226;-1798.692
82184;-520.8758;-240.0314;-1784.005
82209;-530.4379;-245.2608;-1767.419
82274;-538.5194;-230.496;-1741.572
82357;-365.1209;-423.7221;-1845.749
82375;-371.3705;-474.206;-1907.944
82392;-430.0645;-353.1012;-1874.514
82409;-430.0645;-353.1012;-1874.514
83214;-627.1876;-146.2503;-1471.623
83247;-625.3749;-147.3817;-1469.494
83306;-624.1598;-147.7043;-1467.818
83324;-623.1661;-147.8276;-1466.664
83349;-621.7092;-148.3073;-1463.393
83375;-616.8583;-150.4267;-1444.613
83410;-616.6679;-150.8629;-1444.986
83443;-611.3437;-168.7401;-1471.304
83477;-621.4078;-150.0411;-1486.596
83511;-624.4876;-153.0053;-1488.619
83544;-565.8732;-165.3932;-1572.752
83595;-568.6159;-151.1815;-1522.675
83612;-580.3772;-140.015;-1565.491
83662;-581.4829;-140.3618;-1567.235
83696;-577.4785;-130.3718;-1649.719
83713;-576.5515;-126.1636;-1652.187
83763;-564.1826;-112.3728;-1640.234
83780;-583.37;-117.6595;-1641.391
83807;-591.8543;-115.541;-1642.75
83840;-570.5435;-134.5523;-1668.642
83874;-603.8759;-216.4536;-1575.167
83908;-597.5633;-162.6313;-1671.688
83960;-578.9929;-75.37804;-1535.357
83998;-578.1046;-75.86388;-1219.922
84036;-589.1341;-47.70572;-1251.21
84052;-589.4071;-47.00755;-1251.326
84069;-590.0283;-42.80609;-1252.063
84120;-591.236;-42.38637;-1249.582
84136;-633.9423;109.2263;-1348.479
84573;-152.0092;-327.4199;-2395.401
84606;-152.0875;-327.3684;-2394.384
84640;-157.0996;-325.4062;-2416.137
84675;-158.2146;-329.1875;-2433.212
84709;-160.0775;-340.3151;-2446.751
84726;-161.2397;-348.0453;-2457.626
84776;-159.5939;-364.7892;-2471.549
84793;-162.547;-372.5381;-2482.34
84828;-166.9237;-373.9871;-2490.281
84877;-171.6225;-375.8235;-2498.494
84911;-182.188;-375.8277;-2508.202
84928;-188.6002;-375.348;-2514.621
84979;-200.4683;-370.6733;-2523.149
84999;-209.8416;-371.0547;-2530.384
85049;-222.6981;-370.0849;-2536.272
85083;-231.1538;-369.1959;-2542.943
85100;-235.5303;-368.3313;-2549.689
85151;-239.8154;-365.6674;-2556.197
85167;-244.4656;-363.5571;-2563.798
85201;-246.8378;-364.5732;-2568.623
85251;-250.7293;-367.1234;-2575.718
85268;-251.5416;-367.2267;-2577.211
85319;-252.2742;-366.6689;-2578.679
85353;-252.406;-366.6431;-2578.81
85369;-252.3775;-366.5617;-2579.004
85421;-252.411;-366.3813;-2578.883
85440;-252.0109;-366.1232;-2578.013
85488;-250.5482;-364.7857;-2574.212
85522;-247.8449;-360.3076;-2567.186
85541;-241.0246;-359.4741;-2563.012
85574;-235.1118;-353.2233;-2555.82
85608;-224.5144;-348.738;-2548.3
85644;-212.426;-349.9597;-2543.676
85665;-196.0836;-351.7824;-2537.371
85698;-183.3288;-350.7486;-2531.302
85732;-164.6999;-352.2799;-2522.763
85766;-148.0785;-332.4791;-2505.255
85816;-127.4915;-334.656;-2505.855
85834;-107.4199;-331.7992;-2505.245
85884;-90.14875;-328.096;-2503.6
85917;-69.39063;-324.4837;-2499.68
85934;-52.75915;-320.1175;-2501.492
85968;-31.77046;-300.5515;-2496.851
86019;-20.88613;-295.8891;-2494.723
86052;-12.16239;-293.0344;-2492.872
86069;7.036619;-284.8077;-2494.046
86103;18.42447;-281.589;-2494.189
86136;27.58821;-280.4886;-2494.233
86173;36.51268;-284.192;-2495.044
86204;47.37219;-286.9021;-2497.351
86237;56.5538;-288.1114;-2498.577
86271;68.48122;-288.5796;-2499.699
86305;75.05368;-289.2036;-2498.306
86339;80.30768;-289.7938;-2496.218
86373;84.43832;-289.8661;-2494.979
86406;88.08053;-290.3659;-2492.969
86440;91.6837;-290.7554;-2488.81
86473;95.71108;-290.4821;-2486.156
86507;100.2158;-290.1421;-2481.978
86529;102.8011;-289.8843;-2479.535
86563;107.3261;-289.191;-2476.482
86597;113.4927;-289.7698;-2473.196
86633;116.7774;-289.7339;-2471.839
86668;121.3679;-289.843;-2468.929
86706;123.2083;-290.0492;-2466.316
86740;127.447;-289.3332;-2462.547
86774;128.4807;-289.5301;-2459.723
86807;129.7769;-288.9023;-2459.249
86841;136.3793;-289.9854;-2449.2
86875;142.1206;-289.9836;-2442.676
86908;143.9864;-290.3346;-2439.127
86942;143.8842;-291.9435;-2432.146
86976;143.5256;-293.1701;-2427.898
87010;139.9502;-298.9994;-2415.245
87031;140.0217;-299.5711;-2410.7
87081;139.8033;-300.3925;-2402.162
87100;141.6595;-301.6113;-2393.854
87135;139.9533;-301.0316;-2377.682
87168;141.0447;-302.7512;-2365.419
87219;144.3202;-306.6413;-2357.408
87253;142.5219;-306.3198;-2337.585
87269;144.6848;-309.2764;-2328.521
87303;145.1138;-308.1613;-2309.86
87337;144.6373;-308.3346;-2287.514
87387;139.5721;-302.2571;-2255.73
87404;138.1964;-297.7627;-2228.899
87438;138.9055;-297.5852;-2205.88
87472;136.9971;-292.734;-2158.951
87522;132.5635;-288.3598;-2136.151
87543;124.2126;-280.3278;-2087.761
87573;122.6267;-276.3157;-2066.756
87606;102.5626;-273.0382;-2017.18
87640;104.9297;-267.7361;-1998.081
87674;105.8755;-253.179;-1961.751
87707;104.7413;-247.9805;-1942.414
87741;97.36963;-239.6175;-1907.498
87775;95.46928;-234.4238;-1884.694
87809;94.32674;-224.5086;-1852.552
87842;95.92429;-219.3852;-1827.88
87876;96.95992;-216.5436;-1794.9
87910;100.5196;-214.5587;-1760.728
87961;104.0905;-218.5746;-1734.832
87978;108.8028;-217.1456;-1691.505
88012;113.2704;-213.3347;-1657.119
88046;118.2451;-208.5707;-1616.341
88080;121.4274;-202.8234;-1567.702
88113;125.6737;-197.2119;-1538.058
88150;128.2901;-188.7502;-1494.511
88184;132.5708;-179.5601;-1467.143
88208;134.3616;-169.6017;-1437.907
88241;129.3282;-152.6004;-1401.272
88275;128.6733;-149.9625;-1380.15
88313;123.5497;-140.207;-1345.177
88345;121.6718;-138.3987;-1324.038
88379;118.7761;-133.8712;-1292.277
88441;113.4298;-130.2877;-1226.448
88474;108.0401;-128.474;-1196.714
88508;100.4955;-128.2497;-1155.984
88546;97.20015;-121.0207;-1129.51
88597;92.24771;-121.1208;-1080.09
88630;89.53092;-113.7028;-1068.507
88647;80.8601;-102.054;-1034.908
88697;72.14932;-92.21362;-1003.564
88750;60.80238;-81.86175;-960.263
88779;53.7107;-46.37124;-946.9281
88813;76.70724;-45.68328;-964.2133
88847;48.35727;13.8957;-979.791
88879;68.47743;-13.43625;-971.8112
88925;-118.6099;52.61688;-823.4658
89092;-118.6099;52.61688;-823.4658
92514;24.8906;18.66703;-1879.662
92582;17.03216;15.62379;-1919.882
92600;13.49888;17.46827;-1952.355
92614;9.362021;18.3306;-1981.183
92649;7.393514;20.91565;-2003.632
92682;5.665572;24.12113;-2029.767
92716;6.341061;31.27583;-2050.219
92751;8.863544;35.16954;-2067.503
92784;8.765897;39.89825;-2084.328
92802;12.95991;44.30208;-2099.208
92835;20.18669;49.49226;-2115.305
92869;23.69903;51.30423;-2126.277
92902;27.16408;51.34054;-2136.721
92936;28.79568;51.41164;-2146.172
92970;33.05686;53.0639;-2156.809
93004;38.50175;53.49443;-2168.901
93038;41.6947;52.17245;-2176.56
93071;46.34086;52.69372;-2182.653
93105;55.2953;51.89643;-2189.573
93138;64.47655;51.28711;-2194.33
93172;75.31564;49.64755;-2199.696
93205;87.0693;49.71838;-2204.02
93239;103.9412;48.6758;-2209.993
93273;121.4937;46.37671;-2213.858
93314;138.678;42.11672;-2214.972
93340;162.008;39.82488;-2215.891
93374;185.771;36.20326;-2215.438
93408;211.0429;29.40899;-2213.872
93441;234.0083;28.17143;-2210.455
93475;263.9094;24.91671;-2209.734
93509;300.7015;21.92048;-2211.986
93542;314.7044;24.69301;-2211.611
93576;339.3259;27.63335;-2213.619
93607;355.5224;31.70718;-2215.051
93636;374.0555;37.47245;-2216.676
93668;389.0405;40.93607;-2219.347
93701;402.3235;45.58509;-2218.133
93735;418.103;49.71311;-2220.38
