
1;-332.005;-972.9387;-2187.099
30;-336.1393;-975.8275;-2191.609
79;-336.9987;-978.6727;-2195.145
161;-339.994;-982.924;-2198.555
178;-342.0249;-984.3629;-2199.402
230;-340.8672;-987.0182;-2199.339
264;-341.6026;-986.7538;-2199.3
297;-343.2469;-987.79;-2195.583
330;-344.7273;-990.1856;-2191.315
364;-345.1028;-991.4213;-2184.361
398;-346.6614;-991.4689;-2182.106
450;-349.311;-991.6343;-2179.014
467;-351.0597;-993.6115;-2177.756
501;-349.0936;-1000.798;-2177.881
535;-346.7458;-1007.181;-2176.18
554;-348.2306;-1009.988;-2174.087
602;-340.3644;-1017.112;-2179.421
636;-325.8251;-1019.684;-2187.616
669;-324.187;-1030.161;-2189.301
703;-319.0918;-1045.071;-2194.667
737;-319.7356;-1053.805;-2194.335
770;-308.1237;-1060.074;-2199.656
804;-303.1591;-1065.72;-2203.625
915;-310.6899;-1079.286;-2202.086
967;-361.3087;-1100.947;-2199.667
993;-334.6584;-1094.976;-2183.896
1027;-333.0793;-1089.985;-2176.645
1060;-325.6504;-1087.155;-2171.399
1094;-319.9548;-1090.65;-2170.545
1128;-312.7002;-1093.355;-2167.469
1162;-305.5409;-1094.506;-2167.581
1199;-296.9521;-1094.602;-2165.997
1216;-297.5378;-1094.473;-2163.918
1250;-277.8713;-1092.273;-2155.899
1301;-279.7161;-1090.902;-2156.902
1320;-310.4384;-1090.993;-2160.894
1354;-318.6373;-1088.343;-2157.438
1404;-326.0172;-1086.436;-2154.589
1438;-326.8648;-1085.019;-2152.201
1461;-321.8165;-1072.866;-2110.274
1488;-309.3794;-1030.224;-2005.902
1539;-323.1952;-1026.061;-1997.331
1556;-298.5482;-1053.463;-2036.611
1590;-299.3122;-1062.435;-2062.186
1623;-250.5953;-1084.428;-2090.743
1674;-265.7395;-1070.118;-2056.117
1691;-238.3707;-1060.101;-2016.573
1724;-184.8451;-1067.005;-2008.75
1758;-184.5693;-1042.671;-1924.228
1809;-120.6938;-1043.292;-1918.219
1825;-171.5552;-1013.527;-1823.367
1859;-47.4997;-984.4045;-1756.9
1910;-35.57273;-970.1442;-1717.115
1944;-35.93788;-948.7211;-1656.04
1977;-35.75438;-932.5513;-1612.045
2046;-43.26463;-913.0879;-1559.458
2083;-48.51658;-892.5324;-1480.323
2105;-43.19163;-904.5753;-1514.517
2130;-40.1097;-877.7169;-1429.074
2163;-40.44233;-879.7228;-1421.477
2197;-38.84578;-889.7333;-1419.808
2231;-38.98377;-882.6428;-1383.122
2265;-33.2201;-878.0539;-1351.79
2298;-32.90021;-862.8897;-1298.443
2332;-41.48615;-857.2718;-1261.217
2365;-52.34756;-855.5036;-1236.887
2399;-66.55515;-852.5549;-1211.449
2433;-76.61723;-855.0394;-1197.73
2466;-79.52294;-862.8102;-1199.763
2500;-78.75082;-865.9222;-1190.935
2534;-82.77685;-864.933;-1179.467
2568;-84.08595;-871.2392;-1181.122
2601;-83.18547;-868.9001;-1170.948
2635;-88.78297;-866.7535;-1162.128
2669;-90.82131;-865.1121;-1157.405
2703;-87.95633;-862.9679;-1147.791
2736;-90.84964;-865.5447;-1151.336
2754;-89.33163;-861.7831;-1138.929
2787;-91.91549;-864.751;-1134.797
2820;-95.1297;-859.1434;-1113.716
2857;-108.5989;-866.9385;-1114.831
2905;-113.7318;-859.2129;-1080.533
2922;-113.5845;-850.1348;-1065.284
2955;-96.17859;-837.4448;-1004.687
2996;-121.4148;-827.1421;-931.2516
3029;-118.9468;-801.6187;-873.3426
3062;-137.6413;-772.934;-798.8246
3096;-210.6011;-742.1259;-719.9958
3130;-239.5325;-731.1027;-694.0342
3166;-255.8727;-702.0866;-626.4127
3199;-281.767;-702.7485;-608.4017
3233;-332.2251;-699.4869;-601.2776
3267;-408.8196;-634.7568;-568.2771
3300;-334.4501;-91.561;-1034.658
3334;-363.2162;-7.037401;-1171.158
3368;-370.2243;-11.32052;-1157.194
3402;-400.5186;-50.00111;-1123.266
3435;-395.142;-478.0321;-666.8737
3456;-396.3265;-466.6552;-652.7977
3485;-534.3634;-526.7621;-1057.404
3536;-459.9076;-19.29006;-1183.972
3553;-255.9607;183.8368;-707.0893
3590;-258.457;293.3471;-698.1305
3620;-260.2717;297.6557;-700.3721
3654;-256.1456;299.5678;-703.0516
3704;-191.966;105.562;-480.8623
3722;-214.2855;88.72182;-474.6209
10592;-399.775;-483.3746;-1286.346
10643;-393.5529;-486.3842;-1287.481
10676;-389.9783;-488.7585;-1291.649
10697;-374.8463;-495.2315;-1302.029
10731;-366.0294;-497.6522;-1307.498
10752;-361.3647;-503.8306;-1315.88
10806;-357.9806;-511.7404;-1328.445
10822;-358.8555;-512.0292;-1331.592
10856;-334.887;-513.6702;-1334.068
10890;-322.2197;-528.093;-1347.25
10924;-349.0899;-509.4122;-1324.883
10957;-342.3466;-504.5963;-1315.381
11008;-332.4962;-499.1599;-1312.135
11041;-338.3143;-500.1885;-1303.115
11058;-328.2448;-499.2492;-1298.926
11092;-298.523;-501.5737;-1313.457
11126;-205.4993;-659.6933;-1134.56
11160;-499.0043;-558.9211;-1124.669
11193;-360.7043;-619.3553;-1102.167
11227;-360.0058;-622.6164;-1109.8
11278;-367.7638;-620.7632;-1109.869
11295;-372.3076;-616.9669;-1110.342
11328;-378.4915;-546.1413;-1088.442
11379;-381.0249;-565.8416;-1092.897
11447;-285.9487;-536.9971;-1072.35
11464;-321.8215;-533.0894;-1079.701
11488;-292.5854;-531.7761;-1077.333
11504;-271.6398;-509.9934;-1104.156
11561;-271.1074;-506.0075;-1100.789
11577;-290.6818;-506.3331;-1116.343
11597;-262.5946;-511.2585;-1106.965
11632;-257.6851;-508.3893;-1109.522
11665;-252.3688;-507.2506;-1113.368
11717;-247.0434;-507.5316;-1120.65
11732;-231.7184;-502.9511;-1136.053
11766;-227.0342;-500.5784;-1149.34
11817;-269.176;-458.859;-1316.548
11835;-261.9138;-460.3369;-1321.247
11862;-251.1882;-463.3726;-1332.847
11913;-262.1278;-432.6863;-1381.093
11947;-226.6385;-440.0934;-1406.173
11963;-229.6464;-442.7557;-1411.563
11994;-134.8859;-575.145;-1242.91
12039;-7.316318;-760.6419;-1464.705
12067;-7.667963;-762.4426;-1467.152
12118;-8.889589;-762.6523;-1469.92
12135;-17.78562;-760.8822;-1460.932
12169;-17.47143;-761.8111;-1458.485
12237;-20.53901;-763.2444;-1458.69
12274;-18.96425;-764.4672;-1460.497
12298;-11.45191;-767.3667;-1468.588
12350;-10.21484;-768.445;-1469.861
12365;-17.72603;-766.8425;-1467.262
12416;-16.43233;-766.538;-1467.638
12451;-20.00578;-764.9897;-1464.903
12503;-21.27542;-763.9993;-1462.862
12520;-12.66729;-765.4774;-1462.506
12539;-10.28349;-764.9786;-1459.124
12574;-1.892224;-763.5587;-1457.875
12601;23.90195;-757.0057;-1449.08
12651;29.63668;-754.2328;-1443.842
12685;23.48007;-752.0521;-1438.208
12706;26.12434;-745.6525;-1431.164
12757;31.55702;-741.3671;-1424.893
12774;33.89399;-737.8477;-1420.114
12802;33.44437;-736.0741;-1419.271
12840;33.75334;-734.8535;-1418.913
12871;24.02655;-734.6907;-1417.396
12922;-1.295086;-739.4312;-1420.438
12937;-5.638294;-751.8743;-1416.304
12971;-11.61164;-756.6039;-1420.637
13005;-14.17209;-761.799;-1427.436
13073;-3.355322;-765.2247;-1432.254
13094;-0.4905898;-766.6789;-1431.896
13119;16.02505;-770.7676;-1444.013
13135;29.75093;-776.6127;-1462.893
13170;32.13095;-778.8647;-1467.756
13205;24.36884;-778.9991;-1464.033
13254;7.010386;-776.5977;-1456.431
13337;-3.071673;-776.3892;-1455.981
13728;6.68448;-778.7966;-1459.457
13778;-40.58826;-776.0087;-1493.463
13798;-33.47448;-778.2923;-1493.768
13849;-28.33349;-780.2842;-1495.979
13868;-16.13031;-782.959;-1498.271
13910;-14.17468;-785.3652;-1504.158
14100;-21.48831;-786.2647;-1519.255
14143;-21.97489;-787.4113;-1525.636
14173;-26.96682;-783.7867;-1524.737
14189;-32.05573;-785.3076;-1528.067
14227;-35.51338;-786.4705;-1533.155
14271;-37.97225;-794.2657;-1553.285
14305;-35.96634;-799.2869;-1567.825
14339;-82.32275;-793.0831;-1576.487
14372;-91.44084;-792.2354;-1582.245
14393;-22.14467;-815.8682;-1613.519
14425;-19.91538;-815.1216;-1611.766
14459;15.8899;-819.1121;-1619.088
14502;13.28282;-819.0002;-1617.331
14536;12.49959;-819.1769;-1617.552
14569;18.0347;-820.3744;-1621.882
14603;19.05962;-819.7523;-1623.063
14679;19.72658;-819.4604;-1627.107
14704;20.69327;-819.6924;-1631.282
14726;15.66865;-827.8083;-1626.269
14763;103.1136;-848.5854;-1689.635
14798;100.1173;-851.9792;-1690.551
14832;97.05673;-854.8413;-1690.12
14866;94.94977;-859.0644;-1693.616
14900;100.2488;-862.9167;-1699.351
14933;110.3851;-865.6732;-1707.481
14986;111.2953;-866.3063;-1706.156
15002;111.1442;-865.0505;-1702.085
15036;178.8589;-872.696;-1763.854
15069;182.1843;-868.5085;-1756.884
15109;145.8252;-870.5376;-1739.967
15125;138.7603;-873.1749;-1737.101
15159;125.1997;-870.6755;-1733.634
15193;118.9271;-869.4229;-1732.258
15243;113.3614;-871.6252;-1733.687
15277;106.6028;-871.5901;-1734.108
15328;100.2577;-874.764;-1735.303
15359;92.04186;-872.9524;-1738.766
15390;86.53639;-871.4818;-1746.125
15402;82.01796;-871.397;-1758.002
15426;84.17931;-868.3152;-1762.634
15478;80.40914;-866.334;-1770.412
15502;77.88183;-866.0775;-1776.274
15536;80.09465;-863.3409;-1785.971
15570;72.57599;-860.597;-1796.73
15652;71.43511;-862.676;-1809.852
15707;69.45592;-863.7684;-1818.779
15791;59.63726;-863.3085;-1832.821
15836;35.73885;-863.9534;-1829.649
15852;48.18951;-878.9199;-1859.139
15873;23.38789;-884.0687;-1875.811
15890;12.42862;-891.62;-1891.05
15924;8.505292;-896.474;-1903.813
15974;5.859647;-898.4501;-1914.847
16008;3.068671;-903.8033;-1923.546
16042;49.88782;-915.9316;-1961.233
16076;48.25988;-912.8178;-1958.894
16107;51.29279;-911.3709;-1958.347
16156;53.12574;-914.6096;-1956.021
16175;55.03398;-913.3583;-1954.701
16225;59.35197;-915.9994;-1953.304
16243;63.37901;-917.029;-1954.243
16261;70.07548;-917.0611;-1960.156
16301;73.67916;-918.9889;-1963.838
16353;75.81091;-920.2739;-1967.509
16364;78.70673;-921.218;-1971.87
16415;80.10939;-921.8083;-1976.136
16431;78.31792;-921.6964;-1977.18
16465;80.70612;-922.6583;-1983.209
16499;79.9128;-922.3427;-1981.713
16576;77.69748;-920.7624;-1980.098
16601;74.16045;-916.0829;-1977.074
16635;72.24056;-913.0093;-1984.419
16668;72.07252;-912.1932;-1991.323
16702;69.78929;-912.9844;-2000.611
16736;68.92641;-911.2567;-2007.364
16753;71.36874;-921.5115;-2018.024
16787;43.02951;-919.762;-2014.229
16858;44.98996;-933.0752;-2006.902
16876;35.97857;-912.0143;-2019.112
16910;35.50026;-912.0184;-2027.342
16943;34.81638;-912.3654;-2033.573
16960;32.10244;-915.1494;-2036.958
16994;31.42647;-918.6601;-2041.824
17029;31.67992;-921.9785;-2048.306
17061;32.52927;-923.5092;-2054.728
17112;31.26543;-925.7695;-2061.966
17129;30.69711;-930.8707;-2072.677
17168;31.5699;-935.3043;-2084.383
17201;27.35587;-940.4467;-2096.679
17235;32.80373;-947.1882;-2112.53
17269;31.29013;-952.2986;-2126.068
17302;29.10383;-953.2569;-2143.334
17320;28.22943;-953.2902;-2152.966
17370;99.31828;-889.0569;-2275.319
17403;22.13072;-966.7573;-2170.052
17469;15.13529;-967.7774;-2171.946
17481;18.77141;-968.3047;-2172.918
17499;20.51316;-969.5383;-2174.539
17533;22.63837;-970.5806;-2172.628
17566;24.54638;-970.7419;-2172.591
17630;26.63838;-971.4449;-2173.942
17651;30.15815;-971.636;-2179.296
17676;34.36423;-973.0426;-2184.85
17695;43.68788;-975.6851;-2193.471
17729;45.26833;-976.1932;-2196.817
17779;49.82121;-977.6266;-2200.428
17796;50.41679;-976.8129;-2202.969
17830;51.79893;-975.9385;-2206.846
17880;53.25708;-975.3386;-2211.208
17914;55.17136;-975.882;-2216.075
17948;53.07909;-970.8364;-2216.129
17981;54.79255;-984.1806;-2214.189
17998;55.53168;-987.2415;-2217.084
18032;56.32479;-988.7167;-2216.817
18066;56.56255;-990.4317;-2219.148
18099;48.57788;-988.3109;-2219.342
18133;45.20292;-985.8489;-2218.847
18167;47.78882;-986.8156;-2222.57
18201;45.05134;-987.074;-2228.088
18251;37.50534;-999.8095;-2239.998
18270;31.08578;-1007.282;-2240.219
18293;28.87956;-1011.975;-2242.409
18337;25.9094;-1014.315;-2245.777
18371;23.3286;-1014.563;-2247.028
18388;24.42446;-1013.487;-2246.966
18439;23.49928;-1011.795;-2246.412
18455;25.91362;-1011.151;-2246.11
18507;29.44041;-1010.176;-2245.47
18541;21.33821;-1011.119;-2247.242
18575;17.00871;-1011.569;-2248.561
18592;19.52234;-1011.5;-2247.656
18630;5.670439;-1013.894;-2253.824
18663;4.918653;-1016.608;-2258.51
18708;5.891113;-1020.11;-2265.712
18724;8.478838;-1022.351;-2269.24
18758;7.844798;-1023.673;-2271.713
18791;8.707816;-1025.284;-2273.669
18825;9.172595;-1026.603;-2274.501
18875;9.257556;-1028.069;-2274.427
18892;10.91589;-1029.746;-2276.173
18926;11.62841;-1030.395;-2276.413
18960;10.33501;-1031.469;-2276.424
18993;10.43521;-1032.771;-2276.079
19027;9.704143;-1034.226;-2275.928
19061;9.563479;-1034.526;-2275.94
19095;9.273332;-1035.597;-2275.79
19128;7.765278;-1037.0;-2275.423
19179;6.566117;-1036.541;-2275.571
19196;71.70922;-1031.945;-2259.852
19254;79.31759;-1035.483;-2265.188
19273;82.65947;-1037.793;-2266.329
19290;54.41396;-1039.605;-2265.176
19324;51.44186;-1040.567;-2262.616
19384;71.35178;-1039.412;-2258.099
19400;75.9844;-1040.361;-2258.802
19418;75.25634;-1041.543;-2259.237
19469;79.65982;-1042.944;-2260.291
19502;80.37224;-1044.182;-2262.14
19536;80.35392;-1044.641;-2262.452
19576;79.76611;-1045.202;-2262.59
19593;79.7534;-1045.44;-2262.37
19626;71.03677;-1046.747;-2263.304
19660;63.73034;-1047.829;-2264.969
19711;62.94251;-1047.825;-2263.739
19728;62.65868;-1048.039;-2263.535
19791;44.88911;-1049.813;-2267.424
19805;45.92798;-1051.704;-2266.23
19824;50.03613;-1053.844;-2265.458
19875;44.72367;-1054.548;-2267.988
19891;45.10084;-1053.818;-2268.145
19943;44.85924;-1054.386;-2269.028
19995;38.00726;-1057.647;-2277.118
20020;40.12255;-1060.106;-2285.042
20055;42.09736;-1058.873;-2288.273
20079;35.91548;-1056.363;-2285.793
20096;37.65836;-1053.719;-2284.596
20130;31.4021;-1051.357;-2287.851
20163;28.59594;-1051.715;-2289.793
20197;36.03984;-1056.066;-2300.06
20231;35.66073;-1055.402;-2299.916
20264;36.93672;-1055.734;-2302.536
20311;33.71447;-1055.998;-2305.78
20327;18.89167;-1061.521;-2315.288
20361;-1.496865;-1056.219;-2300.644
20394;-2.047837;-1056.3;-2299.003
20428;-9.615171;-1057.407;-2301.082
20462;-16.188;-1061.859;-2312.311
20495;-32.11671;-1062.956;-2315.895
20534;-38.6293;-1063.86;-2319.329
20572;-37.74476;-1063.293;-2317.854
20589;-37.51954;-1063.375;-2317.708
20623;-35.14972;-1067.86;-2329.204
20673;-31.63195;-1066.998;-2328.252
20690;-28.90429;-1069.2;-2328.66
20740;-54.8354;-1069.286;-2328.994
20774;-45.70562;-1070.632;-2329.45
20791;-40.62216;-1068.814;-2325.339
20825;-37.79585;-1069.389;-2324.164
20860;-45.11639;-1067.532;-2323.922
20894;-40.64571;-1066.271;-2322.308
20927;-32.04606;-1067.71;-2323.475
20961;-21.51852;-1067.721;-2321.098
20995;-8.108277;-1072.332;-2330.905
21028;-2.588527;-1072.884;-2331.511
21062;-0.5941558;-1071.486;-2326.881
21096;1.419392;-1071.243;-2326.886
21146;6.066175;-1073.399;-2329.249
21163;10.04496;-1075.306;-2333.476
21214;9.260429;-1074.507;-2332.65
21230;9.297877;-1075.523;-2335.865
21264;11.56499;-1076.308;-2337.541
21346;14.19978;-1076.718;-2337.469
21373;16.18327;-1077.3;-2337.792
21389;14.70453;-1075.221;-2331.219
21406;16.60081;-1077.626;-2333.725
21442;-0.7903604;-1072.993;-2321.631
21464;-4.400091;-1070.09;-2315.273
21492;-4.283235;-1068.951;-2313.88
21526;-0.1388425;-1070.367;-2316.642
21559;-1.310475;-1066.715;-2314.736
21593;-4.838546;-1067.777;-2315.231
21643;-16.41669;-1064.734;-2317.229
21660;-25.52244;-1060.901;-2313.066
21694;-24.74818;-1060.659;-2311.321
21728;-37.4455;-1067.339;-2322.682
21779;-20.77569;-1073.28;-2327.622
21795;-30.88715;-1071.563;-2318.45
21830;-41.13755;-1064.327;-2297.74
21863;-39.87919;-1064.87;-2296.867
21996;-42.719;-1063.756;-2291.579
22033;-44.04947;-1063.823;-2290.705
22054;-48.64679;-1063.626;-2290.558
22072;-45.56291;-1063.709;-2288.026
22087;-45.70786;-1063.397;-2285.427
22156;-46.87393;-1062.275;-2281.224
22184;-47.79212;-1060.796;-2277.152
22216;-48.96371;-1060.473;-2276.237
22232;-52.12513;-1061.198;-2275.407
22265;-54.87854;-1062.766;-2275.354
22305;-53.71938;-1064.212;-2275.336
22333;-59.39971;-1063.747;-2276.614
22368;-57.68806;-1062.762;-2278.773
22401;-65.88529;-1063.11;-2284.15
22435;-60.27698;-1062.593;-2286.618
22469;-51.34962;-1063.905;-2287.144
22492;-54.16421;-1062.061;-2290.009
22536;-40.62304;-1061.47;-2287.065
22571;-35.71936;-1065.995;-2291.661
22603;-33.67464;-1069.687;-2300.593
22623;-34.65829;-1070.351;-2301.641
22668;-31.33871;-1071.817;-2307.046
22705;-33.07344;-1071.254;-2305.951
22737;-36.53067;-1071.882;-2306.059
22771;-37.2204;-1072.145;-2306.254
22855;-34.8519;-1072.478;-2306.415
22891;-35.15835;-1072.995;-2308.257
22906;-32.16069;-1074.044;-2310.479
22923;-29.11096;-1074.902;-2311.976
22960;-33.45626;-1073.985;-2313.309
23011;-31.25408;-1074.711;-2315.524
23028;-28.42693;-1075.529;-2316.317
23061;-21.6678;-1075.839;-2314.756
23095;-20.95549;-1076.982;-2315.354
23129;-19.62077;-1077.772;-2315.326
23193;-19.99251;-1078.274;-2315.728
23209;-16.86207;-1079.152;-2315.381
23243;-21.64617;-1079.304;-2316.095
23277;-21.67365;-1079.339;-2316.177
23310;-22.97199;-1079.259;-2316.114
23327;-28.69858;-1078.847;-2316.959
23361;-29.14146;-1077.344;-2317.183
23395;-35.11513;-1076.348;-2314.532
23449;-40.94127;-1075.125;-2315.192
23471;-37.14625;-1074.932;-2313.967
23505;-36.50983;-1074.396;-2313.118
23538;-36.16182;-1074.546;-2312.119
23559;-33.58939;-1075.463;-2311.964
23593;-33.50341;-1075.314;-2312.216
23644;-34.65164;-1074.587;-2312.25
23677;-34.40677;-1075.042;-2312.596
23711;-32.42397;-1074.723;-2312.866
23730;-30.73522;-1074.642;-2312.366
23764;-33.85095;-1073.869;-2310.049
23814;-42.65273;-1072.151;-2306.86
23831;-37.54925;-1070.572;-2301.151
23867;-38.83987;-1070.633;-2301.222
23889;-46.73136;-1067.94;-2300.811
23922;-50.83448;-1070.767;-2305.829
23956;-60.92513;-1072.557;-2315.14
23990;-60.17126;-1070.239;-2314.033
24040;-60.27598;-1068.286;-2313.229
24074;-59.846;-1067.32;-2312.283
24094;-58.67536;-1066.015;-2310.386
24121;-58.07277;-1065.279;-2308.572
24155;-55.3092;-1066.276;-2307.686
24188;-49.63056;-1066.696;-2305.185
24238;-49.45161;-1066.2;-2303.789
24272;-49.14619;-1065.987;-2303.071
24289;-49.42315;-1065.555;-2302.714
24339;-51.4517;-1065.807;-2303.347
24356;-54.38514;-1065.559;-2302.908
24391;-51.87313;-1064.946;-2302.982
24424;-51.2774;-1064.991;-2302.938
24458;-49.31753;-1063.985;-2301.059
24492;-49.8161;-1064.061;-2301.041
24526;-48.7633;-1064.516;-2300.46
24576;-49.36036;-1064.576;-2300.028
24595;-51.352;-1067.41;-2300.932
24628;-52.38025;-1069.792;-2302.828
24662;-57.70904;-1068.896;-2304.659
24696;-58.82038;-1069.329;-2307.021
24729;-56.77916;-1068.938;-2309.118
24763;-57.15253;-1067.798;-2309.531
24797;-44.53276;-1067.382;-2306.417
24830;-51.35346;-1068.583;-2307.085
24864;-51.10045;-1069.303;-2307.93
24895;-48.67295;-1069.203;-2308.606
24928;-49.84991;-1067.078;-2309.221
24979;-48.3698;-1066.332;-2309.839
24995;-40.13893;-1066.464;-2309.196
25029;-45.16161;-1067.578;-2310.012
25063;-56.64631;-1067.514;-2311.077
25098;-58.33207;-1067.02;-2310.97
25131;-47.58953;-1075.526;-2331.408
25165;-45.06116;-1072.097;-2324.706
25199;-41.71434;-1071.057;-2321.519
25232;-37.01678;-1071.118;-2318.866
25267;-39.23695;-1071.682;-2319.874
25304;-40.96509;-1071.088;-2318.365
25345;-39.84632;-1073.038;-2320.979
25361;-41.95064;-1072.265;-2321.004
25412;-46.18708;-1071.882;-2321.791
25429;-46.77845;-1072.571;-2321.842
25462;-50.98469;-1071.269;-2325.679
25496;-46.74631;-1072.551;-2326.134
25530;-48.69292;-1072.797;-2327.354
25563;-46.80981;-1073.62;-2325.932
25597;-30.81937;-1075.97;-2315.981
25631;-24.39999;-1076.383;-2311.905
25664;-25.50776;-1077.901;-2313.582
25698;-32.14243;-1080.86;-2315.692
25739;-31.95088;-1083.781;-2315.539
25766;-33.06931;-1084.86;-2315.884
25799;-31.61919;-1085.7;-2317.186
25833;-33.28664;-1085.155;-2316.323
25867;-33.17415;-1086.143;-2316.626
25903;-30.51287;-1085.78;-2313.38
25922;-30.13383;-1088.097;-2316.867
25970;-29.39223;-1089.39;-2319.506
25988;-35.6637;-1087.963;-2324.171
26021;-42.57223;-1085.865;-2328.14
26055;-39.05684;-1085.017;-2327.618
26089;-33.39407;-1084.389;-2324.12
26122;-23.65064;-1087.016;-2322.331
26173;-23.99272;-1087.796;-2321.521
26190;-25.74478;-1087.728;-2319.548
26223;-25.90055;-1088.554;-2319.743
26259;-34.23043;-1086.858;-2315.304
26316;-37.31915;-1086.594;-2315.298
26346;-34.52294;-1086.055;-2312.522
26372;-34.50299;-1086.714;-2311.843
26405;-37.35994;-1086.472;-2311.304
26439;-41.37427;-1086.756;-2308.54
26473;-42.48109;-1086.453;-2307.518
26507;-45.03981;-1085.748;-2306.042
26540;-49.17694;-1085.994;-2307.049
26574;-44.66413;-1085.875;-2304.75
26607;-43.11765;-1086.983;-2305.501
26624;-43.15474;-1087.807;-2306.928
26658;-44.48915;-1087.622;-2306.974
26692;-44.5753;-1087.531;-2306.884
26742;-43.16499;-1087.361;-2306.072
26767;-43.13664;-1087.911;-2306.173
26801;-48.50688;-1086.414;-2306.745
26834;-50.41842;-1086.955;-2308.394
26868;-45.96446;-1087.033;-2306.869
26902;-46.935;-1086.803;-2308.046
26919;-42.43743;-1088.171;-2309.533
26959;-41.23195;-1088.259;-2309.396
27009;-39.66711;-1088.597;-2309.488
27081;-38.82249;-1088.367;-2307.749
27124;-52.53318;-1086.753;-2312.607
27140;-31.57011;-1087.483;-2304.801
27157;-36.40579;-1090.483;-2312.898
27191;-35.23247;-1089.169;-2310.361
27241;-33.89846;-1088.976;-2309.663
27258;-32.192;-1089.771;-2308.533
27292;-31.4554;-1089.994;-2308.191
27326;-31.12265;-1090.948;-2307.769
27360;-30.22204;-1090.813;-2307.726
27410;-29.8457;-1091.148;-2307.602
27427;-31.38536;-1091.651;-2308.667
27478;-33.46333;-1091.511;-2308.787
27495;-33.47199;-1091.327;-2309.316
27545;-32.99454;-1090.961;-2309.172
27562;-33.27246;-1090.895;-2308.375
27613;-24.44298;-1091.814;-2305.706
27629;-34.85472;-1089.772;-2307.561
27675;-34.02219;-1089.339;-2307.008
27691;-34.06306;-1089.014;-2306.92
27742;-19.51645;-1089.626;-2303.408
27758;-21.62879;-1089.243;-2302.289
27793;-24.56434;-1089.24;-2302.676
27826;-28.62185;-1089.56;-2304.09
27860;-27.95813;-1089.187;-2302.782
27893;-33.208;-1089.956;-2303.704
27927;-26.12084;-1089.78;-2301.717
27961;-31.20439;-1090.525;-2303.006
27994;-30.3753;-1090.724;-2302.661
28028;-23.57234;-1091.072;-2300.79
28062;-29.00853;-1091.074;-2301.685
28095;-29.22661;-1091.973;-2302.292
28130;-30.44056;-1092.402;-2303.03
28163;-30.42188;-1092.448;-2303.029
28196;-33.82722;-1091.98;-2304.098
28230;-33.25342;-1091.932;-2303.637
28264;-32.3516;-1091.758;-2303.33
28298;-31.48222;-1092.04;-2302.837
28331;-32.07182;-1092.02;-2302.683
28365;-27.91217;-1094.526;-2301.636
28399;-28.69214;-1095.099;-2301.722
28433;-29.37287;-1095.655;-2302.164
28466;-29.04641;-1096.533;-2302.393
28501;-29.28316;-1096.887;-2302.312
28526;-30.04622;-1097.078;-2303.043
28560;-29.85547;-1097.318;-2302.734
28593;-30.27846;-1097.494;-2303.104
28628;-33.23153;-1097.593;-2303.613
28679;-30.83132;-1097.723;-2302.879
28696;-29.24559;-1098.196;-2303.175
28729;-32.2416;-1098.028;-2303.874
28780;-37.97131;-1097.587;-2305.784
28797;-28.71386;-1097.275;-2302.693
28830;-32.32237;-1097.12;-2302.986
28862;-30.93356;-1097.028;-2302.534
28895;-35.06969;-1095.769;-2303.427
28929;-34.99513;-1094.99;-2303.126
28976;-32.74966;-1094.755;-2302.03
29003;-32.58696;-1094.377;-2301.971
29037;-31.92996;-1094.147;-2299.967
29070;-31.63077;-1093.918;-2299.279
29104;-31.64749;-1093.927;-2299.155
29138;-33.61808;-1093.365;-2298.336
29174;-38.38072;-1091.67;-2296.495
29191;-38.66129;-1091.339;-2295.463
29225;-39.73804;-1090.784;-2294.413
29258;-42.24035;-1089.582;-2292.473
29292;-43.7456;-1089.335;-2292.019
29325;-44.28054;-1089.477;-2292.304
29359;-44.00825;-1089.425;-2291.855
29410;-42.90809;-1089.555;-2291.164
29427;-42.81739;-1089.326;-2290.227
29477;-41.42305;-1089.182;-2289.531
29512;-40.94019;-1089.49;-2289.603
29529;-41.71775;-1088.803;-2289.189
29563;-41.58142;-1089.132;-2289.516
29597;-42.86708;-1088.995;-2289.639
29630;-42.85975;-1088.647;-2289.341
29664;-42.54187;-1088.904;-2289.569
29698;-43.29477;-1090.373;-2293.368
29731;-42.33223;-1090.09;-2292.281
29765;-42.73103;-1089.874;-2292.25
29816;-43.45322;-1089.547;-2291.531
29835;-43.07969;-1089.456;-2290.864
29868;-44.01707;-1088.913;-2289.885
29890;-44.61267;-1089.058;-2290.006
29935;-44.00489;-1089.282;-2289.574
29969;-44.11692;-1089.043;-2288.258
30003;-46.32496;-1088.75;-2288.243
30020;-50.9444;-1086.739;-2285.743
30070;-51.06614;-1087.146;-2286.514
30104;-52.59198;-1086.534;-2286.125
30138;-54.5642;-1085.132;-2287.536
30155;-56.11026;-1082.955;-2288.597
30205;-56.14417;-1080.58;-2288.846
30239;-55.97074;-1079.351;-2289.472
30272;-55.70364;-1078.653;-2289.619
30294;-55.42526;-1077.152;-2290.058
30340;-56.32679;-1075.863;-2289.758
30373;-57.68947;-1074.478;-2289.935
30391;-61.46651;-1072.805;-2289.138
30429;-63.90056;-1071.594;-2288.742
30462;-64.14532;-1071.629;-2289.302
30512;-64.71698;-1070.671;-2289.185
30532;-68.24019;-1068.422;-2288.996
30566;-67.71714;-1067.506;-2289.062
30599;-68.01008;-1066.178;-2288.717
30633;-68.79871;-1065.249;-2288.0
30667;-69.39587;-1064.505;-2288.371
30701;-69.9061;-1063.53;-2288.597
30719;-71.5971;-1063.064;-2289.044
30768;-73.36174;-1062.64;-2289.563
30802;-73.46587;-1062.94;-2289.81
30835;-75.5223;-1062.717;-2289.492
30869;-74.89658;-1063.161;-2289.334
30903;-75.45882;-1062.564;-2289.339
30938;-75.60885;-1062.102;-2289.748
30971;-75.88579;-1061.476;-2289.777
30993;-76.48914;-1061.047;-2289.69
31043;-76.69518;-1060.658;-2289.787
31062;-76.74911;-1060.007;-2289.708
31095;-76.81844;-1059.786;-2289.464
31151;-75.77393;-1059.713;-2289.095
31162;-76.52171;-1058.326;-2288.948
31196;-76.50469;-1058.081;-2289.482
31230;-75.65806;-1057.981;-2288.722
31263;-75.91776;-1057.392;-2288.675
31314;-75.7985;-1057.084;-2288.594
31331;-75.95718;-1056.881;-2288.352
31365;-76.70793;-1056.563;-2288.526
31398;-76.84906;-1055.914;-2288.665
31432;-77.2776;-1055.832;-2289.015
31466;-75.37902;-1055.671;-2287.223
31516;-75.66261;-1056.223;-2286.26
31537;-75.67324;-1056.533;-2285.294
31553;-75.74389;-1057.18;-2285.599
31621;-75.25872;-1058.143;-2286.577
31637;-75.72681;-1059.31;-2286.904
31654;-75.76713;-1060.103;-2286.27
31696;-76.66347;-1060.98;-2286.365
31727;-76.97695;-1061.442;-2286.028
31777;-76.59955;-1062.922;-2285.454
31795;-75.45651;-1065.243;-2285.789
31828;-76.01724;-1066.423;-2285.144
31861;-76.79855;-1068.262;-2285.01
31895;-76.41077;-1069.82;-2285.488
31937;-77.32974;-1072.288;-2286.601
31971;-77.96282;-1073.667;-2286.934
32005;-77.24112;-1075.557;-2286.79
32039;-77.92643;-1076.539;-2286.641
32055;-74.24689;-1078.715;-2287.081
32089;-74.50435;-1079.801;-2287.334
32123;-77.90168;-1080.468;-2288.76
32157;-75.52906;-1081.034;-2287.079
32207;-79.59621;-1081.344;-2288.528
32224;-75.56513;-1082.389;-2286.677
32259;-91.16463;-1077.537;-2279.771
32292;-81.53703;-1079.802;-2279.32
32326;-80.51347;-1081.723;-2279.822
32360;-80.16396;-1083.539;-2281.204
32393;-79.00795;-1083.891;-2281.749
32427;-76.55341;-1083.832;-2280.537
32461;-68.2306;-1084.747;-2277.408
32495;-85.17171;-1085.69;-2285.856
32528;-85.08445;-1084.988;-2286.152
32562;-85.86118;-1085.229;-2287.875
32595;-85.14508;-1084.651;-2287.281
32629;-85.39416;-1084.444;-2287.257
32663;-85.46656;-1085.384;-2290.742
32697;-82.1927;-1084.391;-2287.899
32730;-74.77478;-1085.261;-2283.959
32764;-80.28618;-1086.073;-2286.693
32798;-72.4071;-1085.52;-2281.053
32852;-71.2075;-1086.33;-2280.472
32869;-70.56285;-1088.365;-2281.787
32902;-73.013;-1087.991;-2283.33
32936;-72.40567;-1088.195;-2283.168
32970;-71.78651;-1088.844;-2282.601
32987;-82.54623;-1088.439;-2287.014
33037;-66.3428;-1089.199;-2280.759
33054;-68.23663;-1089.487;-2281.185
33104;-67.97001;-1089.805;-2280.883
33122;-68.64414;-1089.918;-2281.457
33172;-73.54639;-1088.152;-2281.995
33190;-74.63087;-1087.35;-2282.758
33222;-73.94384;-1087.228;-2282.808
33256;-72.7694;-1087.147;-2282.971
33290;-72.37688;-1085.827;-2282.545
33324;-72.53049;-1083.814;-2282.957
33357;-73.59447;-1082.411;-2282.884
33417;-74.00326;-1080.492;-2283.054
33486;-79.61086;-1078.635;-2285.105
33564;-79.46194;-1077.497;-2285.011
33584;-79.34651;-1074.906;-2284.968
33601;-81.41585;-1072.333;-2282.899
33618;-81.62061;-1071.479;-2283.099
33634;-81.76807;-1070.269;-2282.455
33669;-82.02426;-1069.619;-2282.928
33715;-82.36665;-1069.06;-2283.699
33733;-82.92531;-1066.976;-2285.101
33767;-83.67358;-1065.516;-2285.654
33800;-83.33178;-1065.015;-2285.54
33834;-83.85602;-1064.226;-2286.089
33868;-84.15308;-1062.836;-2285.994
33901;-84.21001;-1062.796;-2285.892
33935;-83.86256;-1063.05;-2286.428
33969;-83.2858;-1062.928;-2286.359
34002;-83.05945;-1061.102;-2284.177
34036;-81.70718;-1062.077;-2284.054
34070;-80.49384;-1062.989;-2284.394
34103;-80.30531;-1063.335;-2284.385
34150;-81.36501;-1064.544;-2285.984
34169;-80.45253;-1065.688;-2286.018
34202;-80.26858;-1066.123;-2285.99
34236;-79.90564;-1066.71;-2286.457
34270;-79.81924;-1068.111;-2286.93
34304;-79.12595;-1069.071;-2287.404
34337;-77.32339;-1070.814;-2288.783
34371;-78.2648;-1070.715;-2289.162
34404;-77.92685;-1070.869;-2289.175
34438;-77.61388;-1072.12;-2290.243
34455;-77.17374;-1074.005;-2290.207
34492;-73.5966;-1079.656;-2298.046
34624;-72.68073;-1084.591;-2294.575
34679;-70.1337;-1086.847;-2293.101
34695;-71.35798;-1086.827;-2292.222
34711;-72.91782;-1092.05;-2300.678
34745;-76.15862;-1091.266;-2298.776
34762;-74.83305;-1092.145;-2299.564
34796;-78.81724;-1092.071;-2301.068
34829;-78.44688;-1091.57;-2300.156
34863;-72.72603;-1092.535;-2299.545
34897;-80.42744;-1090.687;-2303.193
34942;-76.45304;-1091.863;-2303.519
35024;-75.57647;-1091.353;-2303.285
35118;-77.05352;-1090.631;-2302.76
35137;-76.32516;-1090.106;-2302.327
35154;-76.92492;-1089.832;-2303.299
35177;-77.0722;-1090.557;-2302.962
35201;-77.94695;-1090.513;-2302.996
35234;-78.81297;-1090.396;-2303.287
35268;-79.94939;-1091.057;-2304.485
35302;-72.19049;-1092.631;-2299.007
35336;-73.98296;-1095.27;-2299.869
35369;-74.16293;-1096.999;-2299.397
35403;-74.93485;-1099.012;-2298.434
35421;-74.3695;-1098.79;-2296.295
35471;-68.58206;-1100.792;-2294.854
35505;-69.10928;-1101.189;-2294.046
35539;-70.57664;-1102.009;-2294.297
35556;-68.461;-1103.337;-2293.68
35593;-72.11898;-1103.544;-2294.457
35626;-73.1689;-1103.564;-2293.966
35681;-71.42006;-1103.252;-2292.169
35704;-72.62286;-1102.871;-2290.991
35728;-73.02722;-1102.898;-2291.488
35762;-74.85258;-1102.359;-2291.719
35802;-75.44724;-1102.228;-2291.315
35829;-76.25161;-1101.542;-2290.672
35863;-77.28273;-1099.847;-2290.656
35896;-77.21924;-1098.613;-2289.373
35948;-77.41518;-1098.077;-2289.323
35964;-77.68304;-1096.788;-2288.234
35998;-77.43221;-1095.768;-2287.944
36035;-77.13445;-1095.005;-2287.391
36054;-77.96677;-1094.163;-2287.933
36115;-78.41455;-1092.261;-2287.0
36132;-78.86132;-1090.974;-2285.544
36166;-78.55878;-1090.574;-2285.695
36200;-78.68027;-1089.746;-2286.294
36233;-78.43815;-1089.314;-2286.099
36267;-79.11327;-1088.588;-2286.812
36301;-79.62856;-1087.47;-2286.484
36334;-80.57544;-1086.502;-2286.291
36368;-81.653;-1084.899;-2285.373
36402;-82.29665;-1084.31;-2285.244
36438;-82.73486;-1084.422;-2286.82
36471;-82.96658;-1084.279;-2286.991
36505;-82.98433;-1084.159;-2287.368
36522;-82.87415;-1083.997;-2287.314
36572;-83.20921;-1083.585;-2287.454
36589;-83.42668;-1083.605;-2288.089
36640;-80.9622;-1084.301;-2288.044
36656;-81.45396;-1084.251;-2288.28
36690;-82.70213;-1084.315;-2288.167
36724;-83.30819;-1085.151;-2288.279
36757;-83.03873;-1086.363;-2287.886
36792;-82.75231;-1086.891;-2287.699
36839;-83.68687;-1088.778;-2288.19
36856;-82.27077;-1091.221;-2287.903
36907;-80.84077;-1092.712;-2287.314
36923;-79.37894;-1093.78;-2287.432
36957;-77.73351;-1095.035;-2287.636
36991;-77.81629;-1096.31;-2287.459
37041;-75.49331;-1098.574;-2287.953
37058;-75.80902;-1100.045;-2287.535
37092;-72.30794;-1100.842;-2287.036
37125;-71.64001;-1101.185;-2287.196
37159;-72.7;-1100.899;-2286.923
37252;-67.71802;-1101.673;-2284.667
37318;-75.42674;-1101.365;-2287.104
37334;-72.34129;-1101.98;-2286.392
37368;-72.90727;-1102.276;-2286.49
37402;-70.63863;-1102.291;-2285.68
37435;-71.43362;-1102.544;-2285.536
37469;-67.14477;-1104.502;-2286.831
37503;-64.04236;-1104.326;-2285.087
37537;-64.84991;-1104.277;-2284.399
37570;-66.23118;-1104.095;-2284.46
37587;-67.40199;-1103.85;-2284.256
37638;-68.40543;-1103.988;-2284.405
37655;-67.75877;-1104.365;-2284.467
37705;-67.15102;-1105.625;-2284.257
37722;-67.63815;-1105.391;-2283.756
37772;-68.96996;-1104.79;-2283.73
37792;-69.0988;-1104.398;-2284.179
37825;-69.44201;-1103.479;-2283.788
37862;-69.20913;-1102.202;-2283.988
37895;-72.89078;-1101.811;-2284.353
37946;-72.75317;-1101.992;-2284.156
37962;-71.93512;-1102.903;-2284.853
37997;-71.67766;-1102.823;-2283.883
38031;-69.97002;-1103.262;-2283.694
38065;-70.05189;-1103.705;-2284.449
38098;-72.21577;-1103.729;-2286.061
38132;-69.12627;-1102.493;-2286.481
38166;-62.65886;-1105.924;-2295.066
38200;-59.28577;-1106.668;-2298.384
38233;-55.32541;-1106.684;-2299.496
38267;-50.65905;-1106.268;-2303.634
38328;-49.73497;-1106.091;-2302.231
38428;-48.89175;-1104.962;-2301.622
38444;-49.1436;-1104.057;-2300.565
38474;-54.95823;-1100.81;-2298.078
38490;-55.81488;-1099.323;-2296.573
38524;-57.6181;-1097.76;-2294.99
38558;-58.663;-1097.351;-2293.673
38591;-58.95045;-1097.005;-2292.391
38625;-59.69893;-1095.929;-2291.687
38659;-59.23204;-1095.735;-2290.939
38692;-58.32903;-1095.648;-2290.093
38726;-58.00154;-1095.672;-2289.815
38760;-57.81702;-1094.408;-2289.58
38794;-58.8353;-1093.615;-2289.78
38828;-59.70999;-1093.43;-2289.529
38861;-61.73256;-1092.308;-2291.501
38895;-61.1222;-1090.447;-2290.296
38928;-60.41777;-1089.864;-2289.857
38964;-60.63968;-1089.045;-2289.062
38991;-60.63504;-1088.536;-2288.802
39024;-61.07384;-1088.087;-2288.658
39058;-61.03691;-1087.47;-2289.106
39092;-62.304;-1087.232;-2289.307
39125;-63.66742;-1086.81;-2289.701
39159;-64.10014;-1086.259;-2289.91
39193;-62.91106;-1086.752;-2291.621
39243;-62.5045;-1087.187;-2293.034
39260;-61.74314;-1087.525;-2292.29
39294;-62.43064;-1088.29;-2292.373
39327;-72.7182;-1096.45;-2312.72
39378;-72.20477;-1098.183;-2309.257
39395;-72.35474;-1099.992;-2306.79
39445;-72.11466;-1099.202;-2304.934
39480;-71.85097;-1099.48;-2304.315
39496;-71.87721;-1099.295;-2303.396
39530;-72.25008;-1097.962;-2300.748
39563;-74.88628;-1096.901;-2298.955
39614;-74.99713;-1096.284;-2297.792
39631;-74.49019;-1095.839;-2296.92
39682;-74.82018;-1096.23;-2296.001
39716;-75.18168;-1095.996;-2295.408
39750;-75.172;-1096.976;-2294.702
39773;-77.68858;-1096.707;-2295.333
39801;-82.51958;-1094.51;-2298.449
39836;-77.48387;-1094.039;-2295.663
39869;-82.76875;-1095.661;-2299.187
39903;-84.46201;-1090.94;-2301.273
39937;-84.63071;-1089.781;-2301.262
39973;-85.46361;-1088.442;-2300.551
39990;-85.91989;-1086.932;-2300.003
40040;-86.34983;-1086.626;-2300.727
40057;-85.26659;-1086.398;-2302.112
40108;-86.58741;-1086.082;-2302.288
40141;-81.48146;-1087.698;-2298.809
40175;-80.03485;-1096.604;-2296.321
40192;-79.30548;-1099.06;-2296.739
40225;-82.94753;-1099.661;-2298.777
40259;-70.73444;-1099.338;-2293.954
40293;-73.92593;-1099.862;-2294.969
40327;-75.07259;-1099.938;-2295.925
40360;-75.69312;-1099.79;-2296.903
40394;-76.11112;-1100.761;-2295.26
40428;-75.74419;-1099.972;-2296.028
40461;-75.83843;-1097.682;-2295.21
40495;-75.82659;-1097.483;-2294.865
40529;-75.76987;-1097.843;-2296.472
40562;-77.21729;-1095.325;-2294.109
40597;-77.60376;-1094.791;-2293.889
40631;-77.38867;-1094.769;-2294.401
40665;-76.22871;-1093.505;-2292.421
40698;-77.94219;-1090.68;-2291.895
40732;-77.47656;-1090.476;-2293.301
40766;-76.59485;-1090.636;-2293.721
40803;-76.78567;-1090.004;-2293.088
40839;-75.15874;-1090.036;-2293.035
40873;-74.69964;-1089.692;-2293.294
40890;-74.41741;-1089.128;-2292.411
40985;-76.48453;-1087.802;-2292.705
41113;-78.24182;-1085.827;-2292.409
41159;-79.69065;-1085.43;-2292.322
41212;-80.26553;-1085.63;-2291.594
41228;-80.34785;-1085.975;-2291.971
41262;-80.47495;-1086.566;-2292.477
41296;-80.48621;-1087.531;-2292.153
41329;-81.89639;-1088.289;-2292.164
41364;-82.39291;-1089.453;-2292.587
41398;-83.12135;-1090.223;-2292.656
41431;-84.10484;-1093.123;-2292.193
41465;-84.37515;-1094.282;-2292.709
41500;-78.36881;-1095.987;-2292.74
41534;-72.69484;-1098.9;-2292.972
41567;-69.76997;-1103.001;-2294.631
41601;-62.6592;-1109.2;-2302.189
41635;-62.17373;-1109.273;-2300.0
41669;-63.3523;-1110.015;-2299.124
41717;-67.65414;-1109.187;-2297.894
41767;-69.30898;-1108.987;-2297.668
41784;-68.226;-1109.363;-2297.523
41818;-66.49431;-1109.466;-2296.314
41868;-65.91142;-1110.45;-2295.33
41886;-62.12871;-1113.383;-2301.447
41936;-62.46855;-1112.999;-2299.812
41970;-62.42598;-1112.728;-2299.014
42003;-64.76933;-1111.986;-2296.848
42020;-63.68869;-1111.664;-2294.753
42071;-63.5871;-1111.964;-2294.454
42088;-64.79184;-1111.245;-2292.188
42138;-64.32283;-1110.734;-2291.394
42172;-59.58818;-1110.866;-2288.911
42189;-66.2768;-1109.885;-2288.069
42240;-73.23496;-1108.5;-2290.471
42257;-63.05569;-1108.408;-2286.469
42307;-65.04852;-1108.207;-2286.611
42341;-69.29025;-1109.234;-2289.094
42358;-68.58804;-1109.765;-2288.774
42392;-69.33748;-1109.762;-2288.942
42425;-69.90839;-1109.327;-2288.446
42459;-71.5222;-1108.685;-2287.916
42492;-78.44707;-1109.366;-2292.441
42526;-76.70268;-1108.441;-2291.335
42561;-78.03477;-1106.495;-2289.646
42611;-77.05736;-1104.655;-2289.579
42628;-76.46785;-1102.157;-2289.497
42662;-75.71085;-1099.956;-2288.998
42696;-77.39799;-1098.096;-2289.923
42729;-79.59274;-1096.874;-2290.638
42763;-78.26275;-1096.525;-2290.312
42797;-77.52037;-1096.033;-2289.864
42831;-76.62235;-1095.279;-2289.667
42864;-76.83724;-1094.083;-2290.041
42898;-76.21944;-1094.129;-2290.76
42932;-76.93143;-1092.813;-2289.243
42965;-77.45881;-1090.367;-2286.593
43001;-76.6361;-1090.173;-2286.922
43026;-75.64291;-1089.709;-2287.189
43061;-74.26202;-1089.256;-2286.492
43094;-73.34296;-1089.414;-2287.222
43144;-71.49067;-1089.541;-2287.147
43161;-70.85733;-1089.816;-2287.679
43195;-69.8074;-1087.505;-2288.224
43228;-69.78457;-1086.904;-2289.718
43279;-69.32626;-1087.061;-2290.675
43296;-67.32858;-1087.476;-2291.0
43330;-73.01753;-1086.163;-2293.165
43363;-72.3096;-1086.446;-2294.012
43397;-71.86568;-1086.6;-2294.208
43431;-73.29835;-1086.248;-2294.38
43464;-72.87764;-1085.211;-2293.337
43498;-73.14602;-1084.828;-2293.293
43532;-76.79677;-1080.591;-2289.021
43583;-76.94785;-1080.631;-2288.976
43616;-74.73151;-1080.259;-2286.32
43634;-74.68988;-1081.232;-2287.442
43668;-74.7973;-1081.675;-2287.987
43701;-73.62316;-1082.156;-2288.434
43752;-74.12077;-1082.192;-2288.905
43769;-74.09038;-1083.068;-2289.573
43802;-74.00751;-1083.214;-2289.559
43836;-74.38039;-1083.724;-2289.763
43853;-74.80489;-1084.067;-2290.352
43904;-75.1948;-1084.318;-2290.626
43937;-74.74877;-1084.99;-2289.737
43956;-74.75938;-1085.567;-2289.856
44004;-74.2338;-1086.858;-2290.207
44037;-74.48032;-1088.485;-2290.418
44071;-74.00399;-1090.681;-2291.362
44105;-74.53799;-1092.239;-2290.633
44139;-74.2534;-1094.162;-2290.512
44173;-75.2497;-1094.591;-2290.464
44206;-74.87888;-1095.463;-2290.614
44241;-71.54585;-1096.618;-2290.713
44258;-70.65961;-1097.742;-2292.962
44295;-70.56506;-1098.408;-2292.683
44329;-70.67144;-1098.879;-2292.116
44385;-71.21283;-1098.352;-2289.397
44402;-71.21921;-1101.479;-2288.878
44435;-77.86662;-1100.887;-2291.534
44469;-77.41651;-1100.838;-2291.527
44503;-76.30451;-1100.899;-2291.319
44536;-86.00446;-1100.991;-2297.279
44570;-83.88842;-1099.663;-2296.457
44604;-82.44518;-1098.862;-2296.356
44638;-79.70026;-1099.005;-2295.339
44671;-77.90983;-1099.222;-2293.258
44705;-78.54536;-1099.471;-2293.449
44739;-77.91452;-1099.924;-2292.729
44772;-77.12202;-1100.573;-2292.447
44806;-77.24651;-1100.544;-2291.144
44823;-75.54466;-1101.028;-2290.219
44873;-71.63646;-1101.697;-2288.963
44907;-73.59531;-1101.407;-2289.18
44941;-74.92146;-1101.308;-2290.09
44974;-74.89653;-1101.024;-2290.027
44991;-73.2609;-1100.442;-2289.588
45025;-72.61304;-1099.896;-2289.593
45059;-72.24418;-1098.569;-2289.198
45092;-75.68404;-1097.085;-2289.943
45143;-74.92679;-1096.163;-2288.803
45160;-74.99907;-1094.868;-2289.548
45194;-77.095;-1094.486;-2290.623
45227;-77.67482;-1093.134;-2290.901
45261;-76.07721;-1092.973;-2290.786
45311;-74.76813;-1092.847;-2291.116
45328;-79.5817;-1091.048;-2293.549
45362;-79.43517;-1090.524;-2293.792
45396;-77.57305;-1090.982;-2293.177
45429;-78.12286;-1090.452;-2293.371
45463;-78.57868;-1090.087;-2293.543
45497;-79.42248;-1089.551;-2293.399
45534;-78.01275;-1089.206;-2292.698
45567;-78.85429;-1088.528;-2293.112
45600;-83.18833;-1086.794;-2294.05
45641;-85.53098;-1085.764;-2294.776
45676;-83.79902;-1086.512;-2294.6
45693;-85.21417;-1085.615;-2294.845
45744;-83.81297;-1086.197;-2294.203
45764;-83.16667;-1086.724;-2293.973
45795;-83.52014;-1087.062;-2293.993
45828;-82.56974;-1087.728;-2294.649
45878;-82.26277;-1088.347;-2295.073
45895;-81.7436;-1089.567;-2294.33
45946;-81.47596;-1090.425;-2294.046
45980;-78.0226;-1092.085;-2294.468
45999;-79.37324;-1092.454;-2295.044
46033;-76.38596;-1094.798;-2294.981
46083;-74.68313;-1096.546;-2295.678
46100;-74.45201;-1097.837;-2295.791
46134;-74.77816;-1098.774;-2295.646
46168;-75.24619;-1099.946;-2295.527
46202;-78.86552;-1099.15;-2295.403
46235;-78.90297;-1099.318;-2295.243
46269;-78.47252;-1100.118;-2295.689
46302;-78.17443;-1099.917;-2295.305
46336;-81.95742;-1099.398;-2297.16
46371;-81.72562;-1098.927;-2296.773
46394;-81.37016;-1098.545;-2295.805
46444;-77.5463;-1099.36;-2294.385
46479;-75.07742;-1099.79;-2293.152
46496;-74.03489;-1100.2;-2291.789
46530;-75.35442;-1099.843;-2292.477
46580;-73.07781;-1100.297;-2291.556
46597;-73.07029;-1100.332;-2290.854
46631;-74.68396;-1100.494;-2290.819
46664;-78.90817;-1100.605;-2292.348
46698;-81.05175;-1100.585;-2292.861
46732;-78.9855;-1100.601;-2290.849
46765;-78.96918;-1100.715;-2290.939
46799;-81.58317;-1100.245;-2292.052
46833;-81.02991;-1100.789;-2290.833
46867;-75.71473;-1101.306;-2287.741
46900;-80.08649;-1101.728;-2289.269
46934;-78.09199;-1102.398;-2290.653
46972;-78.23547;-1102.715;-2291.234
47005;-76.40132;-1102.615;-2289.461
47039;-77.67337;-1102.346;-2289.168
47066;-77.29969;-1102.019;-2290.466
47099;-75.32485;-1102.483;-2290.399
47133;-74.98133;-1102.079;-2290.418
47167;-74.49065;-1101.568;-2290.616
47201;-74.19994;-1101.233;-2290.147
47234;-75.55787;-1101.25;-2291.133
47292;-74.30383;-1100.364;-2291.043
47309;-72.88058;-1099.169;-2290.54
47325;-72.51183;-1098.571;-2290.34
47359;-71.22878;-1097.822;-2290.118
47395;-71.20087;-1096.041;-2289.563
47428;-72.46924;-1094.736;-2289.413
47470;-71.65878;-1094.225;-2288.931
47504;-70.93687;-1094.114;-2288.265
47521;-73.71262;-1091.28;-2285.985
47572;-73.49723;-1091.668;-2286.57
47605;-73.32952;-1090.493;-2286.846
47623;-73.76556;-1090.671;-2286.918
47673;-74.67243;-1090.381;-2286.957
47707;-75.04781;-1090.203;-2287.083
47723;-74.28142;-1090.371;-2286.937
47774;-73.6837;-1090.433;-2286.962
47791;-74.34499;-1089.956;-2287.453
47825;-74.34227;-1089.992;-2287.38
47864;-74.77324;-1090.314;-2287.679
47897;-74.82964;-1090.782;-2288.402
47930;-74.22813;-1091.172;-2288.585
47964;-74.16405;-1091.945;-2289.1
47998;-75.53844;-1092.214;-2289.068
48031;-75.96096;-1093.408;-2288.788
48065;-76.58655;-1093.215;-2289.255
48099;-75.8833;-1093.851;-2289.324
48133;-74.75393;-1095.116;-2289.986
48167;-73.19315;-1096.561;-2288.898
48200;-75.41959;-1096.978;-2289.364
48234;-76.47627;-1097.322;-2289.918
48267;-76.73409;-1097.406;-2290.398
48301;-77.31373;-1097.503;-2290.475
48335;-77.43692;-1097.83;-2289.87
48368;-83.6797;-1098.001;-2292.81
48403;-82.18958;-1098.402;-2292.861
48475;-81.82713;-1098.696;-2291.79
48491;-81.21733;-1098.732;-2291.636
48542;-80.7123;-1098.844;-2291.257
48562;-79.33843;-1099.173;-2291.869
48653;-78.64004;-1099.402;-2292.03
48687;-78.98203;-1099.94;-2291.228
48702;-78.96097;-1100.962;-2290.581
48736;-78.47913;-1102.729;-2290.008
48770;-78.52036;-1103.301;-2289.185
48803;-78.07481;-1103.23;-2289.114
48837;-80.58372;-1103.526;-2290.641
48871;-82.31494;-1100.87;-2291.364
48905;-77.01364;-1103.834;-2289.35
48955;-75.24406;-1104.778;-2287.661
48973;-77.76458;-1105.286;-2287.707
49010;-78.43399;-1106.052;-2288.313
49043;-77.42474;-1107.307;-2289.583
49060;-73.54411;-1107.89;-2288.798
49094;-71.17136;-1109.342;-2288.858
49128;-70.87907;-1109.374;-2288.672
49161;-69.60781;-1109.873;-2289.327
49195;-69.11633;-1108.479;-2290.163
49229;-68.99274;-1108.551;-2290.18
49262;-68.59101;-1107.149;-2290.527
49296;-68.14764;-1106.007;-2290.257
49330;-67.0975;-1105.019;-2290.223
49364;-67.07378;-1104.757;-2290.615
49397;-66.54894;-1104.123;-2290.422
49431;-67.17525;-1102.562;-2290.43
49464;-66.71834;-1101.317;-2290.237
49498;-67.85945;-1100.83;-2290.703
49546;-67.12258;-1099.571;-2290.319
49557;-66.81648;-1098.969;-2290.17
49607;-66.60346;-1098.593;-2289.55
49641;-65.91209;-1097.751;-2289.382
49675;-67.68915;-1097.483;-2290.568
49711;-68.30755;-1096.818;-2290.195
49730;-70.117;-1094.513;-2291.335
49773;-72.91703;-1093.621;-2290.701
49807;-73.68738;-1092.868;-2290.285
49827;-74.74489;-1092.653;-2290.451
49893;-74.65466;-1091.502;-2290.735
49911;-74.30013;-1091.606;-2290.812
49947;-74.25292;-1091.669;-2290.987
49963;-74.01401;-1091.587;-2291.218
50016;-74.38416;-1092.656;-2291.404
50033;-75.20758;-1093.295;-2291.219
50054;-77.18555;-1094.049;-2291.49
50104;-78.82153;-1094.685;-2291.791
50138;-76.87189;-1096.353;-2291.248
50172;-75.22373;-1097.98;-2290.558
50189;-70.7244;-1101.098;-2289.904
50261;-70.66425;-1103.809;-2290.348
50297;-68.57063;-1105.66;-2289.355
50371;-61.07048;-1109.501;-2292.877
50388;-60.49458;-1110.252;-2292.499
50408;-60.35486;-1110.94;-2292.755
50442;-58.87886;-1119.03;-2316.184
50459;-63.53485;-1115.951;-2309.089
50492;-62.8152;-1114.151;-2304.364
50526;-62.67243;-1114.296;-2301.868
50559;-59.72248;-1115.049;-2300.085
50593;-58.92511;-1118.362;-2308.087
50644;-59.83964;-1118.088;-2306.439
50661;-60.90564;-1117.075;-2303.773
50694;-61.93361;-1116.342;-2302.562
50728;-62.51162;-1115.677;-2301.459
50762;-64.33904;-1115.439;-2301.11
50795;-64.35467;-1115.401;-2300.966
50829;-66.39781;-1114.417;-2298.841
50863;-66.15108;-1114.779;-2299.2
50900;-64.12617;-1115.422;-2299.55
50933;-62.71852;-1114.876;-2297.75
50967;-62.17237;-1115.002;-2298.41
51001;-62.27065;-1114.974;-2297.654
51035;-66.03928;-1113.572;-2296.312
51069;-61.92449;-1117.605;-2306.263
51283;-61.59308;-1118.171;-2307.83
51426;-58.92112;-1118.619;-2308.979
51461;-62.36367;-1109.875;-2300.685
51511;-65.46947;-1105.246;-2296.988
51528;-67.40643;-1102.229;-2295.508
51562;-70.35498;-1100.202;-2293.699
51595;-72.16872;-1098.047;-2293.726
51630;-72.38805;-1096.745;-2293.706
51678;-73.88964;-1095.086;-2293.922
51694;-76.77132;-1092.561;-2292.624
51745;-77.5352;-1091.174;-2292.666
51779;-78.20192;-1090.263;-2292.687
51813;-76.72355;-1089.932;-2292.041
51846;-76.40894;-1089.275;-2292.639
51880;-76.50477;-1088.781;-2292.996
51897;-76.22515;-1088.275;-2293.411
51930;-75.71272;-1088.39;-2294.438
51981;-76.69828;-1088.524;-2295.021
52015;-77.21071;-1087.258;-2295.721
52031;-78.80629;-1087.374;-2296.416
52065;-78.86346;-1087.459;-2296.666
52099;-78.1347;-1087.586;-2296.788
52132;-77.72907;-1088.28;-2297.278
52166;-77.31072;-1088.405;-2296.972
52200;-77.57935;-1088.571;-2297.086
52234;-77.23939;-1088.315;-2296.447
52267;-77.50434;-1089.126;-2296.611
52301;-76.90002;-1091.267;-2296.032
52335;-75.12589;-1092.634;-2296.298
52369;-75.7028;-1093.438;-2296.602
52403;-77.22547;-1096.671;-2296.509
52436;-79.03107;-1099.838;-2296.473
52470;-79.74836;-1103.702;-2296.563
52503;-81.60469;-1104.144;-2296.813
52537;-81.61488;-1104.906;-2296.55
52571;-81.93166;-1105.359;-2296.977
52604;-82.16856;-1105.469;-2296.597
52638;-83.95886;-1105.607;-2296.47
52672;-84.88816;-1105.531;-2296.249
52705;-81.41683;-1106.549;-2294.245
52739;-84.90034;-1106.235;-2294.582
52773;-84.87411;-1107.651;-2294.342
52790;-83.52192;-1108.406;-2294.306
52823;-83.75352;-1109.02;-2295.322
52874;-83.36513;-1109.24;-2295.514
52891;-77.07616;-1110.557;-2295.376
52924;-74.30005;-1110.905;-2294.769
52958;-76.51807;-1111.57;-2296.503
52992;-74.72829;-1111.832;-2296.245
53033;-74.60902;-1111.098;-2295.78
53060;-68.63404;-1112.442;-2293.632
53110;-80.35661;-1112.408;-2298.192
53128;-66.80502;-1112.39;-2292.89
53161;-66.85801;-1112.548;-2292.615
53212;-67.74812;-1113.315;-2291.199
53230;-64.56824;-1114.271;-2289.83
53264;-67.03098;-1114.46;-2288.948
53298;-68.42069;-1114.291;-2287.267
53331;-65.68593;-1114.387;-2286.131
53365;-63.90506;-1114.45;-2284.557
53399;-62.93665;-1114.315;-2283.467
53432;-61.79029;-1114.629;-2282.901
53468;-61.80686;-1115.122;-2282.671
53500;-61.26652;-1114.806;-2281.027
53534;-62.65303;-1114.825;-2280.942
53567;-63.20062;-1114.51;-2280.675
53601;-60.39742;-1114.348;-2279.279
53635;-61.2686;-1114.072;-2278.863
53668;-60.90258;-1113.69;-2278.073
53702;-59.88417;-1114.203;-2279.466
53736;-59.07351;-1113.959;-2278.31
53753;-57.48305;-1114.79;-2279.692
53803;-57.09811;-1114.736;-2279.782
53837;-58.10989;-1114.896;-2280.261
53854;-59.18414;-1114.644;-2280.747
53904;-61.18801;-1114.26;-2280.935
53938;-62.33898;-1114.02;-2281.401
53956;-60.93831;-1114.205;-2281.495
54005;-62.16947;-1113.779;-2281.733
54039;-61.04134;-1114.074;-2282.11
54073;-61.3199;-1113.847;-2282.106
54090;-61.0143;-1113.577;-2282.463
54140;-61.12131;-1113.622;-2282.367
54174;-60.63157;-1113.663;-2282.351
54191;-60.22155;-1113.687;-2282.149
54241;-59.71205;-1113.349;-2281.678
54258;-60.63724;-1113.449;-2282.459
54292;-58.80487;-1114.351;-2285.015
54342;-58.62758;-1113.988;-2285.161
54376;-57.82285;-1113.532;-2285.685
54393;-57.79285;-1113.323;-2285.324
54443;-54.31784;-1113.537;-2284.692
54477;-60.24157;-1112.389;-2285.971
54494;-59.73314;-1112.069;-2286.337
54544;-60.28749;-1110.959;-2285.695
54562;-60.13615;-1110.339;-2284.959
54601;-60.93206;-1109.193;-2284.425
54635;-60.34562;-1108.767;-2284.137
54669;-62.24156;-1107.465;-2282.605
54704;-63.11598;-1106.8;-2282.933
54738;-63.85508;-1106.445;-2283.021
54759;-64.57722;-1106.103;-2282.493
54793;-64.36773;-1105.858;-2282.201
54827;-63.44463;-1106.354;-2282.209
54861;-63.06744;-1106.347;-2281.333
54911;-62.46233;-1106.416;-2281.169
54928;-64.18643;-1106.161;-2281.54
54961;-63.39197;-1106.016;-2280.381
54995;-65.17381;-1105.792;-2280.321
55029;-62.00196;-1106.145;-2280.077
55079;-63.8265;-1106.325;-2280.892
55096;-63.01416;-1106.061;-2280.493
55130;-63.57345;-1106.04;-2280.667
55163;-62.95984;-1106.427;-2280.938
55214;-68.31366;-1107.411;-2284.229
55231;-68.39436;-1107.36;-2284.469
55265;-68.47533;-1107.487;-2284.055
55315;-69.28164;-1108.181;-2284.164
55332;-68.38403;-1108.432;-2283.621
55366;-67.03423;-1109.463;-2283.483
55404;-67.35334;-1109.632;-2283.677
55433;-66.95594;-1110.096;-2283.936
55467;-67.592;-1110.057;-2283.921
55517;-66.87393;-1111.449;-2284.347
55534;-64.5514;-1111.92;-2283.734
55568;-63.15713;-1111.927;-2282.533
55602;-63.40481;-1111.956;-2282.068
55635;-61.27216;-1112.47;-2280.855
55669;-48.93534;-1112.227;-2276.196
55720;-44.93486;-1112.228;-2274.597
55737;-39.82148;-1112.967;-2272.922
55770;-36.51441;-1114.645;-2272.285
55804;-35.08977;-1115.347;-2270.786
55838;-32.71804;-1115.954;-2270.028
55871;-32.39598;-1116.52;-2270.473
55905;-26.62038;-1116.477;-2269.855
55939;-46.22508;-1119.696;-2275.236
55956;-56.71899;-1120.619;-2278.233
56007;-50.99534;-1119.391;-2274.546
56026;-46.01085;-1120.885;-2276.731
56074;-40.96135;-1121.354;-2278.437
56108;-30.67798;-1123.05;-2283.537
56125;-40.17978;-1123.049;-2282.95
56185;-33.69688;-1123.613;-2283.552
56211;-27.95732;-1123.526;-2282.848
56232;-31.53228;-1123.792;-2282.88
56265;-33.55416;-1125.159;-2282.235
56299;-36.87651;-1122.831;-2283.615
56333;-37.14211;-1121.521;-2283.515
56366;-7.343477;-1133.352;-2315.393
56400;1.210268;-1135.58;-2322.509
56434;8.466652;-1142.41;-2344.362
56468;8.54371;-1142.379;-2344.027
56488;9.286366;-1142.313;-2343.566
56539;-22.42138;-1128.143;-2297.531
56573;-23.15138;-1127.507;-2296.245
56606;-20.91009;-1127.468;-2296.042
56640;-17.6922;-1126.117;-2294.319
56657;-12.43312;-1123.586;-2291.867
56708;-17.03586;-1120.602;-2286.887
56741;-20.69721;-1118.446;-2284.926
56776;-53.28804;-1115.907;-2277.078
56802;-60.10672;-1114.035;-2275.941
56836;-54.81382;-1112.52;-2276.967
56870;-48.00446;-1110.92;-2278.753
56921;-40.00666;-1109.138;-2280.164
56937;-53.46552;-1107.909;-2279.021
56989;-71.14022;-1106.741;-2278.589
57007;-74.89214;-1106.959;-2279.714
57024;-73.38497;-1105.287;-2280.827
57060;-76.05146;-1104.551;-2280.417
57094;-82.32362;-1105.434;-2281.832
57127;-87.55478;-1106.061;-2283.353
57161;-88.30954;-1105.148;-2282.627
57195;-132.7383;-1103.337;-2281.391
57245;-138.4617;-1102.529;-2280.826
57262;-140.1701;-1101.142;-2279.553
57313;-142.5696;-1098.961;-2279.609
57330;-145.1347;-1097.298;-2278.976
57363;-150.3086;-1094.201;-2278.252
57397;-150.1245;-1094.457;-2279.119
57431;-150.4125;-1093.844;-2279.724
57465;-151.305;-1093.822;-2280.441
57498;-151.9698;-1092.898;-2281.266
57532;-151.6752;-1090.893;-2280.901
57561;-152.0097;-1089.336;-2281.32
57595;-150.4514;-1088.935;-2282.127
57629;-150.7692;-1087.444;-2282.848
57662;-151.0693;-1087.08;-2283.157
57696;-151.0323;-1087.105;-2283.37
57730;-151.2569;-1086.307;-2283.243
57763;-149.1709;-1086.272;-2282.898
57797;-148.9665;-1085.904;-2282.898
57831;-149.215;-1085.797;-2282.626
57864;-149.5991;-1085.815;-2282.049
57898;-150.0008;-1085.816;-2281.988
57932;-149.6626;-1085.943;-2281.701
57965;-150.0742;-1086.339;-2281.646
58000;-148.6819;-1085.999;-2280.808
58050;-148.9795;-1086.199;-2280.504
58067;-146.4436;-1086.38;-2280.992
58100;-144.2202;-1086.579;-2280.858
58178;-142.8395;-1087.333;-2280.626
58194;-140.651;-1086.973;-2280.825
58211;-139.6549;-1087.819;-2280.669
58228;-138.8036;-1089.691;-2280.455
58261;-137.8326;-1091.124;-2280.365
58296;-138.2697;-1094.894;-2280.161
58357;-137.7575;-1097.876;-2279.313
58373;-137.1528;-1099.807;-2279.332
58407;-136.3073;-1103.372;-2278.654
58441;-136.732;-1105.776;-2277.473
58457;-136.6474;-1109.119;-2276.943
58508;-137.1558;-1113.009;-2275.683
58525;-135.5702;-1113.822;-2274.457
58558;-131.5266;-1113.809;-2272.745
58609;-130.1842;-1113.728;-2272.085
58626;-127.0454;-1114.943;-2272.752
58660;-128.5761;-1115.71;-2272.54
58710;-127.4357;-1116.278;-2272.322
58744;-129.4317;-1116.546;-2271.293
58761;-130.7838;-1116.952;-2269.59
58794;-134.1898;-1117.867;-2269.244
58828;-139.3618;-1119.962;-2272.078
58862;-138.698;-1120.549;-2271.461
58895;-141.0949;-1119.855;-2269.064
58946;-140.6673;-1118.433;-2265.284
58963;-134.5012;-1117.45;-2261.678
59013;-135.6147;-1117.568;-2261.833
59030;-140.1716;-1117.784;-2262.356
59081;-140.66;-1120.018;-2262.71
59098;-145.1798;-1120.389;-2262.363
59148;-142.6328;-1122.35;-2262.41
59165;-145.2269;-1121.813;-2261.497
59232;-144.7692;-1121.702;-2261.863
59257;-147.69;-1122.89;-2265.762
59313;-147.0671;-1122.117;-2265.643
59346;-148.4581;-1120.714;-2264.493
59380;-150.1168;-1118.861;-2263.633
59408;-151.6021;-1117.29;-2263.8
59433;-151.0027;-1116.342;-2263.963
59467;-150.6453;-1115.437;-2263.829
59500;-151.2955;-1114.403;-2263.76
59534;-151.127;-1112.544;-2263.309
59568;-151.4384;-1112.199;-2264.243
59602;-148.4776;-1110.254;-2263.964
59635;-145.9292;-1109.693;-2263.376
59669;-144.4442;-1108.036;-2263.385
59702;-143.1895;-1107.359;-2263.183
59736;-142.3546;-1106.01;-2263.284
59770;-141.8635;-1104.202;-2263.316
59804;-140.6981;-1103.404;-2263.668
59837;-139.8073;-1102.521;-2264.556
59863;-139.5025;-1100.874;-2264.732
59901;-139.6989;-1098.797;-2265.951
59934;-139.0732;-1096.682;-2266.398
59968;-138.9744;-1094.994;-2266.738
60002;-139.9228;-1093.901;-2267.074
60038;-139.9827;-1091.438;-2267.705
60072;-139.6634;-1090.041;-2267.82
60104;-142.2995;-1088.592;-2268.415
60130;-143.6185;-1087.354;-2268.704
60181;-143.1854;-1086.536;-2268.803
60199;-144.7408;-1085.611;-2269.052
60248;-145.2178;-1085.241;-2268.946
60282;-144.6317;-1085.156;-2269.617
60299;-144.6573;-1085.088;-2269.893
60332;-144.783;-1084.985;-2270.719
60383;-145.9548;-1085.345;-2271.0
60400;-147.6384;-1086.217;-2272.707
60434;-146.8776;-1087.479;-2272.969
60468;-148.0173;-1091.116;-2274.763
60518;-149.9357;-1094.146;-2276.876
60535;-151.0974;-1097.25;-2277.539
60569;-150.1432;-1099.032;-2277.466
60603;-149.0887;-1100.535;-2276.989
60637;-148.18;-1103.56;-2275.792
60670;-147.4825;-1105.088;-2275.802
60704;-146.1032;-1106.053;-2275.303
60738;-143.5678;-1106.862;-2275.253
60771;-142.9988;-1109.908;-2274.955
60805;-142.6674;-1110.223;-2275.598
60839;-143.3306;-1111.329;-2276.41
60873;-142.6846;-1111.439;-2276.421
60906;-142.5091;-1112.236;-2276.872
60940;-145.2464;-1112.483;-2276.869
60974;-146.9125;-1113.068;-2277.118
61051;-146.3024;-1114.026;-2277.931
61171;-145.6763;-1116.306;-2278.619
61188;-153.2272;-1115.451;-2278.245
61224;-155.183;-1114.714;-2277.594
61275;-157.5165;-1114.339;-2276.984
61292;-158.7623;-1114.154;-2276.996
61326;-158.7867;-1113.859;-2276.422
61376;-160.4438;-1113.602;-2276.174
61393;-162.006;-1113.513;-2276.038
61427;-161.5351;-1112.642;-2276.408
61478;-159.7008;-1112.079;-2276.125
61495;-156.171;-1112.646;-2276.021
61545;-155.5751;-1113.137;-2275.756
61562;-157.0919;-1112.81;-2275.393
61596;-155.1333;-1112.522;-2274.327
61631;-154.5249;-1112.456;-2274.176
61658;-154.4475;-1112.78;-2274.25
61709;-153.3419;-1112.848;-2274.294
61726;-151.8092;-1113.278;-2274.514
61776;-150.8045;-1113.264;-2274.545
61810;-150.4122;-1113.376;-2274.785
61827;-149.1041;-1113.073;-2274.984
61877;-148.6014;-1112.551;-2274.746
61894;-149.5151;-1111.672;-2275.689
61931;-148.1825;-1109.947;-2275.211
61965;-147.6119;-1106.001;-2275.739
62001;-148.516;-1104.084;-2276.502
62034;-149.887;-1100.755;-2277.413
62068;-151.0955;-1100.126;-2277.188
62163;-152.3438;-1098.694;-2276.745
62232;-152.3798;-1092.167;-2276.766
62271;-152.3401;-1088.38;-2277.896
62291;-152.4764;-1087.353;-2278.49
62341;-152.056;-1084.418;-2279.251
62375;-149.9727;-1083.449;-2279.088
62392;-149.9547;-1082.908;-2279.527
62426;-149.7735;-1082.891;-2279.933
62459;-149.6925;-1082.633;-2280.199
62493;-149.5684;-1082.792;-2280.402
62543;-149.6292;-1082.865;-2280.48
62560;-149.7125;-1083.256;-2280.53
62594;-149.3011;-1085.637;-2280.559
62645;-147.8563;-1086.529;-2280.45
62662;-147.0444;-1087.869;-2280.333
62712;-147.5461;-1090.606;-2280.488
62729;-147.4821;-1093.481;-2280.228
62779;-147.9042;-1098.882;-2280.046
62803;-148.8567;-1103.353;-2280.307
62850;-149.2408;-1106.717;-2280.556
62867;-149.2673;-1107.894;-2281.239
62901;-150.5008;-1108.837;-2281.966
62939;-151.2054;-1109.621;-2282.607
62972;-150.7012;-1110.858;-2282.482
62992;-150.337;-1111.75;-2282.242
63040;-149.4712;-1112.761;-2281.704
63073;-147.3483;-1113.599;-2281.911
63113;-145.9622;-1114.535;-2282.203
63130;-145.2834;-1115.429;-2282.031
63163;-144.844;-1116.225;-2282.299
63197;-143.867;-1116.642;-2281.323
63244;-143.3038;-1116.74;-2281.009
63273;-142.5312;-1117.151;-2280.53
63323;-141.774;-1117.083;-2280.134
63340;-141.0968;-1117.168;-2280.14
63374;-140.3942;-1117.06;-2279.96
63408;-139.879;-1117.404;-2279.494
63441;-143.1712;-1117.061;-2279.091
63475;-146.235;-1117.14;-2280.11
63509;-150.4898;-1117.252;-2281.663
63529;-152.4874;-1116.664;-2281.888
63576;-153.2863;-1117.093;-2281.909
63611;-153.8754;-1117.446;-2281.979
63792;-151.8092;-1117.717;-2281.681
63810;-151.1409;-1117.794;-2281.144
63843;-147.8395;-1117.474;-2281.572
63861;-145.7428;-1117.725;-2282.096
63896;-143.515;-1115.866;-2282.291
63930;-144.5508;-1114.675;-2283.418
63968;-147.5296;-1113.614;-2282.916
64002;-148.0408;-1111.414;-2282.889
64036;-149.5214;-1110.821;-2283.094
64070;-152.6555;-1106.827;-2282.518
64103;-152.497;-1102.034;-2282.579
64137;-151.7799;-1098.416;-2282.503
64171;-151.2647;-1097.627;-2282.573
64205;-152.8012;-1096.498;-2282.927
64238;-152.8492;-1093.555;-2283.393
64272;-153.0491;-1092.652;-2283.555
64305;-151.2885;-1091.308;-2284.048
64341;-150.0437;-1090.688;-2284.358
64374;-149.7254;-1089.82;-2284.654
64398;-149.3581;-1088.337;-2285.019
64431;-149.5141;-1087.431;-2285.235
64465;-149.5987;-1087.281;-2285.67
64499;-149.1205;-1087.354;-2285.955
64549;-148.0187;-1087.647;-2285.785
64566;-143.6692;-1088.808;-2285.621
64617;-140.2554;-1090.836;-2285.558
64651;-140.4169;-1093.669;-2285.816
64676;-139.5661;-1095.859;-2285.573
64693;-139.8381;-1098.66;-2285.428
64743;-138.9515;-1100.455;-2285.209
64777;-140.0099;-1107.501;-2285.11
64811;-139.6823;-1107.713;-2285.017
64845;-141.4117;-1107.974;-2284.437
64863;-141.1784;-1112.996;-2284.857
64912;-141.807;-1112.88;-2284.513
64932;-143.4664;-1113.556;-2283.922
64966;-143.9;-1115.172;-2283.807
64999;-144.5716;-1115.942;-2284.051
65033;-143.6067;-1116.071;-2283.377
65067;-144.0007;-1117.267;-2281.298
65101;-146.5461;-1117.621;-2280.414
65134;-147.3972;-1118.181;-2278.273
65168;-150.6683;-1118.804;-2278.621
65202;-158.3483;-1117.396;-2277.033
65238;-162.2738;-1116.227;-2275.99
65272;-165.8089;-1115.655;-2275.385
65305;-166.5335;-1115.322;-2274.846
65339;-162.2475;-1117.864;-2277.162
65373;-163.532;-1120.184;-2280.118
65407;-162.6726;-1120.692;-2279.888
65441;-162.9957;-1120.76;-2279.691
65474;-153.2525;-1121.568;-2278.01
65510;-166.5377;-1120.216;-2279.71
65545;-163.6138;-1119.681;-2278.735
65562;-155.2928;-1117.226;-2272.116
65595;-152.7526;-1117.402;-2272.475
65629;-145.4853;-1116.628;-2271.161
65663;-146.4624;-1116.746;-2272.329
65696;-146.2304;-1117.291;-2273.98
65730;-145.8827;-1121.091;-2274.334
65829;-145.8416;-1121.021;-2276.81
65852;-144.9059;-1121.527;-2278.905
65869;-144.7659;-1121.099;-2279.426
65903;-146.8057;-1119.163;-2279.576
65949;-147.0728;-1114.688;-2279.349
65982;-148.1983;-1112.69;-2279.689
65999;-149.2404;-1110.196;-2279.577
66032;-149.9554;-1108.229;-2280.424
66066;-149.7255;-1103.793;-2280.567
66100;-150.5096;-1102.303;-2281.343
66133;-149.9947;-1099.944;-2281.504
66167;-150.5039;-1099.018;-2282.435
66201;-151.0746;-1098.515;-2283.354
66234;-149.5431;-1097.668;-2283.299
66268;-147.8818;-1097.339;-2283.41
66302;-146.6879;-1095.507;-2284.378
66336;-146.4083;-1095.521;-2284.302
66369;-145.3405;-1095.577;-2284.339
66403;-144.0015;-1093.399;-2284.26
66437;-142.204;-1092.595;-2284.296
66470;-144.9811;-1093.085;-2284.32
66504;-148.9337;-1095.466;-2284.392
66538;-153.5158;-1096.206;-2283.677
66571;-155.9721;-1099.887;-2283.893
66605;-156.3403;-1103.418;-2284.309
66639;-157.7545;-1105.491;-2285.137
66672;-157.3079;-1104.863;-2284.666
66708;-156.9816;-1106.018;-2284.243
66726;-157.8775;-1109.981;-2283.741
66777;-159.0975;-1113.123;-2283.723
66794;-159.8835;-1117.353;-2282.642
66827;-158.0258;-1119.458;-2282.345
66878;-158.2726;-1119.145;-2281.116
66895;-158.0055;-1119.874;-2281.188
66929;-159.5708;-1121.662;-2281.927
66962;-156.7441;-1122.464;-2281.85
66996;-157.0167;-1123.148;-2281.956
67029;-158.0251;-1124.201;-2282.962
67063;-156.2985;-1123.096;-2283.09
67097;-154.9187;-1122.119;-2283.159
67130;-156.6355;-1118.359;-2282.394
67164;-154.6232;-1117.398;-2280.997
67198;-155.7464;-1116.197;-2279.347
67232;-153.2536;-1114.674;-2277.685
67265;-151.197;-1115.229;-2278.561
67299;-156.7827;-1116.145;-2280.168
67333;-154.0736;-1116.608;-2280.881
67361;-149.4345;-1117.753;-2281.635
67399;-150.5487;-1118.2;-2281.769
67433;-150.5895;-1119.023;-2281.941
67484;-150.9624;-1120.027;-2282.075
67518;-151.7691;-1120.972;-2282.231
67534;-151.5035;-1121.002;-2281.679
67568;-151.3461;-1121.188;-2281.369
67602;-152.2662;-1125.604;-2281.812
67635;-152.4599;-1126.049;-2281.3
67669;-151.458;-1124.12;-2281.69
67703;-147.6177;-1123.863;-2282.328
67737;-144.7951;-1123.038;-2282.941
67770;-143.4603;-1122.529;-2283.459
67804;-142.3638;-1119.925;-2282.946
67838;-143.9295;-1118.557;-2283.38
67872;-144.9304;-1115.176;-2283.262
67905;-146.2982;-1109.049;-2283.766
67939;-147.9108;-1106.281;-2284.053
67972;-148.8273;-1104.913;-2284.495
68006;-148.2184;-1097.245;-2285.073
68040;-148.678;-1096.24;-2285.301
68073;-148.2745;-1095.842;-2285.982
68110;-141.6677;-1092.081;-2285.402
68144;-136.3362;-1089.115;-2286.042
68178;-133.0798;-1086.891;-2286.94
68195;-131.8914;-1085.773;-2287.549
68229;-128.5465;-1084.453;-2288.346
68262;-128.4775;-1083.613;-2288.952
68296;-126.6269;-1081.675;-2288.617
68330;-125.1117;-1080.946;-2288.915
68373;-124.8975;-1080.563;-2289.261
68407;-126.3359;-1080.065;-2289.579
68441;-127.9656;-1079.914;-2290.134
68474;-134.5955;-1079.72;-2289.704
68508;-136.996;-1080.062;-2289.252
68542;-138.0466;-1081.513;-2289.33
68559;-139.3215;-1082.168;-2289.204
68609;-139.3554;-1083.806;-2289.736
68643;-139.8748;-1089.458;-2289.38
68660;-141.9253;-1091.863;-2289.16
68710;-142.9339;-1094.971;-2289.229
68727;-142.7793;-1096.381;-2288.745
68761;-141.8835;-1100.065;-2287.764
68794;-140.794;-1101.792;-2287.409
68845;-141.508;-1103.209;-2286.714
68862;-141.2091;-1104.484;-2286.112
68896;-141.4897;-1106.245;-2286.071
68929;-142.0397;-1106.709;-2285.353
68963;-144.6398;-1107.4;-2285.248
68997;-145.9228;-1107.648;-2284.538
69030;-146.8752;-1109.594;-2284.163
69064;-146.1859;-1110.482;-2282.769
69098;-147.4639;-1110.906;-2282.762
69131;-149.1755;-1110.68;-2282.388
69165;-148.6231;-1111.143;-2283.434
69199;-144.7571;-1111.177;-2282.399
69232;-145.5816;-1111.519;-2282.541
69266;-152.5606;-1110.043;-2282.049
69300;-154.6163;-1109.408;-2281.972
69334;-157.0517;-1109.547;-2282.07
69367;-158.2507;-1108.86;-2281.856
69401;-157.6441;-1109.375;-2282.216
69435;-157.2698;-1110.786;-2282.326
69469;-156.7857;-1111.565;-2284.294
69502;-155.9031;-1111.937;-2284.868
69536;-155.4555;-1112.868;-2284.973
69586;-151.2383;-1113.746;-2284.708
69603;-150.203;-1114.297;-2285.19
69637;-147.8484;-1115.416;-2286.31
69670;-143.9074;-1115.411;-2285.985
69704;-140.5564;-1115.51;-2286.243
69738;-138.1614;-1115.392;-2286.434
69772;-138.0062;-1114.503;-2286.757
69805;-138.0046;-1113.131;-2287.078
69839;-139.1131;-1110.685;-2287.108
69873;-140.3173;-1112.46;-2286.858
69906;-141.2565;-1112.29;-2287.052
69940;-143.3591;-1109.711;-2287.58
69957;-144.0407;-1107.003;-2287.991
70007;-145.0332;-1104.969;-2288.368
70041;-145.1875;-1102.999;-2288.542
70075;-144.192;-1094.554;-2289.304
70109;-140.704;-1095.37;-2290.625
70142;-139.582;-1092.653;-2290.92
70176;-137.9673;-1092.99;-2292.617
70212;-133.9649;-1092.823;-2293.23
70238;-132.9957;-1093.001;-2294.249
70274;-131.8446;-1092.519;-2294.181
70307;-130.7435;-1091.875;-2294.021
70341;-130.147;-1091.671;-2294.008
70375;-129.7832;-1091.687;-2294.483
70409;-130.3492;-1091.944;-2294.882
70442;-130.5511;-1091.519;-2294.861
70476;-131.0407;-1090.564;-2294.827
70510;-133.4258;-1091.9;-2295.679
70543;-135.818;-1093.083;-2296.158
70577;-138.871;-1090.886;-2295.77
70611;-139.5718;-1091.126;-2295.72
70644;-139.7918;-1097.297;-2295.324
70678;-139.9205;-1101.516;-2295.064
70695;-139.7598;-1104.633;-2294.797
70729;-142.6593;-1111.476;-2294.288
70780;-142.9493;-1114.437;-2294.225
70815;-140.9346;-1114.145;-2293.82
70832;-141.457;-1114.065;-2293.481
70883;-140.6458;-1115.896;-2293.051
70900;-140.8775;-1116.656;-2292.465
70933;-141.3366;-1117.05;-2291.766
70967;-142.2725;-1117.269;-2290.184
71001;-144.1396;-1117.877;-2290.91
71052;-147.4212;-1117.396;-2290.323
71138;-154.7882;-1115.079;-2287.222
71205;-160.0672;-1112.95;-2286.258
71238;-157.2628;-1115.243;-2286.6
71256;-157.8553;-1115.155;-2286.833
71306;-159.3634;-1112.53;-2286.46
71339;-160.8641;-1111.967;-2285.908
71356;-161.62;-1111.479;-2285.753
71407;-160.9947;-1112.383;-2285.906
71431;-161.1968;-1113.553;-2286.236
71465;-161.1747;-1114.61;-2286.317
71527;-155.6088;-1114.943;-2285.331
71561;-152.568;-1114.353;-2285.132
71611;-149.9707;-1114.279;-2284.816
71645;-147.7856;-1114.083;-2284.672
71662;-146.755;-1114.072;-2284.977
71696;-145.6213;-1114.422;-2285.123
71733;-143.9913;-1114.554;-2285.27
71776;-143.6975;-1114.294;-2285.465
71793;-140.2875;-1114.556;-2285.735
71827;-138.7872;-1114.05;-2285.257
71863;-139.8757;-1114.246;-2285.955
71934;-140.3436;-1113.315;-2285.973
71949;-140.9113;-1112.941;-2286.327
71968;-140.9521;-1111.965;-2286.427
72002;-142.7276;-1109.583;-2286.617
72038;-144.7682;-1105.227;-2286.847
72072;-148.254;-1104.602;-2287.436
72105;-149.6645;-1103.233;-2287.532
72139;-149.6176;-1100.19;-2288.12
72196;-151.1857;-1101.63;-2288.349
72239;-152.4453;-1098.954;-2288.971
72255;-152.5384;-1094.538;-2289.73
72272;-151.9496;-1092.457;-2291.441
72308;-150.098;-1091.587;-2292.33
72342;-149.6807;-1092.694;-2292.687
72363;-149.0643;-1089.399;-2294.415
72397;-149.03;-1089.093;-2294.697
72448;-148.4661;-1088.372;-2294.857
72464;-148.4371;-1088.376;-2295.568
72498;-147.7585;-1087.391;-2295.756
72549;-146.5575;-1087.1;-2295.814
72566;-144.9111;-1086.688;-2296.093
72599;-144.8769;-1086.363;-2295.6
72633;-144.3695;-1086.7;-2296.192
72667;-144.8286;-1086.918;-2296.309
72700;-144.2672;-1087.278;-2296.101
72734;-144.0799;-1088.956;-2295.698
72857;-144.5552;-1092.09;-2294.993
72903;-144.508;-1094.155;-2294.488
72926;-143.9917;-1096.034;-2293.931
72960;-142.8797;-1098.588;-2293.206
73011;-142.7296;-1100.096;-2292.052
73028;-142.1395;-1101.346;-2291.26
73061;-141.6087;-1102.613;-2290.099
73095;-141.6371;-1103.081;-2288.742
73129;-142.1057;-1103.685;-2287.656
73164;-142.4018;-1104.453;-2286.989
73198;-141.9688;-1104.648;-2285.12
73232;-142.5306;-1104.779;-2284.612
73265;-143.0121;-1104.963;-2284.088
73299;-143.3398;-1105.775;-2283.822
73333;-143.5099;-1106.317;-2283.602
73367;-142.8639;-1106.167;-2282.824
73444;-144.5202;-1105.697;-2281.118
73477;-144.5223;-1106.518;-2280.546
73511;-148.7278;-1107.293;-2282.537
73528;-149.8177;-1107.766;-2282.24
73561;-151.0482;-1107.594;-2282.378
73595;-151.7968;-1107.53;-2281.998
73629;-152.2379;-1107.945;-2281.965
73662;-152.2621;-1108.542;-2282.2
73696;-152.2738;-1108.599;-2282.177
73747;-150.3869;-1108.349;-2280.879
73763;-149.5797;-1108.171;-2280.821
73797;-149.3988;-1107.68;-2279.657
73831;-147.8568;-1107.457;-2277.977
73865;-148.1679;-1107.497;-2277.214
73898;-148.0146;-1107.99;-2277.17
73932;-147.992;-1107.778;-2277.034
73966;-147.7868;-1108.009;-2276.892
73999;-147.7818;-1108.371;-2276.607
74033;-148.9895;-1108.805;-2276.421
74067;-150.1614;-1108.838;-2276.569
74100;-151.212;-1108.871;-2275.88
74134;-152.428;-1108.769;-2275.299
74168;-153.7185;-1108.818;-2275.356
74201;-153.2789;-1108.467;-2275.506
74235;-153.6172;-1108.433;-2275.745
74269;-153.0885;-1109.06;-2276.008
74303;-153.0558;-1108.355;-2275.85
74336;-154.3846;-1108.721;-2276.709
74370;-154.9713;-1108.814;-2276.921
74404;-156.1788;-1109.929;-2277.677
74437;-156.1645;-1109.945;-2277.794
74471;-156.0298;-1110.199;-2278.273
74505;-155.8549;-1110.371;-2278.71
74538;-155.2431;-1111.116;-2279.152
74572;-154.9371;-1111.081;-2279.421
74606;-154.6399;-1111.474;-2279.851
74665;-155.149;-1111.297;-2280.684
74681;-154.7348;-1111.188;-2280.943
74699;-155.9125;-1111.041;-2281.953
74733;-155.2141;-1111.223;-2282.811
74767;-154.8097;-1110.233;-2283.025
74821;-154.7834;-1110.896;-2283.236
74846;-154.9728;-1112.063;-2283.281
74863;-154.6423;-1112.315;-2283.434
74915;-155.5477;-1111.172;-2283.518
74932;-154.7478;-1110.028;-2283.672
74966;-153.0865;-1109.306;-2283.899
75000;-151.6176;-1109.642;-2285.045
75033;-147.4779;-1110.234;-2286.921
75084;-147.1871;-1110.211;-2288.443
75126;-140.1169;-1109.906;-2287.687
75177;-135.0012;-1109.516;-2287.955
75211;-131.3036;-1109.334;-2287.796
75228;-130.1014;-1109.015;-2288.201
75278;-128.7909;-1109.447;-2288.12
75295;-128.2015;-1109.174;-2288.728
75332;-128.362;-1107.598;-2289.341
75362;-128.5041;-1107.744;-2289.667
75396;-127.6063;-1107.579;-2289.927
75430;-127.4813;-1106.922;-2290.24
75480;-128.2415;-1106.298;-2290.429
75514;-129.1976;-1105.985;-2290.22
75531;-129.7283;-1105.787;-2291.28
75564;-130.9865;-1105.669;-2292.661
75598;-131.1019;-1105.908;-2292.561
75634;-131.1467;-1104.542;-2292.231
75668;-130.9966;-1104.562;-2292.736
75702;-133.8406;-1105.601;-2295.969
75739;-133.3851;-1105.662;-2295.676
75773;-134.0173;-1105.666;-2295.962
75806;-136.4366;-1104.876;-2297.046
75841;-139.6775;-1104.606;-2297.245
75874;-141.9776;-1104.156;-2296.661
75908;-141.8721;-1103.411;-2296.265
75941;-145.3964;-1103.508;-2296.408
75993;-146.9592;-1106.609;-2296.226
76009;-146.5962;-1105.909;-2295.917
76059;-146.9445;-1106.914;-2295.256
76078;-147.2108;-1107.627;-2294.823
76095;-147.0762;-1105.191;-2294.682
76150;-147.4065;-1105.723;-2294.485
76166;-148.421;-1106.178;-2294.39
76200;-148.3723;-1102.707;-2293.348
76234;-147.4769;-1100.526;-2292.91
76267;-147.233;-1098.248;-2292.465
76302;-148.122;-1098.395;-2291.926
76352;-147.9612;-1095.833;-2291.725
76375;-147.3426;-1093.219;-2291.749
76394;-147.9224;-1093.582;-2291.629
76436;-147.7947;-1091.074;-2291.413
76470;-148.857;-1093.151;-2291.432
76510;-148.825;-1092.283;-2291.134
76532;-149.0231;-1092.757;-2290.993
76566;-149.3653;-1093.266;-2290.911
76599;-149.448;-1093.374;-2290.649
76633;-149.4817;-1093.06;-2290.643
76683;-149.2048;-1092.286;-2290.144
76717;-148.89;-1089.987;-2290.296
76734;-149.0007;-1088.727;-2290.228
76768;-149.2563;-1089.39;-2290.042
76818;-149.5584;-1090.098;-2290.677
76835;-149.7676;-1090.872;-2290.931
76869;-150.9457;-1090.484;-2291.524
76902;-151.6062;-1091.226;-2291.684
76936;-151.9569;-1091.491;-2291.522
76987;-152.0933;-1091.88;-2291.757
77007;-151.5686;-1090.689;-2291.645
77044;-149.7798;-1092.423;-2291.408
77062;-148.1587;-1093.509;-2291.626
77112;-146.2697;-1094.948;-2291.714
77129;-146.9513;-1096.495;-2291.274
77165;-147.6154;-1102.945;-2290.896
77199;-146.7766;-1106.144;-2290.762
77233;-144.8823;-1108.472;-2289.828
77284;-145.0906;-1111.179;-2289.719
77301;-146.4013;-1114.948;-2288.872
77335;-148.1301;-1117.107;-2287.918
77368;-147.1599;-1116.633;-2286.283
77402;-147.7668;-1116.9;-2285.447
77436;-152.7695;-1115.934;-2282.499
77470;-154.4765;-1114.97;-2282.089
77503;-160.8596;-1113.922;-2279.935
77538;-165.0304;-1115.189;-2281.108
77572;-164.3471;-1115.138;-2279.954
77605;-168.3202;-1114.503;-2278.706
77656;-171.1806;-1113.999;-2278.893
77688;-172.459;-1113.416;-2277.61
77705;-174.3951;-1114.2;-2277.791
77739;-176.2437;-1113.48;-2277.09
77772;-175.3947;-1113.938;-2277.501
77807;-176.5185;-1113.682;-2277.374
77840;-171.8872;-1112.173;-2274.243
77890;-176.2088;-1111.631;-2274.088
77924;-179.6934;-1110.16;-2274.713
77941;-181.0516;-1108.541;-2275.183
77974;-183.5573;-1106.367;-2275.017
78008;-185.7128;-1106.39;-2274.816
78059;-185.4155;-1106.106;-2274.334
78076;-185.2857;-1105.877;-2273.573
78111;-184.386;-1105.545;-2273.577
78134;-185.2596;-1105.216;-2273.922
78167;-182.5803;-1104.779;-2272.629
78214;-180.0018;-1104.073;-2271.663
78269;-176.4076;-1104.784;-2270.646
78793;-174.8685;-1106.282;-2273.071
78843;-170.1727;-1109.87;-2273.38
78876;-167.019;-1111.605;-2271.798
78910;-166.1837;-1113.916;-2273.391
78944;-168.2488;-1114.361;-2273.286
78977;-169.4884;-1113.687;-2270.399
79012;-170.801;-1112.98;-2264.833
79028;-173.9554;-1111.987;-2260.587
79081;-174.2236;-1107.221;-2248.763
79112;-146.1466;-1097.466;-2217.526
79146;-148.6212;-1093.328;-2205.869
79164;-128.293;-1079.631;-2176.914
79197;-120.4675;-1073.571;-2159.425
79247;-107.148;-1071.474;-2152.858
79324;-99.38419;-1073.363;-2154.153
79355;-113.9163;-1067.342;-2134.101
79371;-124.9016;-1063.682;-2125.22
79404;-130.1444;-1062.88;-2121.979
79438;-132.9703;-1062.577;-2119.221
79472;-135.4825;-1061.708;-2117.324
79506;-133.4166;-1066.641;-2123.492
79539;-139.4102;-1066.944;-2121.947
79573;-140.1752;-1068.815;-2122.87
79720;-145.1712;-1073.363;-2124.652
79769;-144.1868;-1071.433;-2123.276
79803;-144.2183;-1068.768;-2117.456
79871;-146.1217;-1069.41;-2117.249
79888;-145.2565;-1070.358;-2115.587
79904;-146.9336;-1073.156;-2118.309
79940;-141.1206;-1074.209;-2117.504
79973;-143.8576;-1076.216;-2118.901
79996;-139.876;-1079.624;-2123.698
80047;-138.1825;-1080.975;-2127.416
80063;-135.3657;-1082.918;-2128.65
80114;-132.5922;-1086.355;-2131.578
80189;-129.6391;-1085.009;-2119.635
80214;-130.212;-1084.758;-2115.826
80231;-129.7967;-1084.383;-2113.85
80271;-128.7374;-1088.041;-2118.433
80310;-126.5067;-1088.806;-2120.875
80344;-128.4823;-1088.766;-2122.133
80378;-130.5629;-1087.84;-2120.976
80412;-129.0247;-1089.456;-2123.284
80447;-125.5015;-1087.425;-2114.54
80464;-121.7403;-1090.772;-2116.582
80497;-114.3951;-1092.773;-2119.31
80532;-112.3679;-1095.299;-2124.439
80565;-103.676;-1094.558;-2125.564
80599;-106.0616;-1090.212;-2115.023
80633;-104.8341;-1090.593;-2113.264
80671;-104.1993;-1090.199;-2110.343
80705;-98.94838;-1086.768;-2103.701
80738;-102.4407;-1075.239;-2072.791
80789;-95.32575;-1070.381;-2074.209
80806;-92.9612;-1064.79;-2057.976
80856;-180.8789;-1067.281;-2005.623
80873;-192.2159;-1055.725;-1973.98
80907;-73.28389;-1043.584;-2040.621
80940;-101.3924;-1030.614;-1988.381
80974;-98.85184;-1031.981;-2010.076
81008;-103.8938;-1029.61;-2010.946
81042;-106.4887;-1019.184;-1984.165
81207;-219.9081;-997.4153;-1849.551
81224;-237.2141;-996.1623;-1832.424
81259;-219.7834;-1006.8;-1867.88
81274;-222.942;-1019.567;-1904.052
81297;-214.6457;-1024.982;-1927.389
81347;-477.8621;-858.4504;-1639.669
81381;-476.9584;-841.6903;-1608.494
81414;-289.7927;-993.0961;-1760.221
81448;-298.4787;-988.9747;-1741.194
81465;-308.6716;-981.8355;-1732.217
81505;-309.1628;-980.9525;-1732.561
81539;-310.2714;-980.821;-1730.206
81578;-314.4997;-978.7215;-1716.466
81596;-311.2983;-977.3182;-1706.754
81644;-310.0082;-975.0272;-1691.118
81666;-315.9587;-976.2333;-1678.235
81711;-321.5851;-978.4596;-1675.395
81744;-322.4152;-981.0909;-1674.763
81778;-318.6075;-991.2605;-1678.06
81812;-322.8542;-996.8585;-1682.257
81846;-323.8888;-997.7125;-1671.935
81866;-324.0873;-993.0153;-1663.803
81913;-318.4889;-997.0538;-1665.357
81947;-330.5529;-994.6889;-1655.779
81980;-330.9601;-1000.662;-1664.406
82014;-335.9004;-1002.422;-1661.423
82048;-342.4325;-1002.303;-1660.024
82067;-350.076;-994.1531;-1643.55
82100;-360.8841;-988.9511;-1635.419
82150;-378.0602;-986.5114;-1609.344
82184;-376.4891;-981.8355;-1602.928
82209;-414.2752;-984.5606;-1554.947
82274;-408.9804;-977.8669;-1576.436
82358;-408.7474;-1126.971;-1460.663
82375;-412.6484;-1062.193;-1336.335
82392;-429.9105;-974.6707;-1355.357
82409;-377.1212;-312.018;-626.1388
83214;-690.5826;-838.8878;-1189.825
83248;-659.2999;-823.4827;-1141.479
83306;-674.1002;-818.63;-1152.179
83324;-693.3094;-801.7565;-1141.663
83350;-697.1765;-795.3937;-1140.405
83375;-711.3331;-807.2051;-1156.625
83410;-719.3031;-801.5296;-1142.215
83444;-757.0959;-796.5212;-1139.616
83477;-747.3307;-766.0559;-1118.987
83511;-780.3314;-731.8284;-1071.672
83544;-856.1236;-582.2731;-1009.933
83596;-889.7384;-635.3005;-1046.996
83612;-860.4736;-583.9161;-1022.725
83662;-881.4158;-563.5198;-1016.837
83696;-850.8137;-477.2608;-1028.849
83713;-910.32;-410.3094;-1020.176
83763;-911.9299;-444.4065;-1041.494
83780;-900.275;-447.6688;-1026.066
83807;-895.5879;-451.1855;-1021.331
83840;-907.8793;-442.9087;-1044.125
83874;-1004.131;-415.3849;-956.6866
83908;-952.4125;-301.6227;-994.0671
83960;-1154.547;-219.1188;-1069.073
83998;-1095.699;-184.4214;-1651.98
84036;-1177.974;-247.51;-1594.126
84052;-1185.347;-245.0839;-1595.203
84069;-1194.756;-251.4847;-1582.064
84120;-1190.006;-248.6455;-1591.228
84136;-967.7808;-380.3399;-1398.894
84573;-120.8671;-1044.361;-2127.771
84606;-123.5999;-1058.05;-2147.525
84640;-120.3258;-1065.199;-2186.318
84675;-119.3841;-1077.143;-2227.644
84709;-119.6242;-1084.124;-2222.052
84726;-118.1125;-1088.448;-2234.685
84776;-114.3841;-1098.321;-2231.41
84793;-106.0538;-1098.37;-2228.688
84828;-96.34457;-1095.587;-2233.341
84878;-89.76758;-1091.945;-2235.681
84911;-94.28395;-1088.162;-2243.476
84928;-99.46635;-1085.691;-2259.35
84979;-105.3601;-1074.772;-2259.135
84999;-108.2425;-1068.237;-2256.111
85049;-103.0706;-1050.095;-2257.163
85083;-102.4377;-1034.969;-2259.769
85100;-111.3386;-1023.755;-2261.619
85151;-128.7241;-1013.406;-2260.951
85167;-136.3887;-1003.464;-2262.528
85201;-134.7579;-996.8629;-2262.785
85251;-134.098;-991.3039;-2263.368
85268;-179.5006;-959.4689;-2311.124
85319;-139.4442;-931.1062;-2279.324
85353;-168.5483;-978.4761;-2332.585
85369;-174.3258;-975.2668;-2332.898
85421;-176.2598;-970.3038;-2339.105
85440;-176.1284;-965.4108;-2342.754
85488;-59.36509;-953.4058;-2344.679
85522;-53.80152;-956.9077;-2346.247
85541;-48.56874;-959.5564;-2346.751
85574;-69.60252;-911.4498;-2254.934
85608;-54.81044;-905.6645;-2247.483
85644;-40.73397;-901.0343;-2240.584
85665;-25.42079;-896.9127;-2228.68
85699;-13.6738;-895.4775;-2223.037
85732;-41.57292;-956.3039;-2288.062
85766;-46.46868;-947.9018;-2287.28
85816;-28.4527;-937.9798;-2265.522
85834;38.35411;-889.0001;-2211.925
85884;58.47462;-891.1577;-2217.261
85918;67.99952;-892.9596;-2221.518
85934;76.44707;-895.6299;-2228.773
85968;79.28367;-903.5181;-2238.927
86019;81.71873;-906.8414;-2245.066
86052;83.43979;-910.1196;-2253.992
86069;86.95805;-912.7319;-2265.371
86103;90.60264;-914.7078;-2271.85
86136;93.40812;-916.0972;-2274.14
86174;93.06279;-916.1626;-2274.984
86204;94.5983;-916.2917;-2275.434
86238;94.44801;-917.2886;-2274.469
86271;97.89491;-917.3125;-2274.767
86305;96.54391;-917.906;-2273.952
86339;96.74394;-918.3785;-2272.518
86373;98.60432;-918.3181;-2273.212
86406;101.7554;-918.8949;-2274.36
86440;99.95351;-919.8573;-2272.111
86473;101.0153;-920.2709;-2270.969
86507;102.6319;-920.3561;-2269.578
86529;102.0384;-921.1667;-2268.485
86563;102.0556;-922.405;-2267.632
86597;107.0401;-923.3585;-2268.268
86633;106.7375;-924.0188;-2267.297
86669;108.206;-923.6913;-2267.221
86706;111.4051;-924.9301;-2267.962
86740;114.0153;-923.9933;-2268.213
86774;115.3276;-924.2285;-2267.467
86807;122.2129;-926.929;-2266.353
86841;125.1887;-926.0455;-2263.307
86875;126.9663;-925.5528;-2259.58
86909;127.842;-924.8398;-2254.547
86942;127.3933;-923.9189;-2250.071
86976;127.8627;-928.9744;-2247.988
87010;126.9585;-929.0703;-2246.02
87031;126.7875;-926.0892;-2240.25
87081;121.9736;-948.5535;-2239.827
87100;140.5819;-970.567;-2276.019
87135;168.8956;-944.2006;-2274.243
87168;144.0714;-963.7551;-2286.088
87219;145.9296;-958.355;-2280.458
87253;146.1658;-956.9717;-2278.322
87269;147.0937;-960.9255;-2289.927
87303;145.7665;-957.222;-2277.609
87337;153.7515;-954.6598;-2270.352
87387;146.6927;-945.9016;-2266.07
87404;149.6839;-935.3903;-2246.804
87438;94.76315;-962.1136;-2129.744
87472;97.87192;-970.9031;-2125.595
87522;117.6855;-961.6742;-2054.899
87543;112.6672;-951.4503;-1996.397
87573;96.03143;-937.9421;-1921.942
87607;92.83899;-916.2697;-1823.446
87640;62.73577;-885.2418;-1737.546
87674;355.8298;-819.9257;-1724.732
87707;352.5435;-782.0212;-1628.334
87741;352.496;-706.7763;-1504.544
87775;321.8213;-696.7483;-1436.748
87809;324.0633;-654.7914;-1387.711
87842;357.8255;-689.7631;-1414.852
87876;-77.62662;-749.9282;-1523.038
87910;22.67484;-673.6289;-1284.606
87961;-56.10159;-709.4317;-1357.305
87979;210.5739;-795.3275;-1303.719
88012;-72.65892;-591.067;-1232.769
88046;114.0998;-549.4822;-1349.131
88080;112.588;-545.3345;-1310.341
88113;112.1584;-540.2048;-1290.053
88150;125.1793;-548.4773;-1252.201
88184;198.9181;-545.355;-1204.277
88208;196.4286;-756.7201;-1062.457
88241;190.3268;-763.0634;-1077.476
88275;187.4162;-763.9114;-1065.2
88313;207.4327;-765.9902;-1073.365
88345;218.1022;-763.8224;-1054.72
88379;223.8518;-767.0815;-1050.664
88441;259.7967;-761.6666;-1005.915
88474;282.5582;-752.8934;-976.3407
88508;318.6038;-741.3665;-944.3512
88546;272.5314;-731.1609;-862.6494
88597;282.7871;-720.0552;-795.3121
88630;299.3473;-660.7959;-685.6029
88647;285.1078;-640.2854;-633.0735
88697;436.4395;-577.287;-666.1038
88750;336.8388;-329.7783;-743.2559
88779;361.1341;-258.1631;-749.5673
88813;376.0671;-251.9373;-737.9355
88847;321.673;-115.1577;-717.4865
88880;331.6849;-213.6478;-705.2866
88925;66.41895;-268.6189;-733.9352
89092;-69.32516;128.7933;-428.4792
92515;52.98441;-750.1079;-1533.206
92582;56.97969;-744.7134;-1563.61
92600;59.55836;-740.2886;-1593.953
92615;66.66299;-743.4372;-1629.666
92649;70.83809;-676.3231;-1677.075
92683;13.54895;-725.5005;-1781.925
92716;6.337948;-743.0552;-1840.043
92751;-1.28936;-769.4177;-1887.124
92784;69.52543;-782.3446;-1858.704
92802;31.51954;-848.856;-2016.522
92835;23.18905;-854.7778;-2085.19
92869;24.8016;-874.0148;-2120.066
92902;75.14197;-895.0849;-2151.616
92936;93.13814;-901.8546;-2178.679
92970;102.0342;-902.9106;-2180.146
93004;181.3755;-898.2859;-2147.179
93038;201.8248;-914.7844;-2205.741
93071;204.8732;-913.0489;-2207.991
93105;283.0268;-911.5359;-2215.381
93138;315.0275;-909.7864;-2205.425
93172;360.9026;-904.5062;-2195.146
93206;396.4907;-873.0892;-2118.351
93239;429.8265;-894.0051;-2178.665
93273;443.2581;-861.1808;-2104.682
93314;466.3008;-852.9485;-2097.201
93340;456.3184;-896.2729;-2154.019
93374;469.074;-891.6566;-2150.225
93409;463.652;-895.1427;-2149.602
93442;463.9357;-895.9937;-2152.642
93475;458.9232;-899.0396;-2162.782
93509;462.0252;-898.2538;-2166.04
93543;464.6244;-898.5264;-2166.383
93576;469.4601;-898.9073;-2168.486
93607;471.3737;-897.0778;-2168.601
93637;472.5782;-895.4777;-2169.217
93668;474.2996;-894.5376;-2170.355
93702;474.932;-893.4944;-2171.296
93735;474.5337;-892.9614;-2171.91
