
1;-488.0002;-164.4803;-2687.901
30;-490.8285;-162.6019;-2693.401
79;-505.2502;-167.1873;-2708.89
161;-506.8735;-168.6031;-2711.662
177;-510.2106;-172.292;-2721.949
229;-505.6921;-169.7987;-2721.801
263;-499.9618;-165.4085;-2723.626
296;-495.2566;-164.1799;-2722.687
330;-494.1444;-160.7987;-2721.182
364;-488.0139;-159.6644;-2717.87
398;-483.6379;-161.2678;-2710.361
449;-478.2845;-158.8308;-2709.523
466;-470.8449;-155.3174;-2707.625
501;-468.92;-155.0422;-2707.577
534;-462.0044;-154.5578;-2718.548
554;-458.559;-151.5098;-2723.174
601;-450.7923;-147.462;-2697.919
635;-441.4166;-157.4873;-2647.109
669;-432.6914;-150.5084;-2683.875
703;-401.8138;-181.343;-2631.395
736;-385.1321;-182.2978;-2723.679
770;-368.7003;-197.7599;-2591.643
804;-383.1944;-170.6606;-2620.867
915;-371.2667;-169.3812;-2606.633
966;-323.4771;-170.6387;-2581.075
993;-287.9054;-178.6745;-2561.989
1026;-272.9194;-175.8607;-2554.723
1060;-245.62;-179.5455;-2546.745
1094;-229.5866;-180.9;-2526.264
1127;-207.7009;-179.2714;-2523.027
1161;-198.4364;-177.867;-2516.717
1199;-183.017;-173.9412;-2506.987
1215;-168.506;-169.8071;-2503.893
1249;-153.1113;-168.1911;-2489.427
1301;-145.2984;-167.3142;-2482.029
1320;-140.1046;-170.1341;-2469.481
1353;-131.2641;-166.8151;-2462.959
1404;-131.0696;-171.9214;-2444.613
1438;-126.8386;-171.8106;-2436.088
1454;-115.1414;-168.3366;-2419.843
1488;-110.6807;-169.2624;-2397.772
1539;-107.7739;-168.4871;-2385.4
1556;-104.3801;-163.007;-2362.849
1589;-109.2352;-164.991;-2316.717
1623;-108.1499;-169.8625;-2252.65
1673;-105.4784;-169.3177;-2236.83
1690;-102.078;-157.9958;-2199.245
1724;-98.4384;-156.0394;-2197.989
1758;-94.41616;-147.8757;-2164.84
1808;-89.25349;-143.6162;-2155.624
1825;-83.85658;-138.2153;-2140.624
1859;-84.76407;-121.101;-2108.039
1909;-86.19;-118.7887;-2067.83
1943;-83.33071;-117.3099;-2068.999
1977;-82.95139;-73.98177;-2079.599
2046;-67.00858;-108.246;-2033.904
2083;-81.19557;-80.5358;-1988.845
2105;-83.06976;-74.83099;-2018.766
2129;-67.62943;-94.36407;-1895.904
2163;-67.94163;-75.55798;-1905.013
2197;-65.50338;-68.67449;-1890.919
2230;-51.18544;-58.74187;-1873.793
2264;-44.05611;-53.3788;-1841.118
2298;-46.96314;-58.60814;-1788.07
2331;-46.21047;-89.56728;-1728.601
2365;-34.26216;-59.43369;-1729.664
2399;-31.63924;-52.34922;-1695.793
2433;-21.45636;-59.77481;-1640.811
2466;-18.08218;-52.25563;-1611.795
2500;-20.99301;-38.84549;-1568.932
2534;-15.40582;-29.49956;-1546.658
2567;0.6158252;17.32223;-1549.031
2601;-0.008537827;25.01497;-1527.913
2635;-2.565901;36.39491;-1503.169
2669;-7.836349;46.24456;-1474.54
2702;-5.010755;21.24209;-1443.04
2736;-23.84171;25.95016;-1393.163
2754;-20.44936;24.13295;-1395.827
2786;-22.61014;23.76723;-1384.674
2820;-54.52515;67.02538;-1342.527
2856;-60.56108;66.85832;-1331.02
2904;-66.30939;44.99854;-1303.369
2921;-83.7149;44.27951;-1282.124
2955;-128.5792;74.28606;-1245.048
2995;-143.1575;79.31761;-1230.171
3029;-172.6188;83.6263;-1185.513
3062;-176.0229;102.1661;-1190.509
3096;-178.5985;115.1614;-1181.059
3129;-199.0322;113.3405;-1132.589
3165;-203.8945;112.396;-1119.416
3199;-202.8977;111.1102;-1098.486
3233;-198.7525;116.4885;-1077.933
3266;-241.6325;135.4578;-1050.35
3300;-246.2207;177.2077;-1038.718
3334;-291.721;169.3831;-1016.395
3367;-390.6692;-206.2491;-890.6014
3401;-401.4938;-143.4698;-906.1043
3435;-406.6396;-137.1036;-906.3198
3455;-424.587;-168.2565;-900.3979
3485;-432.8727;-165.2832;-896.3257
3535;-386.1505;-72.75871;-573.6149
3552;-445.4491;-163.1361;-820.6183
3589;-435.5291;-39.40082;-773.6078
3620;-652.4614;-23.38992;-855.5169
3653;-458.8477;161.1684;-742.6008
3704;-161.4175;64.84194;-269.1445
3721;-128.1112;24.93027;-296.457
10592;-504.0462;6.879136;-1479.188
10642;-513.6196;57.31875;-1386.087
10676;-539.6287;100.72;-1472.58
10697;-508.2647;2.525143;-1403.01
10731;-429.8775;-100.2297;-1593.396
10752;-421.5735;-99.73353;-1590.809
10806;-410.2131;-107.2278;-1591.459
10822;-447.5536;-37.78209;-1427.141
10856;-484.2218;-46.646;-1440.444
10889;-300.472;226.535;-1639.333
10923;-331.2045;313.4546;-1640.742
10957;-270.4789;462.7013;-1655.64
11007;-252.5069;461.8191;-1644.108
11041;-243.9109;460.9351;-1640.339
11058;-220.3877;460.1026;-1624.305
11092;-200.3465;459.8331;-1611.353
11125;-190.4752;459.9949;-1611.076
11159;-164.4826;462.8435;-1599.061
11193;-123.2983;501.9207;-1615.297
11227;-72.03477;489.695;-1592.075
11277;-59.86306;489.9393;-1584.906
11294;-50.48959;495.9674;-1587.743
11328;-44.56526;498.1831;-1586.877
11378;-248.4676;249.7627;-1426.286
11446;-268.6104;130.6827;-1453.803
11463;-269.1707;130.1725;-1452.962
11487;-263.4958;137.3896;-1463.54
11504;-258.8507;143.2914;-1469.035
11560;-247.9843;118.649;-1436.266
11577;-246.1488;120.6575;-1439.177
11597;-243.0272;122.6904;-1443.122
11631;-240.5676;124.2244;-1446.537
11664;-237.7078;127.4788;-1451.896
11716;-229.0345;132.1747;-1465.898
11732;-225.1114;131.3341;-1473.26
11765;-218.1254;117.9889;-1488.459
11816;-208.5013;115.0514;-1499.857
11835;-205.1921;111.3268;-1506.972
11862;-196.7287;115.111;-1524.548
11912;-1.096111;6.015256;-1768.582
11947;-1.968694;18.57871;-1727.166
11963;9.342673;3.245807;-1727.993
11993;19.02083;-0.5757157;-1730.954
12039;28.09705;-8.621462;-1727.2
12067;34.26615;-10.13968;-1725.633
12118;41.75344;-9.430196;-1726.353
12134;48.05653;-9.036967;-1726.665
12168;53.17282;-8.390062;-1726.491
12236;60.8373;-9.705342;-1726.143
12274;64.76401;-11.96424;-1726.222
12297;66.90901;-13.89616;-1726.466
12348;68.79414;-14.75992;-1728.066
12365;69.84154;-14.86071;-1729.237
12415;70.33282;-13.38089;-1731.649
12451;70.74107;-11.95427;-1736.835
12503;70.1581;-12.52267;-1741.637
12520;67.96831;-15.61757;-1745.764
12539;65.23164;-16.13103;-1750.521
12573;62.45151;-16.10553;-1754.632
12600;83.89864;-24.94846;-1790.06
12650;76.18971;-25.89032;-1791.94
12685;66.78498;-27.68428;-1794.448
12706;58.6086;-30.51263;-1796.005
12757;54.45827;-30.27073;-1798.184
12774;50.03423;-30.81907;-1800.244
12802;49.21576;-29.94198;-1800.537
12840;49.0653;-29.03979;-1800.758
12870;51.32955;-27.46929;-1801.753
12921;54.33606;-26.56357;-1802.305
12937;54.72155;-28.78755;-1801.462
12971;56.40195;-32.0093;-1801.268
13005;59.5498;-33.60394;-1800.507
13072;62.13272;-36.49916;-1799.362
13093;65.48225;-37.29194;-1798.613
13118;72.22612;-37.93182;-1796.329
13135;77.79089;-37.73861;-1793.417
13169;86.50889;-36.64656;-1790.043
13205;91.99737;-36.01006;-1786.769
13254;98.88441;-36.42911;-1782.586
13337;111.8728;-32.49699;-1771.425
13728;120.4872;-37.61035;-1765.225
13777;119.7806;-41.37738;-1765.662
13798;117.3502;-43.61926;-1769.656
13849;109.2855;-48.45481;-1784.971
13867;103.7268;-49.15208;-1797.577
13910;100.2964;-50.47017;-1810.781
14100;79.70702;-54.57154;-1850.911
14143;71.87576;-56.74136;-1865.434
14172;68.68147;-58.41178;-1871.143
14189;66.13533;-60.62901;-1875.432
14227;62.02918;-60.19391;-1879.196
14271;60.20165;-61.39571;-1883.663
14305;59.2606;-62.51359;-1885.518
14338;58.83349;-63.22958;-1886.489
14372;60.90751;-66.78858;-1886.898
14393;64.10738;-70.25936;-1887.754
14425;66.62863;-72.74954;-1888.171
14458;70.42464;-75.14876;-1889.071
14502;76.12556;-77.84856;-1890.268
14535;80.72047;-79.56938;-1890.881
14569;85.49751;-80.28899;-1891.069
14603;92.96056;-81.94225;-1891.272
14679;103.549;-84.49623;-1889.047
14704;108.6212;-87.49293;-1886.227
14726;111.7653;-90.89628;-1882.848
14762;114.834;-94.39377;-1879.016
14798;116.5236;-96.4575;-1875.114
14832;117.8079;-98.26675;-1871.317
14865;118.7473;-98.83004;-1868.196
14899;119.6899;-98.67947;-1866.602
14933;121.4138;-98.62914;-1865.393
14985;123.1239;-97.71674;-1864.612
15001;127.2368;-94.90211;-1864.886
15035;129.2345;-92.03233;-1866.491
15069;131.319;-91.16385;-1867.916
15108;133.808;-87.49321;-1873.994
15125;136.9523;-85.06767;-1881.702
15158;137.6535;-80.92232;-1891.967
15192;134.6089;-89.31418;-1904.466
15243;133.7441;-91.56648;-1914.774
15277;131.6699;-100.867;-1933.689
15327;128.4253;-102.9983;-1948.422
15344;118.5606;-112.1324;-1976.117
15389;109.7264;-115.6592;-1991.082
15402;115.1805;-116.8332;-2024.916
15426;109.5201;-118.2664;-2032.809
15477;103.7081;-122.5554;-2052.167
15502;95.9846;-126.7305;-2071.983
15535;88.86629;-130.1633;-2087.183
15569;83.97626;-131.2956;-2103.807
15651;77.90099;-133.119;-2117.312
15706;74.98813;-133.6674;-2127.453
15790;71.88475;-135.6443;-2144.261
15835;70.9219;-136.4129;-2150.177
15852;69.3221;-136.4784;-2155.763
15872;69.67512;-136.6871;-2161.749
15890;70.01395;-137.1781;-2163.751
15923;70.50216;-137.8732;-2165.489
15974;72.6053;-139.9293;-2166.903
16008;75.18477;-141.9179;-2169.03
16041;78.54747;-144.3881;-2170.772
16075;83.58491;-146.1749;-2175.469
16104;88.42081;-148.1311;-2176.56
16156;93.30376;-150.3591;-2177.778
16175;98.47885;-151.2962;-2179.071
16224;102.6068;-152.0367;-2178.821
16242;106.0774;-152.651;-2179.055
16261;110.642;-153.8119;-2179.942
16300;114.5764;-153.8099;-2182.632
16352;118.5707;-153.1271;-2187.253
16364;122.222;-153.9221;-2191.802
16414;125.2114;-154.3784;-2199.491
16431;127.1467;-155.0213;-2208.438
16465;128.1789;-155.113;-2216.74
16499;128.2884;-155.8857;-2223.997
16576;124.9225;-157.0397;-2244.932
16601;123.5052;-158.9619;-2255.539
16635;120.5082;-161.6934;-2268.86
16668;116.7577;-164.675;-2282.633
16702;112.6767;-166.0646;-2289.66
16735;106.9347;-165.4281;-2300.011
16753;102.0222;-166.9476;-2313.116
16786;97.04462;-167.5907;-2322.356
16858;92.68468;-170.4091;-2335.753
16876;88.20467;-170.7793;-2344.264
16909;84.90701;-173.0868;-2355.192
16943;80.61777;-172.1176;-2364.256
16960;78.52956;-174.3135;-2374.217
16994;77.55222;-176.212;-2380.735
17028;76.49312;-177.9262;-2387.598
17061;74.13436;-179.2968;-2395.734
17111;74.4419;-180.6035;-2400.12
17128;75.3812;-184.3503;-2403.18
17167;74.8799;-185.8264;-2407.297
17201;73.64445;-186.2965;-2409.588
17235;73.21173;-189.1438;-2413.077
17268;75.43856;-193.5208;-2416.874
17302;75.56346;-193.7265;-2420.996
17319;82.25735;-201.5156;-2423.058
17369;83.58285;-202.0301;-2428.313
17403;85.99779;-203.2924;-2435.8
17463;93.92783;-209.3239;-2442.71
17480;99.89594;-212.6755;-2448.925
17499;105.3634;-213.2143;-2454.573
17532;113.8381;-220.7664;-2463.146
17566;122.1833;-222.5891;-2472.1
17629;130.7721;-225.7231;-2481.387
17651;134.6896;-227.2815;-2489.462
17675;140.2507;-229.1874;-2497.379
17694;145.0963;-231.3288;-2505.145
17728;150.1465;-232.249;-2514.639
17779;153.4954;-233.8844;-2520.172
17796;157.7941;-234.3465;-2527.345
17829;161.3438;-233.6837;-2536.721
17880;163.6819;-233.7746;-2547.596
17913;165.2021;-235.3064;-2557.501
17947;165.2406;-236.1257;-2566.535
17981;160.5827;-247.0394;-2581.828
17998;160.5412;-249.7027;-2587.64
18031;159.8311;-252.0778;-2593.568
18065;158.4076;-254.4579;-2599.085
18099;156.842;-256.3359;-2604.233
18133;152.0688;-259.9099;-2613.436
18166;146.3158;-262.276;-2622.444
18200;144.3482;-262.5661;-2626.747
18251;140.8282;-273.2964;-2633.748
18269;137.6014;-275.9343;-2636.496
18293;136.6295;-277.0678;-2639.84
18337;135.4036;-276.8138;-2644.196
18371;134.7602;-277.9312;-2645.841
18388;134.4526;-277.1304;-2648.26
18438;133.0498;-275.4012;-2649.597
18455;132.3219;-274.7916;-2650.325
18507;131.1402;-273.8105;-2650.376
18541;128.9661;-272.5342;-2648.131
18574;128.1399;-272.7048;-2647.344
18591;102.0382;-264.1006;-2620.368
18630;126.2122;-274.1615;-2646.281
18663;126.0046;-273.9048;-2646.32
18707;125.3303;-273.3148;-2645.572
18723;125.6428;-272.1041;-2645.457
18758;126.1568;-271.4795;-2645.35
18791;128.2946;-272.206;-2648.211
18825;128.3209;-272.1879;-2648.209
18875;129.3362;-272.633;-2649.521
18892;132.4798;-273.3775;-2652.699
18926;134.7981;-273.2129;-2654.157
18959;137.103;-274.3774;-2657.068
18993;137.9678;-274.3501;-2657.626
19027;140.0476;-275.2185;-2658.878
19060;143.364;-275.5365;-2660.324
19094;148.1947;-276.2224;-2664.654
19128;152.139;-278.417;-2666.438
19178;159.0306;-281.3084;-2675.364
19195;160.7033;-281.2872;-2674.726
19254;163.6264;-281.1756;-2676.059
19272;165.1763;-279.3824;-2672.558
19290;166.5882;-280.2829;-2670.61
19324;168.1672;-280.1432;-2669.251
19383;169.9795;-280.2243;-2666.917
19400;172.4399;-280.0155;-2665.11
19417;174.1206;-280.2293;-2664.426
19468;174.7401;-279.6954;-2662.949
19502;175.6749;-279.619;-2661.926
19536;176.7529;-279.3834;-2660.089
19576;177.1523;-278.8078;-2659.337
19592;177.205;-278.8092;-2659.31
19626;176.6249;-281.5485;-2657.532
19660;176.449;-281.6042;-2657.615
19711;175.6691;-281.3707;-2658.11
19727;171.9768;-285.5858;-2673.047
19790;169.3998;-289.7532;-2672.224
19805;159.3463;-293.0574;-2665.46
19824;154.6136;-296.8198;-2664.562
19874;146.5249;-301.375;-2663.944
19891;140.8356;-303.3282;-2664.762
19942;132.7913;-304.8333;-2681.326
19995;122.8658;-304.0816;-2676.163
20020;118.6873;-304.1234;-2677.085
20054;108.5253;-297.7459;-2685.06
20079;104.4262;-298.9224;-2685.203
20096;98.45859;-299.6577;-2687.576
20129;89.28957;-302.7944;-2681.567
20163;85.09335;-300.7025;-2680.753
20196;81.21386;-298.8822;-2681.648
20230;76.40837;-298.0732;-2681.304
20264;70.63822;-296.2343;-2685.526
20310;68.38894;-295.5147;-2686.265
20327;65.7067;-296.388;-2687.18
20360;61.92685;-293.3275;-2690.918
20394;60.83416;-294.0237;-2691.375
20428;59.81106;-294.4471;-2691.556
20461;59.57852;-294.2188;-2697.235
20495;59.38953;-293.513;-2697.463
20534;59.79923;-293.7806;-2697.956
20572;61.65423;-297.4391;-2698.371
20589;62.50127;-299.3186;-2698.648
20622;63.81676;-301.4546;-2698.751
20673;66.13768;-298.4344;-2699.885
20690;67.34103;-301.0856;-2698.694
20740;69.5964;-300.7492;-2697.71
20774;71.25832;-301.5635;-2697.059
20791;86.67877;-303.4601;-2719.361
20824;88.86182;-303.4274;-2712.29
20860;92.66208;-302.5067;-2704.55
20893;95.59456;-303.5127;-2700.079
20927;97.87624;-304.1218;-2697.09
20961;101.5626;-304.7437;-2694.162
20994;105.8403;-305.0663;-2688.531
21028;108.425;-306.1729;-2684.479
21061;110.428;-306.2451;-2684.871
21095;111.4163;-305.7551;-2683.628
21146;112.9937;-308.1039;-2682.585
21162;113.2524;-307.7895;-2679.955
21213;114.9163;-307.9095;-2681.946
21230;115.2429;-307.5714;-2681.094
21263;115.1845;-307.0564;-2681.093
21345;118.8272;-306.2346;-2691.282
21372;117.008;-307.1604;-2690.16
21389;116.7649;-307.2856;-2689.132
21405;111.3429;-304.9167;-2690.093
21442;108.4486;-306.5399;-2689.292
21464;101.2655;-309.3788;-2693.837
21492;95.65115;-311.7201;-2704.636
21525;85.87725;-315.1475;-2691.515
21559;77.96261;-304.1243;-2690.493
21593;72.40424;-301.5886;-2686.226
21643;70.2017;-301.6672;-2686.579
21660;67.78506;-302.8125;-2688.275
21694;63.75919;-300.5005;-2689.541
21728;60.01122;-301.3043;-2696.284
21778;51.53932;-302.8471;-2684.261
21795;43.15966;-290.9564;-2681.131
21829;41.59834;-291.4543;-2680.408
21862;38.90289;-292.9205;-2678.095
21995;31.3071;-295.5168;-2672.322
22032;30.61096;-296.3572;-2671.755
22054;26.8172;-290.8145;-2671.681
22072;25.55139;-291.1188;-2670.807
22087;24.52446;-290.5585;-2670.211
22156;24.90874;-292.4617;-2669.838
22183;25.1894;-293.2889;-2669.771
22215;25.52181;-294.0515;-2669.723
22231;25.77794;-294.1114;-2669.411
22265;26.67534;-294.8593;-2668.434
22304;27.77954;-295.4171;-2667.324
22333;29.89155;-298.2588;-2666.275
22368;34.00519;-295.4033;-2668.976
22401;35.83727;-294.922;-2666.682
22435;41.54677;-295.9941;-2670.122
22468;48.61507;-295.6545;-2670.4
22491;55.35515;-294.1743;-2670.015
22536;57.57335;-294.4573;-2669.465
22571;61.17266;-294.7543;-2668.219
22603;65.72835;-294.6185;-2668.367
22622;69.82309;-295.4578;-2665.744
22667;71.98438;-295.3671;-2665.657
22704;73.51605;-296.0769;-2665.816
22736;75.74878;-297.6994;-2665.932
22770;79.23698;-298.2499;-2668.143
22854;85.10349;-299.3678;-2672.287
22890;87.84933;-300.3658;-2673.353
22906;89.20428;-300.5599;-2672.129
22923;90.24138;-299.2704;-2671.077
22960;90.85726;-297.3271;-2670.189
23011;91.50311;-295.6669;-2668.848
23027;92.20725;-295.2693;-2667.296
23061;93.76866;-295.8482;-2665.644
23095;95.43443;-297.1705;-2664.371
23128;95.53219;-297.0397;-2663.098
23193;95.91785;-296.8666;-2662.423
23209;96.18045;-296.4489;-2659.308
23243;96.02884;-297.3518;-2657.851
23276;95.27132;-298.5341;-2655.349
23310;95.53464;-299.6339;-2655.196
23327;95.04443;-300.1023;-2655.042
23361;94.4631;-300.3377;-2655.158
23394;91.69729;-298.7912;-2658.322
23449;89.42279;-299.4951;-2657.463
23471;86.83125;-300.1364;-2656.976
23504;83.66428;-294.1594;-2658.744
23538;82.52704;-295.6617;-2659.094
23559;81.15771;-296.9966;-2659.153
23592;79.80675;-297.3665;-2659.459
23643;77.66625;-298.0914;-2660.35
23677;74.75015;-297.9673;-2661.079
23710;72.47257;-297.9726;-2661.784
23730;71.43928;-297.6556;-2661.385
23763;69.90646;-297.4052;-2662.822
23814;68.87494;-297.4316;-2663.933
23831;66.49088;-296.5368;-2668.987
23866;64.99008;-295.3588;-2671.37
23888;62.56255;-296.6334;-2682.686
23922;58.06114;-289.972;-2681.459
23956;52.65511;-292.7491;-2674.613
23989;51.58152;-292.57;-2674.292
24040;49.07943;-291.9121;-2674.615
24074;45.78835;-289.2535;-2675.354
24094;44.13085;-290.7544;-2675.931
24120;42.80038;-291.0428;-2676.349
24154;40.26438;-292.3972;-2676.067
24187;38.72462;-293.5151;-2676.298
24238;36.59515;-292.3807;-2677.627
24272;34.8573;-293.0841;-2679.411
24289;33.75922;-293.106;-2681.167
24339;31.80404;-289.7481;-2683.041
24356;31.04068;-290.49;-2685.296
24391;27.48171;-287.2076;-2687.655
24424;25.0204;-288.4565;-2687.049
24458;23.32147;-288.0403;-2688.246
24492;19.8764;-289.4067;-2692.289
24526;18.62954;-290.1383;-2693.249
24576;16.76721;-291.3778;-2695.688
24594;16.28037;-291.551;-2696.983
24628;14.76463;-291.9276;-2698.797
24661;14.4711;-292.576;-2704.274
24695;13.44838;-294.9236;-2705.771
24729;13.44816;-295.1368;-2705.413
24762;13.18555;-295.9695;-2708.851
24796;14.13964;-297.6874;-2709.54
24830;14.59458;-297.7885;-2711.127
24864;14.19026;-297.8401;-2711.41
24894;16.44111;-299.6473;-2710.874
24928;17.6679;-301.249;-2710.303
24979;20.1875;-302.3992;-2706.813
24995;25.59464;-295.1245;-2697.069
25029;28.10626;-297.6246;-2696.673
25062;29.78284;-295.8587;-2694.357
25097;31.83299;-297.3016;-2692.744
25131;33.68042;-298.684;-2691.491
25164;36.49368;-300.0005;-2690.017
25198;42.58434;-303.5692;-2695.18
25232;45.33558;-305.7646;-2694.112
25266;48.76184;-306.2307;-2689.963
25303;52.84695;-306.63;-2688.689
25345;56.78047;-307.755;-2686.91
25361;59.71589;-306.839;-2684.959
25411;62.94669;-305.8342;-2680.976
25428;66.53709;-306.9419;-2678.185
25462;73.21629;-307.5502;-2679.858
25496;75.95186;-308.386;-2677.194
25529;79.73316;-309.9577;-2674.765
25563;83.70005;-309.9889;-2672.515
25597;86.35711;-308.9227;-2671.248
25630;88.3119;-308.4038;-2669.298
25664;89.98149;-306.8003;-2667.357
25698;91.67622;-305.3495;-2665.263
25739;92.91848;-304.5239;-2664.319
25765;93.3147;-304.1272;-2662.926
25799;93.1704;-304.3676;-2660.362
25833;93.20832;-304.4915;-2659.664
25866;93.09676;-305.2971;-2658.427
25903;92.88873;-305.8711;-2658.083
25921;92.06264;-305.4115;-2657.227
25970;89.51945;-306.524;-2654.09
25988;87.35428;-307.7249;-2651.919
26021;86.16886;-308.0134;-2651.233
26054;85.44254;-307.6672;-2650.857
26088;84.02229;-307.6028;-2651.521
26122;82.61153;-307.165;-2651.684
26172;80.86245;-307.3281;-2651.796
26190;78.31003;-306.5889;-2650.131
26223;76.38334;-306.4776;-2648.92
26258;75.56594;-306.4038;-2648.433
26316;73.74781;-306.7337;-2647.095
26345;72.86356;-306.088;-2645.921
26371;71.98446;-306.5692;-2644.096
26405;70.90739;-304.9168;-2642.785
26439;69.94284;-305.5217;-2641.198
26472;68.4864;-304.1825;-2640.172
26506;67.89973;-303.8976;-2638.808
26540;67.26165;-303.5976;-2637.786
26573;66.99863;-303.5802;-2637.506
26607;66.78008;-304.132;-2636.925
26624;66.60636;-304.119;-2636.249
26658;66.54196;-304.0612;-2636.222
26692;66.45052;-304.464;-2635.524
26728;66.70685;-304.3414;-2635.014
26767;66.75686;-304.4269;-2634.771
26800;66.97113;-304.6291;-2634.213
26834;66.9149;-304.7097;-2634.04
26868;66.85366;-304.7096;-2633.893
26901;66.88374;-304.5819;-2633.86
26918;66.88826;-304.5759;-2633.844
26958;67.22098;-304.7799;-2633.48
27009;67.56319;-305.1599;-2632.861
27080;68.05338;-305.4469;-2632.526
27124;69.88387;-304.5525;-2631.973
27140;71.22826;-304.0015;-2632.495
27157;71.68693;-304.5884;-2630.88
27190;72.37967;-304.8285;-2630.632
27241;72.68124;-304.4624;-2629.704
27258;73.416;-304.5641;-2629.579
27291;73.93693;-304.08;-2627.456
27326;74.23128;-304.3567;-2626.968
27360;75.11806;-304.5748;-2626.548
27410;75.95962;-304.7132;-2626.431
27427;76.88083;-304.9037;-2626.316
27477;78.52748;-305.944;-2626.679
27494;79.58411;-306.0374;-2626.804
27545;80.6531;-306.176;-2627.17
27562;81.40693;-306.4597;-2626.544
27612;82.15411;-307.0306;-2626.982
27629;82.56829;-306.8284;-2626.602
27675;83.28496;-307.3667;-2626.804
27691;83.67099;-308.0385;-2626.938
27741;83.90559;-308.4424;-2626.844
27758;84.08786;-308.5568;-2626.861
27792;84.20996;-308.6539;-2626.049
27825;84.73319;-308.3459;-2625.138
27859;85.23092;-308.4288;-2624.584
27893;85.86271;-308.6842;-2624.068
27927;86.63281;-308.7227;-2623.501
27960;87.2684;-309.5515;-2622.818
27994;87.65674;-309.4459;-2622.442
28028;88.62114;-309.1016;-2622.356
28061;89.03945;-308.9058;-2622.45
28095;89.83662;-308.9336;-2622.705
28129;90.3516;-309.0739;-2622.705
28162;90.74562;-308.7799;-2623.093
28196;91.01028;-308.7973;-2623.525
28230;91.33439;-308.7901;-2623.737
28263;91.54169;-308.6031;-2623.613
28297;91.87915;-308.6241;-2623.589
28331;93.24986;-308.6139;-2624.51
28365;95.07264;-308.3165;-2624.934
28398;97.61755;-307.6936;-2624.516
28432;102.3975;-306.0354;-2625.583
28466;105.6946;-304.4192;-2626.38
28501;107.8231;-303.96;-2626.473
28526;109.8995;-301.8528;-2628.733
28559;111.6099;-300.2861;-2629.456
28593;112.8887;-298.3074;-2630.746
28628;113.9909;-298.7981;-2632.942
28678;113.8607;-298.3153;-2632.839
28695;113.8671;-298.3328;-2632.913
28729;113.6224;-299.3611;-2632.777
28779;109.8839;-303.4138;-2633.956
28796;107.596;-306.3904;-2634.598
28829;105.2497;-307.6318;-2636.155
28861;104.4304;-308.1513;-2636.338
28895;101.6395;-307.3625;-2636.542
28929;99.7534;-306.5167;-2638.231
28976;98.23437;-305.8425;-2638.338
29003;97.21313;-305.4533;-2638.902
29037;96.76086;-305.6313;-2639.479
29070;96.36172;-305.5274;-2639.544
29104;95.56309;-305.5896;-2639.708
29137;95.00407;-306.1823;-2639.761
29173;94.66869;-306.1577;-2639.675
29191;94.36475;-306.1677;-2639.606
29225;93.85335;-306.5719;-2639.397
29258;93.52451;-306.6209;-2639.03
29291;93.1931;-306.9487;-2639.031
29325;92.5983;-307.4111;-2638.714
29359;92.12778;-307.8459;-2638.624
29410;91.81134;-308.3401;-2638.415
29426;91.28584;-308.8365;-2637.823
29477;90.98708;-308.9523;-2637.302
29511;90.39439;-308.9706;-2636.857
29529;89.88037;-309.0808;-2635.959
29563;89.69242;-308.9922;-2635.641
29596;89.60861;-309.0327;-2635.445
29630;89.34366;-308.7718;-2634.46
29664;89.07837;-309.0212;-2633.858
29697;88.86732;-309.4905;-2633.713
29731;88.68076;-309.991;-2633.393
29765;87.96656;-309.5683;-2632.219
29815;87.94211;-309.9638;-2631.943
29834;87.75362;-310.4807;-2630.868
29867;88.00461;-310.649;-2630.326
29890;87.95982;-310.7087;-2629.364
29935;87.59387;-311.7894;-2628.461
29969;87.94058;-313.4243;-2628.176
30002;87.81455;-313.4465;-2627.034
30019;87.85601;-313.9494;-2626.501
30070;87.87752;-313.9954;-2626.292
30103;88.24253;-313.9222;-2625.929
30137;88.31383;-314.0714;-2625.544
30154;88.36237;-313.988;-2625.394
30205;88.4083;-313.7612;-2625.167
30238;88.22555;-313.5262;-2624.288
30272;88.09486;-313.5176;-2624.04
30293;88.07827;-313.532;-2624.009
30339;87.80968;-312.9326;-2623.186
30373;87.62617;-313.1493;-2622.599
30391;87.53522;-313.3291;-2622.231
30428;87.55749;-312.9636;-2621.726
30462;87.40799;-312.6635;-2621.372
30512;87.14516;-312.2712;-2620.856
30532;87.05389;-311.9098;-2620.158
30566;86.70676;-311.5208;-2619.573
30599;86.55167;-309.6143;-2618.834
30633;86.07998;-309.0917;-2618.605
30667;85.98029;-307.726;-2617.697
30700;85.45554;-306.8638;-2616.601
30719;85.04282;-305.7875;-2615.636
30768;85.01453;-305.7726;-2615.559
30801;84.77499;-305.188;-2614.814
30835;84.76748;-305.1306;-2614.502
30869;84.70316;-305.106;-2614.365
30902;83.98178;-304.669;-2613.662
30938;82.55414;-303.7217;-2612.976
30970;81.28551;-303.0094;-2612.385
30993;80.13994;-303.131;-2612.016
31043;79.6703;-303.215;-2611.894
31061;79.03976;-303.2123;-2612.175
31094;78.24947;-302.4147;-2612.333
31151;77.85943;-302.5476;-2612.459
31162;77.41641;-301.7499;-2612.672
31196;77.0967;-301.9719;-2612.807
31229;76.59582;-302.1593;-2613.562
31263;75.93501;-301.6541;-2613.77
31314;75.6042;-300.999;-2615.311
31330;74.9864;-300.6842;-2615.667
31364;73.89471;-300.3439;-2616.411
31398;73.12354;-300.0059;-2616.974
31432;71.93517;-300.042;-2618.232
31465;71.21735;-300.8264;-2619.094
31516;70.62865;-301.4397;-2620.242
31536;70.28963;-300.8336;-2620.763
31553;69.73277;-301.4003;-2622.784
31620;69.4781;-301.2756;-2623.445
31637;69.34425;-301.6185;-2624.112
31654;69.24224;-302.2587;-2625.516
31696;68.89095;-303.602;-2627.98
31726;68.13674;-304.7941;-2628.932
31777;68.0391;-305.5177;-2629.735
31794;67.89656;-305.5649;-2629.809
31827;67.51228;-306.7557;-2630.169
31861;67.04587;-307.5739;-2630.303
31895;67.59146;-308.0424;-2632.194
31937;67.6226;-307.8901;-2632.02
31971;67.61822;-307.694;-2632.165
32004;67.77789;-307.7588;-2633.167
32038;67.37735;-307.4603;-2632.991
32055;66.03474;-304.4043;-2632.001
32089;64.69202;-301.6267;-2630.956
32122;64.17757;-300.7873;-2629.961
32156;62.89077;-299.4484;-2628.613
32207;61.81984;-296.0205;-2627.472
32223;61.20835;-294.7689;-2626.255
32258;61.08012;-294.0527;-2625.613
32292;60.85088;-294.2988;-2625.266
32326;60.42568;-290.0629;-2624.846
32359;60.2604;-290.0538;-2624.747
32393;59.7382;-280.7174;-2626.419
32427;59.37539;-285.8768;-2624.609
32461;58.61819;-287.1461;-2621.941
32494;58.13398;-288.1884;-2620.267
32528;58.04741;-288.3373;-2620.074
32562;57.93007;-287.9657;-2618.409
32595;58.55396;-284.7005;-2619.242
32629;58.51144;-287.2845;-2618.168
32662;58.53724;-287.5567;-2617.63
32696;58.49671;-288.7714;-2616.962
32730;58.61447;-289.5871;-2616.86
32763;59.4791;-291.1974;-2616.944
32797;60.36955;-293.8239;-2616.527
32851;61.56464;-295.1845;-2616.881
32868;62.32678;-296.611;-2616.518
32902;64.23846;-295.6649;-2616.906
32936;65.14455;-298.3775;-2616.322
32969;66.30954;-300.7144;-2616.639
32986;67.01108;-303.8298;-2614.714
33037;67.69051;-304.5884;-2613.863
33054;68.69255;-304.3994;-2612.22
33104;69.53333;-305.065;-2611.637
33121;69.93488;-305.4059;-2611.083
33172;71.48044;-306.3594;-2610.951
33189;72.29349;-306.4169;-2610.623
33222;73.17126;-306.5368;-2610.332
33256;73.98238;-306.5541;-2609.774
33289;74.38258;-306.3782;-2609.185
33324;74.2035;-305.856;-2608.42
33357;73.63141;-305.167;-2606.993
33417;72.97234;-304.3666;-2605.579
33486;71.53024;-303.2498;-2602.969
33564;71.25159;-302.6031;-2602.396
33584;70.34849;-301.7871;-2601.582
33601;69.51556;-297.1717;-2600.886
33617;69.25185;-297.2482;-2600.658
33634;68.56357;-295.4499;-2600.699
33668;68.08164;-295.0516;-2600.173
33715;67.50476;-293.8724;-2599.658
33733;67.15453;-293.4723;-2599.545
33766;65.95409;-293.7256;-2598.721
33800;65.05893;-294.3297;-2598.179
33834;64.44296;-294.2524;-2598.217
33868;64.02114;-294.0641;-2598.255
33901;63.74454;-294.0161;-2598.478
33935;63.29468;-293.7428;-2598.952
33968;62.61186;-292.2293;-2599.732
34002;62.45943;-291.8021;-2600.263
34036;62.6199;-292.5661;-2601.187
34070;62.81244;-293.0455;-2602.458
34103;62.16163;-293.7944;-2604.636
34149;62.00843;-293.7856;-2605.213
34168;61.92907;-294.5492;-2606.43
34202;62.00776;-294.981;-2608.426
34236;61.89954;-295.3935;-2609.499
34269;61.80692;-295.3348;-2611.389
34303;61.51472;-296.0255;-2613.835
34337;61.12048;-294.8105;-2616.54
34370;61.02404;-294.3273;-2618.459
34404;61.09416;-296.3141;-2620.666
34438;62.83594;-298.2213;-2627.11
34455;63.07964;-298.0393;-2627.931
34492;62.99199;-299.2219;-2629.144
34624;62.88224;-299.4959;-2631.749
34678;63.42659;-297.9666;-2632.999
34695;63.31194;-298.1331;-2633.341
34711;62.68011;-298.1925;-2633.899
34745;61.24607;-297.6946;-2635.098
34761;59.78632;-298.6765;-2635.966
34795;58.73965;-300.9424;-2637.755
34829;57.61625;-301.4453;-2637.981
34863;56.00256;-299.5693;-2638.531
34896;54.35464;-297.3377;-2639.458
34942;53.35772;-297.3666;-2639.105
35024;52.4569;-296.9812;-2638.663
35117;50.04127;-296.7213;-2636.598
35137;49.47812;-296.1448;-2636.445
35153;48.38703;-295.4532;-2635.393
35177;44.91541;-278.8998;-2628.963
35200;43.30737;-284.9084;-2623.897
35234;42.52453;-289.3454;-2619.756
35268;42.03071;-291.4229;-2618.583
35302;42.39127;-293.0219;-2617.819
35335;43.61068;-295.0013;-2616.281
35369;44.72715;-296.5177;-2616.434
35403;46.01853;-296.437;-2615.482
35421;47.58758;-297.5368;-2613.905
35471;49.03107;-298.2213;-2611.467
35505;49.93719;-297.8581;-2609.462
35538;50.6143;-299.254;-2607.812
35555;51.52332;-300.1328;-2605.819
35592;52.65108;-299.3223;-2602.541
35626;53.25581;-299.0601;-2599.643
35680;54.0303;-296.9831;-2596.965
35704;54.69522;-297.4019;-2594.21
35728;55.60207;-297.1983;-2592.013
35761;56.09975;-296.9814;-2590.89
35795;56.82883;-296.1944;-2588.058
35829;56.66075;-296.1285;-2585.982
35862;56.76424;-295.522;-2583.09
35896;57.23331;-293.3243;-2580.026
35947;57.31503;-292.3426;-2578.75
35963;57.15302;-292.424;-2576.975
35997;57.08462;-290.4899;-2575.515
36034;56.49759;-289.2776;-2574.473
36054;56.40227;-288.1325;-2573.759
36115;56.09698;-287.0587;-2573.117
36132;55.74565;-285.4233;-2572.135
36166;55.67114;-284.9345;-2572.008
36200;55.53801;-284.7334;-2571.802
36233;55.21128;-284.0401;-2571.51
36267;55.18994;-283.9714;-2571.207
36300;55.1598;-283.9402;-2571.17
36334;55.2037;-283.8055;-2571.16
36368;55.17307;-283.8569;-2571.211
36401;55.1362;-283.9017;-2571.235
36435;55.00042;-285.4364;-2571.341
36471;55.01822;-285.6562;-2571.448
36504;55.13156;-285.1024;-2571.582
36521;55.06918;-285.0317;-2572.051
36572;55.10754;-285.0874;-2572.196
36589;55.31773;-285.8214;-2572.963
36639;59.28736;-272.4071;-2576.484
36656;59.29774;-273.9985;-2576.403
36690;59.51614;-279.4424;-2576.946
36723;59.43211;-282.9677;-2578.073
36757;60.94479;-284.4998;-2579.252
36791;62.19091;-284.8936;-2580.184
36839;63.85176;-288.6536;-2581.653
36856;65.10855;-290.9473;-2582.992
36906;66.18661;-292.2456;-2584.533
36923;67.30793;-293.8252;-2586.347
36957;68.01796;-294.9598;-2587.446
36991;68.35949;-296.7359;-2588.57
37041;68.67557;-296.9279;-2589.122
37058;68.79272;-297.3153;-2589.347
37091;69.03725;-297.2217;-2589.758
37125;69.16642;-297.0519;-2589.808
37159;69.35609;-296.775;-2589.909
37252;69.40488;-296.6616;-2590.156
37318;69.46564;-296.3501;-2590.564
37334;69.27981;-296.1495;-2591.749
37368;69.31798;-296.2287;-2592.026
37401;69.09402;-295.841;-2592.037
37435;68.15163;-291.0562;-2592.638
37469;67.35426;-289.3466;-2592.527
37502;66.61703;-286.0753;-2592.817
37536;66.03459;-286.207;-2592.803
37570;64.7879;-285.0456;-2592.554
37587;64.11589;-284.6526;-2592.036
37637;63.99409;-284.6109;-2591.997
37654;63.32893;-284.5976;-2591.567
37705;63.23319;-284.3739;-2591.125
37722;63.23066;-284.1984;-2591.073
37772;63.45606;-284.0402;-2590.853
37791;63.56496;-284.1827;-2590.546
37825;64.55178;-283.473;-2589.76
37861;65.68031;-282.9511;-2588.565
37895;65.78635;-283.7556;-2587.648
37945;66.46398;-285.0335;-2586.538
37962;67.23215;-285.7177;-2585.4
37997;67.02386;-287.1649;-2582.34
38031;66.87882;-287.5068;-2580.298
38064;67.45854;-287.2915;-2578.422
38098;67.74135;-286.6341;-2577.085
38132;68.13594;-284.6928;-2576.408
38165;68.04044;-284.6545;-2575.011
38199;68.8016;-283.8775;-2574.012
38233;68.65652;-284.2456;-2573.47
38267;68.69855;-283.5251;-2573.428
38328;68.92564;-283.1425;-2573.273
38427;69.01735;-282.85;-2573.387
38444;69.17405;-282.5352;-2573.339
38473;69.38451;-281.8314;-2574.407
38490;69.73194;-281.6079;-2574.787
38523;69.87072;-281.705;-2574.918
38557;70.16174;-282.7242;-2575.224
38591;70.08655;-282.5773;-2575.609
38625;70.14146;-282.8084;-2576.116
38658;70.13445;-282.8064;-2576.19
38692;70.0168;-282.9179;-2576.314
38726;69.75462;-283.4531;-2576.603
38760;69.58872;-283.5348;-2576.954
38793;69.23238;-283.9081;-2577.496
38827;69.34437;-283.6985;-2577.737
38861;69.33878;-284.2826;-2578.995
38894;69.3838;-283.8688;-2580.239
38928;69.62226;-283.3459;-2581.799
38964;69.61826;-282.7621;-2583.066
38990;69.33721;-282.9826;-2584.507
39024;68.84031;-283.252;-2586.169
39058;68.75826;-283.5154;-2586.826
39091;69.30466;-284.1803;-2588.346
39125;69.56689;-284.1826;-2590.063
39159;69.79025;-284.9618;-2592.093
39192;70.12975;-285.0031;-2593.045
39243;70.877;-284.7262;-2593.944
39260;71.34755;-285.9734;-2596.192
39293;71.78541;-285.8415;-2596.618
39327;72.69685;-284.9078;-2597.847
39378;72.80868;-284.5336;-2599.426
39395;72.85335;-284.5476;-2600.128
39445;72.86466;-284.0861;-2601.925
39479;72.63803;-284.2429;-2602.833
39496;72.52052;-283.6968;-2603.784
39529;71.75336;-282.5114;-2605.745
39563;71.25945;-283.2896;-2607.781
39614;70.85089;-285.0412;-2609.354
39630;70.32442;-285.3633;-2610.987
39681;69.53557;-285.8041;-2611.689
39716;68.45358;-285.7718;-2612.23
39749;66.74393;-284.4384;-2612.688
39772;65.76348;-284.2612;-2612.876
39801;64.21295;-284.3176;-2613.072
39835;63.0414;-284.6718;-2613.148
39869;62.03882;-284.706;-2613.284
39903;60.88348;-285.1425;-2613.618
39936;58.16531;-278.5229;-2615.288
39972;57.66594;-278.6356;-2615.409
39989;57.14609;-278.3636;-2615.719
40040;56.58703;-278.5239;-2615.468
40057;55.31217;-271.1276;-2615.892
40107;54.97757;-271.777;-2615.639
40141;54.44491;-273.4403;-2614.931
40175;54.02522;-275.0939;-2613.722
40191;53.51035;-276.6704;-2613.162
40225;53.66144;-277.5502;-2612.011
40259;53.74105;-276.8184;-2610.244
40293;53.83509;-276.226;-2609.364
40326;53.91408;-276.4324;-2608.15
40360;53.86963;-277.142;-2607.059
40394;53.96544;-277.6292;-2605.12
40427;53.92142;-277.3089;-2603.994
40461;54.08037;-277.4026;-2602.432
40495;54.70946;-277.2527;-2601.666
40528;54.60483;-277.9288;-2600.387
40562;54.34459;-278.1952;-2599.265
40597;53.82965;-278.4489;-2597.19
40631;53.87805;-278.0909;-2595.371
40664;54.03762;-276.451;-2593.305
40698;53.73961;-272.9891;-2590.64
40732;53.41038;-271.2729;-2588.194
40766;52.54919;-268.8065;-2585.173
40803;52.42034;-265.4493;-2582.621
40839;51.75379;-266.6111;-2578.454
40872;50.9167;-267.507;-2574.906
40889;49.98196;-268.3402;-2571.79
40985;49.11969;-269.162;-2569.649
41112;50.8976;-268.7228;-2564.095
41158;51.48701;-269.2025;-2563.083
41211;51.87308;-269.1939;-2562.67
41228;52.6228;-269.4732;-2562.399
41261;54.91959;-272.5649;-2561.097
41295;56.30359;-273.1725;-2561.257
41329;57.43783;-274.8896;-2561.239
41364;58.75534;-276.3427;-2561.466
41397;60.75613;-277.9832;-2562.56
41431;63.78177;-280.9492;-2564.31
41465;65.84689;-283.1647;-2565.74
41500;68.70996;-284.3571;-2566.679
41533;72.99269;-283.7547;-2569.788
41567;74.6562;-285.3666;-2570.822
41601;76.54688;-285.767;-2572.444
41634;77.70753;-287.2067;-2573.508
41669;78.24296;-287.9134;-2573.784
41717;78.58576;-287.9702;-2574.57
41767;78.48788;-288.4356;-2574.953
41784;78.41149;-289.3094;-2575.48
41818;77.96544;-290.9235;-2575.596
41868;77.27258;-293.0761;-2575.819
41886;76.66405;-292.5486;-2576.211
41936;76.32331;-292.4916;-2576.15
41969;75.98065;-292.2325;-2576.146
42003;74.96445;-291.4619;-2576.197
42020;74.46548;-291.6951;-2576.268
42070;73.32013;-291.6138;-2576.106
42087;72.71819;-290.5231;-2576.382
42138;71.92728;-288.4205;-2576.962
42172;71.64176;-287.7036;-2577.129
42189;71.25254;-285.9073;-2577.397
42239;70.50893;-285.0877;-2577.562
42256;70.39603;-285.1498;-2577.518
42307;70.25051;-284.916;-2577.539
42340;70.03866;-285.156;-2577.582
42357;70.04246;-285.1416;-2577.668
42391;70.03438;-285.1595;-2577.696
42425;70.11031;-285.2649;-2577.894
42458;70.03165;-285.1326;-2578.092
42492;69.78017;-285.4629;-2578.509
42526;69.65656;-285.2193;-2578.697
42560;69.54877;-284.7138;-2579.057
42611;69.34513;-284.5406;-2579.238
42628;69.23891;-284.5601;-2579.295
42662;68.95951;-284.8767;-2579.792
42695;68.02617;-284.5874;-2580.646
42729;67.53872;-284.4615;-2580.788
42763;66.56287;-284.5178;-2581.371
42796;64.51578;-283.3666;-2581.768
42831;63.2164;-283.0716;-2581.426
42864;61.86804;-281.7818;-2581.339
42898;61.24775;-281.302;-2581.737
42931;60.85975;-281.2408;-2581.691
42965;59.98688;-280.9928;-2581.941
43001;59.33418;-280.7599;-2582.002
43026;58.65451;-280.1772;-2582.118
43060;57.77096;-279.7953;-2582.123
43093;56.79326;-279.7764;-2582.038
43144;56.33485;-279.1303;-2582.581
43161;55.60107;-279.1233;-2582.722
43194;54.24497;-277.1625;-2583.401
43228;53.74023;-276.5453;-2583.797
43278;53.30955;-276.7468;-2583.758
43295;52.72299;-276.5215;-2583.691
43330;52.29382;-276.6005;-2583.801
43363;51.71425;-276.5523;-2584.049
43396;51.43399;-276.7206;-2584.097
43430;51.0454;-276.5166;-2584.102
43464;50.94457;-276.7728;-2584.307
43498;50.82092;-277.0598;-2584.645
43531;50.98792;-277.0944;-2584.943
43582;51.35996;-277.6199;-2585.359
43615;52.49099;-279.155;-2586.143
43634;53.17509;-280.0259;-2586.543
43667;53.94845;-279.8913;-2587.185
43701;54.46874;-279.9265;-2587.525
43751;55.13119;-280.3727;-2587.993
43768;55.48828;-281.3983;-2588.417
43802;56.06487;-281.6612;-2589.242
43836;56.67174;-284.0575;-2590.375
43853;57.33755;-284.0135;-2590.738
43903;57.77462;-285.9149;-2591.429
43937;59.60995;-287.5565;-2592.388
43956;61.9105;-288.6328;-2592.851
44004;64.86511;-287.3089;-2593.348
44037;66.1938;-287.6074;-2593.861
44070;66.49676;-287.6679;-2594.001
44104;66.82336;-288.0402;-2594.117
44138;66.75344;-288.5968;-2594.316
44172;66.82599;-288.2534;-2594.605
44206;66.95904;-287.868;-2594.718
44240;66.97218;-288.0648;-2594.801
44257;66.83457;-288.5356;-2594.835
44294;66.43316;-288.551;-2594.865
44328;66.44001;-289.0269;-2595.33
44385;66.33764;-288.9851;-2595.894
44401;65.83781;-290.7836;-2595.644
44435;64.76376;-290.789;-2594.653
44469;64.05252;-290.0748;-2594.269
44502;63.16215;-289.6322;-2593.691
44536;62.00684;-288.3293;-2593.167
44570;61.06399;-287.3702;-2592.319
44603;60.6068;-286.4843;-2591.316
44637;60.38675;-284.5451;-2589.81
44671;60.53754;-284.0039;-2589.491
44705;60.54624;-283.3835;-2589.139
44739;60.47809;-283.3194;-2588.791
44772;60.82301;-283.7144;-2588.465
44806;61.6592;-284.0821;-2587.57
44822;61.77131;-283.9083;-2587.21
44873;61.82436;-283.9859;-2587.156
44907;61.95658;-284.0342;-2587.123
44940;62.29003;-284.2214;-2586.607
44974;62.24103;-284.0493;-2586.198
44991;62.19554;-284.2068;-2585.247
45025;62.15442;-284.2572;-2584.355
45058;62.26299;-283.7513;-2583.533
45092;62.04646;-283.8368;-2583.061
45143;61.80859;-283.8822;-2582.504
45159;61.08577;-283.2086;-2581.833
45193;60.68061;-282.3885;-2581.282
45227;60.20898;-282.1163;-2580.712
45261;59.67142;-281.4689;-2579.826
45311;59.37313;-280.3055;-2578.894
45328;58.62544;-279.0083;-2577.984
45362;58.231;-278.8538;-2577.576
45395;57.8537;-278.1153;-2576.315
45429;57.50744;-278.2532;-2575.567
45463;56.99697;-276.9807;-2574.615
45496;56.7532;-277.2823;-2574.413
45533;56.50612;-277.9411;-2574.12
45566;56.47672;-277.9264;-2574.034
45600;56.67243;-277.5934;-2573.985
45641;56.68268;-278.7516;-2573.716
45675;57.04637;-278.6874;-2573.495
45693;57.36251;-277.9878;-2573.292
45743;58.4067;-277.674;-2573.208
45764;59.56091;-277.6842;-2572.896
45795;60.80672;-277.2405;-2573.009
45828;62.56493;-277.1489;-2574.339
45878;63.29829;-277.8131;-2574.943
45895;64.13939;-279.27;-2575.419
45946;65.32567;-282.9329;-2576.818
45979;67.15956;-284.7316;-2577.898
45999;67.87324;-284.8102;-2578.256
46032;69.29053;-285.2133;-2578.912
46083;70.37409;-285.0836;-2579.863
46100;71.21287;-285.0288;-2580.526
46134;71.89186;-285.9003;-2581.323
46168;72.30237;-286.0968;-2582.299
46201;72.4526;-287.6347;-2583.232
46235;72.3563;-287.7873;-2583.752
46268;71.90576;-288.3538;-2584.604
46302;71.86734;-288.0568;-2585.583
46336;71.72115;-287.5104;-2586.594
46371;71.44569;-287.8138;-2586.925
46394;70.88869;-287.7276;-2587.487
46444;70.07526;-288.3377;-2587.984
46479;69.61527;-287.8168;-2588.164
46496;67.94751;-287.3686;-2588.387
46529;66.11048;-286.3454;-2587.914
46580;64.09867;-284.4148;-2586.916
46596;62.54939;-283.796;-2586.335
46630;61.72061;-283.5162;-2585.75
46664;61.20046;-283.4368;-2585.301
46698;60.36018;-283.365;-2584.641
46731;59.83094;-283.6186;-2584.245
46765;59.69008;-281.8351;-2583.854
46799;59.52098;-282.1182;-2583.874
46833;59.55436;-282.0901;-2583.941
46866;59.4455;-282.3545;-2583.784
46900;59.41883;-282.3869;-2583.722
46934;59.48217;-281.553;-2583.3
46971;59.3712;-281.2671;-2582.83
47005;59.419;-281.469;-2582.454
47039;59.75631;-280.383;-2582.027
47065;59.87378;-278.9679;-2579.71
47099;60.073;-278.5841;-2579.027
47133;60.05547;-278.5488;-2578.998
47166;60.24345;-278.1903;-2578.321
47200;60.56949;-278.9107;-2577.751
47234;60.73834;-279.1026;-2577.417
47292;60.98727;-278.5345;-2576.958
47308;61.27208;-278.2536;-2576.58
47325;61.20318;-278.416;-2576.439
47359;61.34793;-277.3388;-2576.077
47394;61.38787;-276.6073;-2575.909
47428;61.36137;-276.5799;-2575.8
47470;60.59157;-277.1237;-2575.354
47504;60.23713;-278.1715;-2574.757
47521;60.21926;-277.6429;-2574.322
47572;59.70656;-277.8445;-2574.176
47605;59.25913;-277.7556;-2573.906
47623;58.57212;-278.1857;-2574.132
47673;58.10211;-278.3649;-2574.104
47707;57.92104;-278.3206;-2574.182
47723;57.5609;-277.9843;-2574.263
47774;57.27307;-277.5291;-2574.525
47791;57.21469;-278.1534;-2574.994
47824;57.04194;-278.4413;-2575.833
47863;57.02047;-278.4205;-2576.405
47896;57.08551;-279.107;-2576.761
47930;57.12408;-279.1719;-2576.906
47964;57.1347;-279.4211;-2577.084
47997;57.34713;-279.8275;-2577.359
48031;57.39685;-280.3956;-2577.694
48065;58.55949;-279.8541;-2578.214
48098;58.57319;-279.8738;-2578.223
48132;59.62821;-280.354;-2579.261
48167;60.49471;-280.3182;-2579.572
48200;60.8782;-280.4535;-2579.768
48233;61.14694;-280.4518;-2580.093
48267;61.27939;-280.432;-2580.269
48301;61.05997;-280.5071;-2581.083
48334;60.80417;-280.501;-2581.58
48368;60.6068;-280.7519;-2582.031
48402;60.52639;-281.4757;-2583.18
48474;60.28183;-280.5117;-2584.411
48491;59.98074;-280.2269;-2584.926
48541;59.87195;-281.0111;-2585.336
48561;59.8939;-281.0564;-2585.606
48653;59.83926;-281.0325;-2585.791
48686;59.06622;-280.1829;-2585.915
48702;57.57846;-283.2767;-2585.185
48736;57.27058;-283.3432;-2584.931
48770;57.04935;-284.0188;-2584.393
48803;57.12146;-284.178;-2584.411
48837;57.49741;-284.5777;-2584.292
48871;57.66672;-284.5526;-2584.319
48904;57.94894;-284.4826;-2584.263
48955;58.05065;-284.281;-2584.228
48972;58.31879;-283.9075;-2584.217
49009;58.82457;-284.0705;-2583.836
49043;58.98829;-283.8965;-2583.834
49060;59.86601;-283.5907;-2583.069
49094;60.72604;-283.4542;-2582.445
49127;61.35272;-283.315;-2581.918
49161;61.74832;-283.4887;-2581.171
49195;62.30718;-283.209;-2580.149
49228;62.6657;-283.3037;-2579.932
49262;63.86912;-283.0105;-2579.087
49296;64.00377;-282.8638;-2578.924
49329;64.06955;-282.8713;-2578.723
49363;64.02023;-282.8962;-2578.479
49397;63.89541;-282.3482;-2578.253
49431;63.11327;-281.2857;-2577.645
49464;62.9398;-281.2272;-2577.32
49498;62.54744;-280.7919;-2576.848
49545;62.01995;-281.0128;-2576.662
49557;61.72783;-280.9734;-2576.445
49607;61.16768;-280.7556;-2575.551
49641;60.9599;-279.9585;-2574.582
49674;60.32929;-279.5972;-2573.898
49710;59.63701;-278.7025;-2572.748
49730;57.86402;-274.6478;-2570.68
49772;57.21818;-274.685;-2570.126
49806;56.7627;-274.6158;-2569.59
49826;55.59656;-275.9209;-2568.185
49893;55.15943;-276.2657;-2567.675
49911;54.42905;-276.3157;-2566.666
49946;54.35853;-275.084;-2565.476
49963;54.26552;-275.0948;-2564.592
50016;54.47431;-275.7608;-2563.794
50033;54.51469;-276.226;-2563.164
50054;54.72737;-277.0649;-2563.07
50104;54.95854;-277.0656;-2562.838
50138;56.06889;-277.8373;-2562.043
50171;58.19514;-280.2203;-2561.426
50188;60.40503;-282.7537;-2562.043
50260;65.02743;-284.2658;-2564.437
50295;65.8736;-284.9536;-2564.543
50371;67.5077;-284.968;-2564.636
50387;69.05095;-284.8678;-2564.716
50408;69.45606;-285.0202;-2564.7
50441;69.5415;-285.0132;-2564.691
50458;69.46471;-285.1735;-2564.541
50492;73.46015;-265.4772;-2564.971
50525;71.44113;-274.4593;-2562.946
50559;71.3474;-276.0934;-2562.31
50593;71.4666;-277.7214;-2561.406
50643;71.3706;-277.7732;-2561.358
50660;71.3632;-278.4394;-2560.744
50694;71.1473;-278.9105;-2560.608
50728;71.01577;-279.3854;-2560.243
50761;70.93806;-279.6583;-2559.992
50795;70.88946;-280.0688;-2559.821
50829;70.79666;-280.4459;-2559.612
50862;70.91819;-281.0041;-2559.127
50899;71.36375;-281.1723;-2559.115
50933;71.77654;-280.9679;-2559.055
50967;72.30158;-280.8327;-2559.159
51001;73.62254;-281.4368;-2559.582
51035;74.27109;-281.8152;-2560.015
51068;74.83311;-282.2895;-2560.26
51283;75.19498;-282.4243;-2560.151
51426;76.17381;-284.2675;-2559.556
51460;74.78793;-284.9949;-2559.201
51511;72.57487;-284.4058;-2559.471
51528;70.87199;-284.003;-2559.557
51561;69.75029;-282.9916;-2559.402
51595;67.75195;-281.3882;-2559.568
51629;65.15586;-280.4196;-2559.367
51677;62.49471;-279.1466;-2560.035
51694;61.18581;-278.6504;-2560.26
51744;59.57359;-277.4147;-2560.725
51778;58.71535;-276.5435;-2560.836
51812;57.61215;-276.4413;-2561.157
51846;56.7509;-276.2338;-2561.795
51879;55.86638;-276.3927;-2562.658
51896;55.28043;-276.1646;-2563.221
51930;54.08304;-275.7767;-2564.44
51981;52.94863;-275.4041;-2565.433
52015;52.18331;-275.2253;-2566.961
52031;51.67096;-275.7564;-2567.95
52065;51.50768;-275.917;-2569.876
52098;51.45308;-275.7869;-2571.227
52132;52.00763;-275.4904;-2572.406
52166;52.36715;-275.727;-2573.117
52200;52.70944;-275.9198;-2573.804
52234;53.44515;-275.5;-2574.771
52267;53.8972;-276.327;-2576.027
52301;54.52722;-278.1448;-2578.09
52334;55.56804;-279.2641;-2579.739
52368;56.62282;-279.7259;-2581.366
52402;59.22052;-282.8686;-2583.154
52436;61.46749;-285.5513;-2585.003
52469;63.09104;-286.2789;-2585.917
52503;64.15142;-286.4028;-2586.694
52536;64.65268;-287.0233;-2587.598
52570;64.91491;-287.1377;-2587.9
52604;64.92059;-287.2093;-2588.582
52638;64.69688;-287.4716;-2589.288
52671;64.31494;-287.0895;-2590.99
52705;64.07176;-286.3392;-2592.924
52739;64.29127;-285.9052;-2595.096
52772;64.35555;-286.2465;-2595.474
52789;64.42092;-285.9539;-2596.163
52823;64.50788;-285.8946;-2596.698
52874;64.50298;-286.0432;-2596.958
52890;64.61744;-286.0086;-2597.15
52924;64.04263;-285.5518;-2597.344
52958;63.36591;-285.6809;-2597.064
52991;62.65117;-285.4921;-2597.004
53032;62.17207;-285.4563;-2596.703
53060;62.10249;-285.472;-2596.601
53110;62.30832;-285.3892;-2596.472
53127;62.62609;-285.4001;-2596.499
53161;63.29688;-285.8696;-2596.006
53211;63.88721;-285.5892;-2596.154
53230;64.31216;-285.8482;-2596.309
53264;64.80007;-285.7447;-2596.41
53297;65.31077;-285.6778;-2596.519
53331;66.02174;-284.9388;-2596.974
53365;66.29063;-284.9215;-2597.19
53398;66.56775;-285.019;-2597.219
53432;67.45199;-283.9448;-2597.298
53467;67.65874;-283.9598;-2597.24
53500;67.96735;-284.0156;-2597.026
53534;68.30018;-283.8553;-2596.921
53567;68.81605;-283.0361;-2596.356
53601;69.00288;-282.9257;-2596.267
53635;69.05477;-283.7405;-2595.777
53668;69.08622;-283.829;-2595.532
53702;69.18605;-283.957;-2595.245
53735;69.74487;-284.3563;-2594.742
53752;70.80974;-284.596;-2594.647
53803;71.47997;-284.7794;-2594.528
53836;71.97234;-284.7084;-2594.357
53853;72.65073;-284.6011;-2594.227
53904;72.9977;-284.4243;-2594.348
53938;73.16177;-284.1883;-2594.091
53955;73.71796;-283.3554;-2594.047
54005;74.43961;-282.4665;-2594.291
54039;75.03022;-282.8131;-2594.754
54072;75.54031;-281.9144;-2594.513
54089;75.70418;-281.825;-2594.421
54140;75.56869;-282.2289;-2594.034
54174;75.62353;-282.2234;-2594.083
54191;76.26136;-275.3166;-2596.304
54241;76.44623;-275.6656;-2596.314
54258;76.27784;-277.942;-2596.322
54291;76.29228;-278.0349;-2596.311
54342;76.2454;-278.169;-2596.503
54376;76.14012;-278.3174;-2596.845
54392;75.72514;-278.5229;-2597.819
54443;75.65453;-278.5602;-2598.109
54477;75.38479;-278.308;-2598.809
54494;75.10543;-278.3145;-2599.067
54544;74.68018;-278.1369;-2599.382
54561;74.10468;-277.6507;-2600.114
54601;73.53008;-274.0945;-2602.858
54635;72.88073;-274.8665;-2603.341
54668;72.03941;-276.1666;-2603.808
54704;71.67213;-276.6588;-2603.983
54738;70.77789;-278.8774;-2603.972
54759;70.65681;-279.0842;-2604.397
54793;70.38328;-279.4727;-2604.849
54826;70.10797;-280.4628;-2605.513
54860;69.77701;-278.0262;-2608.071
54911;69.24255;-278.8062;-2609.01
54927;68.7724;-279.2828;-2609.348
54961;68.11447;-281.3964;-2610.249
54995;67.48587;-281.8688;-2610.849
55028;67.25983;-281.9968;-2611.227
55079;66.88631;-282.1293;-2611.88
55096;66.4927;-281.8181;-2612.324
55130;66.08067;-281.7177;-2612.649
55163;65.59272;-281.7386;-2612.649
55214;65.15743;-281.8098;-2612.926
55231;64.86173;-282.0943;-2612.978
55264;64.58228;-282.054;-2613.068
55315;63.65834;-282.2661;-2613.042
55332;62.67804;-283.2103;-2612.749
55365;61.83349;-283.7144;-2613.148
55404;61.56357;-283.975;-2613.183
55433;61.09457;-284.0885;-2613.063
55467;60.41125;-284.2511;-2613.174
55517;59.94159;-284.122;-2613.899
55534;59.61935;-284.642;-2614.097
55568;58.89153;-285.4474;-2615.092
55601;58.17562;-287.7015;-2615.772
55635;57.70821;-288.397;-2616.653
55669;57.55869;-291.4465;-2617.166
55719;57.25094;-297.985;-2616.609
55736;57.62649;-300.3028;-2617.384
55770;57.84791;-301.1237;-2617.732
55803;59.23793;-304.3676;-2620.125
55837;59.6233;-305.0807;-2621.359
55871;59.95539;-305.6018;-2621.668
55904;61.66465;-307.6676;-2622.331
55938;62.02609;-307.5331;-2622.3
55956;64.11367;-307.033;-2622.039
56007;90.52341;-308.3042;-2668.933
56026;90.10613;-305.0181;-2663.262
56074;79.77766;-279.9181;-2629.504
56108;83.87463;-278.5218;-2628.124
56124;90.65325;-275.9083;-2627.302
56178;115.7447;-270.2032;-2609.074
56211;148.5533;-285.5065;-2587.769
56231;144.1874;-251.0457;-2602.184
56265;152.5415;-246.714;-2599.441
56299;197.1198;-244.7405;-2570.189
56332;170.1847;-203.3409;-2617.58
56366;222.0518;-210.4877;-2579.868
56400;222.785;-202.4216;-2585.845
56433;240.4388;-190.4033;-2578.834
56467;246.4511;-183.9372;-2578.614
56488;255.72;-172.7811;-2576.871
56539;253.4547;-163.2415;-2589.13
56572;253.1289;-159.5274;-2591.19
56606;251.2096;-134.1433;-2606.16
56640;249.0122;-131.4287;-2610.493
56657;240.9998;-116.3877;-2624.439
56707;234.3136;-126.8392;-2635.861
56741;225.0583;-115.9763;-2638.977
56775;223.0146;-114.5634;-2639.959
56802;220.0577;-103.5529;-2643.103
56836;186.5699;-113.3904;-2692.233
56869;211.2085;-73.66114;-2736.504
56920;206.8657;-44.72348;-2645.624
56937;202.1804;-37.23452;-2648.395
56988;205.0704;-31.64241;-2648.263
57007;164.6102;-45.58638;-2688.292
57024;163.3745;-37.15995;-2684.171
57060;170.3944;-3.181585;-2665.725
57093;167.1429;-0.9906415;-2666.116
57127;165.2257;4.441258;-2666.476
57161;162.738;14.44346;-2663.706
57194;161.4249;21.41544;-2664.123
57245;158.0765;30.62434;-2664.597
57262;154.9173;37.91323;-2665.31
57312;151.5428;46.37268;-2665.489
57329;150.1497;65.63094;-2665.445
57363;147.4557;71.51206;-2666.971
57397;146.1194;76.96369;-2668.273
57430;143.0369;83.64782;-2671.765
57464;158.2688;122.7971;-2669.299
57498;157.3785;123.9141;-2670.499
57532;156.4687;127.824;-2673.167
57561;152.2406;130.3087;-2677.321
57594;150.7631;132.6531;-2680.549
57628;148.9895;134.3871;-2684.869
57662;145.5674;135.4826;-2691.804
57696;144.6663;136.0949;-2694.132
57729;144.1457;136.2239;-2696.289
57763;144.4878;136.4379;-2697.364
57797;141.2044;128.185;-2702.412
57830;143.0933;131.607;-2705.867
57864;142.2937;128.3885;-2708.551
57898;143.6644;131.79;-2712.249
57931;146.4569;135.1509;-2715.332
57965;148.4382;136.7756;-2717.612
57999;152.2842;138.2642;-2719.427
58049;154.4017;138.5401;-2720.389
58066;155.4137;137.7084;-2721.586
58100;152.8399;116.1129;-2729.382
58178;158.0348;98.91267;-2723.707
58194;158.0207;98.8604;-2723.825
58210;155.1954;69.08983;-2720.933
58227;161.9246;41.2465;-2720.538
58261;165.5977;31.79261;-2714.916
58295;169.8794;8.201491;-2705.884
58356;186.4853;-2.966719;-2693.096
58373;151.7998;-78.65539;-2698.248
58406;145.9487;-90.62314;-2689.797
58440;135.1817;-115.1171;-2678.238
58457;118.7732;-138.3478;-2678.966
58508;110.1751;-150.6189;-2669.815
58524;105.0175;-161.2401;-2662.434
58558;98.41331;-181.584;-2656.447
58609;85.84262;-195.0506;-2649.658
58626;92.19379;-215.3624;-2641.644
58660;79.85417;-218.828;-2639.792
58710;68.82678;-221.2392;-2636.524
58743;57.26694;-225.3574;-2633.483
58760;38.64698;-239.4178;-2610.426
58794;30.85855;-241.2348;-2618.825
58828;14.10285;-252.8851;-2629.779
58861;4.957623;-259.517;-2631.589
58895;-3.689737;-265.8705;-2634.108
58946;-8.865167;-266.5355;-2635.715
58962;-14.54681;-267.6055;-2639.029
59013;-18.77367;-269.933;-2640.318
59030;-22.43687;-271.8442;-2639.266
59080;-26.02134;-317.8342;-2630.82
59097;-29.32234;-300.627;-2631.232
59148;-21.42654;-317.9328;-2633.983
59164;-18.8463;-298.251;-2632.64
59232;-11.71555;-294.0373;-2628.219
59257;7.195597;-267.9081;-2627.221
59312;15.00887;-254.3693;-2622.303
59346;23.00901;-242.4797;-2622.32
59380;37.48743;-233.9579;-2622.548
59408;44.4898;-229.1524;-2631.044
59433;54.64884;-213.4965;-2634.405
59466;72.91105;-196.0388;-2632.625
59500;85.6756;-183.8552;-2635.903
59534;91.84447;-168.9057;-2643.305
59567;101.9637;-151.8594;-2651.47
59601;116.4994;-125.5147;-2658.856
59635;120.5979;-103.4634;-2664.536
59669;134.4811;-81.4193;-2672.285
59702;145.7507;-60.45115;-2672.13
59736;169.0059;-8.944497;-2666.595
59770;167.0134;-7.616826;-2668.911
59803;169.1751;8.638454;-2672.177
59837;171.6957;46.98045;-2668.33
59862;169.827;52.04191;-2669.351
59900;162.194;66.60191;-2673.132
59934;152.7045;69.95475;-2675.911
59968;148.2962;75.38763;-2678.59
60001;151.2955;92.38251;-2680.678
60038;147.2163;99.32253;-2683.822
60071;148.2746;108.6252;-2686.767
60103;146.6015;110.8558;-2686.844
60130;147.1142;115.2654;-2687.988
60181;148.5885;130.5609;-2688.118
60199;146.8566;132.0557;-2689.924
60248;146.978;132.8071;-2689.987
60282;147.0533;133.2215;-2689.956
60299;148.6761;134.0724;-2689.393
60332;153.5803;121.5327;-2689.76
60383;154.8255;114.5612;-2688.919
60400;142.0966;77.5591;-2686.64
60433;146.9794;61.42022;-2685.469
60467;153.6719;47.82486;-2680.349
60518;150.3586;11.73668;-2678.543
60535;144.6153;-11.6623;-2678.443
60569;143.1611;-36.88955;-2678.027
60603;136.802;-60.64818;-2673.86
60636;118.5187;-97.30927;-2677.548
60670;115.2106;-112.4716;-2671.774
60704;103.3032;-133.826;-2664.531
60737;99.58593;-152.8392;-2655.371
60771;88.6416;-169.4944;-2646.442
60805;69.77666;-184.8925;-2636.909
60839;43.94319;-218.0391;-2687.702
60872;31.81944;-214.511;-2656.101
60906;28.83444;-218.6703;-2651.777
60940;20.80235;-225.6371;-2647.373
60973;11.47538;-235.475;-2644.618
61051;-9.718483;-267.0596;-2653.138
61171;-33.22213;-301.4052;-2653.473
61188;-40.12459;-297.0728;-2656.663
61223;-45.46634;-289.2849;-2660.226
61275;-48.06603;-286.085;-2661.841
61292;-52.52088;-285.2166;-2660.122
61325;-54.43954;-284.5495;-2660.264
61376;-54.83165;-284.5005;-2659.972
61393;-52.51932;-291.0146;-2657.075
61427;-51.78987;-297.3046;-2650.032
61478;-52.1673;-297.3375;-2644.878
61494;-49.45795;-296.4499;-2642.137
61545;-45.41611;-295.7658;-2641.302
61562;-36.62387;-291.7769;-2640.432
61596;-26.13696;-280.2553;-2637.185
61630;-14.68327;-259.681;-2634.967
61658;-7.67583;-250.5301;-2634.104
61709;-4.405916;-232.9062;-2640.826
61725;6.187263;-226.0446;-2651.348
61776;13.72534;-217.8698;-2653.522
61810;37.98754;-197.738;-2653.304
61827;45.86275;-179.6778;-2660.656
61877;60.9982;-162.1303;-2672.958
61894;82.86349;-128.3801;-2677.62
61931;90.56611;-105.0088;-2676.976
61964;106.1448;-68.90677;-2678.27
62000;129.8795;-23.36819;-2677.121
62034;136.3729;2.497591;-2680.817
62068;139.1288;32.18711;-2681.771
62162;134.088;49.97793;-2687.183
62231;126.396;105.8042;-2692.148
62270;121.9088;125.0669;-2694.371
62291;117.8062;123.5006;-2694.852
62341;114.4686;126.0237;-2697.414
62375;112.9127;128.8857;-2699.285
62392;112.7785;129.1286;-2699.93
62425;118.0648;137.9889;-2700.584
62459;115.4827;127.7068;-2699.76
62493;119.0006;122.0035;-2698.927
62543;139.0483;120.2536;-2694.335
62560;163.7389;107.5194;-2681.584
62594;170.3732;80.04189;-2676.084
62644;155.4693;17.7576;-2703.689
62661;133.2139;-35.32727;-2689.322
62712;127.038;-59.16584;-2686.469
62729;110.6232;-102.4752;-2675.578
62779;103.8994;-127.8573;-2673.181
62802;87.88982;-145.1689;-2664.829
62849;63.87079;-164.4367;-2657.089
62866;54.57782;-179.3461;-2655.703
62901;44.6142;-192.2854;-2650.67
62938;35.38878;-213.3914;-2645.981
62972;26.72538;-224.2813;-2652.754
62992;13.32342;-247.1908;-2643.4
63039;12.17523;-256.9183;-2640.225
63073;7.872194;-260.8161;-2641.807
63112;-3.140508;-267.0592;-2639.067
63129;-15.44978;-285.2408;-2638.798
63163;-22.65457;-294.0462;-2639.55
63197;-25.85706;-295.8038;-2645.404
63243;-29.49962;-297.3658;-2645.063
63273;-32.01065;-299.8919;-2644.722
63323;-32.25767;-300.7216;-2646.781
63340;-32.77951;-300.7148;-2647.192
63374;-32.74283;-300.2785;-2648.503
63408;-32.7193;-300.4975;-2648.528
63441;-32.49525;-299.8504;-2649.06
63475;-30.93947;-297.4923;-2648.534
63509;-25.35208;-293.925;-2640.638
63529;-17.67488;-272.426;-2638.811
63576;-12.20817;-263.9203;-2637.385
63610;-4.795043;-249.0651;-2639.654
63792;2.655138;-238.0506;-2640.505
63809;10.23357;-229.1917;-2640.811
63843;71.76681;-152.7358;-2685.383
63860;81.30899;-129.7104;-2677.305
63895;97.80956;-102.2751;-2683.275
63930;130.3185;-63.37415;-2697.881
63968;140.8621;-10.12497;-2682.9
64002;143.7217;3.492246;-2684.268
64036;141.4219;30.74059;-2688.819
64069;130.8521;46.99439;-2695.717
64103;132.7774;71.83475;-2700.776
64137;127.7331;92.38239;-2702.459
64171;124.1045;97.78256;-2703.15
64204;121.4122;109.0719;-2705.175
64238;116.8175;117.7343;-2705.705
64271;114.497;122.7356;-2707.784
64305;110.9733;125.8221;-2709.706
64340;106.9273;129.1463;-2710.05
64374;103.8457;132.3549;-2708.633
64397;102.105;133.3935;-2707.323
64431;101.1374;133.7607;-2705.889
64465;104.1561;131.6703;-2703.027
64498;111.6526;114.8018;-2692.407
64549;118.0133;80.21261;-2687.178
64566;141.6293;66.98286;-2695.312
64616;158.5395;30.63005;-2691.259
64651;116.5624;-40.68473;-2670.816
64676;113.3878;-59.66585;-2667.326
64693;91.89542;-102.9241;-2653.416
64743;73.5049;-123.9526;-2643.748
64777;68.38878;-145.1216;-2635.708
64811;59.49483;-159.6375;-2629.407
64844;43.35734;-174.9617;-2628.005
64862;34.13195;-185.0769;-2629.201
64912;21.67936;-213.1438;-2625.793
64932;9.034466;-244.1123;-2620.214
64966;0.9070151;-256.0829;-2619.67
64999;-9.522724;-272.9421;-2617.605
65033;-19.28019;-289.8854;-2622.864
65066;-24.30949;-294.5183;-2625.791
65100;-28.66192;-296.3811;-2630.323
65134;-29.79946;-297.1982;-2635.368
65168;-30.41976;-298.1778;-2636.083
65201;-33.34778;-287.1634;-2644.156
65237;-33.41885;-288.8671;-2645.408
65271;-33.07855;-284.3305;-2652.931
65305;-33.33992;-283.3729;-2654.304
65339;-32.05101;-289.1844;-2654.939
65373;-30.39409;-294.5022;-2652.917
65406;-29.9083;-296.293;-2652.795
65440;-25.92945;-290.1296;-2647.896
65474;-20.42315;-285.1402;-2641.999
65510;-5.261891;-266.3321;-2634.93
65544;2.459575;-258.7402;-2630.812
65561;8.615037;-239.0797;-2629.4
65595;22.92126;-217.9816;-2630.735
65629;27.5582;-208.5381;-2612.616
65662;40.91245;-200.0851;-2637.572
65696;64.52103;-183.8582;-2643.802
65730;68.02833;-169.676;-2652.495
65828;97.54892;-108.0826;-2699.781
65852;82.6349;-132.0548;-2672.922
65869;131.6222;-11.13984;-2674.898
65902;128.1949;-4.543307;-2680.471
65948;129.5036;30.69238;-2687.542
65982;123.6096;47.88874;-2690.504
65998;116.9088;72.46181;-2700.593
66032;113.7095;88.81712;-2702.022
66065;111.7951;100.5975;-2704.858
66099;108.4086;111.6954;-2707.436
66133;105.0449;119.4352;-2712.046
66167;100.6096;125.8066;-2715.173
66200;96.04742;127.0612;-2718.646
66234;92.1567;127.4694;-2721.799
66268;91.52654;127.8778;-2722.223
66301;91.10454;127.9553;-2723.118
66335;91.71649;127.8988;-2723.14
66369;93.94772;124.7228;-2723.811
66402;98.67526;117.1155;-2722.031
66436;103.2698;106.931;-2718.185
66470;98.93547;71.84986;-2713.268
66504;102.8503;65.50131;-2710.192
66537;116.4651;43.45976;-2707.589
66571;152.9567;19.39982;-2683.256
66605;133.1479;-5.816227;-2684.711
66638;113.2255;-57.73061;-2688.154
66672;113.1798;-60.90556;-2682.797
66707;85.51644;-114.9757;-2677.029
66726;78.2952;-126.7458;-2667.773
66776;51.60309;-168.4015;-2687.208
66793;48.48267;-177.1691;-2672.109
66827;39.78777;-184.7218;-2665.721
66878;6.955282;-210.6284;-2686.757
66894;3.430223;-215.5461;-2684.521
66928;-5.493566;-229.1352;-2682.017
66962;-13.27625;-240.2021;-2673.604
66995;-13.51931;-262.7588;-2681.827
67029;-19.75662;-266.0083;-2681.461
67063;-34.32077;-284.7885;-2674.756
67097;-39.84473;-294.1121;-2672.609
67130;-42.99671;-299.217;-2690.028
67164;-46.95601;-281.9751;-2687.497
67197;-47.54359;-278.1899;-2688.707
67231;-47.09389;-277.6732;-2690.53
67265;-46.51268;-277.0486;-2692.417
67299;-46.08723;-275.5691;-2693.834
67332;-43.14991;-279.0308;-2698.882
67361;-41.18989;-295.0245;-2699.367
67399;-39.21518;-296.4834;-2697.521
67433;-35.65702;-291.0791;-2697.605
67483;-26.5324;-285.6864;-2700.681
67517;-21.55919;-277.0896;-2693.67
67534;-14.29064;-263.4264;-2692.568
67568;-8.491947;-242.3909;-2687.728
67601;-5.808815;-234.1882;-2690.203
67635;3.705399;-222.6591;-2691.018
67669;20.99801;-210.7624;-2711.979
67702;45.48149;-177.4958;-2698.28
67736;50.12856;-164.8518;-2700.581
67770;71.81919;-116.0285;-2687.152
67803;92.60512;-84.51096;-2687.252
67837;107.8934;-52.57159;-2694.9
67871;129.9864;3.026706;-2688.404
67904;134.4912;21.92023;-2692.74
67939;130.7249;64.73319;-2701.576
67972;118.5221;82.84377;-2702.959
68006;124.0161;136.6237;-2706.341
68039;121.5137;139.6283;-2707.095
68073;110.3002;140.7963;-2710.7
68110;104.8087;147.7812;-2712.692
68144;100.7672;156.9276;-2715.481
68177;92.9957;161.9133;-2714.652
68194;86.2893;170.5479;-2716.8
68228;83.92817;172.2242;-2717.576
68262;80.98591;175.1693;-2718.797
68295;80.00392;176.7102;-2719.267
68329;79.03227;177.2271;-2719.508
68373;78.87514;177.3025;-2719.265
68407;79.36849;175.6108;-2717.406
68440;80.74584;170.4976;-2715.07
68474;81.59773;153.8624;-2708.875
68508;87.19321;143.8138;-2706.852
68541;98.38267;132.0703;-2701.628
68558;108.5709;109.0247;-2696.081
68609;110.6206;76.3602;-2691.904
68642;114.8061;55.63018;-2685.309
68659;125.5142;19.49813;-2676.424
68710;129.3199;5.471075;-2679.077
68727;155.6494;-42.99945;-2701.145
68760;100.4993;-89.00749;-2664.265
68794;94.42075;-102.5372;-2650.579
68844;87.89996;-126.2487;-2636.541
68861;68.66544;-147.0184;-2632.718
68896;59.63261;-165.5801;-2628.87
68929;51.46118;-177.7304;-2627.588
68962;24.38753;-212.5451;-2637.116
68996;21.17981;-217.959;-2634.912
69030;12.47489;-227.6361;-2634.039
69063;0.9851623;-251.2425;-2632.573
69097;-4.371509;-261.8146;-2634.055
69131;-8.803967;-266.4536;-2635.032
69165;-13.22892;-278.9664;-2641.319
69198;-19.44612;-285.1696;-2643.204
69232;-27.81405;-288.5514;-2646.715
69266;-33.40896;-280.5994;-2657.319
69300;-34.60487;-278.0322;-2665.278
69333;-35.42738;-276.4046;-2666.9
69367;-35.54204;-274.836;-2667.704
69401;-34.96097;-279.3148;-2667.429
69434;-30.46215;-279.3997;-2672.414
69468;-24.098;-274.1378;-2670.399
69502;-18.80453;-267.9577;-2669.421
69536;-13.54544;-254.7026;-2668.84
69586;-1.358051;-226.8501;-2661.288
69603;12.29023;-220.805;-2664.645
69636;24.61728;-206.4296;-2667.108
69670;44.7432;-183.2078;-2670.328
69704;55.31274;-161.7131;-2671.805
69738;63.284;-143.3763;-2679.558
69771;88.01335;-102.2632;-2676.653
69805;107.7896;-71.71064;-2676.153
69839;123.6773;-30.73857;-2677.75
69872;126.0424;-8.681259;-2681.246
69906;136.3374;49.56491;-2681.528
69940;135.6343;73.06382;-2682.948
69957;124.5578;90.01838;-2685.442
70007;118.5368;103.3619;-2686.718
70041;112.2576;123.604;-2691.159
70074;104.9328;129.9671;-2696.152
70108;96.56973;138.494;-2700.673
70142;93.7578;154.24;-2701.039
70176;89.31357;161.5882;-2705.526
70211;86.64213;165.0154;-2707.247
70228;82.50452;173.148;-2713.752
70273;87.96977;186.5065;-2716.572
70307;86.77804;186.5818;-2717.242
70341;60.94027;151.7911;-2721.962
70375;70.98634;166.8138;-2723.342
70408;73.03329;165.7984;-2723.146
70442;77.69034;161.8931;-2722.659
70476;81.42995;143.1789;-2722.648
70509;89.7781;136.0892;-2725.914
70543;96.51548;124.3534;-2723.027
70577;107.4293;98.69032;-2720.295
70610;105.5123;63.57166;-2724.772
70644;110.5859;49.4285;-2716.222
70678;105.0662;10.05208;-2701.395
70695;110.6449;-12.54723;-2691.675
70728;108.7695;-50.43744;-2697.794
70779;106.2591;-63.28257;-2686.55
70815;90.12479;-111.1655;-2669.24
70832;59.23711;-133.8227;-2674.148
70882;49.53716;-147.2416;-2665.033
70899;42.47778;-164.9256;-2659.843
70933;31.36247;-182.7715;-2655.934
70967;19.90378;-195.8578;-2658.982
71000;7.194239;-207.5263;-2659.716
71051;-4.468436;-224.0593;-2657.265
71137;-43.95951;-260.6205;-2661.938
71204;-52.77094;-254.2575;-2671.481
71238;-42.16077;-270.235;-2684.596
71255;-43.61293;-267.3278;-2691.62
71305;-44.01527;-266.9352;-2703.663
71339;-44.20548;-268.4181;-2707.023
71356;-43.52077;-267.4871;-2707.994
71407;-43.07361;-267.253;-2706.791
71431;-42.37114;-267.3188;-2704.978
71465;-41.75354;-269.8324;-2694.978
71527;-27.81572;-277.4951;-2681.758
71561;-24.35885;-270.0472;-2671.873
71611;-17.62195;-261.7575;-2667.185
71645;-7.680912;-244.9252;-2666.772
71662;14.30945;-220.0001;-2640.402
71695;19.36349;-213.0426;-2631.552
71733;19.9428;-207.7382;-2671.71
71776;30.62032;-198.4443;-2671.809
71793;47.51643;-175.5184;-2668.457
71827;53.3293;-163.742;-2667.182
71863;79.82967;-137.7361;-2667.316
71933;84.92989;-115.6264;-2667.829
71949;104.2927;-81.61105;-2671.932
71968;124.5909;-53.57899;-2672.34
72002;134.6314;-18.17921;-2677.489
72038;140.6039;3.739964;-2679.854
72071;142.1668;43.22631;-2677.26
72105;137.0189;54.72322;-2680.397
72139;141.4013;94.64706;-2682.099
72196;136.2308;97.44146;-2681.761
72238;129.0661;104.5781;-2683.731
72255;121.7377;116.5833;-2686.018
72272;118.436;120.8918;-2687.823
72308;115.8092;126.718;-2687.991
72342;112.6993;130.6947;-2689.904
72363;107.8158;134.2185;-2692.154
72397;104.77;135.3438;-2692.448
72447;104.6742;135.2523;-2692.38
72464;104.6858;135.127;-2692.309
72498;105.6869;132.764;-2693.373
72548;107.9984;128.4467;-2693.969
72565;111.442;122.2243;-2694.515
72599;131.4832;131.5504;-2686.973
72633;138.8883;129.929;-2686.201
72666;141.5405;127.6276;-2684.956
72700;150.9666;120.3817;-2682.065
72734;162.4326;110.1562;-2674.169
72857;163.7943;93.70284;-2666.884
72903;171.8649;56.61885;-2654.0
72926;175.1092;39.8335;-2652.097
72960;127.4142;-54.45392;-2669.987
73010;117.0134;-62.44449;-2665.538
73027;104.2697;-79.70728;-2660.63
73061;91.97682;-94.98148;-2661.865
73095;78.61324;-109.7014;-2659.792
73129;72.61504;-125.7386;-2655.39
73164;85.68356;-136.9049;-2657.321
73198;90.67748;-149.469;-2650.196
73231;91.48264;-158.3425;-2644.208
73265;76.78111;-169.9659;-2631.138
73299;72.34866;-179.5943;-2632.945
73332;43.90905;-189.7687;-2638.987
73366;42.87515;-194.475;-2638.507
73443;37.05617;-210.018;-2637.736
73477;31.55994;-218.6718;-2636.682
73510;17.41571;-229.9675;-2640.142
73527;4.963105;-244.5031;-2643.108
73561;8.554947;-269.2342;-2652.217
73595;-0.3877827;-273.3259;-2647.693
73628;-5.948267;-278.4883;-2645.382
73662;-11.57898;-282.2248;-2652.108
73696;-13.77371;-286.7852;-2651.567
73746;-16.86032;-288.7763;-2651.326
73763;-19.5091;-289.2765;-2656.396
73797;-21.4448;-288.5864;-2656.235
73831;-21.68534;-289.7062;-2656.35
73864;-23.37135;-289.4228;-2655.32
73898;-24.56788;-290.2695;-2653.062
73932;-25.60449;-290.7199;-2649.508
73965;-26.20915;-291.332;-2648.416
73999;-26.41654;-289.8243;-2645.806
74033;-25.82252;-289.7256;-2643.506
74066;-25.20315;-289.76;-2642.466
74100;-25.19892;-284.7096;-2638.407
74134;-23.78024;-280.6306;-2634.024
74167;-24.93365;-272.0203;-2631.929
74201;-22.39998;-268.4763;-2629.61
74235;-22.57383;-265.2309;-2627.291
74268;-12.17255;-276.0722;-2625.145
74302;-11.50261;-273.9197;-2624.687
74336;-9.246984;-272.8701;-2623.8
74370;-8.486818;-271.7525;-2623.228
74403;-7.6095;-270.7812;-2622.654
74437;-7.629442;-269.123;-2622.292
74471;-7.344462;-269.1842;-2621.766
74504;-7.239316;-269.031;-2621.609
74538;-7.074105;-268.9428;-2621.545
74572;-6.974287;-268.8998;-2621.927
74605;-6.087454;-272.5215;-2620.315
74664;-6.202163;-272.5347;-2620.393
74681;-6.449191;-272.533;-2620.062
74699;-6.866609;-272.392;-2620.041
74733;-7.123543;-272.6119;-2619.958
74767;-7.181309;-272.5656;-2619.968
74820;-7.066977;-273.1049;-2619.99
74846;-7.352208;-272.6802;-2620.187
74863;-6.412053;-271.6712;-2620.295
74914;-4.715919;-266.5215;-2621.611
74932;-2.575646;-263.3612;-2622.473
74965;0.1678023;-257.1535;-2623.36
74999;7.116792;-247.7992;-2624.377
75033;31.71082;-243.1752;-2611.23
75084;37.49862;-240.1048;-2610.204
75126;24.08371;-206.8383;-2655.338
75177;35.98041;-190.5343;-2652.732
75210;49.40003;-176.1164;-2658.187
75227;59.35563;-159.0855;-2664.625
75278;83.06472;-124.5779;-2661.499
75295;89.32406;-111.2531;-2664.353
75332;101.8617;-85.52039;-2669.831
75362;128.3794;-50.67094;-2666.538
75396;131.97;-37.03532;-2665.077
75429;136.2226;-23.04268;-2667.738
75480;150.2336;5.413512;-2666.467
75514;150.1775;7.245276;-2667.356
75530;149.2004;9.095676;-2668.399
75564;147.634;10.70185;-2669.412
75598;146.7346;11.47427;-2670.067
75634;134.7482;4.832325;-2676.169
75667;136.3026;6.841319;-2675.459
75702;136.9689;7.920945;-2675.188
75739;137.641;8.951552;-2675.032
75772;158.0072;39.7354;-2664.214
75806;160.2242;38.04144;-2669.521
75840;162.6272;42.88311;-2664.838
75874;166.0742;45.41484;-2665.102
75907;171.9589;52.44356;-2675.158
75941;172.0097;53.08549;-2675.201
75992;167.2839;54.72261;-2672.912
76008;166.7053;57.60693;-2673.75
76059;168.0932;64.65474;-2675.279
76078;167.8747;68.44584;-2676.191
76095;164.0067;76.16312;-2675.236
76149;164.1911;80.07199;-2675.534
76166;141.2686;62.03294;-2681.808
76200;139.2291;62.54438;-2681.348
76234;137.4788;63.73276;-2681.762
76267;136.0339;65.6205;-2682.589
76301;134.5284;70.32235;-2683.479
76352;132.2273;75.87737;-2683.559
76375;125.9416;74.34186;-2685.631
76394;120.5592;73.88726;-2686.907
76436;117.5662;74.64172;-2687.651
76469;115.0902;75.83549;-2688.409
76509;140.2488;137.8512;-2679.616
76532;139.4598;138.0311;-2680.129
76565;126.9833;121.1888;-2686.708
76599;131.031;131.5138;-2687.356
76633;134.2965;137.1887;-2687.725
76683;134.3954;138.4187;-2689.434
76717;133.9138;139.3556;-2691.531
76734;124.2631;125.9726;-2698.775
76767;119.4076;116.766;-2701.679
76818;119.2594;115.6884;-2701.919
76835;119.3824;114.7599;-2702.765
76869;119.7543;113.9001;-2703.549
76902;133.9886;126.6649;-2703.477
76936;129.5646;101.6358;-2706.719
76986;130.4253;98.80543;-2706.671
77007;148.078;96.45179;-2703.712
77044;135.555;46.38377;-2692.104
77061;114.1073;11.8931;-2695.315
77111;120.2131;6.549211;-2692.017
77128;100.7271;-35.50768;-2679.769
77164;98.30783;-71.32407;-2683.974
77198;85.66972;-95.02364;-2671.239
77232;64.48824;-127.8047;-2654.349
77284;56.11872;-141.6308;-2644.604
77301;50.87285;-160.8895;-2638.868
77334;42.3207;-176.8131;-2641.832
77368;11.96353;-204.2578;-2642.608
77402;4.116786;-226.7628;-2636.247
77436;-3.437681;-261.8328;-2630.575
77469;-9.186694;-266.1598;-2646.181
77503;-22.72159;-284.8936;-2652.608
77538;-28.74215;-290.5205;-2654.443
77572;-40.96687;-304.2062;-2649.266
77605;-43.05624;-311.382;-2657.446
77655;-44.75045;-311.1531;-2659.136
77688;-52.16478;-292.5915;-2671.161
77704;-52.67704;-288.6931;-2672.633
77738;-53.31277;-285.7656;-2673.598
77772;-52.99218;-283.0834;-2673.4
77807;-53.41641;-281.4432;-2674.093
77839;-53.10597;-282.1505;-2672.373
77890;-52.87547;-281.7359;-2667.801
77923;-52.39108;-279.9869;-2666.141
77940;-52.51515;-278.7282;-2662.993
77974;-51.78109;-277.8317;-2661.96
78008;-50.4695;-275.5981;-2660.082
78058;-48.49183;-272.2761;-2656.97
78075;-47.09698;-270.5132;-2650.739
78110;-45.00155;-266.3947;-2643.977
78134;-43.91541;-265.5231;-2640.279
78167;-43.07616;-264.874;-2635.826
78214;-42.26854;-263.3567;-2633.799
78268;-41.13922;-263.0206;-2630.085
78793;-40.56356;-263.3176;-2628.063
78842;-44.48999;-254.9765;-2597.269
78876;-45.88477;-254.5882;-2593.731
78910;-47.52248;-255.987;-2589.583
78943;-50.23286;-257.4756;-2585.359
78977;-52.75768;-257.8822;-2583.176
79011;-57.20659;-264.2729;-2574.773
79028;-57.78419;-262.9227;-2574.635
79080;-60.53316;-260.5141;-2573.1
79112;-67.19629;-269.1616;-2564.869
79145;-69.07655;-267.3523;-2565.437
79163;-72.07497;-269.4192;-2565.62
79196;-76.91462;-272.1049;-2565.75
79246;-79.8492;-270.2846;-2567.105
79324;-84.58005;-275.7117;-2565.655
79354;-89.93799;-272.4253;-2566.811
79370;-90.87614;-271.416;-2567.276
79404;-91.39738;-270.701;-2567.337
79438;-89.95384;-280.9696;-2563.165
79471;-90.65881;-275.9763;-2562.465
79505;-90.6121;-275.2851;-2562.528
79539;-87.07757;-283.2318;-2561.482
79573;-84.53788;-286.9793;-2560.285
79719;-73.548;-264.5358;-2557.409
79769;-68.91319;-261.5643;-2552.442
79803;-64.12454;-257.0833;-2546.038
79871;-60.05252;-256.417;-2540.531
79887;-52.48176;-252.2632;-2534.119
79904;-49.11256;-252.5165;-2530.364
79939;-40.76313;-255.4357;-2517.655
79973;-32.76142;-258.7215;-2500.952
79996;-25.35809;-249.2844;-2484.759
80046;-20.68267;-247.3307;-2476.931
80063;-16.93929;-246.0002;-2468.486
80114;-10.17319;-242.3155;-2457.935
80189;-2.796769;-237.404;-2443.649
80213;0.9361036;-234.4046;-2438.448
80230;2.896208;-230.58;-2431.128
80271;1.39338;-228.951;-2423.483
80310;-0.04487072;-226.3548;-2415.342
80344;-2.470053;-225.001;-2407.885
80377;-5.441439;-222.2427;-2399.426
80412;-9.268874;-219.5213;-2392.267
80446;-14.86984;-214.7281;-2383.342
80463;-18.93789;-213.7433;-2379.32
80497;-28.11296;-213.1375;-2370.138
80531;-36.50299;-211.9761;-2363.628
80565;-47.58017;-213.4036;-2354.473
80599;-63.1897;-213.7894;-2344.618
80633;-75.81852;-213.7097;-2334.772
80670;-83.37228;-210.2507;-2324.862
80704;-94.35594;-205.4752;-2311.449
80738;-105.4939;-204.04;-2302.539
80788;-114.9805;-206.1997;-2293.292
80805;-133.0916;-216.0397;-2282.279
80856;-140.8425;-220.4339;-2279.478
80873;-151.2296;-221.6683;-2279.539
80906;-159.8025;-221.7498;-2279.428
80940;-168.4016;-221.4273;-2279.725
80974;-176.7662;-222.4874;-2278.136
81008;-191.7251;-222.5967;-2272.908
81042;-198.578;-221.6916;-2267.439
81206;-247.4519;-196.3339;-2226.824
81224;-238.3273;-210.7859;-2233.864
81258;-252.2991;-198.2944;-2215.001
81274;-255.8489;-197.0335;-2207.709
81296;-261.3575;-190.0126;-2194.174
81347;-262.6995;-183.1816;-2178.733
81380;-264.5676;-183.323;-2171.423
81414;-265.821;-184.1071;-2157.062
81448;-265.0249;-179.7816;-2139.417
81465;-265.0432;-180.3353;-2125.916
81504;-265.35;-179.2859;-2106.367
81538;-263.2997;-178.3779;-2077.629
81577;-263.8204;-181.09;-2058.902
81595;-265.8043;-172.9779;-2036.154
81643;-262.4625;-176.0738;-2010.417
81665;-264.7312;-175.8495;-1985.361
81710;-267.9485;-167.9482;-1966.231
81744;-271.0478;-162.1625;-1950.155
81778;-277.0789;-155.4813;-1924.67
81811;-279.8964;-140.456;-1908.613
81845;-283.1506;-128.0336;-1893.941
81865;-288.8586;-118.7751;-1880.283
81912;-293.3936;-113.5278;-1869.124
81946;-302.6964;-106.7161;-1858.853
81980;-311.6098;-99.07072;-1848.216
82013;-320.2533;-94.51405;-1840.737
82047;-332.9486;-92.69003;-1829.781
82066;-344.8221;-92.09302;-1825.362
82099;-358.4054;-96.11939;-1822.141
82150;-374.4312;-91.895;-1810.91
82184;-392.7961;-89.00766;-1793.689
82208;-416.096;-99.44205;-1777.282
82273;-424.6058;-90.52876;-1769.148
82357;-482.8717;-332.0243;-1605.982
82374;-468.2126;-443.3353;-1682.288
82391;-482.4122;-273.6953;-1638.773
82408;-416.9844;-416.276;-1729.132
83213;-549.0865;-52.32806;-1489.174
83247;-555.2914;-49.3871;-1473.621
83305;-558.3983;-47.58827;-1466.135
83324;-567.841;-42.05395;-1455.096
83349;-580.1;-40.30874;-1446.773
83374;-587.5682;-40.22194;-1439.742
83410;-600.1697;-43.26358;-1431.442
83443;-612.0745;-43.58305;-1424.46
83477;-618.576;-45.38514;-1419.088
83510;-624.3531;-43.467;-1413.868
83544;-629.7546;-39.80819;-1407.702
83595;-632.9742;-38.51846;-1399.37
83611;-637.0709;-35.49571;-1390.56
83662;-643.3916;-31.50344;-1381.397
83696;-650.3903;-13.24425;-1372.619
83713;-651.4867;46.96289;-1381.613
83763;-664.1744;9.293315;-1364.071
83780;-665.7924;26.92114;-1363.871
83806;-668.1907;33.21745;-1366.142
83840;-670.9616;30.74827;-1367.858
83874;-679.6995;19.31692;-1365.532
83907;-713.2134;20.33955;-1342.099
83959;-678.3814;-33.50237;-1356.774
83998;-710.4266;-113.5333;-1457.223
84036;-751.5096;-53.97615;-1511.068
84052;-763.1921;-121.8087;-1479.872
84069;-752.5508;-123.9569;-1475.23
84119;-758.806;-115.269;-1485.626
84136;-702.7298;-170.4034;-1451.249
84573;100.2802;-52.18611;-2445.715
84606;118.2949;-27.31245;-2468.323
84639;125.4463;-17.59838;-2479.752
84675;138.195;1.88277;-2496.112
84709;143.3133;18.22722;-2511.899
84725;149.6497;41.78526;-2532.078
84776;152.7229;51.13451;-2539.594
84793;155.0374;71.92948;-2554.882
84828;156.8377;89.02823;-2568.196
84877;152.1297;104.9376;-2579.732
84911;141.8761;123.1957;-2594.346
84928;122.4592;132.5498;-2613.772
84979;114.8537;150.9008;-2631.722
84998;98.03148;166.8092;-2648.162
85049;83.15738;179.2543;-2661.297
85083;63.38057;186.7465;-2671.228
85099;46.58285;195.5206;-2681.817
85150;30.34176;202.7992;-2705.204
85167;18.40745;206.6326;-2713.929
85201;0.2453476;210.5993;-2730.122
85251;-9.073242;212.3528;-2735.988
85268;-18.13127;216.6312;-2745.604
85318;-21.72509;217.9295;-2748.587
85352;-25.85866;219.8566;-2751.433
85369;-30.90654;222.7818;-2756.659
85421;-32.88215;225.0579;-2760.053
85440;-33.46005;228.0424;-2763.636
85488;-34.46984;228.2065;-2764.93
85522;-54.89687;236.5628;-2759.193
85540;-53.03894;236.754;-2761.833
85574;-41.77881;241.0163;-2764.702
85608;-7.060453;238.9308;-2780.672
85644;-0.6174445;242.1756;-2782.128
85664;7.226989;246.4049;-2782.493
85698;20.34991;247.2376;-2788.323
85732;11.82307;251.7764;-2771.107
85766;51.16814;254.824;-2785.595
85816;50.31226;264.3367;-2771.472
85834;96.69295;274.1149;-2776.482
85883;114.3495;281.8892;-2787.684
85917;135.2682;301.3046;-2774.473
85934;162.7928;305.827;-2774.969
85968;198.6948;329.2066;-2775.25
86018;210.3188;332.7601;-2772.332
86052;225.187;330.7524;-2763.534
86069;276.9637;353.0285;-2754.756
86102;268.6019;349.0442;-2753.205
86136;303.1679;353.3447;-2748.197
86173;318.6365;351.3082;-2743.585
86204;335.3673;347.4865;-2738.513
86237;354.5303;349.5503;-2736.886
86271;371.9873;341.1139;-2726.799
86305;380.0616;341.0644;-2726.083
86338;392.6051;342.3948;-2724.892
86372;401.1049;339.6505;-2723.163
86406;382.525;312.0243;-2718.951
86440;397.1129;320.5229;-2718.377
86473;396.3697;314.6401;-2714.568
86507;405.831;318.7632;-2713.061
86528;413.1093;321.4011;-2712.097
86563;416.756;321.6574;-2710.992
86597;421.6027;322.3719;-2709.207
86633;426.6427;322.7971;-2708.325
86668;424.9377;314.4351;-2699.905
86706;422.0542;306.4188;-2694.533
86740;423.9836;307.529;-2693.392
86773;425.0699;307.5913;-2692.533
86807;427.8571;306.9878;-2688.334
86841;472.7742;320.6332;-2680.492
86875;432.0619;299.7786;-2674.332
86908;477.1779;319.2546;-2668.754
86942;436.9327;295.4925;-2662.771
86975;438.2402;292.826;-2656.594
87009;457.247;258.6118;-2644.068
87030;471.7202;259.962;-2637.446
87081;477.6582;244.5878;-2624.466
87100;486.419;230.8064;-2609.19
87135;489.2265;213.248;-2590.846
87168;484.7997;189.4805;-2572.962
87219;499.5031;175.0628;-2551.466
87252;502.6515;136.395;-2526.713
87269;449.2556;102.6721;-2519.859
87303;441.044;90.13078;-2498.981
87336;432.0778;69.33105;-2480.682
87387;431.1313;61.99387;-2425.367
87404;410.3441;47.62951;-2413.947
87438;393.0018;26.14985;-2352.422
87471;390.5451;13.68069;-2328.654
87522;380.7829;-7.865132;-2300.174
87542;336.5457;-32.24457;-2296.436
87572;315.3719;-64.78249;-2266.783
87606;291.5247;-94.23357;-2244.338
87640;273.953;-95.89964;-2231.955
87673;241.7143;-99.23646;-2210.586
87707;230.3896;-91.34316;-2194.031
87741;223.4723;-85.21632;-2177.715
87774;216.833;-71.83005;-2155.078
87808;214.8158;-67.95549;-2126.371
87842;213.2025;-52.23742;-2103.841
87875;221.0844;-49.5137;-2065.547
87909;226.3522;-51.18258;-2034.049
87960;235.1514;-54.14723;-1987.492
87978;246.9097;-59.77927;-1943.439
88012;259.147;-62.03143;-1893.393
88045;273.6111;-65.61933;-1841.158
88080;289.7132;-63.08023;-1784.055
88113;309.1237;-59.46702;-1727.056
88149;331.3002;-45.80098;-1657.093
88183;347.8517;-32.27748;-1587.951
88207;353.4485;-1.598684;-1524.052
88241;356.3421;23.22182;-1462.564
88274;355.9249;49.11419;-1401.731
88312;350.3948;77.33933;-1346.924
88345;339.9973;108.4844;-1301.989
88379;330.4745;133.1188;-1256.657
88441;315.9248;162.8614;-1184.622
88474;299.23;191.2655;-1121.975
88508;299.0322;192.3733;-1107.871
88545;290.4811;197.6316;-1079.255
88597;286.8901;218.7386;-1051.853
88630;287.408;232.844;-1032.621
88647;271.2238;241.1005;-993.8256
88697;270.9428;250.9234;-976.2333
88749;249.1006;268.708;-904.7504
88779;248.3049;320.8179;-886.0206
88813;234.663;353.8743;-856.4707
88846;173.9153;312.2094;-772.1873
88879;80.87121;56.99106;-871.5746
88925;71.6811;41.90088;-844.8945
89092;-56.62896;25.13544;-305.3059
92514;366.5894;380.907;-2007.318
92581;360.3995;398.1719;-2039.959
92598;353.1026;402.3665;-2061.627
92614;341.8827;417.2416;-2100.917
92649;334.9917;444.7295;-2122.665
92682;327.7838;460.1689;-2148.801
92716;320.345;480.2285;-2172.753
92751;316.6401;496.0333;-2188.843
92784;310.4025;527.1246;-2212.719
92801;310.7;536.601;-2226.239
92834;310.8255;556.2485;-2238.937
92869;310.1959;574.1495;-2252.945
92902;306.1385;586.7153;-2271.296
92936;302.0078;605.993;-2281.365
92970;308.1087;616.959;-2288.687
93003;308.7905;632.187;-2300.311
93037;310.4463;648.8625;-2308.613
93071;322.7928;657.3091;-2316.608
93104;327.7175;662.6584;-2327.023
93138;334.7987;668.0281;-2337.429
93172;344.9423;672.7411;-2349.927
93205;355.5327;675.9097;-2360.892
93239;379.6093;686.885;-2372.975
93273;374.8913;653.8007;-2383.738
93314;408.895;668.0719;-2388.582
93340;421.2979;661.5493;-2393.394
93374;461.045;666.714;-2396.571
93408;479.9137;671.0715;-2399.767
93441;505.6813;675.112;-2402.594
93475;537.9442;674.8345;-2402.404
93509;558.4698;675.6838;-2403.852
93542;594.1354;683.1326;-2402.276
93576;609.8787;688.1606;-2403.811
93607;639.4566;695.689;-2403.442
93636;652.0542;703.4412;-2404.932
93668;667.4563;710.301;-2405.173
93701;679.8961;715.6349;-2404.57
93735;692.3636;720.2542;-2403.804
