
1;-678.3978;-1010.686;-2244.903
30;-678.0466;-1010.508;-2247.625
79;-676.2249;-1013.06;-2248.886
161;-679.1506;-1016.307;-2247.329
177;-678.697;-1016.514;-2247.708
230;-676.612;-1019.461;-2246.37
263;-674.2991;-1019.56;-2244.661
297;-673.3626;-1020.235;-2242.779
330;-675.3875;-1022.299;-2239.937
364;-676.3695;-1023.82;-2237.044
398;-677.2431;-1023.078;-2234.988
449;-666.0513;-1023.27;-2241.417
467;-665.1775;-1025.862;-2240.08
501;-664.0007;-1033.568;-2239.064
535;-659.9064;-1050.97;-2243.341
554;-663.6936;-1057.17;-2243.817
602;-656.8529;-1063.359;-2243.523
636;-645.298;-1061.429;-2244.282
669;-644.2759;-1066.218;-2241.389
703;-640.2288;-1080.112;-2241.468
736;-655.121;-1095.19;-2239.679
770;-647.6109;-1101.337;-2240.973
804;-646.359;-1103.47;-2233.199
915;-663.5976;-1106.319;-2219.476
967;-638.1024;-1105.977;-2198.25
993;-656.2834;-1101.803;-2195.217
1027;-651.2797;-1095.294;-2179.142
1060;-652.4303;-1081.655;-2145.971
1094;-645.478;-1064.284;-2097.283
1128;-648.9153;-1050.935;-2061.863
1161;-628.3867;-1036.344;-2018.558
1199;-636.0207;-1029.794;-2011.387
1216;-559.7679;-1023.643;-1966.412
1249;-554.7183;-1022.053;-1962.82
1301;-505.8957;-1000.207;-1914.712
1320;-494.356;-1003.458;-1916.125
1354;-439.3796;-998.2119;-1901.49
1404;-421.326;-994.7369;-1890.575
1438;-361.3188;-977.7449;-1865.953
1455;-324.7558;-974.1436;-1861.211
1488;-293.4361;-975.4561;-1867.161
1539;-251.901;-964.5417;-1855.985
1556;-237.0036;-952.8802;-1815.698
1590;-218.3187;-961.9265;-1813.104
1623;-199.9407;-957.2321;-1792.69
1674;-163.0192;-940.956;-1775.124
1691;-171.1708;-961.6597;-1775.426
1724;-189.3841;-960.1863;-1729.746
1758;-200.348;-978.8083;-1740.53
1808;-89.89367;-921.6971;-1751.139
1825;-86.22597;-931.73;-1785.528
1859;-86.93962;-937.9575;-1800.065
1910;-78.78339;-934.4617;-1807.743
1944;-70.38769;-921.764;-1769.449
1977;-71.96958;-928.3393;-1794.74
2046;-291.1754;-974.8853;-1613.637
2083;-305.2834;-979.6443;-1600.011
2105;-297.7678;-971.5524;-1581.49
2130;-304.674;-979.6271;-1593.175
2163;-313.0996;-979.0201;-1582.641
2197;-326.1666;-983.7314;-1582.927
2231;-335.6133;-982.2764;-1567.244
2264;-334.2795;-977.2659;-1536.696
2298;-339.5239;-973.6312;-1511.587
2332;-339.6796;-956.2027;-1441.164
2365;-335.4679;-941.8828;-1390.707
2399;-345.7187;-916.2217;-1315.202
2433;-358.2977;-901.5682;-1272.449
2466;-364.3947;-886.5889;-1231.428
2500;-372.5916;-866.1302;-1178.558
2534;-378.0185;-860.1101;-1158.579
2568;-395.0235;-845.2509;-1120.438
2601;-416.3242;-829.3007;-1085.462
2635;-424.8817;-827.8809;-1073.896
2669;-438.8249;-822.6547;-1057.255
2702;-444.5003;-827.4197;-1052.948
2736;-447.8906;-828.8957;-1044.23
2754;-440.7886;-839.6617;-1047.977
2787;-429.3022;-840.5822;-1025.771
2820;-430.1819;-841.7413;-1013.552
2857;-437.6095;-834.7957;-972.4299
2904;-462.2798;-828.2005;-937.1462
2921;-317.9891;-851.9028;-999.1865
2955;-295.6485;-876.4095;-1022.236
2995;-317.9058;-875.36;-984.1465
3029;-295.4372;-859.7808;-954.7138
3062;-622.6292;-803.028;-798.4503
3096;-603.7863;-807.6118;-812.1388
3130;-657.8856;-761.2833;-743.6875
3165;-623.7995;-782.6286;-761.5494
3199;-337.306;-600.4879;-495.8603
3233;-278.6336;-557.9963;-472.5188
3266;-189.2403;-483.6656;-517.66
3300;-212.557;-431.4413;-635.8566
3334;-306.2698;-411.4034;-705.7839
3368;-292.3519;-462.2436;-851.5096
3401;-267.4491;-586.2037;-855.7466
3435;-363.4324;-488.8669;-674.2877
3455;-295.3026;-549.6499;-677.666
3485;-392.6237;-445.0031;-999.4048
3536;-355.3303;-60.69706;-1129.546
3552;-57.84322;-78.78726;-611.7502
3589;-58.93267;-82.50174;-605.2448
3620;-183.8683;48.99671;-494.3864
3653;-190.0969;69.3648;-489.1015
3704;-191.4398;75.33814;-487.4922
3721;-193.37;79.76445;-485.8355
10592;-365.7148;-660.5366;-1116.467
10642;-358.6548;-666.4401;-1117.182
10676;-337.4403;-746.0431;-1074.022
10697;-337.1644;-732.8082;-1102.052
10731;-321.4983;-749.7619;-1108.053
10752;-311.6432;-760.1453;-1111.149
10806;-302.9592;-776.3148;-1111.852
10822;-300.9961;-772.2079;-1121.347
10856;-293.2911;-776.9834;-1129.604
10890;-223.4079;-583.2407;-1259.16
10923;-225.7714;-540.1868;-1280.468
10957;-392.0447;-509.7719;-1277.103
11007;-375.5009;-506.951;-1280.493
11041;-360.8595;-507.2329;-1275.56
11058;-348.0427;-508.3999;-1273.897
11092;-331.6046;-506.7843;-1273.001
11126;-106.2423;-549.123;-1302.351
11160;-99.10813;-553.3647;-1305.318
11193;-107.3874;-556.5063;-1285.864
11227;-104.9486;-555.4906;-1283.972
11278;-99.40862;-552.4955;-1284.038
11294;-87.71203;-552.9949;-1284.499
11328;-84.26585;-561.8528;-1277.49
11379;-65.05264;-553.0101;-1273.145
11447;-75.82976;-549.3636;-1439.089
11464;-85.17001;-564.3021;-1435.348
11488;-69.82122;-553.9333;-1436.874
11504;-206.0619;-512.6381;-1376.547
11560;-199.595;-512.167;-1378.045
11577;-193.2227;-514.5377;-1381.074
11597;-189.1738;-528.9554;-1381.76
11632;-179.3532;-516.2109;-1385.322
11665;-169.888;-519.1638;-1389.334
11716;-162.338;-522.8963;-1394.061
11732;-153.4897;-519.3564;-1397.531
11765;-147.332;-524.7911;-1404.692
11817;-136.8882;-530.108;-1415.76
11835;-128.0468;-535.2244;-1424.745
11862;-121.0975;-541.4772;-1437.494
11913;-107.7298;-548.494;-1450.633
11947;-217.8995;-722.5915;-1255.899
11963;-250.9114;-710.1652;-1235.502
11993;-261.9998;-704.9341;-1241.616
12039;-246.9735;-704.7619;-1244.382
12067;-227.1309;-708.4838;-1255.91
12118;-205.5139;-706.8453;-1260.154
12135;-195.336;-705.6206;-1264.39
12169;-188.937;-706.837;-1271.27
12236;-188.9664;-713.8282;-1292.453
12274;-185.3575;-716.6573;-1301.35
12298;-192.8119;-727.0079;-1324.324
12349;-197.5026;-733.2907;-1338.637
12365;-231.6687;-747.7546;-1377.762
12416;-237.3252;-750.6063;-1386.205
12451;-247.9566;-754.0677;-1398.425
12503;-254.7097;-757.0654;-1408.101
12520;-348.0632;-763.4811;-1510.073
12539;-351.0996;-763.851;-1508.124
12574;-353.4845;-762.8217;-1505.952
12601;-296.5454;-767.781;-1449.258
12651;-303.6599;-764.9915;-1443.186
12685;-311.3857;-761.7762;-1437.467
12706;-316.0563;-759.8024;-1433.266
12757;-318.4862;-759.6477;-1429.786
12774;-319.1999;-759.7681;-1426.673
12802;-291.9346;-772.3919;-1438.265
12840;-310.9331;-769.9886;-1446.2
12871;-317.7663;-768.1995;-1445.119
12921;-322.3745;-770.0373;-1447.108
12937;-299.5346;-782.9634;-1434.566
12971;-296.1283;-787.1026;-1435.175
13005;-287.1694;-785.9183;-1423.64
13073;-282.8273;-785.4256;-1415.593
13094;-250.8272;-786.6975;-1410.545
13119;-167.0802;-766.7989;-1387.977
13135;-182.0061;-765.9104;-1384.916
13169;-203.6568;-766.7797;-1384.749
13205;-220.4859;-773.3467;-1396.007
13254;-218.8365;-779.152;-1404.834
13337;-246.7687;-775.1362;-1421.497
13728;-243.116;-779.2514;-1429.066
13778;-149.8204;-834.7996;-1579.678
13798;-150.5392;-836.2102;-1579.066
13849;-147.0652;-829.5132;-1569.28
13868;-162.2287;-833.2728;-1577.709
13910;-154.3837;-830.0366;-1572.544
14100;-201.2573;-845.6146;-1610.269
14143;-217.087;-848.1613;-1621.168
14173;-216.9948;-846.524;-1621.834
14189;-219.4379;-846.9063;-1623.939
14227;-221.2677;-848.4598;-1627.367
14271;-221.2423;-847.1401;-1629.673
14305;-231.3059;-850.6574;-1637.955
14339;-237.7898;-853.5881;-1646.605
14372;-218.7051;-859.0757;-1652.711
14393;-218.9241;-859.8566;-1657.85
14425;-206.9381;-862.5822;-1659.093
14459;-206.6981;-863.9965;-1663.55
14502;-201.4334;-863.6157;-1663.026
14536;-207.3905;-862.4777;-1666.782
14569;-192.8451;-863.1715;-1669.991
14603;-188.5981;-863.1134;-1673.677
14679;-183.2022;-860.9429;-1672.217
14704;-172.5273;-862.6412;-1676.801
14726;-170.8466;-869.9506;-1678.674
14763;-167.1575;-870.7947;-1679.67
14798;-172.7049;-872.1442;-1687.1
14832;-165.5054;-878.8954;-1698.684
14866;-168.9329;-885.5314;-1701.483
14899;-165.4661;-888.7809;-1708.234
14933;-172.5784;-900.3702;-1737.293
14986;-171.3467;-903.3737;-1755.133
15002;-166.7854;-914.3983;-1784.116
15035;-170.9578;-914.575;-1799.024
15069;-271.6296;-882.4982;-1817.32
15109;-265.8988;-885.8388;-1817.164
15125;-276.6187;-892.0936;-1854.83
15159;-197.5151;-932.9063;-1904.078
15192;-196.1859;-936.3245;-1910.719
15243;-199.3388;-946.4158;-1924.14
15277;-199.5222;-944.7028;-1931.642
15328;-191.3733;-949.4027;-1926.562
15345;-193.4633;-945.702;-1934.906
15390;-210.3122;-942.4725;-1949.114
15402;-206.3164;-942.153;-1944.231
15426;-209.9645;-945.4872;-1949.395
15477;-216.7694;-944.1897;-1955.309
15502;-219.1773;-945.7868;-1966.462
15535;-222.6281;-945.0287;-1974.387
15569;-224.2102;-942.5555;-1976.442
15651;-231.4361;-941.5488;-1978.837
15707;-233.2916;-941.9876;-1983.752
15790;-233.085;-942.5179;-1994.361
15836;-235.3879;-942.3487;-1996.638
15852;-237.7015;-944.9817;-1998.644
15872;-241.7928;-939.6713;-2003.765
15890;-245.8688;-941.3785;-2007.094
15923;-251.1352;-939.6141;-2007.557
15974;-248.4518;-939.5925;-2008.465
16008;-245.044;-941.8831;-2009.109
16042;-243.5085;-943.084;-2011.417
16076;-234.9028;-939.4715;-2012.471
16106;-226.4529;-940.1567;-2013.452
16156;-229.902;-943.1469;-2015.276
16175;-232.3606;-941.2348;-2023.346
16224;-235.5222;-946.9716;-2027.973
16243;-237.5028;-946.3428;-2027.871
16261;-254.6065;-933.8289;-2025.767
16301;-248.6488;-941.3419;-2043.523
16353;-247.5433;-945.3201;-2051.596
16364;-257.2111;-942.7047;-2050.744
16415;-261.7408;-942.2293;-2055.04
16431;-266.1608;-944.2233;-2068.756
16465;-216.1005;-971.2415;-2117.261
16499;-231.8026;-965.7084;-2109.361
16576;-229.6018;-968.5707;-2122.666
16601;-225.9825;-970.0262;-2124.324
16635;-223.3325;-961.0501;-2128.411
16668;-216.732;-962.0025;-2122.992
16702;-213.9248;-963.377;-2127.031
16736;-210.2475;-964.0759;-2130.423
16753;-208.0665;-971.6973;-2136.488
16787;-203.6927;-975.3079;-2146.496
16858;-213.1648;-990.671;-2153.848
16876;-211.9654;-972.6378;-2157.123
16910;-211.6006;-972.0342;-2161.048
16943;-209.2648;-973.2279;-2167.844
16960;-211.095;-978.9997;-2173.903
16994;-211.0746;-982.3045;-2174.739
17029;-207.2524;-983.8114;-2174.052
17061;-211.2442;-985.9582;-2178.975
17112;-213.5094;-987.4611;-2183.589
17129;-214.8105;-989.599;-2185.174
17168;-214.0868;-989.4368;-2185.908
17201;-213.5588;-990.008;-2186.996
17235;-212.6332;-990.3857;-2186.819
17269;-214.2896;-991.101;-2187.271
17302;-205.0014;-985.2733;-2192.169
17320;-190.6278;-983.98;-2191.066
17370;-189.661;-982.4944;-2191.573
17403;-189.8392;-991.5521;-2191.363
17463;-197.4323;-992.4102;-2194.952
17481;-197.5376;-991.6844;-2194.463
17499;-198.9892;-992.2534;-2195.165
17532;-193.1014;-992.8351;-2194.88
17566;-192.8777;-993.3463;-2194.847
17630;-191.7958;-992.8448;-2194.267
17651;-189.3631;-991.3039;-2194.671
17675;-189.2721;-989.1146;-2192.988
17695;-187.4336;-988.249;-2193.761
17728;-187.1327;-988.5278;-2197.071
17779;-185.753;-986.1447;-2195.889
17796;-182.9317;-985.9902;-2200.242
17829;-176.9739;-986.147;-2205.323
17880;-174.4739;-986.1551;-2210.754
17914;-173.292;-990.4135;-2224.199
17947;-160.0613;-999.0527;-2247.136
17981;-144.1333;-1005.736;-2253.328
17998;-129.3685;-1018.207;-2267.474
18032;-124.4396;-1021.662;-2267.998
18066;-123.6127;-1023.954;-2267.27
18099;-124.4948;-1025.235;-2270.055
18133;-123.1877;-1027.101;-2271.411
18166;-125.2987;-1028.025;-2276.281
18201;-125.8646;-1028.651;-2281.766
18251;-129.3473;-1033.15;-2277.103
18269;-130.5627;-1038.954;-2279.924
18293;-131.4801;-1044.092;-2282.743
18337;-132.8836;-1045.826;-2284.721
18371;-137.0847;-1047.288;-2287.292
18388;-135.7719;-1047.174;-2288.516
18438;-136.5199;-1046.74;-2289.847
18455;-139.8306;-1047.317;-2293.21
18507;-144.1978;-1046.954;-2294.553
18541;-142.1986;-1047.315;-2295.036
18575;-140.7004;-1047.469;-2297.101
18592;-139.6805;-1047.714;-2296.661
18630;-140.8752;-1048.319;-2297.061
18663;-141.8514;-1048.553;-2297.977
18708;-141.0684;-1048.76;-2298.251
18724;-136.6573;-1048.819;-2297.845
18758;-135.6825;-1048.544;-2298.018
18791;-135.0839;-1048.505;-2297.748
18825;-133.8275;-1049.17;-2298.052
18875;-133.14;-1049.57;-2297.729
18892;-131.6398;-1050.115;-2297.667
18926;-129.2154;-1050.387;-2297.122
18960;-126.9709;-1050.924;-2296.586
18993;-123.1515;-1052.645;-2297.552
19027;-121.7897;-1052.827;-2296.818
19061;-120.6505;-1052.343;-2295.627
19094;-117.5283;-1051.863;-2294.167
19128;-116.976;-1052.708;-2293.503
19179;-115.0865;-1052.155;-2292.529
19195;-113.8882;-1051.937;-2291.076
19254;-112.0449;-1051.842;-2287.789
19273;-93.98032;-1048.311;-2278.814
19290;-96.35725;-1050.116;-2280.741
19324;-96.92538;-1051.997;-2278.266
19383;-110.5921;-1046.989;-2264.95
19400;-112.8184;-1043.372;-2255.075
19417;-119.4277;-1041.583;-2247.335
19468;-131.8303;-1038.511;-2239.364
19502;-132.0636;-1038.587;-2238.028
19536;-141.2825;-1036.553;-2233.536
19576;-145.7365;-1036.391;-2230.222
19593;-145.2307;-1037.239;-2230.869
19626;-145.8649;-1038.206;-2231.206
19660;-149.0771;-1040.779;-2235.249
19711;-159.1106;-1053.311;-2260.042
19727;-160.5271;-1052.957;-2258.113
19790;-161.9773;-1055.64;-2261.454
19805;-162.6092;-1061.608;-2266.15
19824;-165.9297;-1066.087;-2272.35
19874;-168.663;-1067.34;-2276.913
19891;-168.5355;-1066.766;-2276.957
19943;-169.2621;-1067.256;-2277.535
19995;-178.1459;-1066.372;-2277.586
20020;-179.3766;-1066.344;-2279.287
20055;-178.3287;-1066.833;-2283.547
20079;-173.7964;-1068.312;-2287.234
20096;-194.2686;-1070.042;-2293.929
20130;-195.1565;-1067.881;-2295.068
20163;-200.9813;-1069.594;-2298.651
20197;-196.5334;-1071.324;-2299.306
20231;-194.7593;-1072.174;-2300.097
20264;-190.4055;-1073.948;-2302.33
20311;-191.7683;-1074.867;-2305.303
20327;-194.8669;-1075.091;-2305.759
20360;-186.3725;-1076.184;-2307.707
20394;-187.0438;-1086.197;-2332.183
20428;-187.4531;-1085.954;-2331.211
20461;-188.237;-1086.046;-2331.312
20495;-196.8397;-1085.06;-2331.366
20534;-196.3417;-1084.386;-2330.973
20572;-191.5115;-1083.79;-2328.987
20589;-190.3289;-1083.566;-2328.866
20623;-190.4622;-1083.282;-2330.163
20673;-186.9885;-1082.916;-2331.289
20690;-183.8496;-1084.294;-2330.679
20740;-180.4953;-1083.509;-2325.077
20774;-180.4681;-1083.393;-2323.309
20791;-168.9619;-1078.159;-2313.607
20824;-167.0132;-1079.015;-2311.939
20860;-176.5449;-1078.696;-2313.366
20894;-171.5141;-1076.888;-2309.871
20927;-164.1866;-1076.361;-2308.056
20961;-157.6033;-1074.254;-2304.844
20995;-157.4647;-1073.586;-2303.532
21028;-192.3678;-1065.98;-2285.588
21062;-197.3893;-1063.624;-2279.685
21095;-201.1023;-1059.94;-2273.061
21146;-203.4767;-1059.828;-2271.545
21163;-204.0826;-1058.778;-2270.258
21213;-213.4244;-1055.634;-2268.099
21230;-218.8017;-1055.506;-2267.766
21264;-217.3248;-1059.789;-2274.054
21345;-214.381;-1071.825;-2298.152
21373;-208.3496;-1080.663;-2315.1
21389;-207.8483;-1081.889;-2316.121
21406;-198.3017;-1083.805;-2316.825
21442;-198.5091;-1082.757;-2313.623
21464;-199.9396;-1080.938;-2309.059
21492;-199.0411;-1079.485;-2306.526
21526;-198.9845;-1077.326;-2302.199
21559;-194.866;-1075.764;-2301.922
21593;-207.4082;-1075.966;-2299.248
21643;-221.973;-1071.498;-2300.27
21660;-218.6155;-1070.194;-2302.454
21694;-220.4621;-1076.707;-2315.66
21728;-218.4589;-1078.952;-2320.246
21778;-215.2198;-1078.307;-2312.868
21795;-224.3333;-1079.278;-2308.878
21829;-220.0119;-1082.102;-2309.703
21863;-215.906;-1082.56;-2311.422
21996;-211.4939;-1086.694;-2318.639
22032;-209.7366;-1087.476;-2319.524
22054;-205.1256;-1087.539;-2321.672
22072;-204.202;-1088.982;-2321.628
22087;-203.1797;-1090.642;-2321.887
22156;-202.5293;-1090.99;-2321.069
22184;-200.9207;-1090.784;-2321.533
22215;-199.3673;-1090.181;-2320.844
22232;-195.6694;-1091.065;-2321.12
22265;-200.5908;-1091.997;-2320.107
22304;-193.7378;-1091.3;-2317.01
22333;-198.594;-1091.515;-2317.736
22368;-198.7546;-1088.683;-2316.402
22401;-208.3217;-1090.12;-2318.176
22435;-209.0262;-1087.853;-2315.19
22469;-206.257;-1086.532;-2311.046
22492;-210.2642;-1084.503;-2311.104
22536;-194.811;-1082.297;-2308.577
22571;-187.2341;-1081.76;-2304.817
22603;-185.5163;-1080.853;-2301.693
22622;-191.6281;-1080.088;-2295.011
22668;-196.1263;-1080.615;-2294.097
22704;-196.3484;-1081.24;-2294.363
22737;-195.4716;-1082.271;-2294.767
22771;-192.3693;-1082.431;-2295.652
22855;-194.7846;-1082.728;-2295.431
22890;-197.3854;-1081.897;-2294.421
22906;-197.6261;-1081.332;-2293.254
22923;-198.712;-1080.87;-2291.593
22960;-204.9716;-1079.024;-2290.762
23011;-205.3579;-1078.112;-2289.668
23028;-201.8593;-1078.892;-2291.014
23061;-199.7716;-1078.834;-2290.745
23095;-199.2185;-1078.058;-2288.681
23129;-198.9736;-1078.791;-2288.565
23193;-197.8302;-1079.273;-2289.611
23209;-196.55;-1080.074;-2288.925
23243;-201.5245;-1079.521;-2289.256
23277;-202.5374;-1079.624;-2288.323
23310;-204.5728;-1079.138;-2287.602
23327;-213.6534;-1078.24;-2287.606
23361;-216.0125;-1076.386;-2287.615
23395;-212.6699;-1075.692;-2284.603
23449;-217.5895;-1075.556;-2285.506
23471;-211.2104;-1075.664;-2284.937
23505;-211.1022;-1076.318;-2285.943
23538;-208.2266;-1077.062;-2286.75
23559;-207.4499;-1077.564;-2287.164
23593;-205.4959;-1077.723;-2287.741
23643;-203.3029;-1077.929;-2289.162
23677;-201.6353;-1078.333;-2289.994
23711;-201.4005;-1078.33;-2290.713
23730;-199.8865;-1078.43;-2291.315
23763;-200.2535;-1078.959;-2292.238
23814;-198.4537;-1080.395;-2293.85
23831;-198.5109;-1080.944;-2294.503
23866;-193.9654;-1079.943;-2293.94
23889;-197.9363;-1078.868;-2295.725
23922;-199.2488;-1079.71;-2296.769
23956;-210.0615;-1080.124;-2302.006
23990;-212.6168;-1078.796;-2303.724
24040;-217.1043;-1077.955;-2302.576
24074;-214.6589;-1077.815;-2304.087
24094;-214.4457;-1077.384;-2304.969
24121;-212.8552;-1077.564;-2305.18
24154;-210.4578;-1078.511;-2305.188
24188;-205.4944;-1080.438;-2307.023
24238;-208.3504;-1081.309;-2308.164
24272;-208.3286;-1081.697;-2308.722
24289;-210.8943;-1083.566;-2311.335
24339;-209.2468;-1087.957;-2320.132
24356;-207.7878;-1088.125;-2320.96
24391;-205.157;-1086.985;-2320.499
24424;-202.7246;-1087.216;-2322.055
24458;-200.3865;-1086.44;-2321.23
24492;-199.3208;-1086.462;-2320.958
24526;-198.3863;-1086.816;-2320.883
24576;-198.4359;-1087.405;-2321.213
24594;-197.0391;-1088.503;-2321.389
24628;-196.112;-1089.918;-2321.571
24662;-203.9185;-1090.086;-2323.376
24695;-203.9797;-1089.259;-2323.599
24729;-203.8501;-1086.664;-2322.203
24763;-209.8427;-1085.755;-2321.956
24797;-196.5655;-1083.882;-2320.275
24830;-203.4647;-1086.024;-2320.737
24864;-211.422;-1087.264;-2320.271
24894;-214.467;-1088.144;-2321.046
24928;-216.8776;-1086.242;-2323.106
24979;-215.9567;-1084.015;-2322.699
24995;-211.604;-1083.322;-2322.667
25029;-216.5466;-1083.979;-2322.187
25063;-229.9632;-1087.941;-2327.715
25097;-235.1915;-1088.601;-2328.078
25131;-235.1951;-1086.622;-2324.775
25165;-234.4958;-1089.84;-2333.494
25199;-230.7283;-1086.931;-2327.216
25232;-226.6523;-1086.454;-2321.193
25266;-221.2439;-1084.582;-2317.196
25304;-225.7819;-1083.83;-2313.54
25345;-222.691;-1083.648;-2312.527
25361;-222.9321;-1081.174;-2310.616
25412;-228.0788;-1080.213;-2310.601
25429;-230.6392;-1078.892;-2307.526
25462;-238.5419;-1075.078;-2305.018
25496;-240.6037;-1074.48;-2302.458
25530;-246.8214;-1074.312;-2303.298
25563;-246.5218;-1075.257;-2302.953
25597;-232.9504;-1080.681;-2296.345
25631;-223.8003;-1081.748;-2292.569
25664;-225.5421;-1082.433;-2293.411
25698;-231.3341;-1084.596;-2294.15
25739;-229.1016;-1087.133;-2293.192
25765;-228.2441;-1088.693;-2292.75
25799;-230.5035;-1089.452;-2293.602
25833;-231.815;-1090.275;-2294.488
25867;-230.0244;-1091.162;-2293.706
25903;-223.2044;-1093.16;-2295.161
25921;-224.6608;-1093.403;-2295.312
25970;-225.1667;-1092.804;-2294.553
25988;-233.6111;-1086.854;-2294.794
26021;-242.0983;-1082.699;-2295.415
26055;-243.1872;-1080.788;-2293.625
26089;-235.9215;-1081.025;-2290.8
26122;-227.5089;-1082.598;-2287.857
26172;-227.2086;-1084.292;-2288.139
26190;-229.4379;-1084.483;-2287.844
26223;-227.9144;-1085.826;-2289.244
26258;-230.2879;-1086.855;-2290.336
26316;-236.9242;-1085.973;-2288.421
26345;-232.848;-1086.596;-2287.478
26372;-232.515;-1087.577;-2286.86
26405;-234.5001;-1087.189;-2285.481
26439;-234.8492;-1088.227;-2284.969
26473;-233.4811;-1087.924;-2283.53
26507;-238.0127;-1086.62;-2280.207
26540;-239.861;-1088.335;-2282.17
26574;-234.9066;-1089.051;-2282.044
26607;-234.5672;-1090.011;-2283.007
26624;-234.7025;-1090.016;-2282.683
26658;-235.8092;-1089.701;-2282.52
26692;-235.7419;-1089.466;-2282.057
26741;-231.343;-1089.78;-2282.585
26767;-231.3448;-1090.368;-2282.995
26801;-234.5042;-1089.168;-2282.44
26834;-234.2001;-1091.088;-2287.774
26868;-231.9976;-1089.185;-2283.472
26902;-234.2791;-1087.454;-2283.118
26919;-238.0571;-1085.214;-2279.579
26959;-238.1345;-1084.569;-2279.465
27009;-237.0006;-1084.738;-2278.886
27081;-235.4197;-1084.946;-2278.441
27124;-245.6612;-1085.01;-2284.402
27140;-224.8178;-1086.106;-2278.142
27157;-233.4127;-1086.646;-2279.984
27191;-233.4885;-1085.785;-2281.069
27241;-232.794;-1085.141;-2280.782
27258;-230.5779;-1085.849;-2280.04
27292;-230.3703;-1085.891;-2280.084
27326;-229.7767;-1086.453;-2279.727
27360;-231.3918;-1085.613;-2278.94
27410;-230.5883;-1085.762;-2278.763
27427;-229.4823;-1086.462;-2279.54
27478;-230.596;-1086.06;-2279.428
27494;-230.9016;-1085.153;-2278.43
27545;-230.8814;-1085.004;-2278.838
27562;-230.2372;-1084.676;-2278.062
27612;-222.8596;-1085.832;-2276.717
27629;-232.3178;-1085.917;-2279.294
27675;-232.8509;-1085.348;-2278.246
27691;-233.1124;-1085.325;-2277.978
27741;-220.9352;-1085.609;-2274.343
27758;-222.6568;-1085.411;-2274.518
27793;-226.1253;-1085.28;-2274.692
27826;-230.4662;-1085.329;-2274.787
27859;-227.297;-1084.878;-2273.324
27893;-231.7072;-1086.743;-2273.408
27927;-226.5175;-1086.114;-2271.145
27961;-230.6179;-1086.972;-2271.901
27994;-231.5817;-1087.215;-2271.46
28028;-225.3024;-1087.065;-2270.201
28062;-228.8935;-1087.951;-2271.228
28095;-228.8706;-1088.39;-2270.167
28129;-228.4729;-1088.997;-2270.18
28163;-227.715;-1089.432;-2270.519
28196;-231.1369;-1088.535;-2271.31
28230;-230.374;-1088.691;-2270.698
28264;-231.1405;-1088.278;-2270.548
28297;-232.4936;-1088.096;-2268.499
28331;-232.4853;-1088.34;-2267.99
28365;-227.7829;-1091.026;-2265.759
28399;-226.1055;-1090.576;-2264.617
28433;-226.7118;-1090.595;-2264.797
28466;-225.1638;-1091.628;-2265.041
28501;-224.8128;-1092.008;-2265.203
28526;-226.5717;-1090.993;-2264.303
28559;-225.9312;-1091.545;-2264.649
28593;-226.763;-1092.076;-2264.682
28628;-229.6522;-1092.943;-2265.744
28678;-228.0988;-1092.458;-2263.925
28696;-228.8064;-1093.391;-2264.406
28729;-232.5968;-1092.362;-2263.972
28780;-239.2914;-1091.329;-2263.947
28796;-230.8144;-1093.877;-2264.286
28829;-252.8373;-1088.395;-2259.436
28862;-235.1505;-1094.451;-2262.661
28895;-248.8849;-1090.238;-2259.196
28929;-218.1503;-1098.916;-2273.704
28976;-238.7729;-1096.882;-2268.493
29003;-253.8474;-1088.653;-2258.951
29037;-231.7203;-1097.388;-2267.704
29070;-233.2412;-1096.57;-2266.498
29104;-241.0926;-1095.551;-2265.813
29138;-240.7762;-1095.378;-2266.068
29174;-241.0941;-1094.559;-2266.647
29191;-240.2389;-1094.552;-2266.059
29225;-240.3636;-1094.174;-2264.936
29258;-240.194;-1093.52;-2265.027
29292;-240.3564;-1093.417;-2264.638
29325;-239.7774;-1093.221;-2264.927
29359;-239.271;-1093.249;-2264.625
29410;-237.1151;-1093.336;-2264.367
29426;-238.0937;-1093.116;-2264.104
29477;-235.7686;-1093.262;-2263.98
29511;-235.921;-1093.306;-2263.96
29529;-234.056;-1093.429;-2265.363
29563;-233.1647;-1093.664;-2265.714
29596;-231.8658;-1094.154;-2267.138
29630;-232.2872;-1093.913;-2267.873
29664;-231.6085;-1093.905;-2268.622
29697;-233.4425;-1093.27;-2268.209
29731;-233.4317;-1093.004;-2267.916
29765;-234.7414;-1092.129;-2268.062
29815;-235.8752;-1091.962;-2268.306
29835;-235.6774;-1091.717;-2268.386
29868;-236.4715;-1090.521;-2269.414
29890;-234.9695;-1090.111;-2270.287
29935;-234.791;-1090.21;-2271.073
29969;-235.1646;-1090.137;-2271.162
30002;-236.2222;-1089.843;-2270.973
30019;-238.7783;-1090.226;-2272.465
30070;-239.9951;-1090.162;-2272.738
30104;-242.5391;-1089.593;-2273.328
30137;-244.9901;-1086.646;-2273.991
30155;-246.3998;-1083.461;-2275.567
30205;-246.84;-1080.84;-2276.687
30238;-239.8829;-1080.812;-2278.79
30272;-233.4607;-1080.885;-2280.035
30293;-229.8838;-1079.136;-2281.126
30339;-227.4272;-1078.955;-2282.608
30373;-224.3374;-1079.008;-2287.443
30391;-222.846;-1078.221;-2289.192
30429;-219.9874;-1079.949;-2297.793
30462;-221.2629;-1080.143;-2299.625
30512;-221.0387;-1078.246;-2300.633
30532;-224.1464;-1074.854;-2301.572
30566;-223.5247;-1071.972;-2301.394
30599;-224.6813;-1070.625;-2301.995
30633;-229.591;-1070.885;-2306.154
30667;-229.7251;-1069.528;-2306.884
30701;-230.4048;-1066.832;-2306.714
30719;-230.6298;-1066.369;-2306.772
30768;-231.7722;-1066.23;-2306.997
30802;-232.3472;-1066.591;-2307.644
30835;-231.6899;-1066.537;-2307.465
30869;-230.877;-1066.255;-2306.773
30902;-240.7823;-1066.174;-2307.204
30938;-240.2456;-1065.79;-2307.809
30970;-240.471;-1065.322;-2307.45
30993;-241.2659;-1065.102;-2307.754
31043;-238.6056;-1066.142;-2311.578
31061;-242.6438;-1070.589;-2323.647
31095;-248.6068;-1068.537;-2319.45
31151;-246.8054;-1066.458;-2316.149
31162;-245.0472;-1064.156;-2314.054
31196;-245.9294;-1063.437;-2313.358
31230;-246.8535;-1063.22;-2312.769
31263;-246.1277;-1062.798;-2312.043
31314;-250.4553;-1062.312;-2311.648
31331;-248.1358;-1062.336;-2311.065
31364;-248.5586;-1062.368;-2311.092
31398;-248.5004;-1061.835;-2311.241
31432;-249.5833;-1062.029;-2311.813
31465;-247.3016;-1063.169;-2310.733
31516;-247.8208;-1064.253;-2310.183
31537;-247.3799;-1067.031;-2309.428
31553;-246.4668;-1068.792;-2309.28
31620;-245.0268;-1069.547;-2308.856
31637;-247.0969;-1070.993;-2308.359
31654;-246.6265;-1073.235;-2307.85
31696;-244.6412;-1075.232;-2306.545
31726;-247.3895;-1078.837;-2310.547
31777;-248.6957;-1085.228;-2319.698
31794;-243.3486;-1089.666;-2316.902
31828;-252.5332;-1090.45;-2311.991
31861;-253.8091;-1092.254;-2309.913
31895;-257.53;-1093.081;-2307.162
31937;-248.9333;-1095.323;-2303.739
31971;-248.9573;-1097.194;-2303.509
32005;-245.2035;-1097.726;-2301.125
32038;-243.2561;-1099.074;-2301.193
32055;-240.6346;-1098.887;-2299.401
32089;-239.9111;-1099.465;-2299.281
32123;-251.218;-1099.17;-2299.084
32156;-249.9853;-1100.005;-2298.179
32207;-254.6181;-1100.764;-2300.116
32224;-252.5564;-1101.291;-2296.86
32258;-254.0341;-1101.725;-2298.451
32292;-230.056;-1102.831;-2298.277
32326;-230.906;-1105.408;-2299.312
32360;-231.7697;-1105.043;-2298.542
32393;-224.9814;-1104.002;-2298.88
32427;-215.9526;-1102.855;-2297.842
32461;-203.3885;-1102.308;-2296.119
32495;-218.2832;-1103.212;-2301.608
32528;-219.0626;-1101.682;-2301.668
32562;-219.6374;-1100.004;-2301.948
32595;-226.3685;-1104.967;-2312.534
32629;-225.0549;-1104.671;-2311.969
32663;-224.6552;-1104.724;-2312.446
32696;-222.8475;-1104.087;-2311.727
32730;-208.1994;-1103.269;-2308.094
32764;-218.5005;-1104.76;-2308.799
32798;-210.3585;-1105.98;-2306.544
32852;-224.6457;-1105.817;-2302.437
32868;-230.0362;-1111.981;-2316.138
32902;-232.8117;-1111.182;-2315.678
32936;-235.1511;-1112.029;-2318.027
32970;-236.9482;-1114.433;-2323.475
32987;-248.7496;-1112.016;-2328.244
33037;-240.0307;-1107.474;-2313.222
33054;-247.0328;-1105.664;-2310.53
33104;-243.42;-1105.379;-2308.453
33121;-241.6911;-1105.139;-2307.503
33172;-237.0703;-1100.464;-2303.422
33190;-238.7123;-1098.748;-2303.321
33222;-241.6508;-1097.453;-2302.465
33256;-240.8652;-1096.499;-2302.292
33290;-242.5444;-1095.552;-2303.331
33324;-242.3895;-1091.143;-2302.82
33357;-241.9181;-1089.775;-2302.919
33417;-241.9421;-1088.498;-2303.501
33486;-240.1812;-1087.347;-2303.954
33564;-240.6574;-1086.227;-2303.874
33584;-238.362;-1083.224;-2307.854
33601;-243.361;-1086.488;-2320.289
33618;-243.4751;-1084.955;-2318.465
33634;-246.4255;-1089.023;-2330.563
33668;-242.4217;-1085.5;-2323.285
33715;-240.854;-1084.363;-2322.721
33733;-241.5359;-1080.658;-2321.541
33766;-241.3921;-1079.062;-2322.57
33800;-241.9313;-1081.352;-2330.935
33834;-242.2526;-1078.501;-2326.22
33868;-244.022;-1076.223;-2323.695
33901;-243.0805;-1075.455;-2320.932
33935;-246.5348;-1074.928;-2318.93
33969;-244.5986;-1079.319;-2330.001
34002;-244.1993;-1079.715;-2330.954
34036;-247.015;-1079.734;-2326.209
34070;-246.9399;-1078.296;-2319.909
34103;-243.1635;-1078.122;-2317.102
34150;-242.326;-1078.816;-2315.63
34169;-242.4631;-1079.451;-2314.119
34202;-239.9644;-1079.47;-2312.382
34236;-239.8083;-1079.665;-2310.802
34270;-241.9232;-1081.179;-2309.335
34303;-240.3859;-1081.575;-2308.148
34337;-235.6157;-1082.83;-2306.791
34371;-235.2162;-1082.979;-2306.044
34404;-234.2736;-1082.912;-2305.022
34438;-234.6551;-1084.407;-2304.139
34455;-237.736;-1087.488;-2300.899
34492;-231.0543;-1101.748;-2334.134
34624;-227.8046;-1104.007;-2310.261
34678;-233.0126;-1105.293;-2303.836
34695;-228.6703;-1103.901;-2300.577
34711;-232.1164;-1109.658;-2308.675
34745;-243.1959;-1106.788;-2303.716
34762;-245.1192;-1106.536;-2303.996
34796;-244.6255;-1106.039;-2304.363
34829;-248.8462;-1105.03;-2304.631
34863;-249.1333;-1104.53;-2303.25
34897;-255.3956;-1103.183;-2306.149
34942;-253.0634;-1100.995;-2303.68
35024;-253.4806;-1100.177;-2303.355
35117;-253.8374;-1098.994;-2303.665
35137;-249.6484;-1098.047;-2302.753
35154;-257.8009;-1097.668;-2304.575
35177;-253.6891;-1097.123;-2303.291
35200;-262.1028;-1097.268;-2303.918
35234;-260.6537;-1097.784;-2304.891
35268;-259.8625;-1098.289;-2305.477
35302;-253.3858;-1100.698;-2301.159
35336;-263.8341;-1101.269;-2297.08
35369;-260.7591;-1102.071;-2295.74
35403;-254.8164;-1102.58;-2294.137
35421;-255.3946;-1102.602;-2293.411
35471;-251.4268;-1103.575;-2290.051
35505;-257.0601;-1103.267;-2288.357
35539;-261.9687;-1103.176;-2287.054
35555;-252.6346;-1104.687;-2285.505
35592;-254.3343;-1105.61;-2287.215
35626;-258.0479;-1106.58;-2288.847
35681;-259.7;-1107.201;-2290.218
35704;-252.1028;-1110.096;-2295.811
35728;-251.8653;-1110.309;-2296.156
35761;-252.7211;-1110.508;-2297.995
35801;-253.8531;-1110.619;-2298.64
35829;-252.9118;-1110.291;-2300.65
35862;-250.6189;-1107.718;-2302.769
35896;-248.3662;-1106.111;-2304.224
35947;-245.9644;-1104.837;-2305.004
35963;-244.0434;-1107.795;-2315.797
35997;-243.7925;-1106.015;-2315.514
36034;-245.7147;-1104.442;-2315.138
36054;-245.2669;-1103.179;-2315.191
36115;-252.5323;-1100.066;-2312.416
36132;-254.4866;-1108.419;-2338.84
36166;-255.9145;-1106.93;-2337.465
36200;-258.4424;-1101.046;-2327.245
36233;-266.6312;-1096.25;-2317.018
36267;-265.8863;-1094.673;-2315.886
36301;-266.1422;-1093.41;-2315.534
36334;-263.8207;-1092.598;-2314.868
36368;-262.8287;-1092.046;-2314.49
36402;-261.88;-1091.554;-2314.385
36435;-260.2042;-1091.209;-2314.803
36471;-256.6541;-1091.386;-2315.257
36504;-257.5009;-1090.934;-2314.92
36522;-257.6976;-1090.538;-2314.583
36572;-258.1308;-1090.023;-2314.202
36589;-257.3474;-1089.607;-2313.798
36640;-257.1096;-1088.822;-2313.531
36656;-253.638;-1093.509;-2325.052
36690;-253.1485;-1092.742;-2322.02
36723;-254.7664;-1092.16;-2316.245
36757;-255.1126;-1092.049;-2312.909
36792;-249.9761;-1096.366;-2320.156
36839;-249.7521;-1095.806;-2312.649
36856;-251.5979;-1096.137;-2306.87
36906;-251.8219;-1097.297;-2305.196
36923;-252.6731;-1098.184;-2303.344
36957;-252.7021;-1099.199;-2302.711
36991;-255.1082;-1099.726;-2299.178
37041;-241.748;-1103.772;-2296.881
37058;-241.5632;-1106.722;-2296.212
37092;-241.5119;-1107.948;-2295.835
37125;-242.8194;-1108.266;-2294.831
37159;-245.8141;-1107.898;-2293.841
37252;-238.3162;-1109.22;-2292.406
37318;-245.6666;-1108.383;-2295.346
37334;-250.1166;-1107.118;-2293.669
37368;-253.7489;-1105.814;-2290.76
37402;-247.6006;-1106.928;-2289.934
37435;-247.2751;-1107.772;-2290.407
37469;-231.5164;-1109.905;-2290.545
37503;-218.621;-1111.394;-2292.91
37536;-205.6363;-1114.227;-2293.206
37570;-202.6756;-1115.133;-2293.464
37587;-202.4496;-1115.622;-2293.808
37637;-196.7888;-1115.389;-2293.788
37654;-195.7745;-1116.713;-2295.594
37705;-204.5132;-1122.001;-2299.785
37722;-218.5945;-1123.071;-2299.994
37772;-224.9735;-1123.348;-2301.478
37791;-225.9518;-1122.997;-2302.202
37825;-226.8661;-1122.171;-2303.154
37861;-231.9814;-1120.337;-2304.136
37895;-234.1186;-1119.599;-2305.267
37946;-233.9547;-1119.133;-2306.056
37962;-234.4856;-1118.86;-2306.424
37997;-235.0613;-1118.978;-2306.847
38031;-234.5247;-1118.579;-2306.397
38064;-236.2899;-1118.613;-2307.272
38098;-242.5869;-1117.854;-2308.488
38132;-242.7202;-1116.935;-2308.459
38166;-241.4541;-1115.172;-2308.174
38199;-242.8585;-1112.213;-2308.052
38233;-243.2801;-1110.801;-2307.71
38267;-243.0395;-1107.887;-2307.291
38328;-242.3131;-1108.405;-2306.986
38428;-237.0935;-1105.692;-2305.476
38444;-232.3594;-1105.255;-2305.818
38473;-234.6949;-1102.03;-2305.778
38490;-236.2099;-1100.817;-2305.532
38524;-237.2033;-1100.266;-2305.406
38558;-236.9558;-1099.844;-2305.065
38591;-236.778;-1099.094;-2304.615
38625;-238.4888;-1097.351;-2303.858
38659;-239.4383;-1096.45;-2303.664
38692;-239.3613;-1095.956;-2303.817
38726;-239.6596;-1095.146;-2303.838
38760;-241.2152;-1093.827;-2303.253
38794;-247.2955;-1093.102;-2303.795
38827;-249.8335;-1091.672;-2303.999
38861;-248.533;-1091.56;-2304.917
38895;-248.9516;-1090.748;-2304.665
38928;-245.8204;-1090.88;-2304.979
38964;-243.3973;-1090.33;-2304.08
38990;-245.4903;-1091.54;-2307.491
39024;-246.4493;-1091.233;-2306.848
39058;-250.1637;-1089.752;-2306.309
39091;-251.5267;-1089.924;-2306.734
39125;-252.9847;-1089.922;-2307.004
39159;-253.4192;-1089.901;-2307.173
39193;-254.0369;-1090.066;-2307.176
39243;-251.8449;-1090.32;-2307.394
39260;-248.7853;-1092.459;-2306.478
39294;-248.8648;-1096.82;-2306.119
39327;-251.9696;-1097.406;-2305.298
39378;-255.8315;-1099.147;-2303.787
39395;-260.3796;-1103.378;-2302.728
39445;-254.0379;-1104.979;-2303.177
39480;-257.8332;-1105.12;-2301.685
39496;-256.0323;-1105.688;-2302.103
39530;-258.4525;-1105.661;-2302.072
39563;-258.0822;-1106.521;-2301.788
39614;-258.5146;-1106.512;-2301.713
39631;-257.2449;-1107.765;-2301.145
39682;-246.3791;-1113.47;-2305.711
39716;-243.0489;-1113.988;-2305.461
39749;-241.3504;-1115.245;-2305.777
39772;-229.6812;-1114.097;-2304.81
39801;-234.5069;-1111.499;-2307.084
39835;-228.5699;-1111.019;-2305.113
39869;-234.8852;-1112.106;-2308.692
39903;-236.3609;-1105.368;-2311.075
39937;-235.6977;-1103.835;-2310.367
39973;-233.2984;-1103.549;-2311.107
39989;-230.3011;-1103.248;-2311.222
40040;-226.9491;-1103.209;-2311.421
40057;-234.3061;-1102.74;-2311.853
40107;-247.0958;-1103.153;-2311.703
40141;-244.3005;-1107.869;-2308.711
40175;-248.6337;-1119.084;-2307.387
40192;-239.3188;-1121.364;-2306.885
40225;-243.5354;-1121.18;-2308.854
40259;-232.1108;-1118.548;-2303.486
40293;-245.4069;-1118.279;-2303.229
40326;-247.6445;-1117.924;-2303.716
40360;-244.7416;-1117.649;-2303.665
40394;-243.9368;-1119.426;-2303.109
40428;-236.2774;-1117.662;-2301.098
40461;-236.7027;-1116.17;-2301.07
40495;-243.3979;-1114.126;-2298.82
40529;-242.57;-1112.368;-2299.098
40562;-241.0408;-1113.314;-2309.252
40597;-240.0515;-1111.505;-2308.087
40631;-240.1806;-1109.145;-2307.876
40664;-236.2512;-1111.469;-2316.297
40698;-237.6721;-1106.485;-2312.203
40732;-235.8641;-1108.253;-2319.933
40766;-234.5558;-1110.714;-2328.886
40803;-236.2721;-1106.832;-2321.9
40839;-235.8317;-1109.185;-2330.277
40873;-235.709;-1108.249;-2328.916
40890;-237.0937;-1109.567;-2333.164
40985;-236.2464;-1106.143;-2329.605
41112;-238.9183;-1097.759;-2316.166
41159;-237.8128;-1096.666;-2314.209
41211;-236.5033;-1096.115;-2312.958
41228;-234.6174;-1095.71;-2312.196
41262;-235.9279;-1096.197;-2311.984
41296;-236.2657;-1097.116;-2311.069
41329;-236.0581;-1098.079;-2310.722
41364;-235.989;-1099.336;-2309.842
41398;-236.4554;-1099.887;-2309.181
41431;-236.4639;-1104.585;-2308.715
41465;-235.332;-1104.657;-2306.087
41500;-237.4261;-1105.51;-2305.224
41534;-237.9588;-1108.854;-2303.474
41567;-233.5215;-1112.531;-2301.689
41601;-237.6725;-1114.631;-2300.12
41635;-237.2589;-1115.263;-2298.273
41669;-237.0894;-1116.136;-2297.39
41717;-236.248;-1117.328;-2296.312
41767;-238.9397;-1117.483;-2296.195
41784;-239.5133;-1117.963;-2295.782
41818;-230.7195;-1118.134;-2293.825
41868;-232.0609;-1118.997;-2293.05
41886;-196.3866;-1123.208;-2302.98
41936;-210.4081;-1122.13;-2298.257
41969;-210.694;-1122.948;-2298.437
42003;-213.239;-1124.019;-2297.593
42020;-210.4425;-1123.912;-2297.004
42071;-207.5141;-1124.056;-2296.176
42088;-215.1338;-1122.633;-2293.708
42138;-214.5976;-1122.0;-2292.914
42172;-216.5584;-1120.601;-2290.237
42189;-225.6617;-1120.649;-2290.52
42240;-240.123;-1119.315;-2293.699
42257;-233.6939;-1118.656;-2291.531
42307;-237.3845;-1119.142;-2292.655
42341;-238.478;-1119.106;-2291.916
42358;-242.0341;-1119.447;-2292.309
42391;-244.5383;-1120.333;-2294.736
42425;-244.3219;-1119.838;-2294.162
42459;-249.8087;-1119.133;-2293.737
42492;-249.4617;-1119.268;-2294.331
42526;-251.593;-1118.762;-2294.643
42561;-250.438;-1118.288;-2295.915
42611;-251.1936;-1116.295;-2296.169
42628;-255.6821;-1113.202;-2296.378
42662;-255.4489;-1111.174;-2297.057
42696;-256.7175;-1107.551;-2297.815
42729;-253.8797;-1106.692;-2299.129
42763;-254.3024;-1106.863;-2300.128
42797;-254.8232;-1105.665;-2299.486
42831;-256.7094;-1108.608;-2312.247
42864;-252.9918;-1111.03;-2322.547
42898;-252.542;-1111.091;-2324.328
42932;-253.1195;-1112.068;-2331.088
42965;-253.2364;-1109.347;-2325.317
43001;-248.6436;-1107.782;-2323.868
43026;-247.2946;-1108.493;-2330.227
43061;-243.5534;-1108.933;-2332.288
43093;-242.5556;-1106.393;-2325.937
43144;-240.2842;-1105.441;-2323.53
43161;-239.6274;-1102.709;-2316.789
43195;-240.2514;-1097.911;-2314.557
43228;-239.5413;-1096.079;-2313.583
43279;-239.5725;-1095.443;-2313.539
43296;-238.8432;-1102.025;-2331.725
43330;-237.0983;-1097.705;-2323.292
43363;-237.8472;-1096.006;-2320.048
43397;-240.5072;-1093.518;-2315.287
43430;-242.3203;-1091.906;-2313.023
43464;-240.5794;-1090.842;-2311.035
43498;-229.4804;-1089.151;-2307.683
43531;-232.0056;-1093.48;-2318.59
43582;-232.0079;-1092.044;-2315.057
43616;-232.8774;-1091.212;-2312.096
43634;-232.912;-1090.119;-2309.233
43667;-232.4529;-1089.531;-2307.499
43701;-237.4722;-1089.36;-2306.373
43752;-238.6017;-1089.658;-2306.344
43769;-240.4214;-1089.46;-2305.408
43802;-240.9492;-1090.41;-2306.255
43836;-239.2015;-1090.921;-2305.368
43853;-240.9249;-1090.927;-2304.344
43904;-242.9522;-1091.02;-2304.076
43937;-243.1683;-1093.639;-2303.5
43956;-245.3238;-1093.759;-2302.489
44004;-251.9023;-1094.266;-2300.837
44037;-251.0513;-1096.286;-2301.682
44071;-242.3603;-1099.787;-2301.457
44105;-243.0769;-1103.234;-2301.59
44139;-245.9288;-1105.074;-2301.252
44172;-246.8627;-1106.541;-2301.613
44206;-251.0485;-1106.875;-2300.915
44241;-250.7341;-1108.13;-2301.089
44258;-246.707;-1108.998;-2300.408
44295;-248.4959;-1110.168;-2300.046
44329;-249.5014;-1110.844;-2299.607
44385;-250.0075;-1113.058;-2299.25
44402;-243.9859;-1114.855;-2299.317
44435;-243.9174;-1114.578;-2300.181
44469;-239.8899;-1114.33;-2299.292
44502;-226.1488;-1114.016;-2298.978
44536;-231.6595;-1112.013;-2303.32
44570;-226.8195;-1111.697;-2303.462
44604;-230.8671;-1113.124;-2304.61
44637;-239.1324;-1114.693;-2302.704
44671;-239.9494;-1116.663;-2301.442
44705;-247.9787;-1116.05;-2300.394
44739;-247.6121;-1116.61;-2300.302
44772;-247.423;-1117.577;-2300.943
44806;-246.5351;-1118.669;-2300.704
44823;-247.0648;-1118.865;-2300.365
44873;-245.6812;-1119.2;-2300.039
44907;-249.8004;-1118.637;-2299.328
44941;-240.0126;-1118.445;-2299.387
44974;-241.1778;-1117.484;-2298.902
44991;-242.7692;-1115.617;-2299.002
45025;-242.0403;-1114.169;-2298.822
45059;-243.1271;-1111.636;-2299.444
45092;-240.6302;-1108.966;-2299.072
45143;-238.2237;-1107.238;-2298.908
45160;-236.7216;-1103.401;-2298.627
45193;-239.0663;-1102.495;-2299.381
45227;-240.5606;-1100.751;-2300.032
45261;-240.191;-1100.665;-2301.524
45311;-240.5348;-1099.621;-2302.018
45328;-239.1081;-1097.236;-2304.257
45362;-243.3527;-1096.179;-2304.836
45396;-241.756;-1096.018;-2304.812
45429;-241.974;-1096.182;-2306.302
45463;-241.2439;-1095.792;-2305.886
45497;-241.0116;-1095.292;-2305.806
45533;-240.4877;-1094.719;-2305.901
45567;-240.7906;-1094.302;-2306.256
45600;-238.7426;-1094.135;-2306.182
45641;-234.7277;-1093.424;-2305.423
45675;-233.2567;-1093.112;-2304.652
45693;-234.9658;-1092.486;-2304.857
45743;-234.377;-1092.707;-2304.61
45764;-234.5257;-1093.108;-2304.576
45795;-235.3027;-1093.411;-2304.137
45828;-236.6335;-1093.809;-2304.352
45878;-238.1568;-1094.299;-2304.337
45895;-235.6311;-1096.45;-2303.729
45946;-237.7374;-1097.654;-2302.545
45980;-239.1331;-1099.13;-2302.16
45999;-240.979;-1099.779;-2302.813
46033;-242.3307;-1103.315;-2302.472
46083;-242.2885;-1106.981;-2302.418
46100;-244.5945;-1108.38;-2300.929
46134;-244.3901;-1109.294;-2300.252
46168;-242.3713;-1111.083;-2298.478
46201;-247.1454;-1110.636;-2298.995
46235;-246.0731;-1110.708;-2298.274
46269;-245.1859;-1111.351;-2298.629
46302;-241.6019;-1111.698;-2299.795
46336;-246.1047;-1111.448;-2301.614
46371;-246.256;-1111.371;-2301.602
46394;-247.0433;-1111.615;-2301.016
46444;-245.7365;-1112.663;-2300.979
46479;-233.7459;-1112.3;-2298.219
46496;-230.3262;-1113.683;-2296.598
46530;-232.3244;-1113.762;-2297.633
46580;-224.1662;-1115.704;-2300.01
46597;-223.4198;-1116.266;-2299.816
46630;-219.5019;-1117.214;-2301.762
46664;-223.5309;-1118.673;-2303.694
46698;-225.8877;-1120.384;-2305.788
46731;-224.8272;-1121.29;-2306.515
46765;-233.4266;-1123.356;-2310.149
46799;-242.9916;-1123.206;-2312.479
46833;-243.4374;-1124.154;-2312.078
46867;-239.3344;-1124.296;-2310.045
46900;-243.8871;-1124.649;-2311.337
46934;-244.4009;-1124.842;-2311.828
46971;-244.8737;-1124.766;-2311.501
47005;-241.7008;-1123.869;-2309.645
47039;-247.7868;-1122.88;-2308.306
47066;-251.4087;-1122.876;-2309.422
47099;-252.8214;-1122.391;-2309.322
47133;-252.3955;-1119.769;-2308.109
47167;-250.3024;-1117.723;-2306.646
47200;-248.6124;-1116.592;-2307.008
47234;-248.292;-1114.284;-2306.571
47292;-244.0355;-1112.924;-2306.924
47309;-243.6682;-1110.323;-2306.692
47325;-247.3378;-1106.556;-2306.538
47359;-248.7801;-1105.004;-2306.4
47395;-246.2294;-1102.962;-2306.41
47428;-245.0362;-1101.572;-2306.896
47470;-244.8118;-1100.164;-2306.841
47504;-245.8436;-1100.306;-2307.839
47521;-247.4641;-1099.126;-2307.797
47572;-247.3618;-1098.831;-2307.765
47605;-249.1745;-1096.824;-2308.042
47623;-249.2428;-1096.815;-2308.005
47673;-245.0977;-1096.919;-2307.689
47707;-243.8649;-1096.888;-2307.672
47723;-242.1017;-1096.89;-2307.407
47774;-242.0221;-1096.744;-2307.185
47791;-243.151;-1095.938;-2307.528
47824;-243.5613;-1096.111;-2307.549
47864;-244.2228;-1096.47;-2307.571
47897;-245.0635;-1096.957;-2307.989
47930;-249.3706;-1097.684;-2307.989
47964;-248.1242;-1100.193;-2308.914
47998;-249.9741;-1101.379;-2308.933
48031;-249.3512;-1105.175;-2311.318
48065;-251.9014;-1105.577;-2310.918
48099;-253.8717;-1107.06;-2311.437
48132;-255.5944;-1109.355;-2310.398
48167;-256.5783;-1112.382;-2308.034
48200;-253.6684;-1113.355;-2306.606
48233;-253.8007;-1113.109;-2306.595
48267;-255.2483;-1112.89;-2307.449
48301;-254.0666;-1113.664;-2307.983
48335;-253.7837;-1114.839;-2307.186
48368;-260.2701;-1116.287;-2310.202
48402;-258.1233;-1116.475;-2309.445
48475;-251.0509;-1117.169;-2308.618
48491;-244.0222;-1115.956;-2306.642
48542;-236.3731;-1115.879;-2305.438
48561;-227.2279;-1118.083;-2310.021
48653;-223.2451;-1117.607;-2309.252
48686;-223.2503;-1116.971;-2309.734
48702;-225.8017;-1117.829;-2311.04
48736;-223.9601;-1119.673;-2310.293
48770;-234.8666;-1119.383;-2307.075
48803;-236.9887;-1119.379;-2307.576
48837;-241.5044;-1120.182;-2309.685
48871;-242.6472;-1117.236;-2310.248
48904;-251.584;-1116.376;-2306.289
48955;-251.2054;-1117.114;-2305.326
48973;-249.7921;-1117.915;-2304.702
49010;-251.9595;-1118.257;-2305.209
49043;-251.717;-1119.311;-2306.664
49060;-248.2384;-1118.895;-2304.046
49094;-244.7837;-1120.666;-2302.641
49128;-247.0237;-1120.909;-2302.697
49161;-247.4093;-1121.45;-2302.322
49195;-248.1929;-1120.621;-2302.101
49229;-248.7189;-1119.523;-2301.693
49262;-250.5616;-1117.635;-2301.346
49296;-250.8456;-1116.032;-2301.047
49330;-250.1202;-1114.72;-2301.246
49364;-250.4408;-1112.54;-2301.098
49397;-249.5618;-1111.428;-2301.188
49431;-246.6128;-1108.599;-2301.461
49464;-247.1009;-1106.76;-2301.916
49498;-245.3234;-1105.824;-2303.016
49546;-244.2817;-1104.509;-2303.041
49557;-242.8943;-1103.353;-2303.445
49607;-238.7946;-1102.967;-2303.784
49641;-238.4447;-1100.569;-2303.759
49675;-237.9762;-1099.686;-2304.132
49710;-236.7115;-1098.128;-2304.123
49730;-236.545;-1095.997;-2304.385
49773;-235.7653;-1096.636;-2306.271
49806;-235.1873;-1096.126;-2306.417
49827;-235.4866;-1095.898;-2306.223
49893;-235.9494;-1093.762;-2306.635
49911;-236.268;-1093.81;-2306.405
49947;-236.6122;-1093.75;-2306.452
49963;-236.9142;-1092.899;-2306.646
50016;-237.9134;-1093.665;-2306.799
50033;-238.7775;-1095.32;-2306.95
50054;-235.541;-1096.311;-2306.173
50104;-237.5277;-1097.681;-2306.227
50138;-238.3625;-1100.016;-2306.559
50172;-240.1635;-1101.835;-2306.905
50189;-241.8546;-1107.861;-2306.483
50261;-238.8037;-1112.669;-2305.406
50295;-238.6997;-1114.61;-2304.092
50371;-243.8079;-1118.116;-2303.036
50387;-243.7124;-1118.981;-2301.926
50408;-244.2557;-1120.423;-2301.452
50441;-245.9038;-1120.725;-2303.159
50459;-236.8326;-1121.174;-2303.331
50492;-238.2769;-1119.643;-2298.892
50526;-239.2107;-1119.549;-2298.597
50559;-236.6856;-1121.5;-2298.5
50593;-235.9949;-1124.08;-2301.547
50643;-229.1313;-1124.773;-2299.406
50660;-218.1062;-1125.674;-2299.839
50694;-212.3632;-1126.64;-2301.186
50728;-189.0067;-1127.032;-2304.451
50762;-196.0782;-1127.6;-2303.504
50795;-187.8221;-1128.504;-2307.031
50829;-191.1811;-1129.001;-2307.737
50862;-205.9965;-1129.34;-2305.716
50899;-206.7949;-1130.999;-2307.351
50933;-209.9332;-1130.559;-2306.705
50967;-211.4335;-1130.339;-2305.877
51001;-213.7556;-1130.148;-2304.214
51035;-216.9042;-1128.741;-2304.486
51068;-223.8128;-1126.783;-2302.448
51283;-224.1308;-1125.943;-2302.257
51426;-226.584;-1124.624;-2301.136
51460;-229.1178;-1107.352;-2298.06
51511;-231.7341;-1105.709;-2297.854
51528;-232.0565;-1104.07;-2298.027
51562;-233.289;-1102.372;-2298.764
51595;-233.286;-1100.185;-2298.406
51630;-233.3521;-1099.347;-2298.885
51677;-231.1145;-1097.716;-2298.516
51694;-230.8361;-1094.403;-2298.413
51745;-237.2176;-1093.433;-2299.757
51779;-236.2223;-1092.958;-2299.646
51813;-235.9675;-1091.771;-2300.248
51846;-235.5676;-1090.931;-2300.497
51880;-238.5919;-1090.786;-2300.701
51896;-237.6778;-1089.913;-2301.073
51930;-236.6673;-1089.53;-2301.871
51981;-235.5343;-1088.674;-2301.131
52015;-234.8974;-1086.61;-2300.423
52031;-235.4453;-1086.438;-2300.165
52065;-233.629;-1087.267;-2301.351
52099;-234.3828;-1088.368;-2304.598
52132;-235.0348;-1089.012;-2304.186
52166;-235.6025;-1089.765;-2304.229
52200;-234.4733;-1090.478;-2303.335
52234;-232.807;-1090.98;-2303.251
52267;-234.2668;-1091.942;-2302.733
52301;-235.4019;-1095.294;-2302.906
52335;-232.5718;-1098.602;-2303.245
52368;-231.9632;-1099.756;-2303.496
52403;-233.5651;-1104.813;-2301.657
52436;-236.6952;-1109.44;-2301.365
52469;-236.0376;-1114.341;-2301.017
52503;-237.3161;-1114.639;-2301.03
52537;-238.8179;-1116.322;-2301.087
52570;-245.9338;-1115.216;-2298.212
52604;-248.374;-1115.886;-2298.621
52638;-248.0087;-1117.402;-2299.077
52671;-249.1121;-1118.267;-2299.577
52705;-249.1262;-1119.887;-2298.196
52739;-250.9609;-1120.434;-2298.95
52773;-228.2241;-1121.566;-2297.455
52789;-219.8983;-1123.166;-2298.123
52823;-223.221;-1120.88;-2292.958
52874;-221.5058;-1120.795;-2293.07
52891;-221.542;-1119.74;-2290.705
52924;-215.1759;-1124.979;-2303.756
52958;-218.415;-1124.223;-2300.963
52992;-215.7861;-1123.89;-2300.167
53033;-226.6684;-1122.896;-2297.096
53060;-218.8556;-1122.642;-2294.488
53110;-226.845;-1123.562;-2299.137
53128;-211.7039;-1122.586;-2294.838
53161;-211.4598;-1122.133;-2293.52
53211;-210.1871;-1123.83;-2292.73
53230;-209.1428;-1124.299;-2291.046
53264;-212.3343;-1124.422;-2288.503
53298;-215.4581;-1127.692;-2293.281
53331;-217.8619;-1126.855;-2291.202
53365;-222.8939;-1125.026;-2285.98
53399;-217.2238;-1124.89;-2286.253
53432;-223.8159;-1123.378;-2281.056
53468;-229.242;-1122.96;-2278.704
53500;-231.052;-1122.096;-2276.716
53534;-233.5249;-1121.751;-2275.51
53567;-234.2056;-1121.561;-2275.36
53601;-233.944;-1121.015;-2273.517
53635;-235.5785;-1120.235;-2271.766
53668;-236.1249;-1120.219;-2271.839
53702;-237.4648;-1119.581;-2270.813
53736;-238.7336;-1119.087;-2269.739
53753;-241.3969;-1118.52;-2268.31
53803;-244.2449;-1118.808;-2269.119
53837;-232.6914;-1118.832;-2268.106
53854;-234.0127;-1118.704;-2268.091
53904;-219.0612;-1119.634;-2270.513
53938;-222.56;-1119.908;-2270.797
53955;-226.6894;-1119.883;-2270.074
54005;-228.5208;-1119.897;-2270.4
54039;-229.7036;-1120.283;-2270.464
54073;-214.4397;-1121.092;-2272.578
54089;-216.2258;-1121.069;-2272.568
54140;-210.2584;-1121.035;-2272.886
54174;-205.3256;-1122.116;-2275.721
54191;-201.6654;-1122.509;-2276.643
54241;-200.7493;-1122.481;-2276.958
54258;-214.0924;-1122.272;-2275.206
54292;-210.2893;-1122.315;-2276.014
54342;-212.0667;-1122.286;-2275.904
54376;-217.9639;-1121.308;-2274.489
54393;-220.031;-1121.246;-2274.424
54443;-220.221;-1120.773;-2273.638
54477;-232.0849;-1119.281;-2272.699
54494;-234.65;-1118.413;-2272.688
54544;-237.1156;-1116.936;-2271.939
54562;-239.5339;-1116.079;-2270.921
54601;-243.2724;-1115.133;-2270.372
54635;-244.4979;-1114.536;-2270.108
54668;-246.7664;-1113.823;-2269.917
54704;-247.644;-1113.388;-2270.17
54738;-248.712;-1112.878;-2269.62
54759;-250.627;-1112.336;-2268.612
54793;-251.5745;-1111.884;-2268.158
54827;-253.3199;-1112.255;-2268.431
54861;-251.7235;-1116.825;-2278.891
54911;-250.7724;-1116.377;-2277.809
54928;-250.9303;-1115.931;-2276.765
54961;-250.7905;-1115.837;-2276.254
54995;-251.9992;-1115.42;-2275.873
55029;-251.984;-1115.085;-2275.874
55079;-250.5316;-1115.022;-2275.678
55096;-249.9191;-1114.651;-2275.143
55130;-253.1352;-1113.824;-2273.966
55163;-252.5326;-1113.75;-2273.862
55214;-252.9826;-1113.968;-2274.502
55231;-252.8075;-1115.067;-2277.492
55264;-252.2698;-1114.772;-2276.922
55315;-247.1606;-1120.611;-2290.401
55332;-245.8741;-1121.715;-2291.601
55366;-245.9921;-1120.971;-2288.93
55404;-246.3266;-1119.026;-2284.301
55433;-246.0506;-1118.562;-2283.156
55467;-245.1188;-1118.113;-2282.176
55517;-230.3723;-1119.187;-2282.329
55534;-219.7266;-1117.345;-2278.493
55568;-215.0091;-1116.488;-2276.949
55602;-204.1631;-1117.704;-2281.115
55635;-198.6749;-1116.762;-2278.739
55669;-194.0796;-1118.007;-2282.378
55719;-190.4842;-1116.592;-2279.085
55736;-186.9865;-1116.097;-2277.384
55770;-185.9964;-1115.784;-2274.692
55804;-179.722;-1115.035;-2273.31
55837;-182.077;-1114.321;-2269.498
55871;-180.8861;-1112.95;-2266.207
55905;-179.1995;-1113.781;-2266.824
55939;-177.58;-1113.694;-2266.771
55956;-176.8177;-1114.213;-2267.103
56007;-157.5239;-1108.811;-2264.764
56026;-147.0994;-1106.384;-2264.324
56074;-164.7052;-1107.955;-2256.938
56108;-175.9288;-1109.84;-2253.918
56125;-181.8091;-1111.843;-2253.469
56178;-183.2752;-1111.935;-2252.688
56211;-183.1832;-1111.371;-2252.331
56232;-188.5959;-1113.745;-2253.857
56265;-181.3522;-1113.862;-2253.114
56299;-187.7794;-1112.24;-2247.004
56333;-201.0134;-1107.885;-2234.277
56366;-205.5959;-1105.956;-2229.831
56400;-210.3015;-1104.593;-2226.081
56434;-212.7915;-1102.394;-2221.3
56467;-217.7896;-1100.356;-2216.404
56488;-218.91;-1099.634;-2214.776
56539;-220.95;-1097.514;-2209.59
56572;-222.206;-1094.536;-2203.672
56606;-224.4019;-1091.546;-2196.792
56640;-224.0743;-1088.786;-2192.336
56657;-224.7824;-1088.823;-2191.021
56707;-221.4163;-1088.602;-2190.393
56741;-220.1932;-1089.21;-2192.265
56775;-231.4814;-1089.509;-2190.267
56802;-238.6152;-1087.554;-2186.09
56836;-237.7167;-1086.659;-2186.796
56870;-246.5615;-1085.657;-2186.933
56921;-254.5251;-1084.276;-2185.684
56937;-255.8534;-1084.148;-2184.043
56988;-261.7779;-1082.324;-2183.605
57007;-272.148;-1081.714;-2182.141
57024;-289.1909;-1075.475;-2171.142
57060;-294.8977;-1074.652;-2169.251
57094;-291.2184;-1076.802;-2172.378
57127;-295.5879;-1075.288;-2168.612
57161;-301.3382;-1078.182;-2172.73
57195;-306.0298;-1077.67;-2173.419
57245;-309.8867;-1078.013;-2175.142
57262;-308.7608;-1078.329;-2177.146
57313;-309.3641;-1078.205;-2179.976
57329;-308.0305;-1077.614;-2181.121
57363;-310.6701;-1076.566;-2181.624
57397;-297.1672;-1082.446;-2194.937
57431;-301.1404;-1081.846;-2194.594
57465;-306.5004;-1081.636;-2193.802
57498;-308.2992;-1080.682;-2192.975
57532;-310.1685;-1078.665;-2192.567
57561;-311.4188;-1076.674;-2191.59
57595;-311.8581;-1074.914;-2190.301
57628;-265.9632;-1079.828;-2208.954
57662;-263.1472;-1079.091;-2209.805
57696;-261.3434;-1079.74;-2210.556
57729;-262.5511;-1080.271;-2210.688
57763;-258.1024;-1081.473;-2213.133
57797;-253.8361;-1083.246;-2217.591
57831;-247.847;-1084.062;-2220.779
57864;-242.9074;-1084.602;-2223.426
57898;-241.7411;-1085.583;-2225.414
57932;-240.2828;-1086.097;-2226.661
57965;-237.4369;-1087.408;-2230.059
58000;-235.7638;-1086.999;-2230.346
58050;-234.6066;-1087.524;-2231.531
58066;-229.1992;-1087.084;-2233.625
58100;-225.2542;-1086.638;-2234.99
58178;-219.9415;-1086.006;-2236.575
58194;-218.2957;-1084.892;-2236.664
58211;-218.7782;-1085.065;-2236.782
58227;-218.5239;-1085.758;-2237.184
58261;-219.459;-1086.599;-2237.025
58296;-220.49;-1088.193;-2236.37
58356;-221.0502;-1089.159;-2235.464
58373;-222.8039;-1090.044;-2234.072
58407;-220.555;-1090.264;-2233.235
58440;-223.397;-1091.494;-2230.565
58457;-224.0408;-1092.862;-2229.485
58508;-229.9378;-1093.036;-2224.65
58524;-233.8444;-1092.999;-2219.727
58558;-235.5416;-1093.686;-2219.394
58609;-235.9211;-1092.667;-2219.362
58626;-233.8064;-1092.34;-2219.935
58660;-233.3583;-1093.165;-2220.176
58710;-232.9645;-1093.688;-2219.8
58743;-233.1081;-1094.093;-2219.003
58760;-233.0815;-1095.184;-2219.02
58794;-233.7007;-1096.005;-2219.469
58828;-236.8588;-1096.411;-2217.99
58862;-233.3584;-1095.55;-2219.519
58895;-234.155;-1096.181;-2220.324
58946;-234.5778;-1097.751;-2219.759
58962;-232.4757;-1097.937;-2219.49
59013;-231.9755;-1097.505;-2219.621
59030;-229.6824;-1097.179;-2219.263
59081;-224.1414;-1097.926;-2220.397
59097;-222.6266;-1096.499;-2217.17
59148;-219.7938;-1097.986;-2219.819
59165;-222.1963;-1099.285;-2220.06
59232;-221.3604;-1100.168;-2220.8
59257;-219.4251;-1100.936;-2220.457
59313;-220.295;-1100.901;-2219.47
59346;-223.8572;-1101.918;-2218.021
59380;-229.7135;-1101.113;-2213.531
59408;-236.1181;-1099.028;-2205.138
59433;-239.7485;-1100.971;-2206.154
59467;-247.8598;-1101.068;-2202.387
59500;-251.4901;-1101.008;-2200.79
59534;-252.9836;-1099.817;-2200.381
59568;-261.0371;-1099.79;-2198.874
59601;-261.7287;-1099.826;-2199.933
59635;-262.3417;-1098.538;-2199.082
59669;-264.5523;-1097.816;-2197.894
59702;-264.9672;-1096.527;-2197.511
59736;-266.7373;-1094.904;-2195.62
59770;-268.0063;-1094.098;-2195.24
59803;-268.861;-1092.904;-2195.382
59837;-271.4765;-1091.947;-2194.39
59862;-270.6394;-1090.961;-2194.605
59901;-269.5056;-1089.56;-2194.38
59934;-270.5613;-1088.93;-2195.596
59968;-273.5309;-1088.029;-2194.728
60002;-272.7988;-1087.964;-2195.769
60038;-273.1798;-1086.976;-2196.2
60072;-272.4252;-1086.344;-2196.997
60104;-272.1696;-1085.601;-2198.07
60130;-272.2083;-1085.237;-2198.681
60181;-271.5565;-1085.165;-2199.689
60199;-270.9143;-1085.147;-2200.538
60248;-270.7704;-1085.136;-2200.722
60282;-269.612;-1085.43;-2202.456
60299;-314.4856;-1076.505;-2181.903
60332;-305.2362;-1080.647;-2190.209
60383;-299.1232;-1083.297;-2193.734
60400;-312.0062;-1078.531;-2183.498
60433;-303.9734;-1082.554;-2190.151
60468;-299.1066;-1085.756;-2193.523
60518;-310.8794;-1082.556;-2183.812
60535;-316.1932;-1079.087;-2176.995
60569;-314.507;-1077.744;-2173.566
60603;-300.0341;-1086.102;-2188.947
60637;-296.9287;-1087.316;-2187.497
60670;-291.7966;-1089.995;-2191.036
60704;-288.6523;-1089.376;-2190.165
60738;-305.9355;-1084.418;-2179.876
60771;-310.6067;-1084.58;-2174.119
60805;-313.2005;-1082.456;-2172.002
60839;-315.3635;-1080.546;-2169.866
60873;-313.9623;-1080.252;-2169.267
60906;-317.6553;-1079.037;-2167.937
60940;-318.8285;-1078.385;-2166.95
60974;-321.312;-1078.352;-2166.91
61051;-319.4298;-1078.904;-2167.951
61171;-319.9881;-1079.223;-2168.114
61188;-273.496;-1089.84;-2191.037
61223;-267.357;-1091.376;-2194.935
61275;-234.1657;-1089.861;-2206.842
61292;-210.7531;-1082.536;-2214.541
61326;-230.7196;-1093.434;-2212.044
61376;-227.6928;-1094.339;-2214.698
61393;-224.5313;-1095.558;-2217.331
61427;-221.8826;-1095.86;-2218.933
61478;-218.5763;-1095.949;-2222.222
61494;-213.2032;-1097.537;-2231.48
61545;-217.2141;-1097.923;-2227.244
61562;-229.1022;-1096.124;-2213.254
61596;-230.9221;-1096.065;-2212.248
61631;-231.5184;-1095.366;-2211.257
61658;-231.8152;-1095.668;-2211.292
61709;-232.0006;-1095.65;-2211.172
61726;-233.3;-1096.136;-2211.001
61776;-233.7396;-1095.78;-2210.143
61810;-233.664;-1096.003;-2209.753
61827;-235.1704;-1095.358;-2208.114
61877;-272.3068;-1090.897;-2187.908
61894;-256.8868;-1091.8;-2196.181
61931;-253.776;-1092.0;-2199.413
61964;-254.2375;-1089.684;-2200.084
62001;-271.8718;-1083.829;-2186.523
62034;-264.7803;-1083.489;-2193.777
62068;-260.9619;-1082.883;-2195.605
62163;-261.829;-1082.987;-2196.777
62231;-258.6263;-1085.138;-2206.312
62270;-261.4869;-1085.651;-2209.414
62291;-259.4506;-1086.203;-2211.468
62341;-259.5565;-1085.667;-2212.284
62375;-257.2813;-1086.268;-2214.647
62392;-257.2433;-1085.894;-2214.598
62426;-254.8874;-1086.044;-2215.66
62459;-254.4918;-1086.294;-2216.215
62493;-253.9389;-1086.491;-2216.7
62543;-251.03;-1086.624;-2218.025
62560;-248.2222;-1086.642;-2219.098
62594;-248.4029;-1087.974;-2218.919
62645;-253.5363;-1087.673;-2215.143
62661;-252.361;-1087.952;-2215.025
62712;-251.949;-1088.56;-2215.098
62729;-250.7197;-1090.462;-2217.048
62779;-249.777;-1093.663;-2216.869
62803;-254.5328;-1096.29;-2215.149
62849;-258.9839;-1098.077;-2211.705
62867;-259.4557;-1098.531;-2211.075
62901;-269.5367;-1098.504;-2207.307
62938;-270.3718;-1098.607;-2206.516
62972;-269.6459;-1099.03;-2206.751
62992;-270.041;-1098.849;-2206.306
63040;-270.4667;-1099.55;-2205.919
63073;-275.5695;-1098.087;-2203.54
63113;-296.2606;-1089.629;-2184.284
63130;-274.2753;-1095.748;-2199.329
63163;-268.6822;-1096.952;-2203.216
63197;-267.2545;-1097.253;-2203.649
63244;-266.9914;-1096.903;-2203.704
63273;-268.726;-1096.644;-2202.264
63323;-268.7029;-1096.537;-2202.604
63340;-269.584;-1096.289;-2202.942
63374;-270.7679;-1096.028;-2202.325
63408;-272.7221;-1095.254;-2200.758
63441;-273.9403;-1095.046;-2200.622
63475;-276.3907;-1095.724;-2201.139
63509;-277.7138;-1095.737;-2201.182
63529;-299.7051;-1085.533;-2179.854
63576;-306.6089;-1083.147;-2174.785
63611;-312.9715;-1082.49;-2173.351
63792;-317.6772;-1081.249;-2170.922
63810;-319.3943;-1079.662;-2167.217
63843;-300.8921;-1087.476;-2180.913
63860;-296.8566;-1089.721;-2184.861
63896;-295.4406;-1089.404;-2185.981
63930;-306.9136;-1083.528;-2175.972
63968;-313.1563;-1080.881;-2172.019
64002;-316.9853;-1077.966;-2168.99
64036;-321.7268;-1076.564;-2167.438
64070;-324.3239;-1074.652;-2166.085
64103;-325.5992;-1072.681;-2164.924
64137;-326.5039;-1070.577;-2164.658
64171;-328.1361;-1070.291;-2165.847
64205;-330.4211;-1069.407;-2165.717
64238;-330.1475;-1067.891;-2165.648
64272;-308.341;-1077.805;-2181.549
64305;-303.3114;-1079.938;-2186.65
64340;-298.3001;-1081.489;-2190.272
64374;-295.8912;-1082.205;-2192.911
64398;-289.5223;-1083.821;-2198.782
64431;-283.8232;-1085.584;-2203.483
64465;-283.7574;-1085.596;-2203.547
64499;-281.0935;-1085.5;-2203.531
64549;-281.2883;-1085.166;-2202.551
64566;-280.5046;-1085.001;-2201.249
64617;-304.3806;-1074.003;-2174.976
64651;-301.2456;-1077.013;-2176.359
64676;-293.2191;-1081.118;-2183.729
64693;-289.0405;-1083.264;-2186.47
64743;-288.5945;-1084.995;-2188.489
64777;-290.012;-1090.15;-2189.895
64811;-305.0656;-1082.514;-2173.032
64844;-310.3154;-1081.073;-2169.277
64863;-315.6096;-1080.09;-2165.358
64912;-317.4327;-1078.241;-2164.156
64932;-319.6508;-1076.523;-2163.124
64966;-299.0757;-1084.111;-2177.9
64999;-304.8987;-1081.778;-2174.572
65033;-310.1988;-1078.815;-2170.829
65067;-310.8233;-1078.216;-2168.71
65100;-312.6298;-1077.541;-2167.76
65134;-315.1902;-1077.89;-2166.751
65168;-320.0079;-1076.566;-2165.229
65202;-305.1428;-1085.676;-2180.854
65238;-307.2108;-1081.662;-2174.176
65271;-288.5509;-1087.453;-2185.503
65305;-287.5471;-1087.198;-2185.464
65339;-297.6119;-1083.47;-2177.547
65373;-302.4454;-1082.105;-2172.878
65406;-302.954;-1081.487;-2172.115
65441;-291.2485;-1091.242;-2191.414
65474;-283.7329;-1093.686;-2197.465
65510;-283.6229;-1093.577;-2197.475
65544;-317.2903;-1079.016;-2170.886
65561;-294.9201;-1090.395;-2191.082
65595;-289.6538;-1092.577;-2195.216
65629;-318.7549;-1079.854;-2171.821
65662;-323.3151;-1075.636;-2165.183
65696;-258.3296;-1097.975;-2208.32
65730;-314.1773;-1080.868;-2170.099
65828;-295.7256;-1090.917;-2186.44
65852;-289.0589;-1095.645;-2195.92
65869;-287.5637;-1095.254;-2196.107
65903;-281.2262;-1097.144;-2200.754
65948;-315.9282;-1084.757;-2180.567
65982;-320.5818;-1081.019;-2175.756
65998;-307.988;-1085.93;-2184.457
66032;-301.8426;-1087.661;-2189.194
66066;-317.8877;-1080.004;-2180.069
66099;-270.0508;-1090.617;-2202.396
66133;-268.2585;-1089.89;-2204.39
66167;-268.2742;-1088.885;-2205.083
66201;-267.2091;-1088.294;-2205.779
66234;-266.3289;-1086.786;-2204.627
66268;-268.6508;-1086.899;-2205.325
66302;-271.2112;-1086.553;-2205.36
66336;-303.6463;-1075.844;-2182.594
66369;-295.7062;-1079.286;-2189.21
66403;-305.268;-1074.879;-2182.491
66436;-307.0289;-1072.776;-2179.86
66470;-280.4681;-1080.744;-2197.463
66504;-295.5917;-1073.765;-2182.416
66538;-299.5759;-1072.401;-2179.736
66571;-299.3335;-1072.408;-2178.059
66605;-281.1196;-1080.396;-2192.972
66639;-294.1684;-1078.416;-2186.034
66672;-298.8911;-1075.42;-2184.415
66708;-303.8634;-1075.475;-2184.164
66726;-307.9421;-1076.77;-2182.106
66776;-309.311;-1077.436;-2180.777
66794;-308.8728;-1079.83;-2179.734
66827;-295.165;-1084.051;-2184.407
66878;-296.9325;-1082.68;-2181.734
66894;-299.1721;-1083.984;-2181.53
66928;-299.2522;-1083.989;-2180.381
66962;-290.1815;-1085.927;-2182.597
66996;-302.0496;-1085.698;-2179.44
67029;-303.6355;-1084.634;-2177.546
67063;-303.9586;-1079.044;-2178.395
67097;-311.0858;-1077.645;-2176.284
67130;-310.468;-1075.901;-2175.359
67164;-292.6673;-1077.528;-2180.214
67198;-293.7688;-1076.378;-2178.567
67231;-288.4409;-1076.987;-2181.021
67265;-288.2393;-1075.831;-2179.889
67299;-289.9573;-1076.665;-2177.713
67332;-290.7493;-1074.856;-2175.714
67361;-292.3531;-1074.057;-2174.851
67399;-296.3853;-1073.921;-2174.125
67433;-297.9307;-1072.842;-2173.799
67484;-301.7645;-1073.389;-2172.892
67517;-303.8881;-1074.46;-2171.762
67534;-307.0668;-1075.519;-2171.074
67568;-308.418;-1076.074;-2169.444
67602;-310.5144;-1080.408;-2165.637
67635;-311.6829;-1080.958;-2163.61
67669;-312.8308;-1078.673;-2163.132
67703;-314.6038;-1077.432;-2162.557
67737;-283.2918;-1088.096;-2183.979
67770;-292.4887;-1083.796;-2175.789
67804;-298.5054;-1080.635;-2172.112
67837;-297.4918;-1083.119;-2178.017
67871;-306.1414;-1079.16;-2173.512
67905;-290.4857;-1084.37;-2188.316
67939;-291.1443;-1086.047;-2190.512
67972;-292.2682;-1087.213;-2193.236
68006;-293.5133;-1084.07;-2194.862
68040;-291.2787;-1084.995;-2196.146
68073;-289.6161;-1086.983;-2199.228
68110;-291.1475;-1084.124;-2197.345
68144;-289.2154;-1082.78;-2198.816
68178;-288.9009;-1081.851;-2199.699
68195;-286.321;-1081.404;-2201.399
68229;-285.3204;-1080.155;-2202.088
68262;-285.2283;-1077.966;-2199.562
68296;-282.639;-1076.602;-2199.931
68329;-281.6641;-1075.411;-2199.052
68373;-281.4675;-1074.953;-2198.62
68407;-280.874;-1074.401;-2198.431
68440;-281.2029;-1074.718;-2198.933
68474;-304.3459;-1067.955;-2184.227
68508;-299.8186;-1070.434;-2188.14
68542;-298.0887;-1072.077;-2188.333
68558;-304.8371;-1069.57;-2181.826
68609;-309.2479;-1068.887;-2177.896
68643;-300.1989;-1073.519;-2182.83
68660;-290.382;-1079.524;-2192.641
68710;-286.8799;-1080.927;-2193.575
68727;-293.6431;-1078.127;-2185.618
68761;-300.4653;-1078.146;-2181.434
68794;-305.666;-1077.733;-2178.322
68845;-308.5512;-1076.297;-2175.111
68862;-310.9111;-1075.936;-2173.795
68896;-312.3976;-1075.496;-2171.886
68929;-314.664;-1074.39;-2169.727
68963;-316.2272;-1074.062;-2168.773
68996;-316.7574;-1073.456;-2167.476
69030;-318.1594;-1073.353;-2166.677
69064;-319.3664;-1072.927;-2165.662
69098;-319.7028;-1072.195;-2165.189
69131;-323.0136;-1070.502;-2163.859
69165;-308.5353;-1077.082;-2175.608
69199;-299.8326;-1081.705;-2184.009
69232;-297.1078;-1082.867;-2186.593
69266;-295.7982;-1083.826;-2188.002
69300;-295.3353;-1085.827;-2188.777
69333;-297.2766;-1086.293;-2188.761
69367;-309.7997;-1078.292;-2173.46
69401;-300.9942;-1085.129;-2187.208
69434;-296.217;-1086.293;-2188.697
69468;-291.8878;-1088.234;-2193.008
69502;-291.7926;-1088.078;-2192.844
69536;-290.0698;-1089.763;-2195.077
69586;-290.182;-1089.803;-2194.457
69603;-290.2267;-1090.262;-2194.729
69637;-287.69;-1091.504;-2196.654
69670;-288.1994;-1091.646;-2196.89
69704;-287.5325;-1091.478;-2196.915
69738;-287.0781;-1091.237;-2197.301
69771;-289.0884;-1089.452;-2197.311
69805;-288.4281;-1087.25;-2197.291
69839;-290.8478;-1085.161;-2197.093
69873;-291.9738;-1087.83;-2195.961
69906;-292.659;-1088.689;-2196.599
69940;-293.3966;-1089.638;-2198.093
69957;-293.1418;-1090.036;-2199.786
70007;-293.4052;-1090.725;-2201.875
70041;-294.4201;-1090.264;-2201.075
70075;-295.263;-1085.592;-2198.305
70108;-293.2538;-1086.078;-2198.227
70142;-291.7444;-1086.259;-2198.414
70176;-291.1822;-1086.541;-2198.833
70212;-289.2808;-1085.892;-2198.226
70238;-288.3403;-1087.43;-2200.895
70274;-287.5298;-1086.943;-2200.647
70307;-289.1602;-1085.481;-2198.21
70341;-287.9841;-1085.319;-2198.263
70375;-289.9209;-1084.389;-2196.998
70408;-289.5095;-1084.445;-2197.449
70442;-286.5916;-1085.173;-2198.084
70476;-285.7246;-1085.831;-2199.771
70510;-283.4044;-1085.59;-2198.173
70543;-280.3565;-1086.812;-2200.584
70577;-302.295;-1074.83;-2185.143
70611;-305.3758;-1071.528;-2179.869
70644;-286.669;-1083.255;-2195.62
70678;-285.8476;-1085.782;-2194.337
70695;-282.9164;-1087.781;-2194.866
70729;-278.2312;-1091.08;-2196.009
70780;-297.2856;-1086.754;-2181.403
70815;-303.2281;-1086.702;-2177.043
70832;-306.594;-1084.715;-2173.738
70882;-311.0688;-1086.089;-2172.148
70899;-310.7913;-1086.702;-2172.373
70933;-312.2217;-1086.241;-2170.947
70967;-312.1997;-1085.419;-2169.062
71001;-313.4643;-1084.543;-2168.214
71051;-313.1901;-1083.153;-2167.015
71137;-320.4067;-1081.167;-2165.749
71204;-289.2586;-1089.687;-2186.419
71238;-280.9241;-1092.032;-2191.878
71256;-277.253;-1093.325;-2195.289
71306;-276.6971;-1093.551;-2197.164
71339;-273.2225;-1093.666;-2199.735
71356;-274.8732;-1093.127;-2199.695
71407;-277.1767;-1093.346;-2197.821
71431;-278.2325;-1093.431;-2197.355
71465;-280.677;-1093.453;-2196.041
71527;-275.7458;-1093.637;-2196.964
71561;-279.5494;-1092.096;-2195.124
71611;-285.4792;-1091.002;-2192.724
71645;-282.7272;-1092.172;-2195.621
71662;-280.8912;-1092.553;-2196.836
71696;-286.2082;-1091.514;-2193.986
71733;-287.5061;-1090.806;-2192.157
71776;-313.5019;-1081.419;-2176.452
71793;-308.7769;-1082.391;-2178.191
71827;-303.4865;-1086.373;-2185.939
71863;-303.84;-1086.042;-2186.587
71933;-303.2586;-1085.319;-2186.149
71949;-319.3584;-1079.684;-2178.287
71968;-319.1607;-1079.821;-2179.326
72002;-306.4035;-1083.758;-2188.073
72038;-305.6129;-1083.145;-2189.226
72072;-303.2492;-1083.623;-2191.533
72105;-301.8246;-1082.89;-2192.649
72139;-297.1803;-1084.052;-2197.323
72196;-296.7154;-1087.28;-2197.542
72238;-294.5916;-1086.603;-2200.63
72255;-295.4529;-1084.666;-2201.082
72272;-294.6885;-1084.249;-2202.207
72308;-294.65;-1083.726;-2203.118
72342;-294.1822;-1086.71;-2202.823
72363;-291.9646;-1085.269;-2205.303
72397;-292.6964;-1084.331;-2205.183
72447;-292.326;-1084.063;-2205.697
72464;-286.9257;-1085.007;-2208.813
72498;-284.882;-1084.327;-2209.148
72549;-284.4481;-1083.987;-2209.543
72566;-283.9177;-1083.422;-2209.616
72599;-282.807;-1083.262;-2209.681
72633;-281.9967;-1083.444;-2210.047
72667;-281.5846;-1083.044;-2209.557
72700;-281.9293;-1082.736;-2208.635
72734;-282.4514;-1082.805;-2206.914
72857;-282.1174;-1084.179;-2205.899
72903;-283.4249;-1084.07;-2202.816
72926;-301.5025;-1078.025;-2186.617
72960;-308.9133;-1077.069;-2182.049
73010;-310.5893;-1076.234;-2179.426
73028;-314.8394;-1074.731;-2175.821
73061;-314.9233;-1075.481;-2173.989
73095;-318.3489;-1075.151;-2172.353
73129;-320.5635;-1074.149;-2169.497
73164;-321.9326;-1073.895;-2168.015
73198;-324.1604;-1073.867;-2166.799
73232;-323.1407;-1072.722;-2163.808
73265;-324.8478;-1072.468;-2163.149
73299;-326.4739;-1072.999;-2162.418
73333;-328.2885;-1072.716;-2161.323
73367;-329.4104;-1072.057;-2160.289
73444;-331.6213;-1070.924;-2158.773
73477;-331.9585;-1071.309;-2158.769
73511;-333.7721;-1070.355;-2157.877
73527;-334.9421;-1070.088;-2157.079
73561;-338.4569;-1069.556;-2157.262
73595;-339.9438;-1068.747;-2156.13
73628;-340.3447;-1068.615;-2155.277
73662;-325.1625;-1076.227;-2164.839
73696;-332.5589;-1073.376;-2160.708
73746;-326.4971;-1078.084;-2167.828
73763;-333.0917;-1072.987;-2160.974
73797;-339.6896;-1070.373;-2158.387
73831;-342.2905;-1069.383;-2158.216
73865;-342.9745;-1068.778;-2156.598
73898;-344.2665;-1067.865;-2154.969
73932;-327.7546;-1077.117;-2167.09
73965;-334.2079;-1073.574;-2161.184
73999;-336.9609;-1072.283;-2158.728
74033;-343.3408;-1070.834;-2157.454
74067;-343.8532;-1071.134;-2157.746
74100;-314.0215;-1084.629;-2176.277
74134;-333.9479;-1076.085;-2163.161
74168;-338.7239;-1075.081;-2161.836
74201;-340.8712;-1073.739;-2160.396
74235;-343.1894;-1073.338;-2159.75
74269;-331.6255;-1080.235;-2168.904
74302;-328.0455;-1082.162;-2172.921
74336;-333.0555;-1079.175;-2168.432
74370;-335.4565;-1078.417;-2167.518
74403;-331.9633;-1082.12;-2172.668
74437;-337.7766;-1079.911;-2169.907
74471;-328.2365;-1083.791;-2175.071
74504;-322.8449;-1086.383;-2179.311
74538;-328.3237;-1083.964;-2175.223
74572;-333.4244;-1081.186;-2171.45
74606;-335.9221;-1078.999;-2167.77
74665;-321.7767;-1083.923;-2174.609
74681;-317.3816;-1087.46;-2181.501
74699;-316.9849;-1087.614;-2182.328
74733;-312.8714;-1089.185;-2184.952
74767;-312.7117;-1088.596;-2185.383
74820;-311.2324;-1090.912;-2188.961
74846;-310.5145;-1091.391;-2189.335
74863;-309.9735;-1092.184;-2190.475
74914;-339.2404;-1079.93;-2174.109
74932;-323.6072;-1085.642;-2183.591
74966;-314.4175;-1088.287;-2188.972
74999;-301.4255;-1093.532;-2197.958
75033;-297.3014;-1094.773;-2200.831
75084;-287.6707;-1094.978;-2202.631
75126;-286.3636;-1095.472;-2203.57
75177;-283.1595;-1095.623;-2204.995
75210;-279.0522;-1095.332;-2206.066
75228;-283.0884;-1093.79;-2202.493
75278;-281.93;-1093.019;-2202.725
75295;-281.6782;-1092.454;-2203.271
75332;-281.79;-1091.632;-2203.362
75362;-313.3373;-1079.436;-2179.332
75396;-304.4427;-1083.319;-2185.348
75429;-300.023;-1084.374;-2187.609
75480;-292.6522;-1088.084;-2194.578
75514;-293.5582;-1088.591;-2194.009
75531;-289.5086;-1091.503;-2199.106
75564;-290.0134;-1091.387;-2199.057
75598;-320.9293;-1081.192;-2180.527
75634;-309.1867;-1086.042;-2189.826
75667;-307.9128;-1085.868;-2190.003
75702;-302.3027;-1087.472;-2193.498
75739;-297.5161;-1088.786;-2196.443
75773;-296.9467;-1089.14;-2197.23
75806;-289.9293;-1090.946;-2202.513
75840;-287.3307;-1090.188;-2202.301
75874;-287.2412;-1089.299;-2201.405
75907;-287.0135;-1088.31;-2200.463
75941;-288.3667;-1087.781;-2199.149
75992;-288.6147;-1089.866;-2199.432
76009;-286.8077;-1090.469;-2202.236
76059;-284.9118;-1091.816;-2202.439
76078;-283.0386;-1093.554;-2202.831
76095;-284.0577;-1091.747;-2203.024
76149;-280.3317;-1093.931;-2205.747
76166;-308.8188;-1086.819;-2189.029
76200;-294.8666;-1090.219;-2201.634
76234;-303.4128;-1084.603;-2191.665
76267;-301.7764;-1083.59;-2193.343
76302;-291.106;-1087.473;-2199.119
76352;-304.5933;-1079.684;-2187.79
76375;-299.4988;-1079.37;-2191.623
76394;-306.7714;-1078.668;-2186.265
76436;-311.2558;-1074.473;-2183.406
76469;-314.19;-1074.291;-2178.605
76510;-296.5619;-1082.233;-2194.04
76532;-289.4889;-1084.831;-2198.999
76565;-289.8181;-1085.197;-2199.423
76599;-302.037;-1079.015;-2186.436
76633;-281.2838;-1084.806;-2199.097
76683;-292.6263;-1078.282;-2185.202
76717;-285.1374;-1079.055;-2193.958
76734;-284.7337;-1079.169;-2195.961
76768;-270.5376;-1084.545;-2206.531
76818;-273.844;-1084.857;-2206.009
76835;-273.2106;-1085.344;-2205.038
76869;-279.4654;-1083.333;-2200.434
76902;-306.3924;-1072.829;-2178.562
76936;-296.9941;-1078.105;-2188.263
76987;-294.1724;-1079.532;-2189.899
77007;-303.2406;-1071.999;-2181.855
77044;-305.9861;-1070.655;-2178.039
77061;-309.7372;-1067.586;-2173.7
77111;-310.4536;-1066.259;-2172.269
77128;-312.4608;-1065.539;-2171.113
77165;-268.3586;-1086.264;-2205.539
77198;-295.1819;-1080.839;-2183.855
77233;-303.3268;-1078.424;-2175.843
77284;-303.381;-1077.905;-2171.597
77301;-312.4431;-1078.365;-2167.019
77335;-318.3369;-1078.274;-2163.583
77368;-318.7865;-1078.666;-2163.225
77402;-320.2354;-1078.026;-2161.878
77436;-323.3541;-1078.294;-2162.122
77469;-321.4909;-1078.504;-2161.558
77503;-320.8027;-1079.908;-2162.227
77538;-324.1438;-1080.281;-2162.059
77572;-273.9499;-1096.117;-2195.292
77605;-253.9237;-1098.307;-2205.954
77656;-252.5972;-1099.706;-2206.373
77688;-250.9986;-1100.317;-2207.382
77704;-281.9023;-1098.283;-2188.99
77738;-282.5593;-1096.665;-2185.428
77772;-277.8073;-1096.655;-2188.862
77807;-279.7209;-1096.731;-2187.975
77840;-288.9739;-1098.468;-2188.243
77890;-278.4974;-1091.042;-2178.728
77924;-282.6482;-1090.379;-2177.033
77941;-289.237;-1096.297;-2186.89
77974;-284.3337;-1097.535;-2192.249
78008;-260.1691;-1100.745;-2204.18
78058;-257.7334;-1102.002;-2207.69
78076;-257.3842;-1102.894;-2208.609
78111;-252.1894;-1103.825;-2213.467
78134;-253.0733;-1104.476;-2213.282
78167;-255.2687;-1104.804;-2212.404
78214;-256.4433;-1104.805;-2212.3
78268;-271.733;-1102.307;-2197.943
78793;-272.7409;-1103.299;-2199.354
78842;-287.7026;-1102.205;-2188.308
78876;-301.4554;-1099.936;-2179.216
78910;-313.543;-1099.015;-2174.53
78943;-304.7061;-1097.007;-2170.059
78977;-307.0523;-1095.369;-2168.724
79011;-310.554;-1093.106;-2163.418
79028;-315.1857;-1094.09;-2164.736
79081;-320.9928;-1092.444;-2164.747
79112;-322.7568;-1092.967;-2166.088
79146;-324.5642;-1093.996;-2166.519
79164;-324.4107;-1094.102;-2165.79
79197;-323.4983;-1094.725;-2165.675
79247;-323.8534;-1095.515;-2165.397
79324;-321.5122;-1096.761;-2166.599
79354;-324.9105;-1098.909;-2168.622
79371;-324.8573;-1099.557;-2170.433
79404;-320.9663;-1101.004;-2173.518
79438;-318.6798;-1101.677;-2175.851
79472;-315.8407;-1102.236;-2178.118
79506;-313.3288;-1102.811;-2180.616
79539;-312.7545;-1103.516;-2182.47
79573;-309.7719;-1103.95;-2183.577
79720;-312.0609;-1100.064;-2166.574
79769;-324.3109;-1101.433;-2167.22
79803;-319.8452;-1096.832;-2157.527
79871;-323.4176;-1095.579;-2154.421
79888;-321.8386;-1097.478;-2154.842
79904;-330.6176;-1095.687;-2148.823
79939;-320.382;-1094.166;-2142.913
79973;-325.558;-1090.003;-2129.921
79996;-333.6001;-1084.737;-2116.376
80046;-342.2607;-1074.771;-2095.125
80063;-344.8817;-1067.671;-2075.831
80114;-344.8212;-1062.965;-2059.843
80189;-349.5757;-1051.955;-2031.123
80214;-351.6657;-1049.314;-2024.179
80230;-362.0331;-1040.782;-2008.257
80271;-371.6568;-1036.641;-2000.618
80310;-384.2596;-1031.334;-1991.932
80344;-390.7626;-1029.758;-1988.343
80378;-393.6313;-1029.678;-1987.562
80412;-396.8611;-1031.234;-1987.373
80447;-399.1098;-1033.94;-1987.966
80464;-415.4199;-1042.667;-1996.981
80497;-411.4221;-1048.774;-1996.443
80532;-441.0362;-1037.379;-1978.045
80565;-437.6355;-1045.426;-1978.769
80599;-433.236;-1052.246;-1983.598
80633;-428.8331;-1052.79;-1972.668
80671;-430.2174;-1053.25;-1961.07
80704;-452.8919;-1048.663;-1943.43
80738;-464.5887;-1049.039;-1938.268
80789;-467.3306;-1046.862;-1924.426
80805;-462.8824;-1052.76;-1923.525
80856;-490.9525;-1044.519;-1902.721
80873;-487.8243;-1051.911;-1910.713
80907;-505.7519;-1051.441;-1914.306
80940;-511.5078;-1056.0;-1925.087
80974;-512.4016;-1059.293;-1934.637
81008;-472.6436;-1058.606;-1923.416
81042;-475.2512;-1056.806;-1915.081
81207;-550.3068;-1059.666;-1914.147
81224;-529.6167;-1059.769;-1912.12
81258;-532.9484;-1062.854;-1908.288
81274;-534.214;-1065.049;-1907.318
81296;-542.0616;-1066.144;-1905.392
81347;-551.5325;-1063.824;-1893.615
81381;-560.7597;-1065.512;-1887.974
81414;-563.5598;-1063.73;-1884.647
81448;-574.9992;-1062.466;-1876.146
81465;-568.7333;-1047.228;-1824.666
81505;-545.1835;-1025.459;-1765.603
81539;-543.202;-1017.113;-1743.921
81578;-558.2179;-1010.898;-1724.464
81596;-569.2802;-1009.412;-1711.214
81643;-600.7663;-1006.819;-1705.462
81665;-690.1962;-996.6822;-1694.886
81711;-685.14;-999.6576;-1696.202
81744;-672.6316;-998.425;-1679.086
81778;-669.5696;-1010.157;-1670.016
81812;-674.1936;-1012.056;-1669.641
81845;-673.3693;-1009.142;-1651.846
81866;-659.7858;-1004.926;-1649.301
81913;-663.4412;-1007.241;-1630.809
81946;-659.1244;-1002.738;-1623.034
81980;-658.4108;-1006.381;-1608.609
82014;-651.0101;-1012.589;-1603.807
82047;-659.1385;-1008.688;-1583.407
82066;-663.7072;-1002.242;-1570.951
82100;-680.993;-995.1877;-1555.946
82150;-688.0783;-1001.996;-1560.504
82184;-689.6731;-997.54;-1545.852
82209;-686.718;-997.4794;-1523.468
82273;-679.1756;-975.1517;-1467.393
82357;-682.15;-1186.728;-1737.712
82375;-628.6542;-1184.246;-1810.113
82392;-750.178;-1109.715;-1805.012
82409;-144.7211;-310.7913;-712.8364
83214;-595.0765;-754.5446;-1185.0
83247;-638.9215;-746.9182;-1162.646
83306;-594.3272;-739.8533;-1184.892
83324;-638.0099;-733.3979;-1177.179
83349;-641.7;-729.7396;-1182.465
83374;-645.3771;-727.3931;-1183.925
83410;-647.8083;-731.6732;-1187.038
83443;-643.4804;-775.2942;-1202.209
83477;-639.8669;-777.3642;-1198.562
83511;-624.5861;-777.9432;-1202.636
83544;-670.1649;-769.677;-1155.505
83595;-668.6516;-756.4849;-1145.291
83612;-697.9874;-746.3065;-1140.975
83662;-699.4157;-746.6655;-1141.101
83696;-693.8588;-730.5778;-1195.372
83713;-694.5249;-733.9777;-1194.859
83763;-699.0529;-667.2293;-1197.388
83780;-702.7246;-732.0717;-1193.307
83807;-712.1207;-733.0566;-1191.954
83840;-725.1251;-748.6469;-1216.709
83874;-749.4119;-817.0599;-995.9755
83908;-760.2079;-759.9817;-1169.88
83959;-801.894;-647.6406;-1085.709
83998;-511.5991;-57.14392;-1022.444
84036;-589.4794;331.675;-1347.684
84052;-495.4942;92.65189;-986.3057
84069;-556.897;318.0468;-1347.761
84120;-556.3952;340.794;-1314.51
84136;-372.791;-16.92127;-754.1724
84573;-276.698;-1108.074;-2265.41
84606;-270.294;-1113.257;-2261.508
84640;-276.1168;-1115.262;-2255.834
84675;-279.4682;-1116.767;-2251.138
84709;-247.0049;-1121.558;-2248.09
84726;-284.8374;-1110.781;-2206.236
84776;-352.9224;-1112.296;-2178.864
84793;-387.7504;-1106.486;-2174.645
84828;-446.9954;-1097.263;-2186.452
84877;-462.733;-1093.918;-2196.542
84911;-451.7477;-1106.74;-2238.435
84928;-433.1432;-1119.132;-2291.554
84979;-443.7131;-1119.655;-2340.415
84999;-428.8063;-1120.281;-2345.232
85049;-411.8711;-1114.502;-2378.457
85083;-403.552;-1101.52;-2372.614
85100;-408.9785;-1099.153;-2409.088
85151;-408.3765;-1088.022;-2407.569
85167;-409.9753;-1079.785;-2407.188
85201;-458.5799;-1021.123;-2464.493
85251;-450.144;-1011.196;-2439.407
85268;-443.1071;-1000.622;-2424.112
85319;-442.8633;-995.8935;-2420.523
85352;-440.7227;-993.5355;-2417.994
85369;-440.3337;-990.6276;-2416.019
85421;-437.912;-987.04;-2413.515
85440;-434.888;-987.502;-2408.09
85488;-419.2707;-981.5356;-2396.514
85522;-413.5078;-989.4924;-2389.66
85541;-421.8644;-997.9785;-2397.647
85574;-407.6603;-1003.602;-2395.32
85608;-379.7373;-978.0978;-2345.048
85644;-375.5296;-968.6188;-2332.776
85665;-375.7853;-970.8908;-2331.123
85698;-376.6994;-972.3385;-2324.756
85732;-339.339;-994.6536;-2377.117
85766;-351.1874;-1002.414;-2379.742
85816;-365.7705;-972.6764;-2306.669
85834;-365.3559;-974.0401;-2305.125
85884;-363.899;-974.154;-2300.866
85917;-356.8058;-970.692;-2291.608
85934;-323.1297;-946.8792;-2277.82
85968;-327.5844;-945.8213;-2275.891
86019;-305.7623;-932.4911;-2267.445
86052;-295.8554;-928.0855;-2263.955
86069;-288.0236;-926.5701;-2261.605
86103;-275.7209;-926.0665;-2259.941
86136;-267.3671;-921.9224;-2257.815
86173;-260.5659;-921.7352;-2256.494
86204;-253.6975;-928.5422;-2252.124
86237;-246.339;-933.6597;-2248.816
86271;-239.308;-935.1221;-2246.087
86305;-236.9524;-933.9872;-2243.597
86339;-228.6824;-932.225;-2239.357
86373;-224.7039;-930.5419;-2236.687
86406;-191.5871;-967.7863;-2312.027
86440;-191.6742;-970.1652;-2312.898
86473;-191.2532;-969.5084;-2309.724
86507;-187.4105;-969.1416;-2308.756
86529;-190.4966;-971.332;-2309.443
86563;-189.1678;-971.2365;-2308.988
86597;-188.1247;-970.6991;-2307.828
86633;-187.546;-920.3646;-2221.622
86668;-184.0008;-920.0177;-2220.863
86706;-179.2176;-919.392;-2220.104
86740;-176.7825;-920.4846;-2218.24
86774;-176.1428;-921.6236;-2216.164
86807;-172.9203;-921.1956;-2213.384
86841;-172.0045;-922.1454;-2209.734
86875;-155.9256;-956.4146;-2259.353
86908;-160.1592;-914.6066;-2186.754
86942;-137.056;-947.0005;-2226.842
86976;-96.35899;-901.822;-2179.045
87010;-84.93437;-889.1844;-2160.606
87030;-75.30727;-847.9389;-2136.934
87081;-107.2768;-812.4202;-2114.26
87100;-99.74104;-816.8265;-2109.636
87135;-60.26635;-823.2779;-2097.736
87168;-78.12181;-892.1893;-2017.255
87219;-55.20835;-890.6469;-1982.14
87252;-50.34756;-889.937;-1972.155
87269;-45.67304;-895.9143;-1952.52
87303;-19.95347;-892.1562;-1933.889
87337;-15.36553;-899.5211;-1922.39
87387;-7.399138;-886.9;-1886.276
87404;2.262076;-886.0377;-1859.157
87438;9.22813;-890.7797;-1831.669
87472;16.80194;-890.0905;-1804.316
87522;13.86178;-895.5294;-1790.562
87543;1.878547;-903.1054;-1775.696
87572;46.76688;-879.5582;-1726.602
87606;49.56278;-893.6287;-1733.373
87640;46.56011;-895.4097;-1711.474
87674;35.48492;-905.0317;-1713.24
87707;34.9266;-903.8558;-1703.073
87741;45.10456;-675.6573;-1795.2
87775;135.3172;-686.4629;-1740.624
87809;132.0162;-677.978;-1742.097
87842;128.8315;-673.9951;-1738.875
87876;140.1274;-658.2032;-1700.589
87910;-40.43113;-899.2476;-1612.65
87961;-52.03499;-908.1585;-1620.331
87978;-45.29837;-903.1782;-1567.945
88012;-52.26006;-899.8806;-1534.438
88046;-51.72227;-891.1975;-1480.629
88080;-64.02631;-877.3146;-1399.883
88113;-72.52351;-857.1741;-1311.972
88150;-82.75949;-830.2725;-1229.919
88184;-77.16893;-803.3752;-1150.017
88208;-79.98492;-783.7892;-1099.485
88241;-89.4492;-751.4496;-1041.684
88275;-119.2431;-717.866;-973.3654
88313;-105.4239;-706.2786;-945.1932
88345;-95.92559;-705.5297;-918.6018
88379;-96.43114;-707.5244;-902.3411
88441;-115.1612;-710.9693;-850.0032
88474;-118.817;-721.9863;-834.0266
88508;-135.6109;-704.0891;-768.7638
88546;-143.5779;-700.4671;-735.0462
88597;-105.228;-695.5411;-674.9675
88630;-74.84744;-710.9294;-689.8784
88647;-88.44778;-695.8468;-650.4426
88697;-288.895;-655.9108;-635.41
88750;-437.8153;-547.1905;-591.4174
88779;-422.4823;-536.0142;-598.6674
88813;-126.9484;-237.4348;-860.5012
88846;-135.6685;-217.4164;-861.3874
88879;-156.4653;-165.926;-864.4434
88925;-107.4373;-128.0985;-880.8699
89092;-39.66822;145.4725;-425.8789
92514;-180.0713;-894.297;-2136.307
92582;-179.2845;-895.6344;-2150.605
92600;-180.1814;-895.8705;-2161.475
92614;-183.6077;-889.0276;-2180.583
92649;-184.1901;-891.4758;-2177.458
92682;-182.4649;-895.1721;-2170.321
92716;-179.384;-897.8189;-2162.675
92751;-174.0091;-898.3445;-2161.597
92784;-170.4157;-898.9318;-2159.622
92802;-168.0168;-899.1194;-2159.169
92835;-166.1957;-898.9566;-2158.055
92869;-163.8067;-898.8482;-2157.874
92902;-160.5436;-899.6378;-2159.202
92936;-158.0093;-899.8262;-2158.829
92970;-156.2337;-899.3594;-2158.398
93004;-148.4552;-899.7728;-2155.993
93038;-148.6771;-899.8659;-2155.965
93071;-148.8739;-900.1664;-2155.726
93104;-148.7476;-900.1005;-2155.045
93138;-144.8404;-899.3155;-2151.605
93172;-144.9594;-899.4724;-2151.792
93205;-143.7065;-900.1927;-2152.237
93239;-140.292;-900.472;-2151.772
93273;-138.6806;-899.7943;-2151.345
93314;-138.5745;-899.08;-2151.095
93340;-138.4915;-898.7038;-2150.649
93374;-138.4627;-897.5025;-2151.056
93408;-142.6121;-894.4505;-2154.024
93441;-141.0697;-890.5437;-2153.936
93475;-134.4649;-883.4955;-2150.0
93509;-125.263;-881.3286;-2144.334
93542;-114.901;-865.7244;-2147.519
93576;-91.60038;-859.4252;-2128.974
93607;-81.83363;-853.9072;-2131.947
93636;-6.879264;-827.647;-2045.573
93668;2.312006;-827.3683;-2043.035
93701;-17.94011;-854.7558;-2097.267
93735;-20.21382;-849.7447;-2097.427
