
1;15.99516;-185.1457;-2032.678
35;0.064224;-185.1316;-2028.045
65;-9.336105;-185.9821;-2023.318
92;-16.87739;-183.4578;-2019.186
118;-20.76139;-187.4541;-2014.686
141;-24.95845;-174.1702;-2012.625
168;-35.49612;-193.4934;-1993.625
219;-38.53535;-200.949;-1990.863
238;-41.54719;-212.4713;-1985.119
272;-43.56457;-222.7371;-1978.757
328;-44.47781;-234.7673;-1972.224
348;-44.80618;-240.0621;-1969.167
386;-44.52947;-243.568;-1966.406
421;-45.08747;-243.9182;-1964.986
456;-52.91803;-180.3949;-1976.011
496;-52.56798;-181.2433;-1975.751
521;-52.45372;-181.5383;-1975.705
550;-51.4399;-184.5243;-1975.308
585;-51.15952;-190.7323;-1974.37
624;-49.89173;-194.2448;-1974.631
651;-49.59912;-207.4463;-1972.148
671;-46.78033;-207.298;-1974.289
739;-43.18672;-206.895;-1976.504
772;-38.67981;-204.2172;-1978.824
812;-33.02944;-201.7121;-1980.606
846;-29.43014;-199.7128;-1981.062
870;-23.40568;-195.4221;-1980.36
894;-15.7356;-191.1797;-1976.785
941;-4.761969;-184.9364;-1966.975
982;1.292628;-182.4237;-1959.222
1006;9.050132;-180.6609;-1947.193
1038;15.74581;-178.3913;-1933.236
1089;23.66352;-178.0896;-1920.998
1112;32.85105;-176.4993;-1901.888
1158;44.27816;-176.7599;-1883.219
1180;58.18288;-174.2936;-1861.531
1219;68.29489;-176.6222;-1836.921
1241;83.34113;-175.7477;-1811.034
1280;95.84596;-174.01;-1784.014
1304;113.8592;-169.0537;-1754.963
1355;128.4233;-165.9534;-1727.502
1395;149.1677;-158.0394;-1690.126
1411;168.3779;-148.9465;-1665.911
1446;187.2845;-138.3474;-1634.104
1473;201.0158;-129.8409;-1610.157
1525;218.2294;-119.9459;-1583.862
1567;231.3877;-108.3297;-1562.473
1588;244.9678;-95.16158;-1540.105
1608;257.0112;-86.02206;-1518.108
1646;267.8582;-74.72465;-1495.175
1672;271.484;-65.37608;-1477.288
1700;281.6361;-54.05115;-1454.087
1733;288.0828;-47.69938;-1433.5
1767;294.356;-41.24099;-1408.509
1823;299.6027;-39.5656;-1382.809
1847;305.369;-37.86481;-1357.262
1900;307.5135;-36.33593;-1326.9
1954;309.93;-37.23711;-1295.73
2003;310.7692;-36.98524;-1262.623
2039;313.4276;-35.64986;-1228.616
2075;311.5177;-32.08886;-1190.86
2124;309.5521;-38.06279;-1151.368
2163;335.4872;-42.69126;-1107.13
2271;246.8392;19.10851;-1042.254
2298;240.043;117.7598;-1040.743
2323;221.6415;141.8354;-1033.689
2353;98.42544;279.8906;-922.9691
2378;128.2061;161.1303;-648.7397
2413;128.2061;161.1303;-648.7397
12284;158.813;-260.8153;-1488.194
12305;159.4939;-259.2719;-1490.958
12334;160.529;-258.4448;-1495.98
12360;172.3536;-268.7615;-1544.169
12413;174.6094;-273.5359;-1553.5
12453;174.0083;-273.6645;-1553.827
12489;174.7177;-273.6391;-1581.198
12533;175.4975;-282.6481;-1588.559
12570;183.3821;-285.7318;-1606.969
12602;179.8839;-293.1304;-1621.594
12624;179.4108;-301.0364;-1642.01
12683;182.8372;-309.6809;-1660.955
12711;170.0608;-310.3905;-1689.37
12787;166.0994;-314.7775;-1699.134
12842;173.598;-323.0425;-1727.882
12870;172.1064;-326.3328;-1738.35
12896;186.7574;-361.8891;-1756.53
12923;185.7094;-362.4569;-1761.701
12959;186.6412;-365.9113;-1769.364
13013;189.2026;-368.5107;-1783.22
13069;189.5745;-369.9993;-1788.509
13098;197.0356;-371.3824;-1795.633
13165;204.0156;-373.9003;-1801.154
13184;220.41;-376.0086;-1822.18
13204;235.6387;-374.9821;-1830.732
13254;242.4964;-375.9429;-1833.763
13284;250.5875;-381.8496;-1838.808
13309;266.527;-375.659;-1850.747
13340;287.7436;-374.7661;-1860.25
13409;294.4798;-375.3378;-1862.89
13464;303.1165;-377.6685;-1866.831
13488;309.0583;-378.2656;-1868.083
13540;325.7958;-383.1444;-1871.946
13662;355.3806;-391.4522;-1886.679
13685;360.6311;-394.0668;-1890.094
13705;369.2733;-394.2504;-1895.594
13773;380.326;-399.0176;-1897.955
13801;397.748;-406.3248;-1907.426
13834;397.4573;-407.0485;-1917.965
13871;397.8837;-415.959;-1932.813
13895;402.05;-415.5529;-1941.636
13918;412.6216;-416.7975;-1954.073
13965;415.2912;-419.396;-1967.323
14000;418.1862;-423.3837;-1977.863
14027;455.846;-377.9467;-2027.663
14045;457.0723;-381.8759;-2031.372
14065;457.6176;-386.7543;-2038.588
14099;462.2952;-394.3436;-2046.229
14132;465.5902;-402.4486;-2050.821
14165;477.4859;-460.4264;-2038.087
14200;477.3092;-461.0449;-2037.838
14234;477.7191;-462.4802;-2039.047
14269;477.9331;-464.958;-2040.77
14354;477.9337;-467.2578;-2042.229
14379;477.9225;-468.8059;-2043.046
14403;477.0294;-470.6069;-2044.555
14429;473.4365;-472.1027;-2046.754
14449;473.3521;-477.5975;-2047.323
14508;469.7721;-479.4839;-2048.014
14528;463.5096;-479.2572;-2045.037
14579;458.9496;-481.1574;-2041.827
14604;492.6894;-483.3105;-2062.34
14621;493.8106;-483.1707;-2061.456
14645;481.1133;-484.4493;-2053.502
14670;480.5057;-483.245;-2052.979
14704;478.195;-480.6852;-2049.917
14750;477.5467;-481.3503;-2048.802
14776;474.8004;-476.8585;-2046.578
14803;475.5609;-476.0739;-2045.886
14838;487.2974;-418.933;-2059.77
14873;487.1415;-419.4882;-2058.17
14911;485.0604;-406.4525;-2060.792
14936;485.2924;-403.1233;-2058.353
14970;429.7515;-380.8741;-2055.694
15004;428.5819;-375.3481;-2055.875
15039;427.5575;-373.3896;-2054.17
15075;421.6237;-386.0565;-2042.632
15110;419.3324;-389.1972;-2039.615
15133;417.0277;-389.9935;-2037.982
15184;415.3019;-391.1624;-2037.035
15224;413.8856;-391.8778;-2036.719
15278;412.4433;-391.998;-2036.483
15309;412.4052;-392.1743;-2036.858
15330;412.5563;-392.5195;-2037.632
15354;413.2526;-393.8669;-2038.433
15377;414.0624;-394.1207;-2039.815
15399;415.2605;-394.4913;-2041.013
15434;419.6163;-395.4029;-2046.232
15485;424.8047;-398.9981;-2054.54
15509;428.527;-400.8309;-2060.755
15543;433.0365;-401.4257;-2065.239
15580;439.4423;-403.0222;-2071.988
15632;443.1378;-402.1734;-2078.832
15666;448.0494;-401.6887;-2086.66
15729;450.2553;-404.1261;-2089.531
15756;458.0553;-408.8185;-2098.251
15800;461.4582;-410.1824;-2102.034
15868;464.7606;-410.5701;-2107.363
15902;465.4256;-410.8538;-2110.147
15938;465.3011;-411.1208;-2111.419
15962;461.7503;-410.7308;-2113.351
16001;457.2318;-411.7438;-2114.648
16036;451.5078;-412.3658;-2115.563
16090;448.5504;-412.1693;-2115.37
16119;439.9895;-413.4012;-2112.573
16187;438.5902;-413.3374;-2111.802
16214;438.7744;-413.126;-2111.519
16241;413.1256;-412.0045;-2099.479
16281;410.0439;-411.0428;-2097.808
16313;405.3877;-410.6506;-2095.55
16337;402.7072;-409.2586;-2093.876
16385;399.761;-408.4755;-2091.568
16431;396.81;-406.7452;-2089.941
16473;394.0377;-405.8177;-2088.638
16500;391.5483;-405.1816;-2087.643
16558;388.8791;-404.8201;-2086.623
16588;387.2927;-404.7059;-2085.396
16612;387.2781;-405.2265;-2084.987
16657;387.3969;-405.5909;-2084.834
16684;387.6264;-405.9015;-2084.652
16708;388.6034;-407.1416;-2084.039
16744;390.0276;-407.7439;-2084.207
16846;392.3879;-408.533;-2084.62
16880;397.4709;-409.5656;-2084.998
16916;399.7369;-410.3876;-2085.377
16936;404.6606;-410.9503;-2085.816
16964;410.2758;-411.5742;-2086.602
17014;412.5033;-411.5352;-2087.431
17060;422.2261;-412.317;-2089.268
17104;433.6662;-414.1725;-2091.046
17170;437.4134;-414.564;-2091.351
17227;441.9511;-415.4576;-2091.688
17329;444.5664;-415.5909;-2092.155
17368;447.8947;-415.9288;-2092.947
17399;449.8285;-416.2418;-2093.388
17470;451.0666;-416.7672;-2093.893
17510;451.6299;-416.9748;-2094.232
17550;451.6208;-417.1695;-2094.402
17583;450.9762;-417.7946;-2095.024
17614;449.6745;-418.1079;-2095.449
17649;448.3478;-418.3044;-2095.65
17747;443.189;-417.9208;-2096.115
17780;439.3987;-417.9903;-2096.486
17817;436.4778;-417.8661;-2096.54
17855;432.5825;-417.9398;-2096.061
17891;428.512;-417.3708;-2095.923
17985;423.2238;-416.9348;-2096.39
18017;419.9256;-416.4783;-2096.275
18051;416.851;-417.1072;-2095.937
18089;413.8653;-416.8258;-2096.068
18121;411.7194;-417.0479;-2095.598
18158;406.9959;-417.067;-2096.746
18191;403.641;-417.0768;-2097.813
18222;401.7124;-417.8157;-2097.943
18258;400.9366;-418.142;-2098.398
18290;401.1423;-418.526;-2098.44
18326;401.2494;-418.8061;-2098.494
18362;401.5707;-419.3613;-2098.454
18402;401.5915;-419.5236;-2098.518
18433;403.1839;-420.8689;-2099.782
18472;405.4205;-421.2048;-2100.316
18520;408.4825;-422.9544;-2101.472
18545;411.0497;-424.6257;-2102.26
18580;413.5514;-425.8127;-2102.249
18607;414.8277;-426.5337;-2102.303
18643;418.5876;-427.3147;-2102.706
18680;424.7773;-427.6862;-2103.157
18709;427.2799;-427.7589;-2103.216
18746;431.5242;-428.7257;-2103.436
18787;436.2859;-429.4954;-2102.859
18889;438.2963;-430.2078;-2102.396
18997;440.0838;-431.1747;-2101.603
19030;445.0059;-432.0396;-2101.568
19063;447.454;-432.887;-2101.201
19103;449.2243;-433.5889;-2100.941
19135;449.5963;-433.4837;-2100.916
19172;451.4339;-433.763;-2100.798
19205;452.3614;-434.3287;-2100.724
19242;452.9363;-434.8315;-2100.532
19297;451.9348;-436.8038;-2099.325
19353;451.7156;-437.1574;-2099.137
19398;452.6149;-437.4701;-2098.139
19423;447.6605;-437.5671;-2097.307
19461;444.9194;-437.5738;-2096.286
19490;439.352;-437.1261;-2094.938
19526;432.6777;-436.7595;-2092.975
19561;419.8463;-434.3768;-2088.785
19592;411.6751;-432.0315;-2087.329
19628;403.7607;-430.4048;-2085.036
19664;394.3511;-430.6255;-2082.333
19702;387.1936;-430.1092;-2080.845
19734;380.1736;-429.6511;-2078.709
19766;374.3635;-429.3991;-2076.596
19799;367.9499;-429.2074;-2074.047
19833;362.442;-429.8081;-2071.997
19868;358.4885;-428.7838;-2071.189
19901;354.4046;-428.5979;-2070.177
19930;350.9669;-429.0635;-2069.073
20028;340.8156;-429.0429;-2064.718
20059;340.0763;-428.7353;-2063.293
20091;338.9596;-427.8618;-2061.193
20125;338.9619;-427.6249;-2059.033
20172;339.6938;-427.5595;-2057.172
20207;341.0345;-426.9027;-2054.802
20244;342.2196;-426.3333;-2052.876
20279;344.1252;-424.9787;-2050.039
20317;346.1602;-424.1784;-2047.943
20351;349.4996;-423.7546;-2044.865
20391;353.52;-421.217;-2042.435
20426;355.8585;-420.1636;-2040.601
20461;358.5043;-418.4426;-2038.937
20541;361.2332;-417.4678;-2036.458
20585;363.3499;-416.5069;-2034.37
20620;368.1333;-415.0011;-2030.101
20653;369.7567;-414.3756;-2027.737
20695;372.0927;-414.2731;-2025.405
20730;373.3625;-413.6988;-2024.614
20761;375.8684;-412.5523;-2022.943
20795;376.9135;-412.2128;-2022.083
20849;378.2135;-411.7549;-2021.019
20942;383.2634;-410.726;-2018.397
20986;385.7349;-410.1873;-2016.938
21025;386.7581;-409.8518;-2016.444
21063;388.7156;-409.798;-2015.366
21100;390.4821;-409.6592;-2014.56
21132;391.634;-409.678;-2014.127
21170;393.3586;-409.6551;-2013.615
21203;394.0771;-410.0141;-2013.445
21235;394.6031;-409.9317;-2013.45
21267;394.719;-409.9528;-2013.455
21349;394.8115;-410.0066;-2013.497
21385;396.2469;-409.9583;-2013.273
21425;397.1942;-409.6335;-2013.481
21490;397.7906;-409.7233;-2013.653
21520;398.1039;-409.7238;-2013.795
21562;398.2324;-409.7071;-2013.969
21594;398.5846;-409.7297;-2014.105
21629;398.837;-409.8136;-2014.204
21664;399.0285;-409.9105;-2014.236
21695;399.4848;-409.8492;-2014.358
21750;399.9435;-409.9785;-2014.379
21823;400.3928;-410.0155;-2014.375
21853;401.4397;-410.2605;-2014.078
22074;403.742;-410.8106;-2013.946
22136;403.8888;-411.0117;-2014.081
22227;404.402;-411.1089;-2013.929
22361;404.5332;-411.1793;-2014.035
22418;405.3954;-411.1184;-2014.089
22462;405.4475;-411.2182;-2014.219
22516;405.3969;-411.3425;-2014.379
22554;405.5268;-411.4557;-2014.466
22626;405.4389;-411.6799;-2014.724
22709;405.3127;-411.8412;-2014.9
22804;405.2463;-411.9191;-2015.06
22857;405.3228;-411.9736;-2015.206
22893;405.0753;-412.3303;-2015.828
22928;404.7975;-412.656;-2016.398
23009;404.6024;-413.044;-2016.766
23050;404.3465;-413.6104;-2017.372
23077;403.8789;-414.2481;-2018.005
23118;402.8558;-414.6259;-2018.862
23156;402.7107;-414.8434;-2019.164
23234;402.6378;-415.0033;-2019.424
23274;402.3654;-415.066;-2019.891
23305;402.4092;-415.1753;-2020.196
23328;402.0865;-415.3874;-2020.722
23363;401.0833;-415.5678;-2021.878
23400;400.0864;-415.9042;-2022.808
23440;399.6225;-415.9734;-2023.564
23470;399.5327;-416.2009;-2023.893
23508;399.3001;-416.4931;-2024.304
23535;398.2538;-416.9579;-2025.541
23556;397.3809;-417.4713;-2026.308
23587;396.5301;-417.9882;-2026.919
23611;395.8827;-418.1891;-2027.481
23650;395.1182;-418.2904;-2027.974
23675;394.5902;-418.4969;-2028.407
23744;394.0001;-418.8767;-2028.766
23799;393.7607;-418.9943;-2029.011
23822;393.4041;-419.1556;-2029.325
23870;392.9427;-419.3973;-2029.654
23899;392.6798;-419.3845;-2029.833
23927;392.2794;-419.2875;-2030.104
23952;391.5992;-419.2329;-2030.216
23998;391.3684;-419.3865;-2030.283
24028;390.7269;-419.4227;-2030.246
24059;390.5984;-419.4254;-2030.23
24104;390.3675;-419.6217;-2030.271
24157;390.1147;-419.8688;-2030.306
24184;389.5252;-420.4655;-2030.133
24209;389.2907;-420.6759;-2030.054
24244;388.9568;-420.7512;-2029.98
24286;388.6106;-420.8049;-2029.909
24322;387.9872;-420.8936;-2029.662
24368;387.7012;-421.2338;-2029.455
24405;387.2946;-421.3802;-2029.279
24447;386.9814;-421.6289;-2029.074
24474;386.9868;-421.7779;-2028.942
24503;386.9856;-421.8996;-2028.755
24551;386.7124;-422.107;-2028.548
24623;386.4594;-422.1449;-2028.124
24693;386.1456;-422.2052;-2027.807
24754;385.9315;-422.5102;-2027.417
24774;385.8487;-422.5992;-2027.279
24798;385.7018;-422.7144;-2027.101
24868;385.691;-422.8032;-2026.99
24939;385.5636;-422.9812;-2026.787
24997;385.3416;-423.2152;-2026.515
25023;385.1866;-423.1729;-2026.197
25050;385.1502;-423.1497;-2026.03
25075;385.2302;-423.196;-2025.812
25106;385.3795;-423.1586;-2025.521
25138;385.2101;-422.8535;-2025.061
25156;385.0356;-422.5878;-2024.684
25185;384.7901;-422.3695;-2024.391
25239;384.9406;-422.3407;-2024.276
25266;384.977;-422.3093;-2024.246
25290;385.06;-422.1969;-2024.147
25321;385.0418;-421.7582;-2023.715
25443;384.9056;-421.5324;-2023.515
25478;384.9242;-421.5504;-2023.526
25515;384.8781;-421.5832;-2023.537
25550;384.9181;-421.6178;-2023.504
25573;384.9553;-421.6299;-2023.542
25608;384.9593;-421.6245;-2023.556
25645;385.0511;-421.6223;-2023.581
25680;385.4883;-421.6214;-2023.474
25728;385.831;-421.622;-2023.391
25756;386.2612;-421.484;-2023.235
25781;386.7343;-421.2837;-2023.153
25819;387.2549;-420.9126;-2022.915
25856;387.7837;-420.7102;-2022.843
25882;388.7779;-420.2469;-2022.825
25924;389.3523;-419.9401;-2022.694
25947;389.9463;-419.5089;-2022.644
25973;390.3186;-418.9647;-2022.625
26025;391.3321;-418.1507;-2022.558
26052;391.5057;-417.7702;-2022.668
26076;392.1099;-417.1047;-2022.746
26145;392.7095;-416.5506;-2022.671
26208;393.7499;-415.9746;-2022.539
26232;394.3275;-415.6915;-2022.569
26259;394.4823;-415.5776;-2022.583
26328;394.7545;-415.4761;-2022.541
26352;394.8416;-415.4674;-2022.53
26370;394.9467;-415.4391;-2022.526
26406;395.0508;-415.6496;-2022.359
26440;395.2011;-415.6197;-2022.188
26475;395.2961;-415.5772;-2022.063
26498;395.4629;-415.6165;-2021.811
26537;395.5226;-415.6548;-2021.648
26577;395.5078;-415.7008;-2021.531
26617;395.4147;-415.705;-2021.477
26651;395.2366;-415.6898;-2021.462
26674;395.0082;-415.7619;-2021.24
26731;395.006;-415.87;-2020.901
26760;394.4399;-416.1505;-2020.731
26796;394.3079;-416.1189;-2020.495
26826;394.1268;-416.0622;-2020.383
26860;393.4368;-415.8059;-2019.77
26898;392.9306;-415.7001;-2019.214
26961;392.683;-415.8478;-2018.916
27022;392.3463;-415.8474;-2018.805
27062;392.4526;-416.1028;-2018.521
27091;392.7129;-416.1239;-2018.289
27127;393.1861;-416.1349;-2018.078
27145;393.5451;-416.2405;-2017.979
27193;393.8835;-416.2391;-2017.892
27212;394.3111;-416.0585;-2017.881
27254;394.4801;-416.048;-2017.854
27301;394.5865;-415.9574;-2017.828
27337;394.787;-415.8058;-2017.838
27363;394.9955;-415.683;-2017.876
27390;395.2425;-415.6442;-2017.802
27432;395.4341;-415.4934;-2017.859
27469;395.6292;-415.4123;-2017.891
27511;395.9664;-415.1792;-2017.981
27534;396.2504;-414.8857;-2018.132
27564;396.428;-414.7909;-2018.154
27610;396.7215;-414.8534;-2018.202
27649;397.0668;-414.6463;-2018.409
27678;397.3649;-414.6585;-2018.528
27736;397.4668;-414.7199;-2018.647
27765;397.6289;-414.7224;-2018.766
27792;397.8791;-414.8202;-2018.985
27826;398.3355;-415.0266;-2019.23
27859;398.693;-415.0771;-2019.714
27887;399.0424;-414.9528;-2020.116
27929;399.0134;-414.3988;-2021.18
27953;399.6855;-413.4922;-2021.909
27977;399.6993;-411.7998;-2022.692
28005;399.3977;-410.1289;-2023.802
28040;400.1574;-407.4066;-2024.284
28074;400.4581;-405.2516;-2024.683
28128;400.5408;-403.4662;-2024.793
28155;399.2709;-401.7461;-2024.92
28181;398.3848;-399.8141;-2025.217
28209;397.075;-395.8338;-2025.237
28248;395.9274;-393.8656;-2025.936
28274;395.258;-392.4428;-2026.341
28311;394.2385;-390.3075;-2026.651
28348;393.9171;-389.8138;-2026.539
28404;393.4976;-389.217;-2026.381
28433;393.2704;-388.3034;-2026.418
28476;392.8586;-387.6993;-2026.411
28503;392.6841;-387.4451;-2026.374
28522;392.3467;-387.4282;-2026.371
28544;392.1395;-387.4497;-2026.427
28582;392.1587;-388.554;-2025.98
28630;393.6707;-390.9545;-2024.937
28653;394.2812;-392.4718;-2024.542
28707;394.9929;-393.7471;-2024.315
28734;395.9237;-395.3428;-2024.403
28761;395.4441;-398.6118;-2024.572
28782;395.6685;-401.2019;-2024.726
28805;395.3902;-403.7648;-2025.052
28857;394.8765;-408.164;-2024.944
28946;392.8473;-415.6424;-2024.087
28992;391.6845;-416.7209;-2024.193
29015;390.6841;-418.0531;-2023.946
29061;390.1303;-418.443;-2023.988
29083;389.68;-419.0793;-2024.035
29114;389.0173;-420.0109;-2024.332
29154;387.8089;-421.2209;-2024.746
29180;387.6863;-422.278;-2024.745
29235;387.5774;-422.9994;-2024.757
29262;388.1492;-423.3687;-2024.594
29291;388.6764;-423.4829;-2024.402
29330;389.1595;-423.5039;-2024.249
29389;389.2686;-423.3755;-2024.275
29418;389.1842;-422.9059;-2024.436
29439;388.0789;-421.7782;-2025.016
29464;387.2118;-419.3964;-2025.444
29510;384.713;-411.7036;-2025.338
29550;383.64;-409.2902;-2025.02
29582;382.0228;-405.1437;-2024.501
29631;381.0511;-399.8595;-2023.884
29672;379.7346;-392.3316;-2023.873
29740;378.9141;-390.5111;-2023.888
29772;378.7148;-389.7617;-2023.737
29793;378.8318;-388.5225;-2023.246
29831;378.5682;-387.6054;-2023.245
29857;378.0452;-386.6816;-2023.222
29909;378.0969;-385.7302;-2023.462
29927;377.8784;-385.7017;-2023.515
29963;377.8372;-385.7233;-2023.528
29987;377.839;-385.8223;-2023.679
30029;378.1028;-386.2109;-2024.068
30053;378.1876;-387.1308;-2024.477
30108;379.0015;-390.5531;-2024.492
30135;379.277;-393.1598;-2024.734
30162;380.0552;-395.8436;-2025.406
30203;381.2845;-399.0163;-2026.516
30229;382.1297;-402.3371;-2027.228
30253;381.5681;-406.8775;-2028.027
30287;382.1823;-409.9881;-2028.127
30341;382.038;-412.4606;-2028.427
30360;381.4296;-415.4265;-2028.509
30396;381.1082;-416.212;-2028.864
30421;380.3037;-417.0344;-2029.196
30457;379.2617;-418.0993;-2029.14
30478;378.9798;-418.8894;-2029.171
30536;378.2719;-419.5232;-2029.391
30563;377.0301;-421.0862;-2029.42
30603;377.0698;-421.3511;-2029.264
30642;376.3127;-422.2205;-2029.26
30665;376.0472;-422.4332;-2029.348
30709;376.1938;-422.528;-2029.31
30755;376.3551;-422.4872;-2029.249
30795;376.6159;-422.1949;-2029.158
30831;376.7744;-421.8506;-2028.884
30871;376.46;-420.9397;-2028.865
30908;375.9602;-418.1501;-2028.476
30925;375.9244;-415.6692;-2028.057
30956;375.6571;-412.9892;-2026.857
30982;374.7328;-409.5656;-2025.636
31017;374.0414;-405.8403;-2024.57
31050;372.7012;-402.745;-2023.291
31072;371.4649;-398.4125;-2022.085
31123;370.4939;-396.8629;-2021.127
31144;370.0161;-395.386;-2020.037
31183;369.3858;-393.7512;-2019.195
31234;368.1856;-389.7787;-2019.002
31279;367.7296;-388.297;-2018.785
31303;367.5684;-386.8114;-2018.38
31348;367.1667;-386.0316;-2018.173
31382;366.9983;-385.3254;-2018.013
31425;366.6655;-384.8114;-2017.873
31529;366.4181;-384.9342;-2017.576
31582;366.3916;-385.195;-2017.142
31667;366.0888;-386.4345;-2016.332
31696;365.6383;-388.1429;-2015.712
31728;366.1301;-390.0839;-2014.987
31769;366.4752;-393.7411;-2014.483
31803;367.5073;-397.3234;-2013.906
31880;366.1471;-403.4649;-2013.379
31918;364.9229;-405.0902;-2013.587
31933;364.2589;-406.0942;-2013.577
31957;362.5865;-409.1553;-2012.496
31984;362.2067;-409.8058;-2012.532
32008;361.9888;-410.6837;-2012.737
32081;360.6191;-411.5167;-2013.772
32123;360.6343;-411.8236;-2013.803
32148;360.2037;-412.317;-2013.756
32175;359.7695;-412.9008;-2014.137
32198;360.1822;-413.1997;-2014.224
32218;360.7533;-413.6123;-2014.365
32242;361.1749;-413.9711;-2014.527
32295;361.6774;-414.1221;-2014.878
32334;361.7997;-413.9547;-2015.583
32357;361.8123;-412.6205;-2016.897
32382;361.5448;-410.3067;-2017.685
32418;361.3371;-407.7281;-2018.219
32454;361.1286;-404.6794;-2018.638
32478;360.6817;-401.2051;-2018.904
32514;360.3388;-395.9052;-2018.846
32557;359.5343;-392.2501;-2018.586
32582;359.1099;-390.2587;-2018.427
32609;358.5631;-383.6122;-2020.196
32643;358.2076;-382.1503;-2020.168
32680;357.7725;-380.9755;-2020.17
32739;357.5367;-380.1081;-2020.248
32768;357.3398;-379.9633;-2020.227
32785;357.1911;-379.9957;-2020.141
32806;357.1163;-380.081;-2019.952
32840;357.4425;-380.817;-2019.391
32876;357.7367;-381.4717;-2018.995
32912;357.9825;-382.9785;-2018.314
32934;358.3329;-385.6704;-2017.146
33003;358.9627;-386.5746;-2017.046
33046;360.5459;-390.4437;-2016.867
33081;361.3592;-392.8716;-2017.011
33119;361.9512;-395.5922;-2017.02
33158;362.2749;-398.5069;-2016.629
33183;362.8925;-401.2709;-2015.995
33209;363.1527;-404.228;-2015.495
33243;362.8223;-406.2285;-2014.99
33278;362.0958;-407.7745;-2014.912
33345;362.1114;-408.0219;-2014.697
33380;360.4512;-409.218;-2014.311
33403;359.8047;-410.8301;-2013.823
33428;359.4154;-411.1326;-2013.898
33451;359.5007;-411.5769;-2013.904
33502;359.3221;-411.8543;-2013.903
33534;358.8494;-412.4032;-2013.793
33563;358.5952;-412.8348;-2013.861
33580;358.8881;-412.9818;-2013.818
33616;359.3015;-413.4088;-2013.65
33672;359.6803;-413.7211;-2013.499
33689;360.0246;-413.9713;-2013.342
33712;360.6673;-414.0986;-2013.163
33749;361.1972;-413.2047;-2013.511
33800;361.2311;-412.4845;-2014.172
33860;361.4036;-409.8287;-2014.691
33885;360.9598;-407.9452;-2015.221
33929;360.6373;-404.5713;-2015.99
33952;360.3289;-402.3871;-2016.342
33981;359.636;-400.3059;-2016.646
34022;356.6746;-394.0657;-2017.194
34060;355.4651;-391.5727;-2017.475
34115;354.1686;-384.367;-2018.79
34138;353.1572;-382.1635;-2018.851
34156;352.8169;-381.7158;-2018.791
34195;352.1391;-381.2271;-2018.834
34217;351.5046;-380.7362;-2018.874
34244;350.7865;-379.4286;-2019.205
34295;350.5997;-379.4423;-2019.16
34314;350.3215;-379.5088;-2018.922
34350;350.1083;-379.6577;-2018.763
34380;349.6398;-380.5494;-2018.457
34433;349.5931;-381.9026;-2017.855
34458;349.6375;-384.6903;-2016.818
34479;350.0838;-386.4253;-2016.782
34504;350.2863;-387.6308;-2016.867
34538;350.3927;-390.8808;-2016.744
34572;350.2918;-393.7365;-2017.27
34605;350.444;-396.2074;-2017.655
34639;351.0799;-399.4173;-2017.602
34679;351.0107;-402.2959;-2017.233
34714;351.0248;-404.6792;-2016.888
34771;351.0873;-406.6999;-2016.601
34941;348.9783;-411.5883;-2018.021
34977;349.2583;-411.9508;-2018.14
35014;349.2307;-412.2206;-2018.173
35035;349.3548;-412.3834;-2018.154
35068;349.3697;-412.9046;-2018.119
35102;349.6799;-413.4394;-2018.007
35136;350.2471;-414.042;-2017.881
35172;351.0551;-414.2178;-2017.603
35210;351.543;-414.5315;-2017.43
35232;352.1949;-414.6628;-2017.362
35282;352.6609;-414.2552;-2017.912
35308;352.9977;-412.2785;-2019.073
35332;352.911;-409.2456;-2019.95
35384;352.6705;-407.4585;-2020.471
35407;351.858;-403.2445;-2021.662
35458;351.1908;-401.1249;-2022.227
35500;350.7585;-397.9377;-2022.397
35520;350.2864;-395.5714;-2023.038
35595;350.2011;-392.0001;-2023.176
35633;349.1714;-383.7572;-2025.235
35656;348.1533;-379.0143;-2027.478
35681;348.0302;-379.1577;-2027.452
35719;347.9914;-378.4129;-2027.893
35741;347.9257;-378.6906;-2027.847
35792;347.8033;-378.8504;-2027.941
35817;347.9037;-379.1606;-2027.967
35838;348.0721;-379.4893;-2028.087
35889;348.2368;-379.6143;-2028.233
35923;349.1938;-380.9367;-2028.175
35967;350.5635;-382.5316;-2027.872
36002;352.2856;-385.5149;-2027.216
36047;353.5523;-386.7115;-2027.471
36063;354.0166;-387.8707;-2027.756
36083;354.9244;-389.1898;-2028.045
36134;356.02;-391.0528;-2028.217
36157;356.4948;-393.8885;-2027.925
36184;357.2051;-397.1813;-2027.745
36205;357.9624;-399.8484;-2027.477
36290;358.6115;-403.1624;-2027.003
36315;359.3322;-405.1669;-2026.746
36357;359.3103;-407.1738;-2026.278
36380;359.1809;-408.7861;-2025.928
36403;359.0775;-410.2211;-2025.662
36430;358.713;-411.0573;-2025.651
36450;358.3252;-411.8562;-2025.326
36503;357.9845;-412.6364;-2024.971
36540;358.0178;-413.2327;-2024.884
36562;356.3699;-415.0584;-2026.916
36603;356.033;-415.6334;-2027.164
36622;356.0868;-415.7353;-2026.848
36642;356.0406;-415.9501;-2026.526
36694;356.0334;-416.2427;-2026.177
36723;356.159;-416.4984;-2025.841
36776;356.2954;-416.6641;-2025.59
36799;356.5486;-416.8695;-2025.031
36822;356.8103;-416.9171;-2024.505
36841;357.2881;-416.6165;-2023.972
36891;357.744;-415.6028;-2023.378
36912;357.9917;-414.7455;-2022.969
36948;357.8177;-413.5145;-2022.727
36999;357.6097;-410.7779;-2022.144
37018;356.7876;-408.4355;-2021.858
37070;356.0485;-405.9233;-2021.658
37089;354.6211;-402.951;-2021.83
37112;353.9804;-401.132;-2021.698
37145;353.6963;-398.7625;-2021.085
37165;351.8333;-393.3619;-2021.307
37206;350.1004;-390.9212;-2021.26
37274;348.6144;-387.4239;-2021.358
37298;348.0377;-386.4955;-2021.271
37316;347.8337;-386.4886;-2021.102
37388;347.2746;-385.6182;-2021.016
37403;347.0746;-385.4374;-2020.87
37437;346.6788;-385.3706;-2020.733
37470;346.3099;-385.1582;-2020.537
37489;346.457;-385.2698;-2020.063
37513;346.3613;-386.4873;-2018.672
37547;346.3796;-387.2482;-2018.035
37582;346.2746;-388.4059;-2017.496
37609;346.6237;-389.0183;-2017.314
37645;347.2076;-390.2105;-2017.05
37680;347.8236;-390.697;-2017.014
37717;348.2695;-392.442;-2016.719
37769;348.6903;-395.1404;-2015.818
37790;349.7712;-397.7266;-2015.55
37827;350.0571;-399.6469;-2014.901
37869;350.5087;-401.2793;-2014.59
37886;350.6161;-403.0565;-2014.176
37908;350.7338;-404.4697;-2013.795
37941;350.6974;-405.8771;-2013.232
37974;350.7589;-406.1206;-2012.966
38008;350.3957;-406.7529;-2012.641
38042;349.9804;-407.1255;-2012.974
38075;348.6366;-409.034;-2015.043
38109;348.2331;-410.077;-2016.096
38150;347.5254;-411.2231;-2016.909
38213;347.7722;-411.4141;-2016.505
38255;348.3983;-412.0404;-2015.917
38280;348.4713;-412.1886;-2015.587
38332;349.5823;-412.4665;-2015.077
38353;350.4419;-412.7253;-2014.773
38392;350.9043;-412.9134;-2014.616
38415;351.586;-412.8868;-2014.554
38470;352.4694;-412.2;-2014.638
38508;353.325;-410.968;-2014.927
38542;353.3834;-407.4084;-2015.198
38576;353.2705;-403.9512;-2015.625
38612;353.2432;-401.1558;-2015.821
38715;353.6255;-399.1781;-2015.773
38737;352.5782;-396.7724;-2016.169
38759;351.7976;-394.7991;-2016.22
38788;351.6919;-391.5781;-2016.362
38810;351.4065;-389.2555;-2016.412
38835;350.7423;-386.7445;-2016.678
38878;350.3155;-385.8903;-2016.958
38911;350.171;-384.9227;-2017.215
38934;350.1052;-384.5297;-2017.282
38962;350.1299;-384.6823;-2017.226
38983;350.3926;-384.6534;-2017.247
39018;350.7819;-384.9774;-2017.292
39040;351.4783;-386.032;-2017.132
39091;352.0421;-386.7007;-2017.055
39114;352.2127;-387.0705;-2017.077
39136;352.7011;-388.0732;-2017.194
39170;352.6;-389.3185;-2017.547
39208;353.2402;-390.9128;-2017.75
39246;353.761;-392.7808;-2017.866
39284;354.0135;-395.3708;-2018.39
39338;354.4548;-398.0914;-2019.234
39358;354.8613;-400.998;-2019.666
39376;355.1029;-403.7239;-2019.978
39412;354.9996;-405.5018;-2019.973
39446;355.0193;-407.9514;-2020.121
39465;354.9015;-410.2178;-2020.544
39516;354.7489;-411.0515;-2020.873
39540;353.7597;-412.0749;-2022.376
39574;353.9131;-412.4883;-2023.061
39643;352.5273;-413.7374;-2025.226
39677;352.074;-414.4472;-2026.573
39700;350.593;-416.1872;-2029.345
39735;350.6754;-416.2656;-2029.394
39751;351.1869;-416.4034;-2029.399
39771;351.4017;-416.6238;-2029.643
39823;351.6024;-417.0656;-2029.806
39844;351.9367;-417.9922;-2030.189
39878;352.4008;-418.344;-2030.308
39913;353.1238;-418.56;-2030.592
39934;354.1526;-418.0992;-2031.115
39984;354.6668;-417.6197;-2031.396
40007;354.8868;-416.8008;-2032.03
40041;354.8358;-415.7862;-2032.865
40075;354.816;-414.4608;-2033.911
40148;354.5817;-411.3237;-2035.822
40328;354.3598;-409.4238;-2036.734
40379;351.6554;-400.9775;-2037.279
40414;351.0544;-397.6741;-2037.321
40448;350.315;-394.1577;-2037.546
40481;349.9558;-393.7407;-2037.529
40504;350.0081;-392.7601;-2037.487
40539;349.9583;-392.7437;-2037.285
40573;349.8417;-392.7913;-2037.116
40606;349.5805;-392.8473;-2036.98
40658;349.4287;-393.3575;-2036.483
40691;349.7741;-394.2002;-2035.816
40708;350.1154;-395.3784;-2035.104
40751;350.4511;-396.8952;-2034.457
40785;350.9449;-398.4942;-2033.792
40819;351.2762;-400.0396;-2033.544
40869;351.1704;-402.8709;-2032.948
40897;351.4843;-404.7411;-2032.495
40929;351.8343;-407.9246;-2031.881
40971;351.7184;-410.2731;-2031.607
40988;351.3185;-412.5537;-2031.535
41040;350.9346;-413.6755;-2031.779
41077;350.4849;-414.0109;-2032.156
41102;350.3829;-414.7413;-2031.975
41123;350.2964;-415.8285;-2031.776
41163;350.3343;-416.1517;-2031.771
41218;350.7396;-417.1921;-2031.324
41255;350.8369;-417.4033;-2031.239
41306;350.9436;-417.6909;-2031.101
41324;351.0587;-418.3022;-2031.043
41346;351.402;-418.493;-2030.873
41380;351.5679;-418.656;-2030.748
41413;351.6889;-418.6296;-2030.565
41450;351.7729;-418.0326;-2030.363
41500;351.5941;-417.2316;-2030.252
41523;349.9912;-413.9497;-2030.561
41544;348.7105;-410.3742;-2030.672
41578;347.8029;-408.1353;-2030.305
41615;347.2153;-405.5401;-2029.467
41638;345.8377;-401.4963;-2029.255
41674;344.6534;-399.9901;-2029.211
41710;343.5574;-397.3626;-2028.81
41748;342.6429;-395.6496;-2028.425
41789;341.8383;-393.5157;-2028.282
41825;341.3632;-392.1864;-2028.143
41846;340.9819;-391.2359;-2027.977
41880;340.7111;-390.5617;-2027.974
41931;340.7094;-390.5546;-2027.926
41957;340.82;-390.5977;-2027.875
41999;341.0591;-391.3687;-2027.671
42042;341.3957;-392.175;-2027.522
42065;341.8491;-392.9479;-2027.321
42087;342.0717;-395.6559;-2027.233
42107;342.3393;-399.873;-2027.56
42142;342.7423;-402.3754;-2027.952
42175;343.7;-405.3479;-2027.836
42226;343.9209;-408.3228;-2027.742
42243;344.1582;-410.786;-2027.973
42295;344.0975;-412.3752;-2027.985
42316;344.2288;-412.6963;-2028.1
42352;344.2414;-413.6306;-2028.09
42373;343.7765;-414.6178;-2028.138
42415;343.7021;-415.2177;-2028.463
42468;343.4654;-415.8258;-2028.986
42488;343.3567;-416.5129;-2029.166
42508;343.4333;-416.5894;-2029.24
42542;343.4707;-417.0992;-2029.035
42593;343.8975;-417.1738;-2028.857
42639;344.4714;-417.1387;-2028.617
42658;345.0959;-417.134;-2028.235
42678;345.8965;-417.4715;-2027.608
42712;346.8718;-416.8206;-2027.116
42762;347.2755;-416.321;-2026.789
42802;347.257;-416.0665;-2026.543
42818;347.2913;-413.8957;-2026.375
42842;346.7228;-410.5271;-2025.866
42893;346.3939;-408.0585;-2025.378
42912;345.8106;-405.7778;-2024.886
42967;345.5102;-402.6288;-2023.787
43019;344.8401;-401.1435;-2023.186
43035;343.9709;-398.8465;-2022.448
43069;343.3786;-397.6316;-2021.815
43096;342.7382;-395.134;-2021.338
43113;342.2301;-392.4482;-2021.041
43148;341.7974;-391.1813;-2020.881
43169;341.9641;-389.7974;-2020.74
43236;341.9172;-389.7056;-2020.579
43272;341.8741;-389.7511;-2020.447
43290;341.8462;-389.8453;-2020.394
43310;342.1451;-390.2723;-2020.142
43361;342.9342;-391.54;-2019.797
43383;343.5996;-392.8261;-2019.724
43420;344.2766;-395.6683;-2019.596
43455;344.9645;-398.2687;-2019.881
43475;345.7766;-401.2155;-2020.124
43529;346.7726;-404.9177;-2020.32
43548;347.3585;-406.8745;-2020.657
43570;347.797;-408.65;-2021.058
43617;347.4258;-410.9253;-2021.894
43640;347.4218;-412.2719;-2022.454
43673;347.285;-413.164;-2022.895
43708;346.9347;-414.0451;-2023.014
43760;346.8554;-414.5413;-2023.248
43777;346.6754;-415.2117;-2024.147
43802;346.4683;-415.6072;-2024.977
43838;346.321;-415.9246;-2025.561
43888;346.5207;-415.9951;-2025.64
43905;346.3468;-416.0833;-2026.085
43944;346.3655;-416.2778;-2026.37
43989;346.909;-416.4085;-2026.251
44022;347.4623;-416.8752;-2026.179
44058;348.1613;-417.3119;-2026.005
44091;349.2968;-417.4567;-2025.672
44112;349.538;-417.3558;-2025.661
44151;349.8095;-417.4359;-2025.535
44205;350.0787;-416.9394;-2025.586
44238;350.2169;-416.5022;-2025.703
44272;349.5492;-413.8513;-2026.441
44306;348.6917;-411.3651;-2027.253
44340;347.7836;-409.3507;-2027.781
44390;347.0668;-405.8503;-2028.578
44408;346.6622;-404.7496;-2028.609
44442;346.18;-403.7372;-2028.489
44476;345.6356;-402.5096;-2028.434
44509;344.7;-400.0419;-2027.863
44548;343.6566;-397.8996;-2027.248
44585;343.3048;-396.5206;-2026.863
44619;342.0424;-394.0446;-2027.042
44637;341.5501;-393.3446;-2026.966
44671;340.903;-392.1172;-2027.183
44722;340.6079;-391.7876;-2027.184
44740;340.4305;-391.8487;-2027.131
44792;340.2549;-391.767;-2027.124
44811;339.9629;-392.0006;-2027.06
44844;339.9859;-392.5074;-2026.989
44878;339.7664;-393.1693;-2027.109
44946;338.9369;-396.1505;-2028.038
44991;338.4865;-398.1244;-2028.329
45028;338.0612;-401.7494;-2028.659
45053;337.7919;-404.1847;-2028.913
45095;337.994;-406.8711;-2029.079
45114;337.886;-408.6344;-2029.353
45148;337.6747;-409.8476;-2029.318
45182;337.314;-410.9406;-2029.381
45235;336.6328;-411.8608;-2029.056
45256;335.0984;-412.527;-2029.228
45277;334.0222;-413.1226;-2029.29
45310;332.9656;-413.6769;-2029.82
45336;332.6349;-413.8199;-2030.006
45387;332.4192;-413.9309;-2030.093
45405;331.8274;-414.0473;-2030.149
45439;330.8275;-414.1313;-2030.3
45489;330.276;-414.0615;-2029.99
45507;329.6794;-414.096;-2029.688
45545;329.438;-414.0789;-2029.294
45579;329.3273;-414.0382;-2028.844
45629;329.2667;-414.0313;-2028.253
45646;329.1968;-413.9779;-2027.899
45681;328.9611;-414.0025;-2027.342
45715;328.8391;-413.8004;-2026.82
45739;328.6104;-413.5339;-2026.283
45773;328.5797;-413.3332;-2025.758
45808;328.4577;-413.2431;-2025.308
45861;327.8601;-413.1807;-2024.709
45879;327.5205;-413.0913;-2024.302
45931;326.7189;-412.8439;-2023.915
45965;326.5608;-412.7435;-2023.744
45986;326.0339;-412.6314;-2023.489
46020;325.9154;-412.5972;-2023.415
46053;325.8355;-412.566;-2023.384
46070;325.7184;-412.49;-2023.31
46104;325.4184;-412.4852;-2023.273
46138;325.3265;-412.4321;-2023.261
46172;325.2125;-412.33;-2023.196
46206;324.9475;-412.2054;-2023.186
46243;324.8773;-412.1958;-2023.124
46297;324.4663;-412.2698;-2023.2
46315;324.0824;-412.3452;-2023.215
46341;323.9378;-412.4236;-2023.209
46381;323.8638;-412.424;-2023.27
46416;323.8371;-412.3353;-2023.318
46450;323.6634;-412.3498;-2023.389
46485;323.6092;-412.3596;-2023.441
46505;323.3977;-412.3271;-2023.592
46573;323.1525;-412.3784;-2023.876
46589;323.2231;-412.3619;-2023.935
46625;323.3815;-412.1907;-2024.14
46660;323.4315;-412.1564;-2024.272
46715;323.4741;-412.2014;-2024.304
46740;323.8372;-412.167;-2024.647
46774;323.935;-412.2199;-2024.725
46808;324.1295;-412.1958;-2024.924
46841;324.5154;-412.032;-2025.192
46875;324.6388;-412.0529;-2025.495
46909;324.8788;-412.0058;-2025.695
46943;324.968;-411.9597;-2025.759
46977;325.0411;-411.9214;-2025.982
47010;325.2015;-411.9587;-2026.199
47044;325.2624;-412.0329;-2026.304
47078;325.3244;-412.0182;-2026.423
47112;325.3928;-412.0165;-2026.504
47147;325.4503;-412.0728;-2026.637
47180;325.5041;-412.0404;-2026.739
47199;325.5006;-412.0636;-2026.835
47249;325.6151;-412.0283;-2026.885
47286;325.6497;-412.0427;-2026.928
47305;325.6144;-412.0497;-2027.04
47339;325.7179;-412.0376;-2027.111
47373;325.7669;-412.0704;-2027.189
47406;326.0894;-412.1231;-2027.228
47463;326.3493;-411.9037;-2027.359
47478;326.3882;-411.9122;-2027.425
47512;326.525;-411.9238;-2027.57
47548;326.6137;-411.8137;-2027.669
47587;326.833;-411.6781;-2027.81
47621;327.0537;-411.575;-2027.944
47639;327.1995;-411.4322;-2028.077
47673;327.2545;-411.3933;-2028.141
47707;327.412;-411.2715;-2028.214
47741;327.4751;-411.2361;-2028.244
47774;327.5085;-411.2982;-2028.315
47808;327.5653;-411.3029;-2028.348
47842;327.6514;-411.2744;-2028.359
47875;327.7396;-411.2008;-2028.414
47909;327.7831;-411.1633;-2028.519
47943;327.8757;-411.2238;-2028.515
47985;327.9042;-411.2521;-2028.553
48022;328.0963;-411.2218;-2028.632
48058;328.2062;-411.0653;-2028.709
48081;328.2833;-411.0409;-2028.789
48107;328.342;-411.2569;-2028.801
48140;328.3355;-411.2549;-2028.843
48190;328.372;-411.3781;-2028.893
48243;328.4313;-411.3401;-2028.961
48277;328.4677;-411.354;-2029.044
48310;328.5469;-411.2291;-2029.13
48331;328.6075;-411.042;-2029.361
48350;328.7941;-410.0247;-2029.699
48380;329.2126;-408.9606;-2030.041
48411;329.6949;-407.5162;-2030.608
48432;330.1058;-405.8181;-2031.312
48482;330.4868;-404.828;-2031.922
48502;330.9933;-403.5564;-2032.845
48543;331.4255;-402.9472;-2033.199
48594;331.9941;-401.0722;-2034.006
48612;332.1969;-399.6326;-2034.587
48635;333.1552;-396.6033;-2035.766
48674;334.1721;-393.5002;-2035.788
48725;335.382;-392.1423;-2035.817
48745;336.7237;-389.8131;-2035.63
48781;336.8328;-387.8536;-2035.893
48814;337.1256;-385.4895;-2036.457
48848;337.5382;-383.7531;-2036.477
48882;339.2247;-381.9708;-2036.066
48918;339.8349;-381.9445;-2035.531
48941;340.212;-379.4006;-2035.933
48976;339.8307;-379.0098;-2036.013
49028;339.9268;-378.1636;-2035.755
49043;340.3975;-376.0731;-2035.521
49079;340.4554;-374.2367;-2035.795
49105;342.3618;-370.0695;-2037.274
49143;343.3371;-368.6092;-2037.889
49177;343.1418;-368.5598;-2037.928
49211;342.9156;-368.742;-2037.679
49248;342.775;-369.2373;-2037.401
49275;343.3565;-370.924;-2036.582
49313;344.0042;-376.6266;-2033.709
49347;343.7878;-377.4161;-2033.603
49382;343.6138;-380.0202;-2032.929
49417;343.4412;-380.9057;-2033.045
49455;343.1984;-382.2853;-2033.001
49495;342.7184;-386.6055;-2032.751
49515;342.4579;-390.5551;-2032.422
49548;342.782;-393.2496;-2031.903
49582;343.0814;-396.1241;-2030.95
49616;342.8031;-397.8071;-2030.474
49651;342.5889;-399.481;-2029.823
49668;342.0553;-401.5499;-2028.874
49702;342.6937;-405.1339;-2026.431
49736;342.8627;-407.2699;-2024.692
49769;342.2872;-408.3087;-2023.389
49803;342.116;-408.7956;-2022.712
49839;341.7327;-409.1642;-2022.132
49901;341.4072;-409.4852;-2021.413
49935;341.0053;-409.4572;-2021.429
49968;340.6815;-409.303;-2021.378
50002;340.9863;-408.5858;-2021.18
50036;341.6776;-407.3977;-2020.847
50068;342.6814;-405.9664;-2020.576
50099;343.7231;-404.5695;-2020.366
50167;344.8531;-403.0186;-2019.979
50184;345.8604;-399.9664;-2018.97
50203;346.3056;-397.7221;-2017.931
50237;346.7774;-395.5807;-2017.054
50288;347.7794;-391.9823;-2016.16
50324;348.6847;-389.5574;-2015.568
50352;348.5891;-386.1889;-2014.631
50371;349.0166;-384.9852;-2013.721
50423;349.0827;-382.6843;-2013.392
50441;349.6157;-380.8647;-2012.455
50460;350.0457;-379.7345;-2011.941
50494;349.3377;-379.0979;-2011.601
50527;349.3621;-379.5007;-2010.925
50561;348.9938;-380.5364;-2010.535
50612;348.9261;-381.23;-2010.353
50648;349.0176;-382.1857;-2010.358
50669;348.4315;-384.4733;-2010.532
50708;347.8231;-386.7414;-2010.813
50742;347.4365;-388.6695;-2011.085
50794;347.1611;-391.6849;-2011.127
50809;345.7672;-394.7371;-2010.884
50828;344.9222;-397.6758;-2010.366
50871;344.3403;-401.1796;-2009.543
50905;344.2729;-404.3466;-2007.955
50938;343.5818;-406.1535;-2006.365
50989;342.9544;-407.6829;-2004.679
51006;342.5915;-408.5976;-2003.552
51039;342.6113;-408.7585;-2003.055
51073;342.6339;-408.8502;-2002.695
51106;342.7372;-409.2443;-2002.34
51140;343.1205;-409.5395;-2002.231
51191;343.7189;-409.4977;-2002.291
51217;343.7911;-409.4085;-2002.363
51237;344.3745;-409.0864;-2002.625
51256;344.9606;-408.4873;-2002.773
51308;345.6466;-405.3277;-2003.49
51342;346.9446;-403.2636;-2003.832
51360;348.0824;-399.8839;-2003.863
51394;349.1564;-397.772;-2003.53
51444;350.053;-393.8442;-2002.874
51480;351.0737;-388.7297;-2002.575
51513;352.6956;-383.0502;-2002.583
51564;355.0579;-377.6939;-2001.678
51597;355.422;-375.4613;-2001.101
51633;355.6162;-374.0718;-2000.544
51670;355.888;-372.4257;-1999.91
51707;358.1737;-369.2837;-2000.103
51741;359.0983;-368.5851;-2000.091
51775;359.7675;-368.1598;-2000.198
51842;359.4435;-370.8285;-1999.976
51876;357.965;-375.1423;-2000.309
51912;357.5572;-376.511;-2001.131
51946;357.4164;-380.3117;-2002.847
51980;357.5656;-383.4545;-2004.354
52015;358.7668;-387.0912;-2005.764
52049;359.438;-390.9726;-2006.141
52068;360.1836;-394.9781;-2006.332
52119;358.8351;-398.2874;-2006.583
52140;358.6091;-400.151;-2006.925
52162;358.6418;-402.5055;-2006.778
52200;358.7784;-404.8921;-2005.814
52233;358.367;-405.9277;-2005.283
52284;357.9748;-406.9569;-2004.717
52301;357.8089;-407.6683;-2004.252
52352;357.7732;-407.6753;-2004.214
52370;357.6876;-407.8734;-2004.19
52413;357.8151;-408.2509;-2004.28
52446;358.0538;-408.5216;-2004.711
52480;358.2482;-408.8637;-2005.342
52526;358.6833;-409.2384;-2005.924
52543;359.0631;-409.3699;-2006.887
52567;359.5919;-407.9532;-2008.46
52611;359.9462;-407.5426;-2009.26
52644;361.1254;-405.7473;-2010.444
52679;362.2964;-403.7864;-2011.073
52699;363.2348;-401.7686;-2011.304
52767;364.8089;-396.6301;-2011.914
52801;365.6386;-394.3833;-2011.932
52823;365.6027;-391.0882;-2012.441
52842;365.7767;-390.2608;-2012.161
52876;365.7761;-387.9452;-2012.206
52910;366.497;-384.5831;-2012.367
52943;367.5911;-381.6994;-2012.132
52977;367.5637;-380.3988;-2011.943
53011;368.5145;-378.7109;-2012.13
53044;369.0231;-377.8355;-2012.049
53080;369.1584;-377.576;-2011.95
53114;369.5809;-377.2346;-2011.871
53132;369.0414;-377.5799;-2011.492
53183;366.9276;-378.4335;-2011.496
53199;364.4901;-380.5403;-2011.345
53245;362.3128;-383.8453;-2011.319
53279;361.2866;-385.7056;-2011.985
53317;359.3515;-388.4013;-2013.099
53334;358.4086;-390.1989;-2013.616
53386;357.4756;-391.9154;-2014.112
53405;356.3371;-393.3431;-2014.366
53459;354.9067;-394.9878;-2014.634
53476;353.7832;-396.9539;-2014.194
53510;351.8192;-399.1683;-2013.574
53544;350.3108;-401.5209;-2012.706
53578;349.33;-403.0916;-2011.332
53611;347.9513;-404.5365;-2009.853
53629;347.2875;-405.0897;-2008.931
53663;346.4771;-405.2549;-2008.373
53714;346.1634;-405.3489;-2008.086
53767;345.7306;-405.5484;-2007.875
53784;345.5122;-405.6324;-2007.881
53801;345.2978;-405.672;-2007.922
53835;345.0149;-405.4095;-2008.166
53868;344.9341;-404.9928;-2008.466
53902;345.487;-404.2454;-2008.946
53936;345.946;-403.3779;-2009.516
53969;346.2435;-402.6698;-2009.949
54003;346.1874;-401.8278;-2010.133
54037;346.3593;-400.184;-2010.287
54071;346.3578;-399.0938;-2010.315
54105;346.9206;-394.4255;-2010.803
54138;346.8728;-393.2224;-2010.989
54172;347.6692;-387.8775;-2011.852
54206;348.2911;-383.2537;-2012.344
54239;349.0333;-380.2455;-2012.458
54274;349.6509;-378.4778;-2012.069
54308;350.6052;-377.1155;-2011.651
54342;350.5772;-376.722;-2011.397
54376;349.9164;-376.1953;-2011.143
54426;350.3611;-376.0134;-2010.363
54477;350.3727;-375.8872;-2010.251
54510;348.9326;-376.0674;-2010.505
54566;347.4932;-378.3286;-2010.272
54583;346.8497;-379.7356;-2010.552
54606;345.9177;-382.9803;-2011.087
54640;345.6378;-384.4189;-2011.492
54674;344.9059;-386.651;-2012.655
54708;344.3276;-388.889;-2013.311
54741;344.2227;-390.4759;-2013.785
54779;343.9393;-392.4669;-2013.828
54813;343.8314;-393.9087;-2013.848
54847;343.2043;-396.6891;-2013.6
54865;342.8407;-399.6663;-2012.957
54899;342.051;-402.7661;-2012.107
54949;341.7969;-403.2573;-2011.788
54994;341.0597;-403.8759;-2011.241
55011;340.7111;-404.3528;-2010.902
55045;340.0751;-405.0993;-2010.503
55079;339.7061;-405.5635;-2010.404
55101;339.4159;-406.0903;-2010.344
55152;339.2192;-406.3236;-2010.447
55202;339.0704;-406.4218;-2010.553
55220;339.2347;-406.3985;-2010.889
55253;339.8884;-405.8441;-2011.432
55275;341.3063;-405.325;-2012.26
55315;342.4173;-404.0642;-2012.964
55349;342.8919;-403.7379;-2013.302
55372;343.2296;-403.0676;-2013.346
55409;343.6382;-402.199;-2013.531
55460;344.2639;-400.1775;-2013.78
55476;344.6314;-398.0334;-2014.201
55510;345.03;-395.1282;-2014.649
55561;345.1511;-393.5034;-2014.889
55577;345.4556;-391.0751;-2015.001
55629;346.5748;-385.2092;-2015.679
55679;346.8664;-382.3927;-2015.581
55713;346.8504;-381.3192;-2015.462
55748;347.4368;-380.1474;-2015.222
55766;347.1782;-379.7169;-2015.172
55812;347.2607;-379.4227;-2015.089
55850;347.3027;-379.6082;-2014.967
55885;346.6702;-380.7526;-2014.915
55906;346.6075;-380.9388;-2014.97
55950;345.9107;-384.4845;-2014.866
55993;346.0567;-385.1296;-2015.145
56008;346.2022;-388.3207;-2015.871
56042;346.133;-391.1153;-2016.385
56068;346.0511;-394.2424;-2016.67
56118;346.1378;-396.2931;-2016.926
56155;345.3531;-398.0701;-2017.202
56191;345.2874;-399.9465;-2017.098
56207;344.5149;-402.565;-2016.952
56241;344.1884;-406.3763;-2015.821
56275;343.5449;-408.2924;-2015.058
56308;342.5201;-409.477;-2014.464
56342;342.028;-409.886;-2014.26
56376;341.5573;-410.2318;-2014.157
56409;341.2142;-410.3128;-2014.119
56443;340.9047;-410.3991;-2014.167
56477;340.636;-410.5352;-2014.237
56510;340.6562;-410.7761;-2014.344
56544;341.0306;-411.0141;-2014.536
56578;341.7281;-410.3025;-2015.4
56612;342.4257;-409.5861;-2016.204
56645;343.533;-408.7039;-2017.269
56679;344.3525;-407.8066;-2017.69
56713;345.2396;-406.3599;-2018.635
56747;345.9027;-404.6986;-2019.144
56770;346.7578;-403.42;-2019.219
56803;347.4963;-400.2437;-2019.635
56837;347.9934;-398.2145;-2019.747
56871;349.5536;-395.3595;-2019.688
56904;349.7703;-392.0302;-2019.59
56956;350.5731;-389.0982;-2019.237
56989;350.4887;-386.9025;-2019.217
57005;349.3066;-382.287;-2019.228
57039;349.177;-381.9276;-2019.061
57073;349.7678;-381.873;-2018.737
57107;350.6077;-378.126;-2019.373
57140;350.9613;-377.8314;-2019.265
57174;350.2156;-378.6262;-2018.669
57207;349.1013;-380.0056;-2018.029
57241;347.4264;-382.3445;-2017.745
57275;344.6367;-386.6042;-2017.545
57326;343.5284;-388.9216;-2017.874
57344;342.825;-390.427;-2018.158
57377;342.5786;-393.8777;-2018.618
57411;342.2159;-396.4483;-2019.413
57445;342.1045;-397.3517;-2020.071
57478;341.5252;-398.4009;-2020.439
57512;340.7724;-400.0443;-2020.705
57530;339.9237;-402.3;-2020.673
57564;339.0795;-405.0023;-2019.88
57614;337.1959;-407.328;-2019.088
57631;335.7751;-408.3643;-2018.401
57665;335.0823;-408.9629;-2017.976
57699;334.4572;-409.196;-2017.771
57749;333.9653;-409.5377;-2017.556
57766;333.519;-409.6775;-2017.574
57816;333.3253;-409.7103;-2017.61
57854;333.162;-409.7227;-2017.656
57891;333.4068;-409.6552;-2017.786
57925;333.721;-409.4515;-2017.971
57941;334.9406;-408.1183;-2018.47
57975;336.0061;-406.9287;-2018.476
58009;336.2885;-405.985;-2018.195
58042;336.4968;-405.557;-2018.069
58076;336.6801;-404.8748;-2018.001
58110;336.9375;-403.3453;-2017.72
58144;337.2151;-401.3575;-2017.374
58177;337.0498;-398.6697;-2017.307
58228;336.7808;-397.2643;-2017.044
58245;336.7626;-394.4657;-2016.764
58279;336.5948;-389.6801;-2016.856
58312;336.2345;-388.0857;-2016.57
58346;335.7303;-386.4977;-2016.158
58379;336.1573;-385.0246;-2016.318
58414;336.3137;-384.565;-2016.121
58452;336.2715;-384.0971;-2016.112
58469;335.8291;-383.4108;-2016.023
58520;335.7731;-383.296;-2015.974
58554;335.0197;-384.0724;-2015.708
58571;334.6165;-384.9395;-2015.682
58605;333.6651;-386.6831;-2015.474
58642;332.3461;-388.3884;-2015.904
58675;332.1486;-388.5252;-2016.155
58709;332.0543;-391.7875;-2016.628
58743;331.5291;-394.0358;-2017.116
58760;331.273;-395.0303;-2017.461
58810;331.0722;-397.1863;-2017.333
58827;331.1376;-399.1686;-2017.09
58878;331.4209;-401.0396;-2016.838
58933;331.2241;-402.7159;-2016.419
58949;330.1384;-405.2815;-2015.585
58984;330.2848;-406.4393;-2014.884
59017;329.9673;-407.9164;-2013.843
59067;329.7308;-408.114;-2013.611
59084;329.5915;-408.3629;-2013.286
59101;329.4907;-408.4703;-2013.24
59135;329.411;-408.6228;-2013.278
59169;329.5164;-408.7993;-2013.291
59219;329.6265;-408.7704;-2013.409
59253;329.6678;-408.6054;-2013.436
59271;330.2983;-407.5438;-2013.776
59305;331.3939;-406.2818;-2014.196
59356;332.8359;-405.3482;-2014.5
59375;333.9249;-404.5887;-2014.776
59409;334.5406;-402.7825;-2015.138
59460;334.813;-400.723;-2015.422
59476;335.4219;-398.4291;-2015.74
59510;335.8452;-394.9699;-2016.015
59544;336.6105;-392.1096;-2015.806
59577;337.8436;-388.1644;-2016.318
59611;339.4297;-383.2184;-2016.939
59645;340.4735;-381.2051;-2017.026
59678;341.1049;-379.8397;-2016.694
59712;341.662;-377.7574;-2016.326
59746;341.8214;-376.8394;-2015.815
59779;341.8757;-375.8768;-2015.362
59813;341.8942;-375.216;-2014.952
59847;341.8394;-375.0103;-2014.726
59884;341.6704;-375.1932;-2014.606
59903;341.477;-375.5682;-2014.36
59937;340.2546;-377.8067;-2013.425
59971;338.8853;-380.8492;-2012.271
60005;338.8212;-382.5288;-2011.902
60038;338.9153;-384.5195;-2011.739
60072;338.2385;-386.9564;-2011.912
60106;337.8914;-390.0214;-2012.082
60140;337.7232;-393.0252;-2011.963
60173;337.2685;-393.9924;-2011.995
60201;336.4398;-396.0407;-2011.616
60230;335.5484;-399.3849;-2011.063
60264;334.6414;-401.8183;-2010.825
60314;333.5891;-404.3445;-2010.13
60331;332.3978;-406.27;-2009.267
60365;331.5201;-407.0862;-2008.731
60399;331.0368;-407.716;-2008.327
60432;330.742;-407.9469;-2008.051
60483;330.3368;-408.3101;-2007.816
60533;329.7202;-408.7175;-2007.713
60567;329.4782;-408.7793;-2007.752
60601;329.3425;-408.8584;-2007.81
60635;329.2478;-408.8192;-2008.065
60668;329.3171;-408.8386;-2008.209
60702;329.3597;-407.9892;-2008.812
60735;330.0598;-406.8216;-2009.694
60769;330.6679;-405.1539;-2010.218
60803;329.9521;-402.1034;-2010.936
60837;329.9213;-400.6028;-2011.299
60870;330.1408;-398.9491;-2011.71
60909;330.1539;-397.4653;-2011.889
60942;330.311;-395.0737;-2011.76
60976;330.1306;-392.5927;-2012.168
61028;330.6591;-384.7163;-2014.311
61043;331.438;-382.9511;-2014.215
61077;331.7672;-380.3651;-2014.4
61111;331.9758;-378.2123;-2014.234
61145;331.6335;-376.2857;-2014.145
61178;331.2294;-374.4438;-2014.081
61229;330.7619;-373.7079;-2014.006
61246;330.1669;-374.573;-2012.68
61282;329.8383;-373.4357;-2012.977
61314;329.4333;-373.048;-2012.907
61365;329.4262;-373.0158;-2012.802
61398;329.5867;-375.385;-2011.154
61423;329.581;-375.781;-2010.999
61440;329.2112;-377.2279;-2011.286
61474;328.6223;-379.3286;-2011.455
61521;328.5085;-381.1266;-2011.484
61554;328.3017;-382.334;-2011.72
61572;327.3269;-387.4529;-2011.59
61606;326.8453;-392.2542;-2011.818
61640;326.4069;-393.1667;-2012.109
61673;325.5889;-394.8001;-2012.092
61707;324.8535;-396.7315;-2011.715
61741;324.6302;-398.5395;-2011.058
61792;324.1252;-400.3728;-2010.283
61808;323.4983;-403.1329;-2009.022
61842;322.5292;-405.5174;-2007.497
61876;321.9518;-406.3171;-2006.62
61909;321.9063;-406.9385;-2005.904
61943;321.7881;-406.8307;-2005.42
61977;321.7847;-406.9207;-2004.81
62010;321.5718;-406.7148;-2004.405
62027;321.4027;-406.771;-2003.763
62078;321.397;-406.6627;-2003.185
62096;321.3943;-406.5803;-2002.366
62129;321.4449;-406.3866;-2001.9
62197;321.5305;-406.7207;-2000.215
62248;321.7756;-406.7198;-1999.49
62282;322.0388;-406.7224;-1998.855
62315;322.1938;-406.6399;-1998.392
62349;322.0269;-406.5901;-1998.201
62383;322.026;-406.1968;-1997.952
62416;322.0511;-406.1234;-1997.698
62450;322.0798;-405.8651;-1997.573
62504;322.2929;-405.7019;-1997.402
62521;322.4971;-405.6173;-1997.228
62538;322.5326;-405.6354;-1997.142
62571;322.6823;-405.583;-1997.065
62605;322.854;-405.651;-1997.022
62639;323.2205;-405.9091;-1996.874
62673;323.3377;-405.9884;-1996.858
62706;323.6013;-406.1561;-1996.821
62740;323.8336;-406.2219;-1996.791
62774;323.9859;-406.2426;-1996.818
62807;324.2065;-406.2857;-1996.839
62841;324.5464;-406.4459;-1996.848
62875;324.9225;-406.5877;-1996.891
62908;325.0804;-406.7669;-1996.895
62942;325.5406;-407.0204;-1996.978
62963;325.9455;-407.0489;-1997.206
62997;326.2744;-407.102;-1997.406
63030;326.4835;-407.0483;-1997.58
63064;327.0235;-407.0983;-1997.819
63098;327.3263;-407.1941;-1997.906
63132;327.5601;-407.1637;-1998.034
63166;328.0107;-407.3568;-1998.197
63216;328.4483;-407.5686;-1998.399
63240;328.8339;-407.63;-1998.582
63274;329.0971;-407.7203;-1998.71
63308;329.3402;-407.8045;-1998.947
63341;329.6544;-408.207;-1999.084
63392;329.9607;-408.3315;-1999.35
63408;330.1111;-408.4882;-1999.547
63442;330.4207;-408.6416;-1999.808
63476;330.6367;-409.0277;-2000.083
63527;330.76;-409.208;-2000.279
63544;331.0518;-409.1038;-2000.801
63569;331.1948;-409.1355;-2001.214
63602;331.3231;-409.1132;-2001.523
63653;331.3883;-409.1379;-2001.796
63670;331.714;-409.029;-2002.355
63703;331.8936;-409.0259;-2002.588
63737;332.0832;-409.1324;-2002.892
63771;332.2468;-409.0756;-2003.193
63805;332.3609;-408.7778;-2003.735
63838;332.4541;-408.6528;-2004.031
63872;332.3956;-408.4917;-2004.323
63906;332.4735;-408.3899;-2004.623
63939;332.6165;-408.1935;-2005.045
63973;332.6236;-408.2536;-2005.143
64007;332.4492;-407.8537;-2005.657
64041;332.4286;-407.874;-2005.909
64076;332.3162;-407.8095;-2006.173
64110;332.2192;-407.5901;-2006.462
64144;331.989;-407.7165;-2006.556
64177;332.0819;-407.9118;-2006.76
64211;332.1267;-408.2382;-2007.177
64245;332.4835;-408.3986;-2007.603
64278;332.969;-408.7851;-2007.994
64312;333.5662;-408.5503;-2008.75
64346;334.5118;-409.0136;-2009.115
64380;335.8004;-409.4876;-2009.426
64413;337.3316;-410.1966;-2009.418
64460;339.0945;-411.9789;-2008.862
64475;339.5883;-413.3617;-2008.284
64526;341.0667;-414.3983;-2007.553
64559;341.2032;-416.3011;-2007.473
64576;341.6993;-417.2148;-2007.231
64610;342.2863;-417.7069;-2007.164
64644;342.4648;-418.6841;-2007.237
64677;342.192;-420.1527;-2007.374
64711;343.16;-420.1875;-2006.978
64745;343.7063;-420.1709;-2006.787
64778;343.9198;-420.515;-2006.758
64799;344.0208;-420.8959;-2006.932
64833;344.0413;-421.0959;-2007.093
64883;344.2819;-421.3118;-2007.124
64917;344.4121;-421.3986;-2007.175
64951;344.1414;-421.8823;-2007.647
64984;343.8268;-422.5529;-2007.975
65002;343.901;-422.6652;-2008.005
65035;343.9364;-422.6975;-2008.08
65069;343.9583;-422.7333;-2008.121
65103;344.0291;-423.1181;-2008.251
65154;343.7102;-423.3817;-2008.523
65171;343.8263;-423.4243;-2008.513
65222;343.787;-423.4341;-2008.542
65238;343.6667;-423.4757;-2008.636
65272;343.6174;-423.5779;-2008.729
65306;343.8443;-423.9446;-2008.868
65339;343.7979;-424.0477;-2009.031
65373;343.9069;-424.0956;-2009.287
65407;344.1718;-424.1028;-2009.295
65441;344.4125;-424.4239;-2009.659
65474;344.4236;-424.4062;-2009.813
65508;344.4931;-424.7968;-2010.222
65542;344.7503;-424.7367;-2010.274
65575;345.0725;-424.8951;-2010.479
65609;345.2908;-424.7469;-2010.497
65643;345.3722;-424.7631;-2010.859
65676;345.4501;-424.7228;-2011.089
65710;345.914;-424.6418;-2011.411
65747;346.5967;-424.5227;-2011.471
65778;347.1895;-425.1174;-2011.672
65811;347.5529;-425.1038;-2011.714
65845;347.6258;-425.4984;-2012.067
65862;347.7814;-425.9584;-2012.402
65912;348.3655;-425.4095;-2012.49
65946;348.7742;-426.0125;-2012.744
65980;349.2258;-426.5016;-2013.109
66015;349.6626;-426.031;-2013.168
66038;350.1903;-426.452;-2013.495
66071;350.7887;-427.1531;-2013.927
66105;351.963;-427.2571;-2014.08
66139;352.4341;-427.1741;-2014.155
66172;353.4221;-427.2617;-2013.896
66217;356.0597;-426.9228;-2013.559
66245;357.6515;-426.9409;-2013.313
66279;358.8608;-426.6743;-2013.498
66312;359.9139;-426.2862;-2013.618
66346;361.1626;-425.8117;-2013.954
66380;362.5852;-425.5823;-2014.231
66401;364.8336;-425.3805;-2013.963
66434;366.3248;-425.5842;-2013.63
66468;366.9833;-425.4499;-2013.687
66518;367.7859;-425.2506;-2013.792
66535;367.2216;-423.2819;-2015.282
66569;368.7549;-423.2402;-2014.908
66603;371.0778;-422.2729;-2014.479
66636;374.1015;-419.3909;-2014.381
66671;375.6986;-418.4678;-2013.959
66705;377.8376;-417.7871;-2013.351
66735;380.1479;-414.8779;-2013.147
66772;384.2493;-411.7575;-2012.087
66806;387.6703;-410.3419;-2010.899
66840;390.277;-409.6675;-2009.742
66890;393.7431;-410.8894;-2007.804
66907;396.671;-411.2606;-2006.151
66941;398.8143;-411.54;-2005.152
67152;460.8269;-387.8491;-1987.769
68341;396.9679;-418.8986;-1879.131
68375;394.5735;-416.6793;-1877.252
68408;390.6142;-412.6359;-1873.576
68442;383.8668;-407.6135;-1877.065
68497;378.2878;-403.095;-1876.967
68513;369.3309;-398.5149;-1875.386
68564;363.9988;-395.6508;-1873.563
68581;357.0184;-392.7585;-1871.358
68615;351.8546;-391.4732;-1867.821
68635;344.2807;-357.7481;-1857.591
68668;342.1909;-355.6182;-1856.179
68702;337.4678;-351.9432;-1853.381
68736;332.2884;-347.8478;-1849.767
68769;328.1134;-345.0156;-1845.987
68803;324.6938;-342.0585;-1842.751
68858;320.1996;-337.5228;-1837.736
68874;317.9078;-335.0447;-1832.767
68908;314.2381;-331.4202;-1827.99
68942;311.1417;-328.5479;-1823.003
68997;308.6022;-324.2531;-1817.067
69015;306.5772;-320.4804;-1809.667
69052;304.6811;-317.3616;-1801.672
69086;302.7447;-313.7639;-1792.21
69153;301.7196;-307.29;-1767.507
69221;301.5527;-300.0919;-1740.989
69239;301.4678;-295.4642;-1727.702
69307;303.0744;-289.9607;-1712.266
69346;304.5024;-284.2429;-1696.798
69363;306.0039;-278.5041;-1682.327
69397;306.2393;-272.8201;-1667.251
69431;307.2237;-268.5026;-1654.04
69450;306.407;-264.5848;-1642.204
69503;305.4641;-261.8811;-1630.714
69520;304.3069;-258.4928;-1619.908
69545;302.8683;-254.9565;-1609.915
69597;301.4758;-250.6006;-1599.767
69647;298.7724;-247.543;-1590.24
69665;295.5148;-244.2615;-1579.993
69700;292.7386;-240.7185;-1571.047
69734;289.2953;-237.5568;-1561.614
69769;284.3546;-235.7905;-1553.505
69790;276.9526;-233.4651;-1543.866
69830;269.7848;-231.0848;-1534.136
69847;260.7033;-229.8665;-1523.105
69883;252.808;-227.9091;-1513.276
69925;241.9386;-226.6082;-1502.325
69961;231.8145;-224.2941;-1492.745
69995;222.4265;-222.0851;-1485.276
70032;214.1771;-218.2667;-1478.099
70075;206.563;-216.6228;-1471.43
70092;199.5157;-214.0407;-1465.598
70128;191.4247;-211.4055;-1459.109
70162;184.6431;-209.6395;-1453.337
70181;178.3996;-208.5145;-1447.587
70232;170.5886;-204.913;-1441.567
70248;164.687;-202.6503;-1435.739
70282;159.7532;-199.9434;-1429.784
70333;155.0034;-196.9246;-1422.728
70352;151.4344;-193.8542;-1415.1
70410;148.0996;-191.4475;-1406.489
70463;146.538;-188.7648;-1398.299
70568;143.2241;-179.0553;-1345.592
70617;147.1376;-169.4918;-1313.772
70657;148.8156;-164.6853;-1296.08
70700;151.1116;-159.3551;-1280.065
70719;153.0345;-154.2122;-1263.881
70754;154.6895;-149.0065;-1247.766
70788;157.3218;-142.8546;-1228.643
70829;158.5915;-138.92;-1214.905
70869;162.3955;-135.1313;-1202.555
70884;163.069;-131.7233;-1189.883
70918;163.6347;-128.9227;-1177.201
70952;163.8719;-126.4149;-1164.743
70986;163.4609;-122.9011;-1153.461
71006;163.3721;-119.716;-1141.972
71040;162.2073;-116.8606;-1130.674
71074;161.1173;-114.3947;-1120.173
71108;158.4409;-110.7574;-1110.567
71141;153.488;-105.3161;-1101.173
71175;148.9976;-102.5983;-1095.679
71208;142.8421;-98.57671;-1088.024
71263;135.4373;-95.35181;-1079.946
71298;129.4331;-92.87344;-1071.592
71315;123.7594;-90.54762;-1061.646
71355;119.4725;-88.65099;-1050.006
71391;114.2287;-87.37769;-1039.222
71405;107.1653;-86.05006;-1028.503
71474;101.3312;-80.94307;-1012.127
71508;96.88197;-75.06664;-1002.653
71543;94.83661;-59.95723;-993.3499
71559;93.86028;-57.81279;-994.747
71579;78.08831;-60.93701;-1062.626
71613;74.6487;-55.87481;-1057.668
71651;66.68678;-43.59026;-1050.76
71688;62.2618;-37.80941;-1040.57
71721;53.01141;-29.98774;-1027.327
71757;45.45112;-20.81146;-1015.184
71772;40.47102;17.201;-985.2131
71814;40.29451;18.10757;-981.9773
71848;37.11495;18.4147;-968.1333
71884;-85.40436;59.39604;-956.2104
71903;-57.0366;57.34514;-787.3124
71952;-19.67821;130.4906;-747.1786
71986;-42.6666;73.64072;-702.0134
72012;-42.6666;73.64072;-702.0134
72046;-42.6666;73.64072;-702.0134
72067;-42.6666;73.64072;-702.0134
72096;-42.6666;73.64072;-702.0134
74776;151.2009;-215.4226;-2089.32
74827;153.4027;-214.2643;-2087.785
74843;154.532;-214.1131;-2086.294
74877;156.8518;-214.7971;-2083.453
74939;161.2149;-213.9478;-2079.53
74961;166.2328;-212.2173;-2075.758
74980;174.3793;-212.2328;-2070.391
75013;181.6008;-212.0703;-2065.451
75047;196.5163;-210.3918;-2060.143
75098;206.5084;-210.5213;-2056.178
75117;227.8016;-208.386;-2048.926
75150;241.5976;-207.1536;-2043.887
75186;251.9312;-208.293;-2038.942
75237;264.534;-207.2378;-2036.147
75302;280.0104;-208.1671;-2031.448
75324;293.0447;-205.3455;-2028.659
75361;313.3432;-202.3167;-2025.458
75378;328.1571;-200.4911;-2024.096
75429;338.5761;-198.0634;-2023.775
75484;358.5844;-193.0318;-2022.167
75519;367.5745;-192.1009;-2022.153
75540;376.1693;-190.0652;-2022.377
75591;382.658;-189.582;-2022.443
75626;392.8132;-187.1083;-2021.86
75643;401.9321;-184.3015;-2021.518
75677;407.9959;-182.1926;-2020.725
75731;410.7572;-183.4865;-2019.642
75747;418.5902;-179.6317;-2018.839
75787;422.4995;-178.1269;-2018.105
75821;427.6309;-175.6385;-2017.352
75840;431.6391;-174.0305;-2016.313
75877;434.5173;-173.296;-2015.254
75915;437.0702;-172.8538;-2014.028
75948;439.9861;-171.5219;-2012.351
75982;441.9113;-170.7964;-2010.815
76016;445.4396;-169.1387;-2007.847
76034;446.6165;-168.9662;-2005.831
76085;447.751;-167.8203;-2003.363
76122;448.4626;-166.7406;-2000.777
76139;448.4631;-165.5045;-1997.174
76173;449.3467;-164.3777;-1993.428
76207;450.4124;-162.8817;-1989.691
76257;452.6288;-160.1645;-1985.978
76274;453.6698;-158.84;-1982.545
76308;453.8738;-157.0775;-1978.27
76359;455.3964;-154.7607;-1973.871
76392;455.8081;-152.6754;-1970.508
76429;456.2176;-151.3197;-1966.455
76462;457.439;-148.6657;-1962.585
76495;457.6742;-147.5623;-1959.387
76511;458.3296;-146.1983;-1955.944
76545;458.6353;-144.7403;-1952.827
76579;458.1642;-144.7452;-1949.186
76613;458.0738;-144.5044;-1946.679
76664;458.5441;-143.0395;-1944.711
76706;459.0407;-141.5949;-1942.722
76738;460.0535;-140.1726;-1941.084
76757;460.4791;-139.3614;-1939.66
76771;460.6124;-139.0088;-1938.138
76821;461.8515;-138.2793;-1936.839
76857;462.1961;-138.6296;-1935.189
76877;462.7735;-137.9881;-1933.744
76914;463.7127;-137.6126;-1932.214
76948;464.2979;-138.0943;-1930.526
76982;464.9369;-137.8629;-1929.511
77005;465.1001;-138.1917;-1928.777
77056;465.708;-138.3447;-1928.265
77073;466.0942;-138.6231;-1927.868
77107;465.8864;-138.8481;-1927.692
77141;465.4284;-139.6412;-1927.428
77174;464.8787;-139.7069;-1927.284
77208;464.0335;-139.9278;-1927.421
77242;462.4335;-140.0159;-1927.79
77276;460.4828;-140.3432;-1928.332
77309;457.3771;-140.135;-1929.805
77343;454.0819;-139.793;-1931.124
77376;450.9468;-139.7105;-1932.6
77400;446.6525;-139.416;-1934.157
77433;443.7287;-139.2214;-1935.891
77484;441.2968;-139.6734;-1938.362
77518;437.6573;-139.2487;-1941.561
77552;434.2728;-137.9675;-1944.545
77569;433.3618;-138.0876;-1948.163
77603;429.7812;-140.9208;-1953.333
77636;430.6134;-141.6367;-1956.922
77670;430.4915;-145.0872;-1960.885
77721;430.8337;-148.7767;-1964.688
77756;431.7531;-152.5095;-1968.557
77774;433.5079;-155.0904;-1970.124
77808;434.3781;-157.6136;-1972.006
77841;433.215;-159.0406;-1975.02
77875;433.0059;-159.7531;-1976.063
77909;432.5674;-160.1792;-1976.955
77942;432.1584;-160.5567;-1977.298
77976;431.2546;-160.7674;-1977.738
78010;430.0744;-161.0989;-1978.103
78043;428.8302;-161.4579;-1978.473
78077;427.7627;-161.9003;-1978.832
78128;426.5726;-162.6606;-1979.258
78147;425.5238;-162.9541;-1979.663
78182;425.086;-162.612;-1980.431
78216;424.4821;-162.4731;-1980.972
78249;423.1645;-162.3067;-1981.452
78283;422.7756;-162.0191;-1981.833
78317;422.5857;-161.5884;-1982.013
78352;423.4531;-161.4332;-1982.02
78371;423.9052;-161.5345;-1981.862
78405;423.974;-162.7957;-1981.008
78456;425.3351;-165.1026;-1979.802
78472;426.0734;-166.1438;-1979.136
78506;426.7679;-167.2325;-1978.539
78540;426.8614;-167.6474;-1978.265
78590;427.3514;-167.5013;-1978.782
78608;428.2426;-167.1487;-1979.207
78641;429.9779;-168.6987;-1979.457
78675;431.8242;-169.8807;-1979.681
78709;433.9068;-170.8833;-1980.01
78742;436.0037;-171.3329;-1980.688
78777;440.4357;-169.2021;-1982.927
78810;443.9347;-168.3026;-1984.202
78843;447.6962;-167.7002;-1985.108
78879;451.5274;-164.421;-1986.698
78911;455.6629;-165.0257;-1986.64
78963;458.8151;-163.1227;-1986.536
78978;462.2284;-159.9671;-1986.548
79012;464.8192;-160.4488;-1984.697
79046;469.0188;-158.1841;-1982.376
79082;473.2151;-158.3623;-1979.098
79116;480.9947;-151.3961;-1976.683
79150;484.9772;-148.1961;-1974.897
79185;490.7874;-149.8556;-1970.233
79219;492.6031;-155.2346;-1962.927
79235;493.9752;-145.2071;-1960.182
79275;496.351;-138.5006;-1961.83
79308;500.032;-135.5403;-1961.365
79342;503.5961;-135.3668;-1961.061
79376;505.1624;-135.757;-1960.107
79409;508.343;-138.7203;-1958.316
79443;513.8462;-142.2216;-1957.893
79477;517.2372;-132.5288;-1961.224
79511;517.9355;-130.302;-1962.037
79545;518.3736;-132.5604;-1961.07
79578;518.4612;-133.5518;-1960.035
79612;518.0564;-134.0443;-1959.287
79646;518.3543;-137.1021;-1957.501
79679;518.4769;-137.1114;-1957.37
79713;518.4263;-136.9613;-1956.935
79747;517.7723;-147.4723;-1949.506
79780;517.8807;-144.6299;-1949.508
79814;518.4836;-137.7596;-1950.642
79848;519.0731;-135.8565;-1950.012
79881;519.4062;-134.5383;-1949.057
79915;520.0777;-147.5313;-1940.007
79949;519.1682;-149.1473;-1937.858
79982;518.0814;-147.4716;-1937.815
80016;515.2744;-136.9858;-1939.636
80050;512.1482;-128.0199;-1942.716
80084;513.0512;-132.1269;-1944.27
80117;513.1407;-130.6201;-1945.977
80151;514.0646;-129.1081;-1950.093
80185;516.3024;-125.9921;-1955.659
80218;517.7224;-125.6908;-1960.837
80235;518.211;-124.9475;-1965.708
