
3;114.4291;-305.9701;-1963.581
37;103.914;-309.9612;-1973.89
66;97.76309;-312.1111;-1976.708
93;96.99892;-309.8245;-1981.671
119;95.09864;-310.8637;-1979.672
142;92.29375;-305.3295;-1985.825
169;83.74593;-314.7571;-1966.347
220;78.66965;-322.4286;-1954.227
239;75.77873;-333.7013;-1929.814
272;73.84957;-336.737;-1924.199
329;72.04641;-344.8307;-1919.74
351;71.49503;-350.336;-1917.197
389;71.58372;-354.0936;-1914.49
423;68.9138;-354.3377;-1905.807
457;57.18625;-315.3873;-1965.239
498;57.13008;-315.1425;-1962.723
522;55.36295;-305.4894;-1950.346
551;56.68996;-308.2912;-1949.408
586;56.21972;-312.7454;-1943.301
626;56.85016;-314.8754;-1939.234
652;54.40643;-319.3748;-1933.107
672;55.294;-319.008;-1931.175
741;58.1307;-316.9486;-1928.827
773;66.00552;-311.4954;-1927.547
813;73.4154;-306.4551;-1924.266
848;75.8761;-304.3137;-1922.016
872;84.16579;-297.5056;-1916.429
895;95.09606;-291.0366;-1908.552
943;102.9746;-286.0484;-1896.155
983;105.9027;-282.9605;-1884.462
1008;111.6101;-281.6794;-1872.29
1040;117.6302;-279.5524;-1856.005
1090;123.4785;-279.9019;-1846.295
1114;130.0488;-279.9755;-1828.042
1160;139.9505;-282.0345;-1807.401
1181;155.2248;-281.6219;-1785.555
1221;163.0112;-288.2936;-1755.448
1242;174.6006;-287.7891;-1732.788
1281;186.2657;-286.2801;-1698.331
1305;203.0798;-282.7907;-1673.189
1356;215.6721;-280.2322;-1643.728
1397;236.8288;-272.7664;-1604.641
1412;255.6671;-266.1429;-1581.46
1447;274.3702;-253.9627;-1543.458
1474;284.4114;-249.1378;-1525.24
1528;302.161;-240.3359;-1495.922
1568;316.3986;-224.1178;-1473.559
1590;331.0644;-212.8816;-1450.902
1609;342.55;-204.728;-1431.271
1647;354.1588;-193.3371;-1407.911
1674;358.0543;-185.239;-1389.281
1701;370.6158;-174.9138;-1368.372
1734;377.0493;-169.1759;-1346.921
1769;381.9979;-164.2114;-1325.024
1824;389.4172;-163.3948;-1301.001
1848;395.3174;-161.8284;-1276.01
1902;397.8485;-160.193;-1246.385
1955;397.5805;-160.6238;-1222.049
2004;398.3758;-159.2794;-1186.38
2040;401.6288;-156.4175;-1156.229
2077;398.3831;-150.8793;-1114.654
2125;388.5162;-152.8209;-1076.6
2164;412.1083;-150.9754;-1034.201
2273;304.2653;-86.54374;-1023.612
2299;290.8254;-6.296266;-1122.582
2324;260.5422;28.47826;-1157.845
2355;54.66905;309.6655;-853.9078
2380;145.2895;144.8884;-574.19
2414;145.2895;144.8884;-574.19
12285;176.64;-349.994;-1371.157
12313;177.1155;-348.3349;-1373.94
12335;177.7722;-346.16;-1378.28
12361;190.2528;-356.6749;-1427.67
12414;191.7644;-357.2072;-1434.228
12455;190.6158;-357.4832;-1435.303
12491;191.1787;-363.4313;-1460.579
12535;189.4058;-367.7786;-1467.986
12571;202.9759;-373.7626;-1490.729
12603;195.4232;-378.9269;-1505.145
12625;192.3685;-385.5903;-1521.174
12685;194.279;-392.5567;-1540.142
12713;174.8786;-400.9901;-1569.616
12788;171.8954;-403.6847;-1576.672
12843;180.436;-413.3663;-1599.228
12872;179.6876;-417.2792;-1610.454
12898;181.2773;-435.5611;-1635.611
12924;180.8588;-437.315;-1641.029
12960;180.7756;-441.3175;-1648.609
13014;181.616;-444.7548;-1660.605
13070;181.848;-445.6969;-1663.43
13099;186.7215;-446.7678;-1668.671
13167;195.877;-449.0732;-1675.269
13185;208.4624;-452.1958;-1690.801
13205;227.1981;-456.482;-1699.304
13256;233.1171;-459.1443;-1703.585
13286;239.1968;-460.6909;-1708.443
13320;253.3519;-460.5964;-1715.124
13341;272.5995;-463.5731;-1725.218
13410;278.7061;-464.6532;-1728.127
13465;285.8375;-466.8353;-1730.914
13490;291.3906;-468.289;-1733.552
13544;306.6099;-470.8176;-1735.429
13663;331.3363;-478.8603;-1752.235
13686;337.107;-482.4276;-1758.696
13706;343.7017;-480.8693;-1761.54
13774;345.4045;-482.094;-1765.775
13803;359.9454;-484.3612;-1779.038
13837;361.0567;-486.7192;-1782.198
13872;371.8714;-498.3786;-1801.642
13896;372.5827;-496.7949;-1811.369
13919;381.5432;-500.1699;-1824.042
13966;384.8926;-501.5148;-1837.516
14002;391.6963;-504.7193;-1864.779
14029;424.2005;-504.7443;-1981.811
14046;427.6571;-507.4313;-1985.941
14066;430.7277;-517.2294;-1994.796
14100;435.921;-520.4537;-1999.856
14133;440.1087;-527.4241;-2003.346
14167;462.9558;-541.3085;-1955.569
14201;463.2579;-542.6103;-1957.393
14235;464.2292;-545.2634;-1960.208
14270;464.178;-549.2072;-1963.497
14355;463.6088;-551.3948;-1964.81
14380;462.9387;-552.2658;-1965.353
14405;461.7806;-553.6777;-1966.159
14431;454.4548;-554.0804;-1967.863
14450;455.9487;-564.0296;-1964.912
14510;452.5671;-567.8912;-1962.792
14529;446.2763;-568.9746;-1962.05
14580;440.3666;-571.2277;-1961.249
14606;496.0036;-574.329;-2003.126
14622;493.3858;-574.1349;-1995.796
14646;466.8165;-573.3804;-1969.004
14671;467.0707;-573.0674;-1968.572
14705;466.4863;-572.2496;-1966.942
14752;467.6933;-576.8184;-1965.001
14777;466.9678;-572.3234;-1961.533
14805;470.478;-571.0649;-1967.669
14839;482.3691;-545.7768;-2033.443
14874;482.2912;-546.1779;-2031.697
14913;481.6691;-542.446;-2037.375
14937;480.7943;-541.4002;-2037.568
14971;489.3722;-532.095;-2035.61
15005;492.0681;-528.587;-2036.21
15040;492.4857;-527.5359;-2035.233
15076;489.7238;-528.7009;-2011.84
15111;489.0451;-528.6263;-2008.951
15134;487.9407;-528.2125;-2006.924
15186;486.7725;-528.6536;-2005.34
15225;486.2407;-528.8715;-2005.066
15280;484.7055;-528.0895;-2004.071
15311;484.6898;-528.0069;-2004.208
15331;484.8533;-527.813;-2004.477
15355;485.1281;-528.175;-2004.519
15378;485.9592;-528.2768;-2004.938
15400;488.3149;-527.111;-2005.237
15435;494.4205;-525.6663;-2008.841
15486;498.8385;-527.4333;-2014.054
15510;501.6581;-528.8456;-2019.844
15544;507.4033;-528.9224;-2023.589
15581;514.4899;-530.3931;-2030.245
15634;519.502;-529.7051;-2036.477
15668;524.9491;-529.0508;-2043.718
15731;525.8635;-529.8586;-2044.65
15760;535.0073;-532.6865;-2051.763
15801;538.3422;-533.2053;-2053.997
15870;540.9955;-533.1249;-2056.932
15904;541.5164;-532.8074;-2057.765
15940;541.4552;-532.7208;-2057.836
15964;536.087;-532.6909;-2057.752
16003;529.4467;-533.59;-2056.869
16038;522.289;-533.3457;-2055.388
16092;519.0385;-532.2728;-2053.139
16121;507.0695;-531.8414;-2044.996
16189;506.091;-531.2318;-2043.911
16216;507.5372;-529.6867;-2041.956
16243;477.7719;-524.5319;-2020.823
16283;475.4741;-523.4529;-2018.882
16315;470.9444;-522.6856;-2015.797
16339;469.347;-521.5683;-2014.722
16386;466.8615;-520.1288;-2012.666
16432;465.2138;-518.4199;-2011.873
16475;462.9363;-517.5446;-2010.902
16505;460.614;-516.9943;-2009.878
16559;456.6297;-516.4261;-2009.083
16589;454.4847;-516.0913;-2007.952
16613;454.2104;-516.4161;-2007.143
16658;454.0477;-516.5253;-2006.919
16685;453.9226;-516.7875;-2006.09
16709;453.9782;-517.8284;-2004.942
16745;454.3675;-518.1375;-2004.597
16847;455.0905;-518.3738;-2003.788
16881;459.2236;-519.1096;-2003.223
16918;459.8834;-519.566;-2002.831
16938;463.7784;-519.8601;-2002.027
16967;468.5575;-520.5984;-2002.08
17017;470.7307;-521.006;-2002.212
17062;480.73;-522.1617;-2002.002
17106;491.3588;-523.9349;-2002.676
17171;494.1541;-524.0765;-2002.729
17228;497.8235;-524.3993;-2002.734
17331;500.1767;-524.425;-2002.59
17370;501.9766;-524.3958;-2002.926
17400;503.116;-524.4155;-2002.919
17472;503.7712;-524.7189;-2003.09
17512;503.9643;-524.7858;-2003.267
17552;503.9197;-524.7801;-2003.314
17585;503.2133;-525.0583;-2003.879
17617;502.0647;-525.4595;-2003.951
17652;500.871;-526.0226;-2004.363
17749;497.5837;-525.8909;-2004.682
17782;492.5394;-525.8378;-2005.322
17820;490.5984;-525.7999;-2005.405
17858;486.7213;-525.3493;-2004.332
17894;482.468;-524.1562;-2003.378
17987;476.9485;-523.522;-2002.883
18020;473.1255;-521.9705;-2002.441
18053;469.6805;-522.0305;-2001.369
18092;467.9076;-521.5204;-2001.134
18123;466.2534;-520.9233;-1999.985
18160;460.7089;-521.2828;-2001.006
18194;457.6109;-521.1555;-2000.984
18225;455.6189;-521.4933;-2000.607
18259;454.8412;-521.8828;-2000.714
18292;455.252;-522.0756;-2000.508
18330;455.5092;-522.2198;-2000.367
18365;455.6493;-522.5029;-2000.143
18404;455.6392;-522.7618;-2000.077
18435;456.5015;-524.0748;-2000.935
18474;459.1313;-524.6004;-2001.429
18522;460.7229;-525.7841;-2002.201
18551;461.989;-526.7941;-2002.464
18582;465.1175;-527.7629;-2002.541
18609;466.4909;-528.7202;-2002.613
18644;469.9583;-529.9732;-2003.502
18682;476.6618;-530.0802;-2005.079
18711;478.7534;-530.4059;-2004.967
18752;482.859;-531.2039;-2005.064
18789;488.1299;-531.983;-2004.152
18891;489.3961;-532.4165;-2003.634
18999;490.633;-533.418;-2002.871
19033;494.957;-533.7609;-2002.177
19066;497.3314;-534.7485;-2002.203
19105;499.0206;-535.4507;-2002.305
19138;500.2979;-535.2194;-2001.862
19174;503.616;-536.2938;-2002.131
19208;504.6958;-537.0501;-2002.516
19244;505.4998;-537.7159;-2002.586
19298;504.773;-538.932;-2000.666
19357;504.697;-539.4147;-2000.095
19400;509.6996;-538.9107;-1997.866
19425;501.8715;-539.9517;-1997.405
19462;498.938;-539.9744;-1996.672
19492;493.5581;-539.246;-1995.907
19528;485.4064;-537.6188;-1991.536
19562;472.8665;-535.0653;-1986.539
19593;464.4528;-533.8883;-1983.994
19630;455.1707;-532.8807;-1982.279
19666;446.2599;-532.3539;-1978.798
19704;438.7672;-531.9113;-1977.49
19736;432.5021;-531.6625;-1976.19
19768;427.687;-531.5671;-1974.458
19802;420.7585;-531.0859;-1971.996
19835;415.6148;-531.013;-1969.9
19871;411.967;-530.4318;-1970.014
19903;408.5789;-530.392;-1969.978
19933;406.3727;-532.4823;-1968.91
20029;396.9474;-533.9952;-1965.412
20061;397.0659;-534.5085;-1963.866
20092;395.3115;-532.7338;-1961.814
20127;394.6979;-532.4049;-1959.933
20174;394.8617;-532.0046;-1958.243
20210;395.9565;-531.3694;-1955.965
20248;396.4202;-530.931;-1953.93
20281;398.2825;-529.9567;-1950.606
20319;399.6092;-529.0624;-1947.885
20354;402.6339;-528.4205;-1944.416
20393;407.1749;-525.791;-1941.502
20428;408.4595;-524.9385;-1939.385
20463;410.8178;-523.3159;-1936.974
20543;411.769;-522.5603;-1934.795
20588;413.2119;-521.3127;-1932.467
20622;417.0521;-519.5813;-1927.603
20655;418.6282;-518.9314;-1925.077
20699;420.0939;-518.6357;-1923.215
20732;421.0592;-518.4727;-1922.329
20763;423.2484;-517.601;-1920.598
20799;424.0937;-517.5128;-1919.5
20853;425.537;-516.8417;-1917.89
20945;430.7096;-515.9138;-1914.776
20988;433.148;-515.1005;-1913.057
21027;433.79;-514.7387;-1912.445
21066;435.4153;-514.4941;-1911.039
21102;437.0861;-514.0096;-1910.156
21134;437.9521;-513.9197;-1909.577
21172;439.3066;-513.6756;-1909.062
21204;439.6918;-513.8597;-1908.772
21237;439.9115;-513.8074;-1908.742
21268;439.9219;-513.818;-1908.712
21351;439.8557;-513.9006;-1908.768
21387;441.5074;-513.5389;-1908.186
21428;442.8761;-512.9384;-1908.581
21492;442.9964;-512.9939;-1908.664
21522;443.0665;-513.012;-1908.736
21563;443.1426;-513.0582;-1909.024
21596;443.2488;-513.0463;-1909.064
21632;443.4463;-513.163;-1909.022
21666;443.5422;-513.2983;-1909.0
21698;443.7715;-513.239;-1909.202
21752;443.8971;-513.3286;-1909.122
21824;444.1118;-513.3206;-1909.036
21854;445.1448;-513.3042;-1908.669
22075;447.06;-513.2749;-1907.994
22139;447.0435;-513.3998;-1908.035
22231;447.7252;-513.4269;-1907.811
22363;447.7647;-513.462;-1907.83
22421;448.5799;-513.2238;-1907.829
22464;448.5945;-513.3408;-1907.926
22519;448.5523;-513.5121;-1908.111
22556;448.8663;-513.6085;-1908.223
22629;448.7634;-513.8864;-1908.476
22722;448.7313;-514.1947;-1908.649
22807;448.7481;-514.3168;-1908.885
22860;449.043;-514.3932;-1909.047
22894;448.8493;-514.7878;-1909.689
22929;448.6014;-515.1059;-1910.174
23012;448.4711;-515.4032;-1910.565
23052;448.2638;-515.7907;-1911.036
23079;447.9673;-516.3038;-1911.478
23121;446.8879;-516.8393;-1912.251
23159;446.8704;-516.9037;-1912.335
23237;446.8775;-516.9081;-1912.379
23275;446.8046;-516.9531;-1912.816
23307;447.1382;-517.1176;-1913.144
23330;446.8407;-517.3337;-1913.719
23365;445.5776;-517.8915;-1914.942
23403;444.424;-518.3945;-1915.893
23443;443.8365;-518.5123;-1916.726
23472;443.8743;-518.6462;-1917.306
23510;443.7069;-518.764;-1917.728
23538;442.5251;-519.4665;-1918.772
23559;441.7253;-519.9432;-1919.38
23588;440.5876;-520.7583;-1920.102
23612;439.8894;-520.9676;-1920.455
23651;438.9297;-521.1163;-1920.809
23676;438.4591;-521.1194;-1921.012
23745;437.7513;-521.4306;-1921.422
23801;437.5951;-521.498;-1921.538
23824;437.2089;-521.585;-1921.74
23871;436.5985;-521.8603;-1921.995
23901;436.3844;-521.854;-1922.086
23928;436.087;-521.8256;-1922.202
23954;435.4668;-521.731;-1922.21
23999;435.2613;-521.9117;-1922.174
24030;434.8634;-521.8807;-1922.112
24061;434.698;-521.8265;-1921.979
24106;434.2214;-522.1268;-1921.776
24158;433.9131;-522.4677;-1921.722
24185;433.2602;-523.1157;-1921.497
24210;432.9842;-523.3516;-1921.154
24245;432.8326;-523.38;-1921.021
24288;432.4348;-523.4318;-1920.926
24323;432.1609;-523.4202;-1920.656
24369;431.5875;-523.9064;-1920.515
24407;431.3954;-524.0052;-1920.415
24449;431.0589;-524.2078;-1920.251
24476;430.8987;-524.4107;-1920.155
24504;430.9084;-524.4723;-1919.997
24552;430.6285;-524.6025;-1919.729
24624;430.3484;-524.64;-1919.228
24697;430.0914;-524.6888;-1918.815
24756;429.8464;-525.0585;-1918.661
24775;429.8068;-525.2394;-1918.621
24800;429.5673;-525.4052;-1918.393
24869;429.5257;-525.4929;-1918.203
24941;429.3139;-525.7183;-1917.897
24999;429.2349;-525.8661;-1917.59
25025;429.1968;-525.8383;-1917.219
25051;429.2342;-525.7921;-1917.095
25076;429.2971;-525.7971;-1916.797
25108;429.5229;-525.5436;-1916.337
25139;429.6418;-524.8138;-1915.673
25158;429.4924;-524.0787;-1914.623
25187;429.0337;-523.8558;-1914.191
25241;429.1099;-523.7952;-1914.141
25269;429.114;-523.7939;-1914.141
25291;429.1805;-523.6965;-1914.068
25323;429.3599;-522.783;-1913.274
25445;429.2375;-522.6034;-1912.928
25480;429.1251;-522.7308;-1913.012
25516;428.9672;-522.8469;-1913.155
25551;428.9487;-522.8641;-1913.171
25574;428.9227;-522.9436;-1913.289
25609;428.9416;-522.9948;-1913.42
25646;429.0465;-523.2867;-1913.93
25681;429.2477;-523.2604;-1914.014
25730;429.5459;-523.3038;-1914.042
25758;429.9586;-523.1793;-1914.192
25782;430.2655;-523.0319;-1914.249
25821;430.7055;-522.6083;-1914.051
25858;430.755;-522.6;-1914.094
25883;431.27;-522.2331;-1914.257
25927;431.4695;-521.9899;-1914.233
25949;431.7671;-521.6527;-1914.188
25974;431.9179;-521.209;-1914.119
26026;433.2608;-520.0053;-1913.861
26054;433.2909;-519.7762;-1913.866
26077;433.8305;-519.3516;-1913.857
26146;434.5713;-518.5798;-1913.781
26209;435.4759;-518.1207;-1913.593
26233;436.1548;-517.8813;-1913.838
26261;436.144;-517.8177;-1913.851
26331;436.1834;-517.7253;-1913.872
26353;436.1988;-517.7241;-1913.888
26372;436.2006;-517.7172;-1913.903
26411;436.3486;-518.0721;-1913.776
26441;436.4804;-517.988;-1913.71
26477;437.0042;-517.945;-1913.583
26500;437.4086;-517.9144;-1913.372
26539;437.6954;-517.8883;-1913.3
26579;437.7711;-517.911;-1913.273
26619;437.7663;-517.907;-1913.288
26653;437.7002;-517.8751;-1913.298
26675;437.674;-517.949;-1913.25
26733;437.9753;-517.9871;-1912.986
26762;437.2749;-518.5193;-1912.919
26799;437.3917;-518.4313;-1912.509
26828;437.3253;-518.4278;-1912.142
26862;436.9807;-518.0225;-1911.339
26938;436.6023;-517.738;-1910.535
26962;435.9851;-517.7456;-1910.147
27023;435.2607;-517.7034;-1909.912
27065;434.8695;-517.9656;-1909.763
27092;434.9483;-517.864;-1909.688
27129;434.9922;-517.8439;-1909.693
27147;435.0067;-517.9564;-1909.744
27195;435.0017;-517.947;-1909.744
27214;435.2092;-517.712;-1909.65
27276;435.1237;-517.6342;-1909.615
27303;435.105;-517.5265;-1909.538
27341;435.1755;-517.4508;-1909.542
27364;435.359;-517.411;-1909.553
27391;435.5756;-517.3151;-1909.446
27434;435.7305;-517.2287;-1909.47
27470;435.8252;-517.2292;-1909.475
27512;436.1092;-517.1024;-1909.577
27536;436.5205;-516.9247;-1909.702
27566;436.7272;-516.9471;-1909.709
27611;437.0339;-517.0678;-1909.791
27651;437.6866;-517.0529;-1910.084
27680;438.2433;-517.2564;-1910.479
27738;438.6595;-517.6018;-1910.8
27768;438.8215;-517.6425;-1911.052
27794;439.2576;-517.9922;-1911.458
27829;439.8678;-518.4615;-1911.828
27861;440.4783;-518.6551;-1912.255
27888;440.8545;-518.5353;-1912.313
27931;440.5945;-518.2023;-1912.548
27955;440.9091;-516.7323;-1912.874
27979;440.8275;-514.3644;-1912.521
28006;440.0361;-512.7753;-1912.856
28041;441.0667;-507.5156;-1912.606
28076;441.027;-504.0631;-1912.779
28129;440.464;-501.0077;-1913.027
28157;437.8944;-498.1634;-1912.867
28182;436.0158;-495.8637;-1912.654
28210;433.0109;-490.1621;-1912.229
28249;430.8495;-486.928;-1912.653
28276;429.2173;-483.4575;-1913.233
28313;427.6809;-481.724;-1913.29
28350;426.5819;-480.9463;-1913.449
28405;425.6003;-480.2848;-1913.609
28435;424.8549;-479.4305;-1913.899
28478;424.2144;-478.7683;-1914.036
28504;423.9245;-478.6098;-1914.257
28524;423.7978;-478.6715;-1914.17
28544;424.1672;-479.4271;-1914.259
28584;425.3207;-481.754;-1913.996
28632;428.8356;-485.2946;-1913.455
28654;430.5903;-487.6554;-1913.23
28708;432.0572;-490.2106;-1913.592
28736;433.7319;-493.8872;-1913.938
28762;432.7603;-500.1933;-1915.201
28784;433.957;-505.4463;-1917.081
28806;435.3562;-509.1478;-1918.69
28858;436.5771;-516.0142;-1921.411
28948;440.8882;-526.7172;-1925.56
28993;440.9829;-528.4701;-1926.288
29017;441.2904;-530.5175;-1927.279
29062;441.6542;-531.482;-1928.159
29084;441.8871;-532.5157;-1929.417
29115;441.7107;-533.5745;-1930.445
29156;440.5721;-535.2559;-1931.144
29182;440.7109;-536.2568;-1931.277
29237;440.623;-536.7396;-1931.358
29264;440.6594;-537.087;-1931.261
29293;440.549;-537.1028;-1930.854
29331;439.8963;-536.1487;-1930.065
29391;438.8136;-535.0016;-1929.292
29420;437.2991;-532.762;-1928.051
29440;434.0808;-529.8357;-1926.774
29466;431.9132;-525.5706;-1924.966
29511;427.686;-513.23;-1920.578
29552;426.2531;-509.061;-1919.043
29583;424.2331;-502.5971;-1917.135
29633;422.969;-496.2357;-1916.032
29674;421.1822;-489.0977;-1915.515
29741;419.629;-485.3314;-1915.564
29774;419.4978;-483.7071;-1915.309
29794;419.1408;-482.8721;-1915.173
29832;418.2922;-481.5353;-1915.275
29859;417.9198;-481.2469;-1915.277
29911;417.6567;-480.07;-1915.596
29930;417.6071;-480.1462;-1915.732
29965;417.671;-480.6735;-1916.283
29989;417.8405;-481.1109;-1917.017
30031;418.8941;-482.6188;-1918.07
30054;419.6801;-485.0366;-1919.104
30109;421.2303;-488.2701;-1919.14
30138;422.485;-492.2974;-1919.669
30163;423.9891;-496.6623;-1920.937
30205;425.8095;-501.6575;-1923.038
30231;427.3929;-505.9956;-1924.265
30254;427.5983;-510.8448;-1924.965
30288;428.7912;-514.827;-1925.83
30343;429.7355;-518.1322;-1926.538
30362;429.9819;-520.921;-1927.269
30397;430.5794;-521.9079;-1927.613
30422;430.5274;-523.1995;-1928.022
30458;430.2573;-524.2756;-1928.169
30479;430.3051;-525.0378;-1928.478
30538;429.8186;-526.1011;-1929.099
30564;429.0718;-527.4807;-1929.438
30604;428.9292;-527.6448;-1929.363
30643;427.9019;-528.7492;-1928.974
30688;427.344;-529.1125;-1928.901
30711;427.3394;-529.1862;-1928.901
30759;426.9357;-529.1284;-1928.861
30796;426.5396;-528.6686;-1928.595
30832;425.7257;-527.7385;-1927.846
30871;423.8136;-525.5264;-1926.676
30910;422.5261;-521.7715;-1925.07
30926;421.4134;-518.3561;-1923.952
30957;420.74;-512.7755;-1921.366
30983;419.2043;-508.9729;-1920.479
31017;418.6423;-504.5413;-1918.52
31051;417.2316;-500.5462;-1916.658
31073;416.5458;-495.8438;-1915.652
31125;415.0451;-493.5064;-1914.626
31145;414.8523;-491.1902;-1913.253
31184;413.6446;-488.3802;-1912.795
31236;411.3599;-484.0444;-1912.625
31280;410.8877;-483.3229;-1912.332
31305;410.5566;-482.3598;-1911.755
31349;410.1352;-481.7416;-1911.141
31384;410.0035;-481.2429;-1910.957
31427;409.8954;-481.0402;-1910.934
31531;409.8404;-481.4316;-1910.945
31583;410.1183;-481.959;-1910.787
31668;410.8585;-483.3774;-1910.371
31697;411.2673;-487.2875;-1909.148
31729;411.8845;-489.8608;-1908.173
31770;412.3375;-494.7329;-1908.631
31804;413.736;-499.4289;-1908.867
31881;413.1068;-505.9463;-1909.758
31919;412.3297;-508.3416;-1910.312
31934;412.2194;-509.3548;-1910.193
31958;410.8028;-512.3258;-1908.584
31985;410.7972;-513.2882;-1908.644
32009;410.8469;-514.6252;-1909.155
32083;409.0176;-516.2994;-1910.74
32125;408.9941;-516.4817;-1910.709
32150;408.308;-517.0864;-1910.337
32177;407.9899;-517.545;-1910.447
32200;408.0561;-517.7139;-1910.397
32220;408.4494;-517.9431;-1910.451
32243;408.6773;-518.0664;-1910.413
32297;408.926;-517.8922;-1910.403
32337;408.9411;-517.324;-1910.495
32358;408.7303;-514.9263;-1911.039
32384;407.9403;-511.0047;-1910.758
32419;407.2524;-506.2247;-1910.48
32455;406.9693;-502.5607;-1910.165
32479;406.6409;-498.4646;-1910.044
32515;407.3455;-492.0359;-1909.14
32558;406.1818;-489.0277;-1909.169
32584;405.5407;-486.6241;-1909.123
32611;402.5968;-477.5087;-1907.357
32644;401.7343;-476.2925;-1907.594
32682;400.2749;-474.6337;-1907.677
32741;399.8369;-473.9247;-1907.823
32770;399.8545;-473.6819;-1907.878
32786;399.8678;-473.6866;-1907.87
32807;399.9124;-473.7968;-1907.796
32841;401.4583;-475.7546;-1907.571
32877;402.3965;-476.7708;-1907.548
32913;403.1246;-478.2108;-1907.598
32935;403.2657;-480.4738;-1907.398
33004;404.0958;-482.5122;-1907.651
33048;405.2502;-487.0256;-1907.251
33082;406.2517;-491.1879;-1907.737
33120;407.4719;-495.0912;-1908.473
33159;408.5444;-498.4921;-1908.553
33185;409.7042;-501.0273;-1908.497
33210;410.6332;-503.8649;-1908.407
33244;410.6296;-505.9126;-1908.566
33279;409.8404;-507.5777;-1908.738
33348;409.9183;-508.0661;-1908.612
33382;408.5821;-509.4858;-1908.219
33408;408.3434;-510.7596;-1907.665
33430;408.1362;-511.4919;-1907.888
33452;408.4824;-512.1196;-1908.013
33504;408.2664;-512.6585;-1907.88
33537;407.9508;-513.137;-1907.626
33564;407.2563;-513.7578;-1907.256
33581;407.2172;-513.8953;-1907.225
33622;407.1601;-514.2533;-1907.137
33673;407.0961;-514.4023;-1907.039
33690;407.0467;-514.4801;-1906.874
33714;407.0105;-514.4057;-1906.849
33750;406.8672;-513.286;-1906.684
33801;406.1123;-512.1313;-1906.597
33861;405.5524;-508.9054;-1905.716
33887;405.0829;-506.1805;-1904.827
33931;404.4679;-502.3422;-1904.417
33954;403.6855;-499.1384;-1904.365
33982;402.7454;-496.2218;-1904.092
34024;399.9427;-489.1579;-1903.554
34061;398.6066;-486.4025;-1903.786
34117;397.014;-478.7184;-1901.905
34140;396.1327;-475.7198;-1901.606
34157;396.0186;-474.7287;-1902.121
34196;395.3915;-474.2034;-1902.393
34218;394.7744;-473.3384;-1902.601
34246;394.1574;-472.1881;-1902.482
34296;394.092;-472.1947;-1902.515
34315;393.732;-472.3406;-1902.687
34351;393.6117;-472.5713;-1902.954
34382;393.6749;-473.5525;-1903.204
34434;394.4311;-475.4668;-1903.804
34459;394.6902;-478.1652;-1904.076
34480;395.3381;-480.7244;-1904.391
34505;396.2935;-483.1359;-1904.934
34539;396.4315;-487.7779;-1905.958
34573;396.5129;-491.7502;-1907.407
34606;397.0511;-495.9164;-1908.925
34640;398.4987;-499.5482;-1909.961
34681;399.0101;-502.7618;-1909.875
34715;399.5102;-505.6176;-1910.224
34795;399.9268;-508.4132;-1910.798
34942;398.9283;-516.2047;-1914.637
34978;398.9694;-516.5373;-1914.79
35015;398.6699;-516.9158;-1914.786
35036;398.4481;-517.0831;-1914.736
35069;397.9475;-517.6041;-1914.464
35103;397.9613;-517.8453;-1914.361
35137;398.0147;-518.049;-1914.188
35173;398.0977;-518.0175;-1914.038
35212;398.1994;-517.9952;-1913.745
35233;398.3993;-517.5092;-1913.384
35283;398.5576;-516.069;-1913.048
35309;398.361;-513.3534;-1912.564
35333;398.2043;-508.0523;-1910.891
35385;397.6603;-504.4013;-1910.577
35408;397.0328;-500.5087;-1910.674
35460;396.7892;-497.0189;-1910.039
35501;396.5197;-493.0468;-1909.398
35521;395.5777;-489.8807;-1909.485
35598;395.713;-486.165;-1908.957
35634;392.3304;-475.2105;-1908.706
35657;388.9139;-468.1007;-1907.259
35682;389.0628;-468.0326;-1907.885
35720;389.0054;-467.3607;-1908.07
35742;389.3284;-467.5764;-1908.783
35794;389.9539;-468.447;-1909.423
35818;390.3922;-469.4996;-1910.075
35840;390.7751;-470.3724;-1910.376
35890;391.5337;-470.5879;-1910.887
35924;392.6781;-471.8614;-1911.57
35968;393.7075;-473.0602;-1912.007
36003;395.3944;-475.8641;-1912.753
36048;397.4114;-478.1156;-1913.979
36065;398.1593;-481.1819;-1915.223
36084;399.5683;-484.2024;-1916.356
36135;400.6469;-486.6714;-1917.087
36158;400.6093;-488.9721;-1917.589
36186;401.0003;-494.1655;-1918.473
36207;401.7477;-497.9318;-1918.584
36291;402.8168;-502.2523;-1918.663
36318;403.7095;-504.4197;-1918.817
36358;403.9502;-506.4424;-1918.626
36381;404.0769;-507.9942;-1918.159
36406;403.9527;-509.369;-1917.721
36432;403.8236;-510.137;-1917.719
36451;403.4156;-510.9732;-1917.142
36504;403.1289;-511.7566;-1916.845
36541;403.2001;-512.2418;-1916.894
36563;400.1766;-515.749;-1920.732
36604;399.6195;-516.5826;-1920.83
36623;399.6018;-516.626;-1919.944
36643;399.2988;-516.9362;-1918.584
36697;399.1552;-517.0677;-1917.353
36724;399.2076;-517.2755;-1916.84
36777;399.2913;-517.2988;-1916.333
36800;399.7292;-517.2798;-1915.509
36823;400.0638;-516.9101;-1914.633
36842;400.1255;-515.983;-1913.738
36892;399.9562;-514.1423;-1912.729
36913;399.7546;-512.6089;-1911.902
36949;399.2217;-510.9926;-1911.336
37000;399.3161;-507.1775;-1909.541
37019;398.4678;-503.688;-1908.365
37072;397.7056;-500.7505;-1907.869
37090;396.5118;-497.9831;-1908.037
37114;395.5154;-494.9384;-1907.299
37147;395.5215;-490.8944;-1906.046
37166;394.1066;-485.3655;-1905.08
37207;392.616;-483.1147;-1904.64
37275;391.9445;-480.2218;-1904.846
37299;391.3026;-478.8801;-1904.932
37317;390.928;-477.6838;-1904.862
37389;390.8219;-477.0686;-1904.833
37404;390.8141;-476.6562;-1904.771
37438;390.8956;-476.3596;-1904.693
37471;390.8668;-476.2173;-1904.634
37490;391.0645;-476.3612;-1904.835
37514;391.1784;-476.9252;-1904.603
37548;391.6348;-478.2034;-1904.032
37584;391.6808;-479.4547;-1903.756
37611;392.2083;-480.3477;-1903.752
37646;392.647;-482.6361;-1903.832
37681;393.5681;-485.0609;-1904.02
37718;394.2371;-488.1052;-1903.98
37770;394.9128;-491.2055;-1904.11
37791;396.1568;-494.8831;-1904.977
37829;396.5603;-496.8554;-1905.046
37870;396.7201;-498.7232;-1905.085
37887;396.9312;-500.7736;-1905.238
37909;396.7772;-502.3774;-1905.363
37942;396.8841;-504.1453;-1905.548
37975;396.8435;-504.6208;-1905.43
38009;396.7414;-505.4109;-1905.259
38043;396.4002;-506.6631;-1905.863
38076;392.9116;-512.3359;-1910.774
38110;392.1227;-514.2194;-1912.322
38152;390.7454;-515.7856;-1913.118
38215;391.2247;-515.9978;-1912.057
38258;392.1107;-516.5081;-1911.111
38281;392.3849;-516.5675;-1910.256
38333;393.813;-516.6028;-1909.795
38355;394.5337;-516.6249;-1909.468
38394;395.0505;-516.5806;-1909.124
38416;395.4948;-516.0543;-1908.698
38472;396.2242;-514.7197;-1907.976
38509;396.8445;-512.8684;-1907.974
38543;396.6798;-507.9202;-1907.26
38577;396.6254;-503.8224;-1907.164
38614;397.2842;-500.1729;-1906.452
38717;397.8827;-497.2142;-1906.022
38740;397.8695;-494.3409;-1906.285
38761;397.4993;-491.7731;-1906.169
38790;398.0961;-487.3583;-1905.941
38812;398.2572;-483.751;-1905.617
38837;397.7861;-481.6673;-1905.314
38880;396.9869;-480.2231;-1905.634
38912;396.7146;-478.6938;-1905.845
38935;396.7138;-477.5583;-1905.974
38964;396.8265;-477.6147;-1906.021
38984;397.3656;-477.5766;-1906.141
39019;398.0204;-478.0005;-1906.269
39041;398.6732;-479.448;-1906.58
39093;399.2479;-480.5795;-1906.848
39115;399.3128;-481.2385;-1906.885
39137;399.7014;-482.6277;-1906.983
39171;398.6615;-484.5255;-1907.122
39209;398.8644;-486.4289;-1907.096
39247;399.5189;-488.9054;-1907.441
39285;399.9383;-491.6629;-1908.192
39339;400.0701;-495.2814;-1909.725
39358;400.6982;-498.5317;-1910.883
39377;401.5441;-501.4092;-1911.671
39413;401.9262;-502.5668;-1911.981
39447;402.0517;-505.0006;-1912.797
39466;402.3502;-506.7908;-1913.282
39517;401.8931;-507.8815;-1913.304
39541;400.6507;-509.7736;-1914.934
39575;400.5643;-510.6761;-1915.892
39644;399.2895;-512.5613;-1918.479
39679;398.5751;-513.5925;-1919.622
39702;395.6947;-517.3903;-1923.182
39737;395.7404;-517.4087;-1923.147
39752;395.8008;-517.4347;-1923.113
39772;395.846;-517.4595;-1923.098
39824;395.977;-517.6163;-1922.966
39845;396.2916;-518.0223;-1923.053
39879;396.7183;-518.0459;-1923.12
39914;397.2792;-517.9251;-1923.127
39935;397.9369;-517.1202;-1923.772
39986;398.572;-515.4346;-1923.806
40008;399.2682;-513.6701;-1923.958
40042;399.3396;-512.2464;-1923.925
40077;399.3925;-510.5249;-1923.884
40150;398.9642;-506.357;-1923.562
40329;399.1861;-503.2025;-1923.276
40380;398.1833;-494.7189;-1922.271
40415;398.1503;-490.8915;-1921.897
40449;398.4543;-487.6679;-1921.371
40482;398.5537;-485.6907;-1921.186
40505;399.0864;-485.2163;-1921.377
40541;399.2856;-485.1063;-1921.348
40574;399.379;-485.0797;-1921.324
40607;399.406;-485.0814;-1921.373
40659;399.3136;-485.9708;-1921.202
40692;399.4407;-487.1557;-1921.05
40709;399.5373;-488.6231;-1920.916
40752;399.1078;-490.1852;-1920.761
40786;399.0435;-492.4475;-1920.662
40819;399.1047;-494.648;-1920.922
40871;398.9724;-498.0522;-1921.181
40899;399.1863;-500.433;-1921.41
40930;399.3498;-504.4422;-1922.291
40972;399.885;-507.5336;-1922.815
40989;399.9759;-510.0509;-1923.221
41041;400.259;-512.1883;-1923.849
41079;400.1167;-513.2208;-1924.246
41104;400.1969;-514.4683;-1924.179
41125;400.6643;-516.2669;-1924.844
41164;401.4315;-517.6909;-1925.776
41219;402.1382;-519.2903;-1925.857
41256;402.6017;-519.7521;-1926.111
41308;402.4813;-520.2651;-1925.923
41325;402.3755;-520.8438;-1925.893
41347;402.6664;-521.1053;-1925.959
41381;402.6645;-521.1027;-1925.96
41414;402.5599;-520.6814;-1925.657
41451;402.3113;-519.4392;-1925.138
41502;401.4127;-517.5681;-1924.741
41524;399.3368;-513.506;-1923.701
41545;397.2657;-508.5344;-1922.486
41579;396.8845;-504.4144;-1921.61
41616;396.5232;-501.8555;-1921.12
41639;396.1929;-497.288;-1920.566
41675;394.8751;-495.7146;-1920.671
41711;394.3221;-492.9551;-1919.806
41749;393.8977;-491.2725;-1919.618
41790;393.2184;-488.1496;-1919.112
41826;393.085;-486.7321;-1918.878
41847;393.032;-486.1794;-1918.766
41881;392.8521;-485.6178;-1918.765
41932;392.9091;-485.5291;-1918.781
41959;393.0576;-485.5371;-1918.902
42001;393.5251;-486.0573;-1919.272
42043;394.9301;-488.2163;-1919.171
42067;395.2308;-489.4368;-1919.312
42088;394.8885;-493.8141;-1920.243
42108;393.8142;-499.8727;-1921.597
42143;393.6151;-504.0702;-1922.41
42176;394.1996;-507.7432;-1922.838
42229;394.6259;-512.0995;-1923.446
42269;395.2766;-515.5358;-1924.599
42297;396.0651;-518.0461;-1925.657
42317;396.286;-519.1672;-1926.236
42353;397.0416;-520.9032;-1926.877
42374;396.8403;-522.2194;-1927.612
42417;396.6423;-523.9018;-1929.385
42469;396.8652;-525.5568;-1931.227
42489;396.8689;-526.4374;-1931.865
42509;396.7931;-526.6102;-1932.001
42543;396.6662;-526.9493;-1931.833
42594;396.7359;-527.0099;-1931.32
42641;396.8582;-526.8295;-1930.784
42659;397.5234;-526.0255;-1929.645
42679;397.4593;-525.1494;-1928.553
42713;397.7004;-522.6698;-1926.799
42763;397.0117;-520.7925;-1924.892
42803;396.3683;-519.1058;-1923.483
42819;395.2885;-515.149;-1920.99
42843;393.8122;-510.7939;-1918.935
42895;393.101;-507.3841;-1917.355
42913;392.4096;-503.7991;-1916.366
42968;392.3862;-499.142;-1914.32
43020;391.7103;-497.2871;-1913.424
43036;391.318;-494.6972;-1912.181
43070;391.0323;-493.0264;-1911.453
43098;390.5875;-489.5314;-1910.359
43114;390.5461;-487.5022;-1909.986
43149;390.7759;-485.8962;-1909.857
43169;390.9804;-484.4343;-1909.733
43237;390.9575;-483.9183;-1909.807
43273;391.3254;-483.9803;-1909.817
43292;391.4437;-483.9863;-1909.766
43311;392.5386;-485.0919;-1909.556
43362;394.3629;-487.5566;-1909.585
43384;394.9464;-489.8509;-1910.075
43421;395.0736;-493.0103;-1910.975
43456;395.2707;-496.7975;-1912.43
43477;395.6078;-500.7061;-1913.193
43530;396.4776;-504.815;-1914.064
43549;397.217;-508.1019;-1915.098
43571;397.8207;-510.9362;-1916.339
43618;398.1251;-514.7463;-1918.571
43640;398.9946;-517.5079;-1920.631
43674;398.8681;-518.8136;-1921.602
43709;398.5981;-520.1396;-1922.272
43761;398.9082;-521.1846;-1923.116
43778;399.1883;-522.8517;-1925.41
43803;399.2055;-523.4474;-1926.646
43838;399.0136;-523.8513;-1927.398
43889;398.9423;-523.9158;-1927.451
43906;398.4827;-523.9488;-1927.525
43951;398.082;-523.962;-1927.48
43989;398.0747;-523.8165;-1927.295
44023;398.1618;-523.7411;-1927.143
44060;398.4529;-523.4291;-1926.731
44092;398.5194;-522.8979;-1926.417
44114;398.435;-521.4148;-1925.504
44152;397.9594;-520.59;-1924.698
44206;397.7756;-519.0375;-1923.661
44239;397.3134;-517.5718;-1922.716
44273;396.2636;-512.9954;-1920.948
44306;394.922;-509.9405;-1920.196
44341;393.8096;-507.4083;-1919.598
44391;393.2641;-503.9196;-1918.865
44409;393.3029;-500.9273;-1918.714
44443;393.0215;-498.7347;-1918.184
44477;392.8786;-496.4934;-1917.903
44511;392.4194;-494.6011;-1917.447
44549;391.416;-492.5573;-1916.75
44586;391.2547;-491.1499;-1916.561
44619;390.3512;-488.7627;-1916.414
44638;389.7511;-487.6232;-1916.018
44672;388.7989;-485.2519;-1916.03
44724;388.7872;-485.0924;-1916.051
44741;388.7513;-485.1472;-1916.043
44793;388.7053;-485.0891;-1915.983
44812;388.7033;-485.5209;-1916.022
44845;389.1302;-486.3071;-1916.357
44879;389.4536;-487.4769;-1916.832
44948;388.1208;-493.2018;-1919.313
44992;387.5945;-496.4417;-1920.285
45030;387.5801;-501.2723;-1920.871
45054;387.868;-504.0652;-1921.288
45097;388.3843;-506.8011;-1922.224
45115;388.415;-508.9355;-1922.873
45149;388.0412;-510.4532;-1923.416
45183;387.7914;-512.0085;-1924.058
45237;387.7137;-512.5374;-1923.836
45257;386.9872;-513.1418;-1924.195
45278;386.5601;-513.7083;-1924.438
45311;385.7809;-514.7125;-1925.232
45337;385.2683;-515.1127;-1925.868
45389;384.9543;-515.3118;-1925.949
45406;384.0181;-515.4814;-1925.793
45439;382.205;-515.5299;-1925.565
45490;380.9593;-515.1713;-1924.574
45508;379.5824;-514.8344;-1923.261
45546;378.8927;-514.4207;-1922.337
45580;378.7483;-513.8089;-1921.375
45631;378.5581;-513.3668;-1920.365
45647;378.4098;-512.9451;-1919.782
45682;377.9752;-512.5836;-1919.001
45717;377.7965;-511.9394;-1918.335
45740;377.5572;-511.4099;-1917.551
45774;377.331;-510.9235;-1916.866
45809;377.0727;-510.6812;-1916.3
45862;375.9128;-510.4517;-1915.292
45880;375.2905;-510.2957;-1914.564
45932;374.2923;-510.1854;-1914.063
45967;373.9793;-510.0532;-1913.714
45987;373.3297;-510.0288;-1913.409
46020;373.1154;-510.0371;-1913.325
46054;372.7917;-510.0242;-1913.281
46071;372.672;-509.9497;-1913.154
46105;372.0674;-510.0132;-1913.037
46139;371.9424;-510.0033;-1913.071
46173;371.651;-509.9424;-1912.984
46207;371.3456;-509.8502;-1912.991
46244;371.3504;-509.8472;-1912.978
46298;370.8455;-509.8885;-1913.104
46316;370.5056;-509.9574;-1913.083
46342;370.3317;-510.0221;-1913.101
46382;370.3333;-509.9843;-1913.097
46417;370.2699;-509.8993;-1913.19
46451;370.1275;-509.8856;-1913.161
46486;370.1768;-509.7523;-1913.157
46506;370.0751;-509.6851;-1913.25
46574;369.7099;-509.6453;-1913.482
46590;369.6722;-509.6322;-1913.585
46626;369.9009;-509.3571;-1913.737
46661;369.9777;-509.278;-1913.766
46718;369.9773;-509.2828;-1913.77
46741;370.1024;-509.2332;-1913.904
46775;370.086;-509.2556;-1913.948
46809;370.1699;-509.233;-1914.21
46842;370.5522;-509.0079;-1914.462
46876;370.5837;-509.0809;-1914.764
46910;370.5993;-509.0455;-1914.872
46944;370.602;-508.9821;-1915.043
46978;370.6981;-508.8832;-1915.484
47011;370.8112;-508.9385;-1915.858
47045;370.7892;-509.07;-1916.038
47079;370.8301;-509.0951;-1916.257
47113;370.9021;-509.065;-1916.411
47148;370.8396;-509.1457;-1916.604
47181;370.8849;-509.1701;-1916.794
47200;370.7749;-509.267;-1916.996
47250;370.8394;-509.2732;-1917.026
47288;370.8168;-509.2974;-1917.065
47306;370.4344;-509.3246;-1917.329
47340;370.4406;-509.3324;-1917.335
47374;370.4039;-509.3899;-1917.406
47407;370.5366;-509.4498;-1917.398
47464;370.6972;-509.3381;-1917.613
47479;370.6943;-509.3416;-1917.616
47513;370.7197;-509.3462;-1917.639
47550;370.6946;-509.2716;-1917.899
47588;370.7716;-509.2071;-1918.141
47623;370.8794;-509.2086;-1918.342
47640;371.0143;-509.1313;-1918.635
47674;371.1028;-509.1366;-1918.809
47708;371.143;-509.0677;-1918.905
47741;371.1314;-509.0091;-1919.021
47775;371.1224;-509.0509;-1919.031
47809;371.1193;-509.0695;-1919.017
47842;371.1227;-509.0496;-1919.044
47876;371.1781;-508.9739;-1919.115
47910;371.1337;-508.938;-1919.276
47944;371.1864;-508.9586;-1919.194
47986;371.188;-508.9778;-1919.192
48023;371.2832;-508.9551;-1919.247
48061;371.4102;-508.7965;-1919.354
48082;371.5169;-508.7388;-1919.514
48108;371.6866;-509.0416;-1919.358
48141;371.6635;-509.0664;-1919.542
48191;371.9058;-509.3999;-1919.392
48244;372.0417;-509.3801;-1919.557
48278;372.1235;-509.3883;-1919.664
48311;372.1904;-509.3159;-1919.753
48333;372.3816;-509.0982;-1919.921
48350;373.0616;-507.7448;-1920.082
48381;374.57;-506.3766;-1920.027
48412;376.1676;-504.1658;-1920.204
48433;377.3757;-502.2212;-1920.712
48483;378.8277;-499.9527;-1921.737
48504;379.7124;-498.6432;-1922.326
48544;379.932;-497.8337;-1922.508
48596;380.3745;-495.7849;-1922.59
48613;380.5974;-494.096;-1922.632
48636;382.5098;-489.7575;-1923.108
48674;385.0874;-484.342;-1923.232
48726;386.4893;-482.6564;-1923.533
48746;388.8965;-476.6796;-1922.909
48782;389.1212;-472.8687;-1925.176
48815;389.4342;-469.0973;-1928.28
48849;389.948;-467.7718;-1929.898
48884;392.9052;-464.8669;-1931.676
48919;393.282;-464.949;-1931.894
48942;395.4908;-461.3143;-1933.716
48977;395.3278;-461.377;-1933.849
49029;395.3882;-461.0965;-1933.891
49044;395.9653;-457.5046;-1934.911
49080;396.2283;-452.9664;-1935.387
49107;401.1943;-446.6049;-1941.597
49144;402.702;-445.041;-1943.199
49178;402.7346;-444.969;-1943.248
49212;401.9012;-445.7577;-1941.831
49250;401.2495;-447.2542;-1940.798
49276;402.5585;-451.0192;-1938.83
49314;400.8047;-457.1768;-1933.783
49348;399.3921;-459.2036;-1933.973
49383;398.6825;-462.7146;-1931.676
49418;398.9089;-464.8885;-1930.662
49456;398.4641;-467.7805;-1929.681
49496;396.7957;-482.1216;-1927.307
49515;397.0126;-487.8656;-1926.789
49549;397.0087;-491.5054;-1926.367
49583;396.602;-495.0203;-1925.446
49617;395.0648;-498.0349;-1925.051
49652;393.5099;-500.3593;-1924.649
49669;391.8405;-503.4379;-1924.108
49703;390.253;-508.2737;-1922.085
49737;388.4457;-510.9032;-1921.177
49770;386.6172;-512.5844;-1920.198
49805;385.6188;-513.7232;-1919.699
49843;385.1591;-514.4067;-1919.467
49902;385.5211;-515.272;-1919.158
49935;386.0111;-515.3007;-1919.201
49969;386.4489;-515.1226;-1919.023
50003;388.1565;-514.0173;-1918.608
50037;390.3318;-512.1959;-1918.217
50069;392.5102;-509.2875;-1917.645
50100;393.9677;-508.0784;-1917.129
50168;395.2511;-506.2619;-1916.879
50185;397.2057;-499.5189;-1915.772
50204;398.0705;-495.3648;-1914.406
50238;399.1416;-491.9033;-1913.471
50289;400.8621;-487.1309;-1913.342
50325;402.6476;-482.3964;-1915.342
50353;401.8581;-478.3819;-1916.308
50372;401.737;-476.7827;-1916.504
50424;402.2132;-475.4025;-1916.811
50442;403.4094;-473.1475;-1916.667
50461;404.3789;-471.8936;-1916.219
50494;403.2896;-471.2185;-1915.983
50528;402.3396;-471.8129;-1915.746
50562;401.8735;-473.8553;-1913.88
50613;401.8685;-475.2221;-1912.369
50650;402.4065;-476.9074;-1911.44
50670;401.076;-482.2679;-1909.75
50709;399.8231;-487.6504;-1910.105
50743;399.1271;-491.2798;-1910.908
50795;398.8181;-496.4344;-1911.571
50810;396.5709;-501.3139;-1911.662
50829;395.369;-506.6306;-1911.494
50871;394.103;-511.4136;-1912.079
50906;393.4178;-514.4905;-1911.559
50939;390.886;-516.5854;-1910.533
50991;389.0385;-518.0287;-1909.534
51006;387.7017;-519.3719;-1908.827
51040;387.5737;-519.6188;-1908.538
51074;387.5643;-519.6989;-1908.449
51107;387.7025;-520.0506;-1908.327
51141;388.9586;-520.5709;-1908.331
51193;390.8834;-520.5114;-1908.18
51219;391.4296;-520.3511;-1907.951
51238;392.5074;-520.0046;-1907.944
51257;393.341;-518.6589;-1907.668
51309;395.2979;-513.2535;-1906.86
51343;396.9765;-509.3616;-1906.11
51361;397.8799;-503.6092;-1905.132
51395;399.0978;-499.2466;-1904.083
51445;401.76;-490.3614;-1901.773
51481;404.3936;-484.2979;-1901.862
51514;406.565;-478.7122;-1904.3
51564;410.402;-469.0461;-1904.673
51598;410.8637;-466.032;-1904.199
51634;411.9777;-462.279;-1902.114
51672;412.3112;-459.1719;-1899.937
51708;419.7079;-452.6378;-1899.029
51742;420.629;-452.0971;-1899.174
51776;420.9977;-451.9071;-1899.314
51843;415.6241;-461.1333;-1901.872
51878;412.3456;-468.6932;-1900.554
51913;411.8921;-471.5734;-1900.795
51947;411.3752;-479.0531;-1902.092
51981;411.8011;-483.1553;-1903.08
52015;413.091;-490.5652;-1905.106
52050;413.4674;-498.2809;-1906.152
52069;412.8751;-503.7602;-1906.044
52121;409.9492;-507.9648;-1906.925
52141;408.8267;-510.9167;-1907.875
52163;408.0738;-513.43;-1908.025
52201;407.1012;-515.6365;-1907.695
52234;405.3295;-516.7371;-1907.438
52286;403.7486;-517.7219;-1907.268
52302;403.1198;-518.4709;-1907.123
52352;403.0854;-518.5629;-1907.187
52370;403.0536;-518.8237;-1907.301
52414;403.2281;-519.1729;-1907.479
52447;404.1507;-519.7003;-1908.323
52481;404.8408;-520.077;-1909.096
52527;406.1663;-520.5999;-1909.589
52544;407.7482;-520.4176;-1909.859
52580;409.2586;-517.5956;-1910.621
52611;410.1866;-516.6224;-1910.812
52645;413.9993;-512.3385;-1911.276
52680;415.467;-509.174;-1911.601
52700;417.9569;-504.5614;-1910.807
52769;421.1235;-494.8847;-1909.875
52803;423.1182;-491.0539;-1908.982
52825;423.751;-486.0882;-1909.053
52843;423.6296;-484.8808;-1909.496
52877;423.2892;-482.1089;-1910.44
52910;423.8941;-478.5648;-1912.329
52944;425.021;-474.9252;-1913.735
52978;424.568;-472.5274;-1914.787
53011;426.0249;-469.3541;-1915.299
53045;426.7579;-467.7675;-1915.102
53081;427.0908;-467.4316;-1915.128
53114;427.7142;-466.7383;-1915.123
53133;425.7405;-467.6285;-1914.376
53184;422.1847;-470.6872;-1913.112
53200;419.6305;-473.8344;-1912.031
53246;416.7677;-479.9216;-1910.838
53280;415.7845;-483.0357;-1911.057
53318;412.9229;-488.6011;-1911.802
53335;412.295;-492.0545;-1911.716
53387;411.5971;-495.6228;-1911.816
53406;409.9189;-497.1526;-1912.091
53463;408.0506;-499.3585;-1912.458
53477;406.0645;-502.6982;-1912.078
53511;402.5998;-506.5245;-1911.07
53545;399.881;-509.0042;-1910.018
53578;397.7581;-510.3732;-1908.431
53612;394.7396;-511.1088;-1906.814
53630;393.3092;-511.4763;-1906.153
53664;391.2575;-511.2606;-1905.717
53715;390.8159;-511.2181;-1905.688
53769;390.5936;-511.372;-1905.523
53784;390.6053;-511.4091;-1905.505
53802;390.8038;-511.4535;-1905.543
53836;391.9811;-510.578;-1905.497
53869;393.446;-509.368;-1905.479
53903;395.4507;-507.716;-1906.235
53937;396.8291;-505.8181;-1906.885
53970;398.0764;-504.6436;-1907.253
54004;398.3503;-503.5568;-1907.306
54038;399.2444;-500.7551;-1906.983
54072;399.7872;-497.449;-1906.851
54107;402.1526;-485.6984;-1907.445
54139;402.3967;-485.4727;-1907.361
54173;403.6665;-479.1534;-1910.576
54207;405.7893;-472.2681;-1912.377
54240;406.8546;-468.4865;-1914.303
54275;407.5111;-465.6114;-1914.5
54309;407.5186;-464.6584;-1914.342
54343;407.5508;-464.2197;-1914.049
54376;404.3037;-461.229;-1911.365
54427;404.2082;-459.5858;-1909.903
54477;404.5943;-459.4272;-1909.787
54511;402.6025;-460.4579;-1910.064
54567;399.3236;-465.1297;-1909.964
54584;398.5833;-467.5017;-1908.995
54607;398.6997;-474.627;-1906.963
54641;399.5471;-477.4691;-1906.448
54674;398.8317;-484.7386;-1907.547
54708;398.1645;-488.3987;-1908.017
54742;398.1828;-489.9396;-1908.259
54780;397.824;-492.4995;-1907.986
54814;397.4056;-494.5763;-1908.166
54847;395.7865;-499.1153;-1908.47
54866;393.9046;-502.7115;-1908.273
54900;391.3386;-506.915;-1907.516
54951;390.7599;-507.244;-1907.42
54996;388.1737;-508.2307;-1907.487
55012;387.388;-508.777;-1907.518
55046;386.2796;-509.7905;-1907.461
55080;385.6936;-510.5577;-1907.658
55102;385.5118;-511.377;-1907.613
55153;386.0598;-511.7842;-1907.698
55203;387.009;-511.7311;-1907.817
55221;389.2158;-511.8447;-1908.093
55254;392.0495;-510.1656;-1908.26
55276;395.4535;-509.5297;-1909.264
55315;397.3547;-506.8379;-1909.636
55350;397.9124;-505.5738;-1909.915
55373;398.2608;-504.4142;-1909.913
55409;399.0573;-503.422;-1910.193
55461;400.9648;-498.6356;-1910.547
55477;402.0963;-494.0643;-1911.492
55511;402.7794;-489.4191;-1911.586
55562;403.2692;-486.9883;-1911.95
55578;403.6757;-483.1521;-1912.642
55630;404.4356;-475.4753;-1915.177
55679;405.2135;-471.7588;-1916.127
55715;405.1055;-470.9086;-1916.364
55749;405.5349;-470.0245;-1916.563
55767;405.0906;-469.6613;-1916.662
55814;405.1008;-469.6458;-1916.651
55851;404.3999;-470.3368;-1916.978
55886;403.2115;-471.8159;-1915.719
55907;403.1842;-472.2343;-1915.049
55951;401.7277;-479.709;-1913.575
55994;402.3263;-480.4473;-1913.353
56009;403.4344;-488.393;-1913.546
56043;403.4053;-493.6159;-1913.551
56068;403.7513;-499.3071;-1914.574
56120;403.7635;-500.8556;-1914.958
56157;402.3434;-503.5858;-1915.248
56192;401.3046;-506.0899;-1915.729
56208;399.4563;-509.9877;-1916.21
56242;397.7956;-513.4731;-1915.983
56276;395.2763;-515.9033;-1915.353
56309;391.8573;-517.3073;-1914.955
56343;390.2242;-517.878;-1914.971
56377;389.1235;-518.4859;-1915.122
56410;388.5082;-518.5335;-1915.169
56444;388.3363;-518.5947;-1915.225
56478;388.3385;-518.7233;-1915.218
56511;389.2758;-518.7831;-1915.344
56545;391.0989;-518.1833;-1915.14
56579;393.3646;-515.7347;-1915.483
56612;395.2633;-513.5966;-1915.437
56646;396.8743;-510.9222;-1915.59
56680;398.7281;-509.452;-1915.438
56714;399.1983;-507.1064;-1916.709
56749;400.3923;-503.5368;-1917.419
56770;401.7136;-499.4119;-1917.251
56804;403.6588;-491.6964;-1917.587
56838;404.1483;-489.5806;-1917.509
56871;407.0565;-484.5659;-1918.443
56905;405.7822;-479.7335;-1920.35
56957;405.2137;-477.6885;-1920.681
56990;405.2476;-474.109;-1920.496
57006;403.0491;-465.6075;-1919.182
57040;402.8842;-464.88;-1918.138
57074;403.1687;-464.7712;-1917.824
57107;404.7993;-457.9214;-1918.203
57141;405.7239;-457.6372;-1917.802
57175;403.6179;-457.7954;-1917.325
57208;402.1262;-459.4764;-1916.71
57242;399.4446;-464.4252;-1916.801
57276;395.8651;-472.559;-1915.675
57326;395.3055;-477.7738;-1915.188
57344;395.6613;-480.9672;-1915.226
57378;397.3951;-489.8827;-1914.813
57412;397.4102;-496.5299;-1915.232
57446;396.8234;-497.3652;-1915.656
57479;396.2338;-498.9735;-1915.485
57513;394.9699;-501.462;-1916.033
57531;393.4256;-504.9893;-1915.905
57564;391.2506;-508.0451;-1915.748
57615;387.7685;-511.1761;-1915.426
57632;384.8724;-512.3628;-1915.369
57665;383.7362;-513.2827;-1915.278
57700;382.7864;-513.7278;-1915.506
57749;382.272;-514.1534;-1915.492
57766;382.1018;-514.3623;-1915.57
57818;382.1096;-514.3749;-1915.593
57855;382.2865;-514.1474;-1915.66
57892;383.811;-513.5681;-1915.469
57926;385.2588;-512.373;-1915.64
57942;388.2596;-509.0224;-1916.762
57976;391.0503;-506.538;-1916.294
58009;391.9598;-503.5;-1915.816
58043;392.376;-503.0935;-1915.47
58077;392.5248;-502.2137;-1915.317
58110;393.7661;-497.1453;-1914.367
58145;394.5424;-493.8239;-1913.755
58178;394.2266;-488.6498;-1913.894
58228;392.7934;-484.8061;-1914.839
58245;393.5113;-480.8066;-1914.511
58279;393.1772;-476.9021;-1916.865
58313;392.5162;-475.1593;-1917.619
58346;391.4155;-471.7188;-1916.602
58380;392.8302;-469.8394;-1916.862
58414;393.0291;-469.1731;-1916.986
58453;393.1097;-468.4144;-1917.102
58470;392.641;-467.8487;-1916.896
58521;392.5646;-468.231;-1917.505
58555;391.3997;-469.7207;-1916.692
58572;390.9925;-471.6049;-1916.25
58605;389.912;-475.7364;-1915.069
58643;388.2462;-479.9256;-1914.384
58676;390.286;-481.7925;-1914.42
58710;391.073;-492.7381;-1914.469
58744;390.9369;-495.6862;-1914.533
58761;390.5432;-496.5576;-1914.916
58811;389.7507;-499.2517;-1914.578
58828;389.0098;-502.1696;-1914.547
58879;388.3957;-505.0767;-1914.853
58934;386.4672;-507.7455;-1915.331
58950;383.0431;-510.9658;-1914.951
58985;382.1834;-511.8459;-1914.144
59018;380.5019;-513.0792;-1913.348
59068;379.7066;-513.3466;-1913.087
59085;379.3077;-513.5886;-1912.844
59102;379.22;-513.6066;-1912.854
59136;379.5404;-513.7142;-1912.884
59170;379.8203;-513.8154;-1912.915
59220;381.0755;-513.6714;-1912.903
59254;382.5632;-512.9801;-1912.806
59272;384.4821;-511.0227;-1913.013
59306;387.2578;-508.4357;-1913.141
59358;389.2658;-506.7798;-1913.674
59376;391.05;-506.1469;-1913.681
59409;391.9333;-503.499;-1913.755
59461;392.9704;-501.0554;-1914.016
59477;394.344;-497.6991;-1913.657
59511;395.8075;-491.2762;-1913.557
59545;397.672;-485.0124;-1914.047
59578;399.5061;-480.1652;-1914.52
59612;401.3774;-474.1494;-1918.14
59646;402.7775;-471.8372;-1919.746
59679;403.557;-470.6592;-1919.885
59713;404.0679;-468.7878;-1920.483
59746;404.0565;-467.6989;-1920.461
59780;403.7396;-466.9138;-1920.622
59814;403.6831;-466.5063;-1920.443
59848;403.7307;-466.3589;-1920.454
59885;403.1774;-467.1278;-1920.39
59904;402.7078;-467.6437;-1920.061
59938;400.0018;-470.3449;-1916.565
59972;398.2099;-474.9763;-1913.493
60005;398.2329;-476.5173;-1912.585
60039;400.7328;-482.2178;-1911.398
60073;399.332;-488.0977;-1912.018
60108;399.3077;-493.6141;-1911.411
60140;399.9099;-498.4521;-1911.375
60174;399.2518;-498.8484;-1911.523
60202;398.066;-500.7495;-1911.318
60231;395.8174;-504.0268;-1911.133
60264;392.7932;-507.8324;-1911.568
60315;389.7921;-509.936;-1911.361
60332;385.8513;-512.1366;-1910.825
60366;382.6449;-513.3281;-1910.406
60399;381.7928;-513.8525;-1910.144
60433;381.4273;-514.0212;-1910.066
60483;380.9334;-514.3898;-1910.009
60534;380.7112;-514.6503;-1910.079
60568;380.9477;-514.8066;-1910.154
60602;381.8016;-514.8862;-1910.391
60636;383.045;-514.3781;-1910.649
60669;384.367;-513.6284;-1910.419
60702;386.473;-511.1802;-1910.589
60736;389.0357;-508.9877;-1911.374
60770;390.4117;-505.6885;-1911.607
60804;389.0628;-498.1329;-1911.722
60837;389.4348;-497.1787;-1911.867
60872;390.2912;-495.4142;-1911.984
60910;390.7438;-493.9448;-1911.765
60943;392.2509;-487.6693;-1910.845
60977;392.766;-483.4475;-1911.323
61029;394.0;-474.5317;-1916.868
61044;394.8176;-472.6358;-1917.559
61078;395.442;-470.1574;-1917.891
61112;395.3893;-466.5094;-1917.635
61145;394.9888;-463.86;-1918.031
61179;394.2346;-459.7164;-1918.681
61229;393.8603;-456.8393;-1918.017
61247;392.3228;-456.9467;-1916.818
61283;393.8652;-454.4922;-1916.603
61315;393.8178;-454.039;-1916.071
61366;394.0308;-453.933;-1915.716
61399;393.2545;-457.8655;-1914.216
61424;394.1723;-460.3395;-1914.702
61441;393.652;-464.6758;-1916.719
61475;393.5628;-467.3719;-1915.853
61522;394.5993;-469.4234;-1914.878
61555;394.7493;-471.5323;-1914.485
61573;393.0993;-487.6063;-1912.578
61607;392.026;-495.1677;-1911.038
61641;391.4128;-495.6828;-1911.497
61674;390.562;-497.387;-1911.624
61708;388.9903;-499.8251;-1911.309
61742;387.3664;-502.6862;-1910.442
61793;385.7193;-505.2435;-1909.746
61809;382.4024;-508.2914;-1909.204
61843;379.4234;-510.6273;-1908.347
61877;377.1076;-511.7247;-1907.375
61910;375.958;-512.6074;-1906.874
61944;375.5596;-512.6746;-1906.462
61978;375.3321;-512.7576;-1905.984
62011;375.2133;-512.6053;-1905.592
62028;374.9577;-512.6807;-1905.011
62079;374.9554;-512.5786;-1904.305
62097;375.0564;-512.3626;-1903.509
62130;374.9983;-512.1378;-1903.099
62198;375.5132;-511.7819;-1901.399
62249;376.0358;-511.5151;-1900.662
62283;376.3441;-511.3367;-1900.261
62316;376.5242;-511.114;-1899.982
62350;376.463;-511.0266;-1899.898
62383;376.59;-510.4825;-1899.593
62417;376.8966;-510.3464;-1899.341
62451;377.1125;-509.9751;-1899.207
62505;377.5909;-509.6359;-1899.013
62521;377.7813;-509.5242;-1898.861
62538;377.9117;-509.4539;-1898.767
62572;377.949;-509.41;-1898.711
62606;378.08;-509.397;-1898.696
62640;378.4138;-509.4753;-1898.607
62673;378.5538;-509.522;-1898.615
62707;378.8493;-509.7224;-1898.56
62741;379.0653;-509.8202;-1898.555
62774;379.1184;-509.8129;-1898.562
62808;379.3795;-509.9348;-1898.542
62842;379.5906;-510.0498;-1898.603
62875;379.7512;-510.0437;-1898.661
62909;379.8712;-510.2022;-1898.555
62943;380.2191;-510.4236;-1898.53
62964;380.3461;-510.3934;-1898.651
62997;380.4743;-510.4015;-1898.816
63031;380.6401;-510.3912;-1898.883
63065;381.006;-510.3451;-1899.059
63099;381.2153;-510.415;-1899.016
63132;381.4372;-510.3834;-1899.128
63166;381.8302;-510.3201;-1899.389
63218;382.2853;-510.4254;-1899.715
63241;382.7677;-510.4355;-1900.081
63275;382.9673;-510.4553;-1900.234
63309;383.2888;-510.5419;-1900.58
63342;383.5883;-510.6807;-1900.79
63393;383.8246;-510.765;-1901.032
63409;383.9641;-510.7994;-1901.484
63443;384.321;-510.739;-1901.909
63477;384.5051;-510.9312;-1902.188
63528;384.6331;-511.073;-1902.432
63545;384.6883;-511.0109;-1902.699
63570;384.7195;-511.044;-1902.825
63603;384.869;-511.0828;-1903.325
63654;384.9577;-511.1549;-1903.511
63671;385.5551;-511.0049;-1904.19
63704;385.6526;-511.0472;-1904.578
63738;385.6831;-511.0869;-1904.707
63772;385.809;-511.072;-1905.123
63805;385.7566;-510.8275;-1905.459
63839;385.7473;-510.7828;-1905.499
63873;385.3933;-510.4307;-1905.819
63906;385.4252;-510.3027;-1906.017
63940;385.4087;-510.2351;-1906.121
63974;385.2589;-510.2021;-1906.302
64008;385.0665;-509.7778;-1906.799
64042;384.8654;-509.7702;-1907.113
64077;384.806;-509.7587;-1907.16
64110;384.5995;-509.704;-1907.417
64144;384.0254;-510.2297;-1907.513
64178;384.0643;-510.6627;-1907.851
64212;384.1102;-511.269;-1908.439
64245;384.4929;-511.3202;-1909.159
64279;384.8262;-511.6888;-1909.821
64313;385.6898;-511.4753;-1910.231
64347;386.3254;-512.0452;-1910.049
64381;386.5659;-513.5521;-1908.396
64414;386.3236;-515.8367;-1906.331
64461;384.4327;-518.5261;-1903.115
64476;383.902;-519.3699;-1901.241
64527;383.2831;-520.4623;-1899.344
64561;382.5277;-521.1536;-1898.339
64577;381.5389;-521.7416;-1897.255
64610;381.5404;-521.8948;-1896.751
64645;381.2437;-521.9811;-1896.49
64678;380.2031;-522.6018;-1895.779
64712;379.012;-522.5944;-1895.264
64745;378.7311;-522.4784;-1894.9
64779;377.8539;-522.2897;-1894.482
64800;377.6037;-522.3008;-1894.317
64833;376.9443;-522.526;-1894.157
64884;376.5927;-522.6981;-1893.966
64918;376.4768;-522.6914;-1893.888
64951;375.9113;-522.8209;-1893.895
64985;375.8776;-523.074;-1893.867
65002;375.8052;-523.1422;-1893.862
65036;375.7023;-523.129;-1893.837
65070;375.6347;-523.1684;-1893.815
65103;375.6016;-523.1783;-1893.833
65155;375.6262;-523.3483;-1893.821
65172;375.5826;-523.2969;-1893.751
65223;375.5948;-523.404;-1893.737
65239;375.6537;-523.4932;-1893.748
65273;375.7404;-523.6041;-1893.763
65307;375.9132;-523.6099;-1893.705
65340;376.0167;-523.8386;-1893.782
65374;376.1974;-523.6989;-1893.86
65408;376.2098;-523.7079;-1893.885
65441;376.4141;-523.753;-1894.001
65475;376.5833;-523.926;-1894.035
65509;376.7773;-524.0983;-1894.117
65543;376.7866;-524.1013;-1894.123
65576;376.915;-524.065;-1894.192
65610;376.9577;-524.0483;-1894.239
65643;376.9932;-524.2305;-1894.473
65677;377.2479;-524.3813;-1894.609
65711;377.6087;-524.4733;-1894.908
65748;377.7088;-524.3019;-1895.03
65778;377.8726;-524.3359;-1895.167
65812;377.8904;-524.368;-1895.424
65846;378.2458;-524.6069;-1895.739
65863;378.4066;-524.9852;-1896.097
65913;378.7881;-524.9216;-1896.387
65947;379.0092;-524.9133;-1896.695
65981;379.5203;-525.2073;-1897.087
66016;379.8978;-525.3099;-1897.376
66039;380.4373;-525.4894;-1898.001
66072;380.7451;-525.8608;-1898.222
66106;381.5044;-526.1966;-1898.626
66139;382.1723;-526.4944;-1898.859
66173;383.2681;-527.0192;-1898.985
66218;386.5513;-527.5457;-1899.519
66246;387.9236;-528.0549;-1899.794
66279;389.4742;-528.204;-1900.049
66313;390.1255;-528.3447;-1900.452
66347;390.8978;-528.3474;-1900.791
66381;391.5788;-528.3664;-1901.119
66401;393.7136;-528.1359;-1900.731
66435;395.1448;-528.2585;-1900.354
66469;397.2584;-527.7579;-1900.41
66519;399.6525;-527.7559;-1900.836
66536;404.3496;-526.8405;-1902.095
66569;406.843;-527.5027;-1902.164
66603;409.219;-526.8443;-1902.261
66637;413.9576;-524.9408;-1903.051
66672;416.0128;-524.3762;-1903.119
66706;418.3759;-523.7602;-1903.236
66736;423.6239;-520.0905;-1907.771
66773;430.1642;-516.5101;-1909.308
66807;433.9562;-514.9101;-1909.143
66841;437.4153;-514.8748;-1907.233
66891;439.813;-515.7867;-1905.846
66908;442.4923;-516.6422;-1904.822
66941;444.6592;-517.126;-1903.524
67152;530.7374;-481.1939;-1884.01
68342;425.8683;-525.2057;-1784.118
68376;425.8683;-524.0807;-1782.844
68409;424.687;-521.0778;-1779.503
68443;421.7397;-516.4653;-1782.578
68498;419.0836;-512.2996;-1781.167
68514;413.6357;-509.4199;-1779.58
68566;411.3514;-508.1347;-1778.595
68581;406.4565;-506.0646;-1776.177
68616;402.1977;-504.5338;-1771.88
68636;402.2229;-455.2121;-1761.65
68669;401.0215;-454.8155;-1760.36
68703;395.7547;-451.8647;-1756.861
68737;388.7417;-447.7701;-1751.848
68770;383.8365;-444.6317;-1748.323
68819;379.9273;-441.0482;-1744.924
68858;375.6875;-436.5904;-1740.099
68875;372.1309;-432.9901;-1735.641
68909;369.1071;-429.7003;-1730.698
68943;366.2972;-426.3212;-1724.661
68998;364.2636;-422.348;-1719.302
69016;362.1584;-418.9866;-1713.412
69053;359.6377;-415.4601;-1705.783
69087;357.2101;-411.8485;-1696.068
69154;354.8379;-403.5325;-1668.823
69221;352.0928;-395.5059;-1644.164
69239;351.591;-389.6117;-1630.21
69308;351.1447;-382.1251;-1613.143
69347;350.9968;-376.3384;-1598.255
69364;351.6682;-369.6978;-1581.732
69399;351.8965;-364.5521;-1567.05
69432;351.5961;-360.1129;-1552.745
69451;350.0376;-357.3711;-1540.607
69504;348.4102;-354.7757;-1527.575
69521;346.7762;-351.3982;-1516.979
69546;344.6531;-347.7149;-1506.493
69598;343.0159;-343.7817;-1497.321
69648;339.4895;-340.9692;-1487.366
69667;335.1063;-338.1533;-1476.583
69701;332.4121;-335.2585;-1467.549
69735;328.6255;-332.2234;-1458.319
69770;324.1098;-330.0024;-1449.289
69791;315.7657;-326.7218;-1439.583
69832;309.2792;-323.694;-1429.636
69848;299.6067;-320.8406;-1416.733
69885;292.9085;-318.5092;-1408.891
69927;281.6262;-315.6973;-1396.99
69962;270.7406;-312.5209;-1386.971
69996;262.7944;-310.0739;-1380.737
70032;256.9869;-307.0722;-1375.37
70076;250.5135;-305.6386;-1369.666
70093;245.3917;-303.4343;-1365.111
70129;238.6911;-301.074;-1359.568
70164;233.0627;-299.2393;-1354.099
70181;227.9844;-297.7421;-1348.442
70233;218.5537;-293.7238;-1340.983
70249;213.0536;-291.81;-1335.607
70283;209.1285;-289.724;-1331.107
70334;205.2291;-286.8555;-1324.273
70353;202.1997;-284.2243;-1317.11
70410;198.948;-282.279;-1308.953
70464;197.221;-279.826;-1300.938
70571;189.3808;-268.0211;-1244.27
70618;190.8109;-257.7858;-1212.432
70658;190.4277;-253.126;-1195.374
70701;191.4404;-246.3913;-1178.904
70720;192.5693;-241.365;-1162.959
70755;192.8653;-235.9288;-1147.33
70789;194.8913;-228.7554;-1127.116
70830;195.9502;-224.8896;-1112.972
70870;201.4119;-221.8015;-1099.417
70885;202.0149;-219.2744;-1087.218
70919;202.248;-216.4714;-1073.82
70953;202.7449;-213.5963;-1061.061
70989;201.832;-209.6874;-1048.728
71007;201.3491;-205.8205;-1037.135
71041;199.5541;-203.1581;-1026.545
71075;198.3065;-200.6083;-1017.222
71108;194.7267;-196.7176;-1005.82
71142;187.6375;-190.2435;-993.6053
71176;181.6677;-188.4669;-988.2242
71209;175.1089;-185.327;-981.7201
71264;166.6132;-182.76;-974.0657
71299;160.4005;-180.7349;-967.0361
71318;154.2981;-178.4303;-957.6451
71356;150.1545;-175.7407;-944.8759
71392;145.7093;-174.3327;-934.9734
71407;138.6498;-172.9365;-925.106
71476;135.3305;-163.86;-907.4241
71509;132.4886;-153.5015;-895.0049
71544;135.641;-133.3715;-885.932
71560;141.5618;-131.2141;-887.3241
71580;123.4933;-161.1964;-984.9034
71614;121.3506;-157.1946;-983.8741
71652;114.8648;-146.4971;-978.921
71689;112.8424;-140.4409;-971.7958
71722;106.6598;-130.9245;-964.4059
71758;98.44804;-119.8149;-949.3736
71773;95.52966;-78.6843;-903.7814
71814;95.69444;-78.33606;-905.1077
71849;94.81354;-76.69818;-902.068
71885;-72.14639;-18.16903;-901.6588
71903;-47.71883;46.19175;-696.8179
71955;-2.68935;130.9459;-651.9432
71987;-23.34079;44.54609;-547.9104
72013;-23.34079;44.54609;-547.9104
72047;-23.34079;44.54609;-547.9104
72067;-23.34079;44.54609;-547.9104
72097;-23.34079;44.54609;-547.9104
74777;253.8986;-316.704;-2005.898
74828;256.8831;-314.1888;-2002.691
74844;258.3268;-313.8153;-2000.135
74878;260.2044;-314.1927;-1995.519
74940;263.4333;-313.4789;-1991.342
74962;267.8508;-311.5466;-1985.283
74981;274.5411;-311.7672;-1979.387
75014;281.106;-311.5026;-1972.492
75048;294.2342;-312.9885;-1964.242
75099;304.0738;-313.4884;-1959.082
75117;329.3092;-311.5877;-1948.093
75151;339.403;-310.3594;-1942.49
75187;347.7452;-311.2305;-1936.939
75238;355.1712;-311.8875;-1934.384
75303;371.6407;-313.4579;-1926.189
75326;383.7155;-312.1559;-1922.91
75362;401.5252;-311.4688;-1920.754
75379;414.291;-311.0629;-1920.347
75430;426.0321;-310.3362;-1920.782
75485;446.7865;-308.0508;-1920.388
75520;452.8964;-307.5089;-1920.484
75541;461.0605;-305.9861;-1921.532
75592;466.4264;-306.0338;-1921.823
75627;475.5089;-305.3444;-1922.344
75644;487.1771;-303.551;-1922.893
75678;493.1328;-302.4352;-1922.287
75732;493.5465;-303.0963;-1922.204
75748;501.0383;-299.2192;-1921.442
75788;503.9406;-298.8102;-1921.07
75823;508.6549;-296.5487;-1920.243
75840;514.0178;-294.8436;-1919.215
75878;516.0951;-294.041;-1918.421
75915;517.6816;-293.8583;-1917.485
75949;519.6951;-293.3116;-1916.941
75982;520.4064;-293.0811;-1916.381
76017;523.908;-291.8415;-1914.726
76035;525.2921;-291.555;-1912.555
76086;526.6291;-291.2402;-1911.38
76124;527.9052;-291.3248;-1910.797
76140;529.78;-291.3662;-1909.942
76174;531.9651;-291.3214;-1909.01
76207;534.3572;-290.7617;-1908.148
76258;540.5201;-288.6464;-1907.044
76275;543.1418;-288.2191;-1905.646
76308;544.1254;-287.8342;-1904.878
76360;547.0079;-286.6708;-1902.596
76393;548.5127;-285.4186;-1900.839
76430;550.3504;-284.5388;-1898.2
76463;553.1981;-282.1855;-1895.428
76497;554.2816;-281.2943;-1893.061
76512;555.6153;-279.731;-1889.068
76546;555.4484;-278.052;-1885.201
76580;553.9307;-278.1532;-1880.487
76614;553.0179;-277.8912;-1876.741
76668;553.0515;-276.676;-1875.026
76707;552.7466;-275.3297;-1872.647
76739;552.4011;-274.1017;-1870.481
76758;551.6028;-273.2321;-1868.494
76771;550.4339;-272.7385;-1865.971
76822;550.4917;-272.5338;-1864.924
76858;549.2762;-273.3167;-1862.39
76878;548.9692;-273.1642;-1860.948
76915;548.7021;-273.3425;-1859.674
76949;548.3561;-274.1641;-1857.928
76983;548.4642;-274.2489;-1857.369
77006;548.097;-274.8595;-1856.528
77058;548.1572;-275.0121;-1856.436
77074;548.2316;-275.3803;-1856.189
77109;547.2985;-275.8802;-1856.133
77141;545.4318;-277.4049;-1855.533
77175;544.3815;-277.483;-1855.595
77209;543.2656;-277.7567;-1855.934
77242;541.6029;-277.9319;-1856.788
77276;540.0529;-278.1028;-1857.47
77309;536.1641;-277.7676;-1859.098
77343;532.8669;-276.9574;-1860.371
77377;529.7952;-276.6571;-1860.833
77401;525.5499;-275.2074;-1860.986
77434;522.7263;-274.3971;-1861.306
77484;518.7491;-274.1655;-1861.225
77518;512.9103;-271.8678;-1860.848
77553;506.7754;-268.495;-1859.889
77569;502.5129;-267.0276;-1860.06
77603;496.6119;-267.9714;-1861.35
77637;494.6359;-267.8961;-1862.537
77670;492.4772;-269.1357;-1864.174
77721;490.002;-271.4238;-1866.298
77757;488.2425;-274.1123;-1868.924
77775;487.2735;-275.291;-1869.901
77808;486.4311;-276.9313;-1871.162
77842;482.5426;-279.1308;-1874.011
77876;481.558;-279.677;-1874.71
77909;480.4872;-279.9946;-1875.382
77943;480.4254;-280.0599;-1875.355
77977;480.4227;-280.106;-1875.391
78010;480.8088;-279.9125;-1875.16
78044;481.257;-280.0133;-1875.195
78078;482.3567;-279.9418;-1875.365
78129;483.9184;-280.2138;-1875.774
78148;486.9783;-280.2576;-1876.697
78183;492.3881;-279.2654;-1877.713
78216;495.3123;-278.2426;-1878.656
78250;497.6357;-278.043;-1879.525
78284;502.2166;-277.59;-1880.729
78319;505.638;-277.0358;-1881.806
78353;509.1293;-276.9207;-1882.813
78372;514.056;-277.9153;-1885.146
78406;515.2476;-278.4804;-1885.739
78456;516.8642;-280.4329;-1886.199
78473;518.7985;-281.7988;-1886.781
78507;520.2573;-283.1815;-1887.432
78541;520.8098;-283.0676;-1887.36
78591;522.1119;-282.3288;-1887.832
78608;524.517;-282.4142;-1889.818
78642;525.3132;-283.6508;-1890.326
78676;526.9559;-285.1921;-1891.355
78709;528.5117;-286.1691;-1892.276
78743;530.2949;-286.7925;-1893.816
78778;537.0621;-284.8008;-1896.475
78810;540.2791;-284.144;-1897.889
78844;543.488;-283.6178;-1898.887
78880;549.9888;-281.3014;-1901.201
78911;551.172;-282.2238;-1900.82
78964;556.8668;-280.8353;-1900.37
78979;561.6125;-279.1566;-1900.942
79013;564.4094;-279.5324;-1900.274
79046;571.0304;-277.8378;-1899.503
79083;574.4359;-277.6476;-1898.172
79117;584.1714;-272.4179;-1904.555
79151;590.9424;-270.3196;-1907.639
79186;593.7723;-270.7717;-1907.557
79219;593.2693;-274.8321;-1905.167
79236;604.1781;-266.1217;-1907.513
79276;607.6521;-263.7831;-1912.384
79309;615.7284;-262.8096;-1913.446
79343;622.6741;-265.6072;-1914.365
79377;623.9479;-267.3859;-1913.161
79410;626.0666;-270.7068;-1911.383
79444;629.2858;-274.9405;-1910.526
79478;630.111;-270.709;-1919.459
79511;630.8085;-269.3551;-1922.989
79546;631.6095;-270.4795;-1920.408
79579;632.5172;-270.0818;-1916.665
79613;632.423;-270.3453;-1916.17
79646;630.9716;-274.9597;-1918.747
79680;632.776;-276.4608;-1917.846
79714;632.8945;-276.5522;-1916.54
79748;628.6367;-285.2141;-1913.51
79781;627.1546;-285.4044;-1919.008
79815;626.3118;-287.2404;-1926.301
79848;626.7115;-284.8482;-1926.301
79882;626.7198;-284.7346;-1925.938
79916;626.0045;-292.461;-1900.125
79949;624.048;-292.1667;-1896.51
79983;621.9933;-283.5457;-1899.021
80017;621.7093;-275.7509;-1898.514
80050;619.9451;-267.5845;-1900.438
80084;614.4823;-266.5612;-1891.688
80118;614.2656;-264.1785;-1893.304
80152;613.2965;-262.61;-1893.686
80186;614.7741;-258.1266;-1896.681
80219;612.7581;-256.7814;-1898.273
80236;611.8535;-255.9726;-1898.502
