
1;33.62143;-232.302;-1969.94
35;27.49997;-232.6046;-1969.09
65;22.45787;-234.1497;-1966.465
92;20.63132;-231.7981;-1966.007
118;18.37309;-235.5104;-1962.927
141;16.05739;-229.7303;-1962.211
168;5.279723;-256.1028;-1942.314
219;2.716275;-260.2822;-1939.926
238;-0.3609733;-273.3502;-1933.426
272;-0.569469;-285.1159;-1928.073
328;-0.9697757;-299.3304;-1921.33
348;-0.6354305;-305.6154;-1918.363
386;-0.08516575;-309.9219;-1915.598
422;-0.724667;-310.2333;-1914.166
456;-8.788503;-231.9759;-1928.563
497;-8.629407;-232.9747;-1927.955
521;-8.546285;-233.0355;-1927.875
550;-7.599313;-236.4938;-1926.632
585;-8.621883;-243.4958;-1923.691
624;-8.988546;-246.4159;-1922.367
651;-11.53601;-251.5223;-1920.216
671;-11.74292;-252.0328;-1920.391
739;-11.54309;-252.2481;-1920.628
772;-9.534358;-250.6458;-1921.496
812;-6.470095;-248.9062;-1921.97
846;-5.073988;-246.9483;-1921.571
870;-1.078162;-242.6064;-1920.193
894;5.826778;-237.9616;-1916.067
941;13.38761;-231.8091;-1905.645
982;16.91768;-229.402;-1897.348
1006;23.02891;-228.1164;-1885.335
1039;28.49786;-225.3311;-1871.006
1089;35.6872;-224.9571;-1858.469
1112;43.23479;-223.743;-1839.382
1158;53.67616;-224.1915;-1820.781
1180;67.11807;-222.0347;-1799.268
1219;76.1281;-224.1489;-1773.354
1242;90.34853;-223.848;-1748.074
1280;100.6336;-221.8535;-1720.603
1304;119.452;-216.8658;-1691.985
1355;132.0097;-214.5049;-1664.447
1395;153.0763;-205.1362;-1626.496
1411;172.1093;-196.6205;-1602.914
1446;190.4082;-185.4048;-1570.722
1473;203.9514;-177.3472;-1546.896
1525;220.9037;-167.5748;-1520.462
1567;234.616;-154.4829;-1498.735
1588;248.767;-141.1046;-1476.615
1608;261.8316;-132.1088;-1454.285
1646;272.664;-121.0503;-1431.308
1672;276.2186;-111.6626;-1413.529
1700;287.818;-100.0131;-1390.412
1733;295.1534;-94.04166;-1369.976
1768;300.9763;-88.2179;-1345.182
1823;307.9634;-86.91244;-1319.878
1847;313.3688;-85.33572;-1294.66
1901;316.0594;-83.7206;-1264.578
1954;318.12;-84.85597;-1233.572
2003;319.2406;-84.75735;-1200.742
2039;322.3496;-83.20901;-1166.832
2075;319.3031;-80.71057;-1130.142
2124;314.1826;-88.88895;-1089.009
2163;342.3188;-96.92566;-1045.4
2271;234.9551;-32.60628;-992.8932
2298;229.6829;73.46992;-1000.663
2323;210.6743;97.38932;-999.6948
2353;81.81651;313.201;-897.5176
2378;139.1616;162.1924;-586.6896
2413;139.1616;162.1924;-586.6896
12284;140.6648;-306.2358;-1414.6
12305;141.1687;-304.0325;-1418.156
12334;142.2148;-302.3827;-1422.742
12360;152.8921;-310.8656;-1471.621
12413;154.8918;-315.2747;-1480.245
12453;154.0363;-315.874;-1480.845
12489;148.7875;-316.4316;-1512.038
12533;150.5841;-325.612;-1517.954
12570;158.6534;-328.02;-1539.082
12602;155.6406;-336.9569;-1551.706
12624;155.8719;-345.8029;-1570.748
12684;160.7113;-356.2057;-1589.219
12711;139.8696;-357.657;-1621.808
12787;138.5878;-360.9646;-1629.056
12842;143.8581;-368.4102;-1658.732
12871;143.4061;-371.617;-1668.453
12896;157.3742;-401.8631;-1687.571
12923;157.9331;-402.951;-1692.584
12959;159.1721;-406.7518;-1700.077
13013;161.4269;-409.809;-1713.75
13069;161.9985;-410.6172;-1718.191
13098;168.4142;-412.1274;-1725.399
13165;176.3091;-414.9249;-1730.542
13184;190.8032;-417.7795;-1751.093
13204;206.1743;-422.1235;-1757.42
13254;212.4524;-425.6127;-1760.692
13285;219.4919;-428.0398;-1766.916
13309;233.9585;-424.6706;-1779.56
13340;251.1672;-426.4984;-1789.463
13409;257.081;-427.7898;-1793.15
13464;263.996;-428.9086;-1796.962
13488;268.7912;-430.3804;-1798.852
13540;282.3677;-434.7215;-1803.664
13662;308.4365;-443.7237;-1818.992
13685;312.6962;-446.4574;-1822.563
13705;321.9888;-446.8603;-1826.972
13773;331.3097;-452.3414;-1830.389
13801;353.419;-461.0081;-1837.109
13834;355.7432;-461.9929;-1846.994
13871;362.1442;-469.7342;-1859.855
13895;363.9898;-470.0835;-1869.494
13918;374.2228;-472.5708;-1883.667
13965;377.9129;-474.9461;-1896.575
14000;382.1371;-478.0468;-1906.235
14027;418.3734;-426.7615;-1964.082
14045;421.6337;-430.5423;-1967.547
14065;424.7441;-433.681;-1973.271
14099;430.4613;-441.3498;-1980.133
14132;434.6295;-449.5094;-1984.235
14166;446.0833;-518.2943;-1965.57
14200;446.1938;-518.5462;-1965.597
14234;446.7367;-519.964;-1966.883
14269;446.7913;-522.8416;-1968.954
14354;446.0623;-525.4262;-1971.047
14379;445.0836;-527.459;-1972.404
14404;443.838;-529.5245;-1974.221
14429;439.4982;-530.7845;-1976.766
14449;439.261;-537.1086;-1978.091
14508;435.539;-539.4406;-1978.975
14528;427.9681;-538.0342;-1976.078
14579;422.759;-539.9624;-1973.328
14605;469.1983;-547.1762;-2000.814
14621;467.8304;-547.7907;-2000.655
14645;447.1783;-546.1768;-1988.208
14670;446.8232;-545.516;-1988.313
14704;444.6684;-543.8602;-1987.228
14750;444.5645;-544.4456;-1986.919
14776;442.6555;-539.301;-1985.261
14803;445.3477;-538.4122;-1984.243
14838;462.4852;-470.6016;-2004.821
14873;461.9482;-471.8277;-2003.312
14912;460.489;-453.2932;-2007.534
14936;459.3896;-452.0244;-2006.457
14970;457.6591;-425.3365;-2008.842
15004;456.8069;-420.2181;-2009.406
15039;455.8341;-418.9463;-2008.1
15075;449.1448;-438.6457;-1992.445
15110;447.4673;-440.852;-1990.562
15133;445.0195;-441.0468;-1988.87
15185;443.0882;-441.9102;-1987.735
15224;441.7711;-442.4496;-1987.546
15278;439.9866;-442.3075;-1987.082
15309;439.6681;-442.2158;-1987.283
15330;439.4918;-442.179;-1987.815
15354;439.5211;-442.9038;-1988.342
15377;439.5182;-442.6006;-1989.435
15399;439.9874;-442.3875;-1990.259
15434;443.3575;-442.1789;-1995.604
15485;447.974;-445.6385;-2003.348
15509;450.9833;-447.2128;-2009.338
15543;454.7715;-446.9952;-2013.503
15580;460.1227;-448.0031;-2019.973
15632;463.9177;-446.4046;-2027.084
15666;468.177;-444.793;-2034.929
15729;469.0622;-446.6317;-2037.064
15756;475.9727;-450.8005;-2045.385
15800;478.6066;-451.4978;-2048.76
15869;480.529;-451.2295;-2053.486
15903;480.7297;-451.0499;-2055.763
15939;480.1623;-451.2981;-2056.812
15962;474.8021;-451.0614;-2058.569
16001;469.0478;-452.2475;-2059.49
16036;461.6811;-452.875;-2060.05
16090;457.7307;-452.4653;-2059.581
16119;447.5693;-453.8258;-2056.013
16187;445.6459;-453.6138;-2055.171
16214;445.4863;-453.5;-2054.895
16242;416.5513;-451.4195;-2040.835
16282;413.54;-450.4482;-2039.131
16313;408.5883;-450.1342;-2036.726
16338;405.9348;-448.4791;-2034.983
16385;402.8695;-447.6443;-2032.465
16431;400.2773;-445.9444;-2031.025
16473;397.5798;-445.144;-2029.832
16500;395.123;-444.7447;-2028.93
16558;391.8695;-444.3566;-2027.93
16588;390.0147;-444.3076;-2026.716
16612;389.8875;-444.9184;-2026.247
16657;389.8465;-445.3663;-2026.021
16684;389.9089;-445.7099;-2025.751
16708;390.5163;-447.1854;-2025.006
16744;391.4018;-447.841;-2025.133
16846;392.9359;-448.5949;-2025.495
16880;397.4806;-449.6802;-2025.839
16917;399.0421;-450.5812;-2026.163
16937;403.3686;-451.2519;-2026.616
16965;408.4118;-451.941;-2027.483
17014;410.3635;-451.8731;-2028.387
17060;419.4614;-452.4314;-2030.279
17104;430.1865;-454.0418;-2031.781
17170;433.4295;-454.2838;-2032.057
17227;437.96;-455.2527;-2032.355
17329;440.1413;-455.1423;-2032.813
17368;442.8443;-455.3337;-2033.585
17399;444.2386;-455.5038;-2033.978
17470;445.3848;-455.9987;-2034.388
17510;445.7505;-456.1316;-2034.643
17550;445.7442;-456.2228;-2034.753
17583;445.1908;-456.6605;-2035.149
17614;443.7406;-456.9981;-2035.364
17650;442.4254;-457.324;-2035.446
17747;438.2593;-456.9932;-2035.615
17780;434.001;-457.2315;-2035.88
17817;431.3867;-457.1634;-2035.859
17856;427.2424;-457.1698;-2035.226
17891;423.048;-456.529;-2034.848
17986;417.5377;-455.9149;-2035.192
18018;414.0434;-455.3324;-2034.954
18051;410.8969;-455.9165;-2034.309
18089;408.2511;-455.4305;-2034.245
18121;406.387;-455.5498;-2033.659
18158;400.9439;-455.6876;-2034.653
18192;397.0164;-455.4775;-2035.577
18223;394.9059;-456.2648;-2035.555
18258;393.9133;-456.5383;-2035.954
18290;394.235;-456.9781;-2035.909
18326;394.3674;-457.1638;-2035.93
18362;394.4978;-457.723;-2035.845
18402;394.4774;-457.898;-2035.888
18433;395.8964;-459.6964;-2037.267
18473;397.9859;-459.8715;-2037.874
18521;400.6334;-461.569;-2038.928
18546;402.7961;-463.1595;-2039.697
18580;405.168;-464.2782;-2039.594
18607;406.2545;-465.0637;-2039.596
18643;409.5225;-465.6842;-2039.989
18680;416.0134;-466.0909;-2040.42
18709;418.0847;-466.064;-2040.453
18746;422.3205;-467.197;-2040.617
18787;427.2199;-468.1082;-2039.855
18889;428.847;-468.6833;-2039.331
18997;430.3682;-469.6689;-2038.45
19030;435.5674;-470.4275;-2038.182
19063;438.0553;-471.3817;-2037.633
19104;439.9995;-472.2219;-2037.23
19135;440.5056;-472.0487;-2037.153
19172;442.6279;-472.3644;-2036.958
19205;443.7088;-472.9336;-2036.857
19242;444.3333;-473.4291;-2036.639
19297;443.1356;-475.5376;-2034.996
19354;442.9148;-475.8978;-2034.689
19398;444.6548;-476.319;-2033.206
19423;438.8134;-476.442;-2032.602
19461;435.9086;-476.536;-2031.655
19490;430.5004;-476.0293;-2030.425
19526;423.7919;-475.7893;-2028.517
19561;410.3539;-473.6736;-2024.436
19592;402.1545;-471.531;-2023.186
19628;393.7077;-470.4033;-2021.051
19664;384.5679;-470.5885;-2018.045
19702;376.5925;-470.1724;-2016.687
19734;369.8318;-469.9573;-2014.703
19766;364.0641;-469.8777;-2012.533
19799;357.2722;-469.8777;-2009.927
19833;352.2008;-470.8931;-2007.62
19868;348.553;-470.1085;-2007.041
19901;344.9152;-470.1046;-2006.193
19931;342.0453;-470.8875;-2005.203
20028;332.3136;-471.2867;-2000.95
20059;331.6494;-471.1163;-1999.556
20091;330.4663;-470.2578;-1997.582
20125;330.0013;-470.1469;-1995.562
20172;330.2726;-470.1624;-1993.872
20207;331.2755;-469.7238;-1991.716
20244;331.9521;-469.396;-1990.003
20279;333.6497;-468.3204;-1987.323
20317;335.4271;-467.5586;-1985.38
20351;338.5415;-467.1238;-1982.299
20391;342.6428;-464.2128;-1980.09
20427;344.4056;-463.3076;-1978.387
20461;346.826;-461.354;-1976.802
20541;348.7345;-460.7318;-1974.617
20585;350.5272;-459.6343;-1972.661
20620;355.1668;-457.861;-1968.347
20654;356.9757;-457.178;-1965.925
20695;359.2074;-457.0839;-1963.537
20730;360.196;-456.6351;-1962.848
20761;362.542;-455.5746;-1961.258
20796;363.3416;-455.3861;-1960.494
20850;364.6198;-454.8502;-1959.411
20943;369.5513;-453.8882;-1956.76
20986;371.9347;-453.3635;-1955.3
21025;372.7496;-453.0811;-1954.86
21063;374.51;-453.0963;-1953.826
21100;376.1754;-452.8946;-1953.046
21132;377.2871;-452.9354;-1952.562
21170;378.971;-452.9733;-1952.001
21203;379.5989;-453.3549;-1951.81
21235;379.9248;-453.2687;-1951.836
21267;379.9414;-453.2735;-1951.853
21349;379.9367;-453.3044;-1951.907
21385;381.4355;-453.2656;-1951.622
21425;382.5929;-452.8178;-1951.796
21490;382.9591;-452.8642;-1951.959
21520;383.1187;-452.8295;-1952.103
21562;383.1975;-452.8099;-1952.277
21594;383.4556;-452.7951;-1952.383
21630;383.6707;-452.842;-1952.441
21664;383.8143;-452.953;-1952.458
21695;384.1998;-452.8545;-1952.561
21750;384.5049;-452.9858;-1952.538
21823;384.9212;-452.9947;-1952.513
21853;386.1229;-453.1613;-1952.089
22074;388.2366;-453.4641;-1951.845
22136;388.3091;-453.5903;-1951.961
22228;388.9276;-453.6552;-1951.748
22361;389.0263;-453.7031;-1951.84
22419;389.8741;-453.541;-1951.835
22462;389.9222;-453.6243;-1951.943
22516;389.9143;-453.7581;-1952.08
22554;390.1255;-453.8717;-1952.121
22626;390.0751;-454.1094;-1952.344
22709;390.0474;-454.2941;-1952.47
22805;390.0349;-454.3714;-1952.592
22857;390.1904;-454.441;-1952.709
22893;389.9861;-454.7805;-1953.261
22928;389.6806;-455.075;-1953.776
23010;389.5095;-455.4504;-1954.091
23050;389.2354;-456.02;-1954.644
23077;388.807;-456.6147;-1955.235
23118;387.6903;-456.9747;-1956.079
23157;387.5946;-457.0665;-1956.314
23234;387.5432;-457.1074;-1956.529
23274;387.3841;-457.1545;-1956.932
23306;387.5215;-457.2331;-1957.185
23328;387.2191;-457.4174;-1957.678
23363;386.0099;-457.6911;-1958.869
23400;384.9345;-458.1154;-1959.816
23440;384.4099;-458.1452;-1960.552
23470;384.3931;-458.3179;-1960.814
23508;384.2234;-458.5605;-1961.144
23535;382.9886;-459.0999;-1962.394
23556;382.0973;-459.5922;-1963.103
23587;381.1391;-460.2648;-1963.684
23611;380.4053;-460.548;-1964.204
23650;379.4312;-460.7083;-1964.728
23675;378.9152;-460.8912;-1965.1
23744;378.3275;-461.3215;-1965.394
23799;378.1135;-461.4368;-1965.584
23822;377.7608;-461.6313;-1965.863
23870;377.2188;-461.9494;-1966.159
23899;376.9728;-461.9465;-1966.306
23927;376.5855;-461.8531;-1966.559
23952;375.8221;-461.7763;-1966.647
23998;375.5932;-462.0004;-1966.677
24029;374.8973;-462.0303;-1966.583
24059;374.7504;-462.0278;-1966.549
24104;374.4586;-462.2933;-1966.55
24157;374.1673;-462.5764;-1966.548
24184;373.5312;-463.3468;-1966.314
24209;373.2944;-463.6249;-1966.187
24244;372.9905;-463.6606;-1966.108
24286;372.5605;-463.698;-1966.014
24322;372.0036;-463.7499;-1965.741
24368;371.6144;-464.2153;-1965.523
24405;371.2518;-464.3642;-1965.337
24447;370.9109;-464.5947;-1965.097
24474;370.8392;-464.775;-1964.968
24503;370.8626;-464.906;-1964.765
24551;370.5187;-465.1453;-1964.506
24624;370.2269;-465.1777;-1964.064
24694;369.9371;-465.2055;-1963.748
24754;369.7421;-465.5755;-1963.37
24774;369.6922;-465.727;-1963.228
24798;369.5068;-465.8828;-1963.031
24868;369.4726;-465.9772;-1962.926
24939;369.3137;-466.2027;-1962.721
24997;369.0954;-466.4511;-1962.414
25023;368.9454;-466.4029;-1962.103
25050;368.9034;-466.353;-1961.927
25075;368.9417;-466.4113;-1961.725
25106;369.0844;-466.312;-1961.339
25138;368.9279;-465.7966;-1960.818
25156;368.7116;-465.3951;-1960.423
25185;368.2756;-465.0891;-1960.116
25239;368.434;-465.0619;-1959.995
25266;368.4485;-465.0346;-1959.975
25290;368.5257;-464.9464;-1959.887
25321;368.4449;-464.2285;-1959.372
25443;368.2426;-464.0005;-1959.178
25478;368.2125;-464.075;-1959.204
25515;368.1609;-464.1443;-1959.267
25550;368.1545;-464.1964;-1959.242
25573;368.1722;-464.2354;-1959.305
25608;368.1844;-464.2429;-1959.316
25645;368.2777;-464.3154;-1959.367
25680;368.5983;-464.3667;-1959.294
25728;368.8648;-464.4019;-1959.226
25756;369.2475;-464.3081;-1959.121
25781;369.5173;-464.1206;-1959.13
25819;369.9189;-463.7388;-1958.95
25856;370.1757;-463.6229;-1958.965
25882;370.9175;-463.1126;-1959.034
25925;371.2597;-462.749;-1958.97
25947;371.7288;-462.2577;-1958.937
25973;372.0205;-461.6133;-1958.949
26025;373.0562;-460.5775;-1958.907
26053;373.1587;-460.1314;-1959.019
26076;373.7832;-459.3568;-1959.115
26145;374.4064;-458.6732;-1959.075
26208;375.3271;-458.0397;-1959.001
26232;375.9029;-457.7179;-1959.068
26259;375.9863;-457.618;-1959.094
26328;376.1954;-457.503;-1959.07
26352;376.2684;-457.4739;-1959.065
26371;376.3076;-457.4489;-1959.077
26406;376.4615;-457.683;-1958.888
26440;376.6214;-457.6208;-1958.715
26475;376.8252;-457.5508;-1958.557
26498;377.1612;-457.5863;-1958.212
26537;377.4245;-457.6208;-1957.969
26578;377.4869;-457.6947;-1957.814
26618;377.4807;-457.712;-1957.731
26651;377.3961;-457.7152;-1957.674
26674;377.2787;-457.8281;-1957.414
26731;377.4894;-458.0006;-1956.983
26760;377.0647;-458.4127;-1956.763
26796;377.0976;-458.4411;-1956.51
26826;377.0341;-458.4415;-1956.393
26860;376.478;-458.1486;-1955.777
26898;376.0147;-457.9964;-1955.17
26961;375.6954;-458.2211;-1954.91
27022;375.2868;-458.254;-1954.836
27063;375.0653;-458.6676;-1954.625
27091;375.1562;-458.7067;-1954.458
27127;375.2941;-458.7463;-1954.354
27145;375.3605;-458.8831;-1954.34
27193;375.3672;-458.8858;-1954.347
27212;375.6031;-458.6496;-1954.375
27254;375.6107;-458.6183;-1954.4
27302;375.5897;-458.4596;-1954.419
27337;375.7036;-458.292;-1954.453
27363;375.8935;-458.1389;-1954.521
27390;376.088;-458.0865;-1954.462
27432;376.2602;-457.912;-1954.531
27469;376.3894;-457.8419;-1954.577
27511;376.6968;-457.614;-1954.69
27534;377.0439;-457.2705;-1954.878
27564;377.206;-457.2027;-1954.923
27610;377.5105;-457.2778;-1954.986
27649;377.9915;-457.0599;-1955.259
27678;378.3455;-457.0967;-1955.427
27737;378.5586;-457.2031;-1955.573
27765;378.7266;-457.2222;-1955.74
27792;379.0037;-457.3741;-1956.016
27827;379.4524;-457.6524;-1956.312
27860;379.9114;-457.7715;-1956.891
27887;380.2216;-457.6155;-1957.317
27929;379.8943;-456.9546;-1958.51
27953;380.1549;-455.8405;-1959.41
27978;379.8008;-453.702;-1960.214
28005;379.0732;-451.7947;-1961.372
28040;379.5689;-448.5232;-1961.814
28075;379.58;-445.8381;-1962.146
28128;379.3761;-443.561;-1962.15
28155;377.6416;-441.1264;-1962.084
28181;376.2618;-438.6969;-1962.226
28209;374.153;-433.5802;-1962.121
28248;372.3685;-431.3817;-1962.859
28275;371.2781;-429.5466;-1963.253
28311;369.763;-426.8828;-1963.628
28349;369.1552;-426.1862;-1963.513
28404;368.5562;-425.4431;-1963.37
28433;368.1277;-424.2269;-1963.486
28476;367.6199;-423.3765;-1963.565
28503;367.4689;-423.1537;-1963.565
28522;367.3982;-423.1906;-1963.495
28544;367.4208;-423.2645;-1963.484
28582;368.114;-424.9579;-1962.961
28631;370.7894;-428.6107;-1961.792
28653;371.842;-430.9427;-1961.53
28707;372.7383;-433.0468;-1961.552
28735;373.9756;-435.4969;-1961.953
28761;373.5781;-440.2415;-1962.707
28783;374.287;-444.2869;-1963.332
28805;375.0781;-447.8873;-1963.888
28857;375.6599;-454.2686;-1964.202
28946;377.2176;-464.4236;-1964.182
28992;376.9317;-465.9271;-1964.559
29015;376.7367;-467.8147;-1964.699
29061;376.5883;-468.6318;-1965.051
29083;376.2967;-469.9058;-1965.649
29114;375.685;-471.2073;-1966.522
29154;374.4599;-472.8241;-1967.589
29180;374.3073;-474.1164;-1967.813
29235;374.0518;-474.8163;-1967.97
29263;374.0118;-475.1703;-1967.982
29291;373.9536;-475.1862;-1967.973
29330;373.6693;-474.8353;-1967.99
29389;373.125;-474.1318;-1968.034
29418;372.3452;-472.8969;-1968.045
29439;370.4099;-470.9492;-1968.267
29464;368.8126;-467.4356;-1968.13
29510;364.9947;-456.0005;-1966.085
29550;363.8162;-452.7469;-1965.137
29582;361.9527;-447.0047;-1963.768
29631;360.8754;-440.2319;-1962.352
29672;359.0849;-430.5791;-1961.843
29740;358.5566;-428.1207;-1961.474
29772;358.5105;-427.4719;-1961.191
29793;358.5114;-426.0084;-1960.548
29831;358.2066;-424.6903;-1960.421
29857;357.772;-423.5782;-1960.347
29909;357.8844;-422.399;-1960.62
29927;357.8924;-422.3716;-1960.604
29963;357.927;-422.4556;-1960.606
29987;358.0193;-422.6348;-1960.798
30029;358.4637;-423.2302;-1961.237
30053;358.6679;-424.6412;-1961.767
30108;360.0386;-429.48;-1961.792
30135;360.5442;-432.8745;-1962.208
30162;361.7627;-436.9074;-1963.231
30203;363.4318;-441.2047;-1964.764
30229;364.6853;-445.4261;-1965.7
30253;364.6267;-451.2339;-1966.752
30287;365.6317;-455.3112;-1967.103
30341;366.0845;-458.4749;-1967.59
30360;365.8929;-462.3591;-1967.977
30396;366.205;-463.5031;-1968.379
30421;365.7697;-464.7888;-1968.878
30457;365.0605;-466.2369;-1969.113
30478;364.7556;-467.4406;-1969.493
30536;363.9564;-468.4749;-1970.128
30563;362.7325;-470.4417;-1970.604
30603;362.51;-470.8154;-1970.678
30642;361.677;-471.9508;-1970.943
30665;361.2098;-472.3057;-1971.222
30709;361.1931;-472.455;-1971.256
30755;360.891;-472.2416;-1971.303
30795;360.6482;-471.7339;-1971.277
30831;360.235;-470.9731;-1970.939
30871;359.2964;-469.3463;-1970.689
30909;358.2977;-465.3608;-1969.641
30925;357.7247;-461.8174;-1968.702
30956;357.2783;-457.9858;-1966.622
30982;355.9913;-453.4789;-1964.752
31017;355.3387;-448.4518;-1963.045
31050;353.8935;-444.6184;-1961.354
31072;352.7402;-438.8394;-1959.817
31124;351.8288;-436.8312;-1958.563
31144;351.4981;-434.9484;-1957.153
31183;350.6698;-432.7846;-1956.199
31234;348.9521;-427.6316;-1956.139
31279;348.4611;-425.8622;-1955.939
31304;348.3186;-424.2581;-1955.488
31348;347.9809;-423.2458;-1955.218
31382;347.8708;-422.4935;-1955.052
31425;347.6685;-421.8963;-1954.914
31529;347.5415;-422.1066;-1954.525
31582;347.7548;-422.5547;-1953.957
31667;348.3524;-424.3347;-1952.943
31696;348.1678;-426.8376;-1952.303
31729;348.4956;-429.8656;-1951.766
31769;349.0988;-435.3503;-1951.647
31803;350.4703;-440.2396;-1951.351
31880;349.7963;-448.4073;-1951.243
31918;348.9873;-450.5444;-1951.678
31933;348.6653;-451.937;-1951.848
31957;347.548;-455.6326;-1950.964
31984;347.3676;-456.6776;-1951.171
32008;347.2551;-458.0131;-1951.658
32081;345.5073;-459.383;-1953.385
32123;345.3907;-459.7282;-1953.547
32148;344.696;-460.2689;-1953.735
32175;344.1755;-460.9636;-1954.271
32199;344.2128;-461.2897;-1954.474
32219;344.5044;-461.6306;-1954.667
32242;344.6461;-461.868;-1954.847
32295;344.7999;-461.7693;-1955.128
32335;344.7555;-461.2601;-1955.624
32357;344.6011;-459.198;-1956.595
32382;343.8182;-455.7169;-1957.128
32418;343.3093;-451.9529;-1957.266
32454;343.1256;-447.4815;-1957.142
32478;342.7201;-442.7256;-1956.825
32514;342.787;-435.6577;-1956.042
32557;341.4363;-431.0042;-1955.69
32583;340.9408;-428.6685;-1955.349
32610;339.7109;-420.2258;-1957.493
32643;339.0887;-418.6015;-1957.46
32680;338.4522;-416.9901;-1957.449
32739;338.2282;-415.8808;-1957.48
32768;338.3136;-415.6165;-1957.338
32785;338.3858;-415.6037;-1957.128
32806;338.4352;-415.7173;-1956.863
32840;339.1096;-416.739;-1956.04
32876;339.5898;-417.5663;-1955.493
32912;340.14;-419.6463;-1954.623
32934;340.6953;-423.4113;-1953.078
33003;341.3822;-424.6895;-1953.087
33046;342.6224;-429.9923;-1953.378
33081;343.5379;-433.4399;-1953.905
33119;344.5146;-437.0838;-1954.046
33158;345.2651;-440.9695;-1953.761
33183;346.2333;-444.6177;-1953.238
33209;346.8769;-448.343;-1952.763
33243;346.7426;-451.1026;-1952.459
33278;346.0394;-453.0115;-1952.642
33346;346.1029;-453.517;-1952.586
33380;344.8322;-454.8386;-1952.522
33403;344.4594;-456.8447;-1952.25
33429;344.1045;-457.4985;-1952.563
33451;344.2197;-458.3645;-1952.816
33502;343.9923;-458.8129;-1952.993
33534;343.6272;-459.4388;-1953.086
33563;343.1793;-459.9883;-1953.337
33580;343.1494;-460.1829;-1953.43
33619;343.0557;-460.7301;-1953.424
33672;343.0395;-460.8542;-1953.432
33689;343.0428;-460.9299;-1953.413
33712;343.0454;-460.8346;-1953.429
33749;343.0346;-459.5563;-1953.687
33800;342.6342;-458.3283;-1954.155
33860;341.8783;-454.3683;-1954.442
33885;341.2151;-451.5552;-1954.553
33929;340.5175;-447.1712;-1954.943
33952;340.1052;-444.3924;-1954.963
33981;339.4755;-441.4662;-1954.824
34022;336.5197;-433.2491;-1954.77
34060;335.529;-430.2294;-1954.756
34115;333.9894;-420.4451;-1956.536
34138;333.1748;-417.9188;-1956.441
34156;333.0507;-417.4599;-1956.281
34195;332.5221;-416.8384;-1956.181
34217;332.1065;-416.2679;-1956.097
34245;331.5078;-414.579;-1956.366
34295;331.4429;-414.5819;-1956.24
34314;331.1813;-414.6583;-1955.981
34350;331.0657;-414.8188;-1955.787
34380;330.9884;-416.0807;-1955.231
34433;331.2148;-417.895;-1954.546
34458;331.5727;-421.8749;-1953.318
34479;332.072;-424.2563;-1953.334
34504;332.3773;-425.8861;-1953.58
34538;332.5128;-430.4211;-1953.688
34572;332.6938;-434.5353;-1954.458
34605;333.106;-438.0005;-1955.163
34639;334.2774;-442.4878;-1955.362
34679;334.6091;-446.2461;-1955.206
34714;334.87;-449.4243;-1955.146
34772;335.1785;-452.3109;-1955.191
34941;333.8429;-459.6863;-1958.802
34977;333.9274;-460.2611;-1959.203
35014;333.6749;-460.638;-1959.462
35035;333.5758;-460.8224;-1959.596
35068;333.3105;-461.4771;-1959.691
35102;333.4587;-462.0475;-1959.647
35136;333.6595;-462.6108;-1959.595
35172;333.7703;-462.7188;-1959.543
35210;333.8852;-462.7469;-1959.485
35232;334.0486;-462.5096;-1959.473
35282;334.3186;-461.3212;-1959.669
35308;334.4693;-458.2537;-1960.285
35332;334.0622;-453.1645;-1960.444
35384;333.6301;-450.5153;-1960.523
35407;332.6836;-444.7304;-1960.937
35458;332.2568;-442.0008;-1961.009
35500;331.8896;-437.6459;-1960.587
35520;331.3324;-434.482;-1960.877
35595;331.2394;-429.6913;-1960.496
35633;329.3141;-418.7138;-1962.405
35656;327.8318;-412.9684;-1964.786
35681;327.8499;-412.9659;-1964.759
35719;327.8976;-411.9501;-1965.097
35741;328.0696;-412.1379;-1964.932
35792;328.1356;-412.1682;-1964.934
35817;328.3128;-412.6438;-1964.83
35838;328.5239;-413.1506;-1964.866
35889;328.8412;-413.3764;-1964.957
35923;329.9741;-415.3745;-1964.669
35967;331.4112;-417.6151;-1964.277
36002;333.333;-421.7704;-1963.398
36047;334.5091;-423.249;-1963.78
36063;335.1301;-425.0759;-1964.314
36083;336.1799;-427.0768;-1964.848
36134;337.2459;-429.913;-1965.379
36157;337.5323;-433.6086;-1965.372
36184;338.2061;-438.1656;-1965.567
36205;338.9524;-441.6198;-1965.553
36290;339.8324;-445.9248;-1965.155
36315;340.7293;-448.5309;-1965.014
36357;341.0855;-451.0393;-1964.632
36380;341.2262;-453.1267;-1964.388
36403;341.2284;-454.8163;-1964.296
36430;341.0819;-455.7969;-1964.397
36450;340.7858;-456.765;-1964.256
36503;340.5271;-457.8869;-1964.048
36540;340.6856;-458.9019;-1964.126
36562;338.6819;-461.8818;-1967.287
36603;338.4034;-462.5864;-1967.653
36622;338.3359;-462.7228;-1967.495
36642;338.1895;-462.9447;-1967.21
36694;338.0764;-463.2303;-1966.864
36723;338.1055;-463.5258;-1966.489
36776;338.1808;-463.6709;-1966.129
36799;338.376;-463.7639;-1965.38
36822;338.5595;-463.5885;-1964.64
36841;338.5525;-462.8324;-1964.042
36891;338.4973;-461.0753;-1963.334
36912;338.3668;-459.486;-1962.781
36948;337.8655;-457.6232;-1962.301
36999;337.4267;-453.4025;-1961.161
37018;336.4391;-449.9726;-1960.343
37070;335.6134;-446.7473;-1959.777
37090;334.1191;-442.9297;-1959.682
37112;333.6096;-440.5346;-1959.153
37145;333.5903;-437.5699;-1958.018
37165;331.623;-430.3378;-1957.952
37206;329.9018;-427.2668;-1957.674
37274;328.7026;-422.798;-1957.674
37298;328.3448;-421.7461;-1957.47
37316;328.3097;-421.6973;-1957.145
37388;327.8677;-420.3842;-1956.956
37403;327.8487;-420.0922;-1956.71
37437;327.8997;-419.9081;-1956.4
37470;327.8222;-419.6136;-1956.129
37489;328.0854;-419.8093;-1955.612
37513;328.4118;-421.469;-1953.855
37547;328.6689;-422.5473;-1953.129
37582;328.5432;-424.2739;-1952.612
37609;328.7541;-425.1942;-1952.599
37645;329.4183;-426.9719;-1952.499
37680;329.9445;-427.9323;-1952.705
37717;330.6378;-430.483;-1952.609
37769;331.2362;-434.3205;-1951.887
37790;332.617;-438.1831;-1951.991
37828;333.0368;-440.8806;-1951.54
37869;333.4528;-443.3098;-1951.523
37886;333.7817;-445.827;-1951.312
37908;333.877;-447.9435;-1951.196
37941;334.0875;-449.8971;-1950.866
37974;334.0909;-450.4345;-1950.79
38008;333.9645;-451.4271;-1950.676
38042;333.4833;-452.3095;-1951.446
38075;331.416;-455.8003;-1955.196
38109;330.8621;-457.7085;-1956.915
38150;329.8712;-459.2975;-1958.241
38213;329.9528;-459.5106;-1957.997
38256;330.543;-460.2073;-1957.529
38280;330.6809;-460.3442;-1957.202
38332;331.6413;-460.5709;-1956.732
38353;332.2875;-460.7726;-1956.414
38392;332.5773;-460.7794;-1956.259
38415;332.8921;-460.4043;-1956.226
38470;333.5966;-459.1073;-1956.068
38509;334.2969;-457.1469;-1956.024
38542;333.7169;-451.6846;-1955.597
38576;333.5959;-446.8126;-1955.359
38612;334.0318;-442.957;-1954.923
38715;334.7237;-440.3248;-1954.331
38738;334.3395;-436.8227;-1954.09
38759;333.7574;-433.8904;-1953.803
38788;333.828;-429.4862;-1953.494
38810;333.8059;-426.2618;-1953.267
38835;333.2637;-422.7771;-1953.368
38878;332.6794;-421.7294;-1953.651
38911;332.5299;-420.4689;-1953.899
38934;332.6165;-419.9507;-1953.912
38962;332.7452;-419.9806;-1953.835
38983;333.1487;-419.8282;-1953.752
39018;333.6519;-420.0687;-1953.686
39040;334.4305;-421.5024;-1953.263
39091;334.9705;-422.3963;-1953.1
39114;335.0373;-422.8348;-1953.137
39136;335.2882;-424.2461;-1953.343
39170;334.7544;-426.1292;-1953.889
39208;335.2833;-428.2866;-1954.194
39246;335.9536;-430.8343;-1954.491
39284;336.2491;-434.3203;-1955.266
39338;336.7737;-438.1259;-1956.433
39358;337.5138;-441.9867;-1957.052
39376;338.2539;-445.4377;-1957.416
39412;338.4204;-447.5461;-1957.448
39446;338.8964;-450.9789;-1957.669
39466;339.325;-453.9328;-1958.198
39516;339.027;-454.9134;-1958.722
39540;337.7539;-456.4465;-1960.853
39574;337.6281;-457.3454;-1961.96
39643;336.2432;-459.182;-1964.815
39678;335.5938;-460.2131;-1966.581
39701;333.8682;-462.6632;-1970.041
39735;333.9073;-462.7103;-1970.078
39751;334.006;-462.815;-1970.182
39771;334.0344;-462.9627;-1970.399
39823;334.1826;-463.3324;-1970.493
39844;334.5265;-464.1903;-1970.721
39878;334.7616;-464.2523;-1970.799
39913;335.0859;-464.1027;-1970.994
39934;335.5336;-463.3173;-1971.44
39984;335.7802;-462.1434;-1971.532
40007;336.0095;-460.5987;-1971.746
40041;335.8722;-458.8591;-1972.148
40076;335.7826;-456.7094;-1972.661
40148;335.3692;-451.9026;-1973.858
40328;335.4953;-449.0408;-1974.252
40379;333.9626;-436.2849;-1973.421
40414;333.9067;-432.2693;-1973.099
40448;333.7218;-427.7214;-1973.173
40481;333.623;-427.2547;-1973.043
40504;333.8984;-426.1624;-1972.881
40540;334.0158;-426.1167;-1972.553
40573;334.0559;-426.1912;-1972.302
40606;334.0285;-426.2952;-1972.056
40658;333.7978;-427.4205;-1971.349
40691;334.0545;-428.9162;-1970.558
40708;334.1884;-430.9113;-1969.836
40751;334.2566;-433.4151;-1969.265
40785;334.6085;-436.0203;-1968.814
40819;334.7402;-438.0806;-1968.908
40869;334.5696;-441.9772;-1968.64
40897;334.8438;-444.7088;-1968.545
40929;335.44;-449.3744;-1968.254
40971;335.7308;-452.6328;-1968.367
40988;335.7657;-455.8878;-1968.723
41040;335.7802;-457.7011;-1969.311
41077;335.4764;-458.5913;-1970.051
41103;335.4265;-459.7162;-1970.238
41123;335.5503;-461.6656;-1970.561
41163;335.7123;-462.5313;-1970.941
41218;336.0719;-464.2026;-1971.152
41255;336.2725;-464.6373;-1971.307
41306;336.2515;-465.0827;-1971.404
41324;336.1685;-465.9373;-1971.619
41346;336.3477;-466.1212;-1971.546
41380;336.35;-466.1246;-1971.522
41413;336.2797;-465.7901;-1971.358
41450;336.198;-464.2995;-1971.002
41500;335.7771;-462.5472;-1970.609
41523;333.4937;-457.5782;-1970.309
41544;331.8203;-452.6414;-1969.868
41578;331.1238;-449.5676;-1968.893
41615;330.7177;-446.123;-1967.479
41638;329.95;-441.0244;-1966.646
41674;328.7287;-438.8707;-1966.371
41710;327.8891;-435.4131;-1965.718
41748;327.2348;-433.2327;-1965.133
41789;326.6608;-430.492;-1964.937
41825;326.3365;-428.9315;-1964.744
41846;326.034;-427.9135;-1964.629
41880;325.7468;-427.1413;-1964.696
41931;325.7791;-427.1516;-1964.659
41957;325.9373;-427.2611;-1964.641
41999;326.4895;-428.4941;-1964.461
42042;327.0075;-429.7906;-1964.406
42065;327.2811;-431.2456;-1964.436
42087;327.3765;-435.5662;-1964.76
42107;327.5546;-441.7115;-1965.73
42142;327.882;-445.2662;-1966.562
42175;328.7045;-449.2853;-1966.914
42227;329.1724;-453.2572;-1967.209
42243;329.7525;-456.6954;-1967.832
42296;330.3112;-459.0;-1968.058
42316;330.4276;-459.9365;-1968.449
42352;330.8277;-461.4542;-1968.798
42373;330.3712;-462.94;-1969.376
42415;330.026;-464.2486;-1970.43
42468;329.8169;-465.4917;-1971.637
42488;329.6897;-466.5335;-1972.258
42508;329.5897;-466.7345;-1972.603
42542;329.524;-467.1773;-1972.61
42593;329.5937;-467.2851;-1972.563
42640;329.6846;-467.2413;-1972.468
42658;330.1309;-466.9153;-1972.017
42678;330.5248;-466.678;-1971.302
42712;331.0321;-465.1843;-1970.529
42762;330.9572;-463.8081;-1969.883
42802;330.7122;-462.4573;-1969.118
42818;330.3253;-459.1099;-1968.158
42842;328.8423;-453.9583;-1966.752
42893;328.2609;-450.4122;-1965.593
42913;327.8203;-447.4012;-1964.456
42967;327.6774;-443.1708;-1962.62
43019;327.1087;-441.3099;-1961.63
43036;326.4821;-438.1629;-1960.348
43070;326.1392;-436.5415;-1959.331
43096;325.559;-433.1349;-1958.569
43113;325.1267;-429.6913;-1958.15
43148;324.9415;-428.2857;-1957.892
43169;325.3544;-426.5315;-1957.635
43236;325.3803;-426.4412;-1957.452
43272;325.4388;-426.5345;-1957.283
43291;325.5524;-426.6968;-1957.197
43310;326.1674;-427.4749;-1956.903
43361;327.4246;-429.486;-1956.541
43383;328.236;-431.5131;-1956.612
43420;328.9338;-435.708;-1956.774
43455;329.7633;-439.5764;-1957.54
43476;330.5936;-443.6685;-1958.209
43529;331.8217;-448.6751;-1958.807
43548;332.5607;-451.4196;-1959.472
43570;333.11;-453.868;-1960.245
43617;333.326;-456.9398;-1961.477
43640;333.9077;-459.0776;-1962.401
43673;333.7458;-460.4153;-1963.222
43708;333.5686;-461.7206;-1963.584
43760;333.6295;-462.6119;-1964.076
43777;333.4914;-463.9127;-1965.776
43802;333.2203;-464.5195;-1967.158
43838;333.0162;-464.9574;-1968.059
43888;332.9569;-465.0248;-1968.277
43906;332.4233;-465.0704;-1968.923
43945;332.2005;-465.2097;-1969.25
43989;332.2738;-465.2133;-1969.257
44022;332.5706;-465.4147;-1969.182
44059;332.9356;-465.5337;-1968.985
44091;333.0702;-465.4021;-1968.901
44113;333.1985;-464.8139;-1968.674
44151;333.1385;-464.5241;-1968.482
44205;333.2103;-463.437;-1968.179
44239;332.9667;-462.4445;-1968.008
44272;331.813;-458.0141;-1967.876
44306;330.5987;-454.5897;-1967.985
44340;329.5081;-451.8756;-1968.002
44390;328.7372;-447.6101;-1968.161
44408;328.6582;-446.2157;-1967.77
44442;328.3685;-444.7502;-1967.233
44476;328.1208;-443.1548;-1966.767
44510;327.3122;-439.7677;-1965.624
44548;326.2713;-436.8751;-1964.76
44585;326.0959;-435.1056;-1964.148
44619;324.8554;-431.7065;-1964.174
44637;324.4908;-430.8463;-1963.973
44671;323.9626;-429.2565;-1964.11
44722;323.8831;-428.9102;-1964.047
44740;323.8617;-429.0251;-1963.888
44792;323.8453;-428.9822;-1963.858
44811;323.7737;-429.363;-1963.684
44844;324.0874;-430.2015;-1963.526
44878;324.0607;-431.1479;-1963.704
44946;323.0946;-435.7153;-1965.304
44991;322.7044;-438.6612;-1965.927
45028;322.6005;-443.6788;-1966.544
45053;322.7421;-446.7749;-1966.982
45095;323.2231;-450.1916;-1967.375
45114;323.3087;-452.5795;-1967.875
45149;323.1444;-454.3083;-1968.067
45182;322.838;-455.7625;-1968.385
45235;322.3708;-456.8257;-1968.192
45256;321.1749;-457.5796;-1968.556
45277;320.3012;-458.2239;-1968.814
45311;319.3584;-459.02;-1969.616
45336;319.0283;-459.3243;-1969.958
45387;318.6556;-459.5687;-1970.221
45405;317.7915;-459.749;-1970.45
45439;316.5529;-459.8378;-1970.727
45489;315.5664;-459.73;-1970.552
45507;314.5936;-459.7339;-1970.229
45545;314.1257;-459.6428;-1969.776
45579;313.9794;-459.4971;-1969.242
45629;313.7709;-459.3951;-1968.47
45646;313.6534;-459.1971;-1967.949
45681;313.3017;-459.0729;-1967.242
45716;313.1968;-458.7207;-1966.612
45739;312.9244;-458.2693;-1965.95
45773;312.8397;-457.9935;-1965.334
45808;312.6475;-457.8704;-1964.825
45861;311.8403;-457.7464;-1964.1
45879;311.379;-457.628;-1963.646
45931;310.4079;-457.3296;-1963.322
45965;310.1925;-457.2263;-1963.168
45986;309.5558;-457.0968;-1962.945
46020;309.377;-457.0641;-1962.899
46053;309.2322;-457.0489;-1962.883
46070;309.0948;-456.9552;-1962.816
46104;308.7554;-456.95;-1962.785
46138;308.65;-456.8914;-1962.782
46172;308.4645;-456.7801;-1962.742
46206;308.2024;-456.6029;-1962.747
46243;308.1635;-456.5793;-1962.69
46297;307.8128;-456.5957;-1962.753
46315;307.4714;-456.5942;-1962.745
46341;307.3474;-456.6365;-1962.725
46381;307.3315;-456.583;-1962.766
46416;307.2912;-456.4371;-1962.827
46450;307.1277;-456.3943;-1962.878
46485;307.1344;-456.2982;-1962.905
46505;307.0162;-456.1769;-1962.999
46573;306.8248;-456.1342;-1963.221
46589;306.8161;-456.0954;-1963.297
46625;307.0283;-455.8273;-1963.448
46660;307.0788;-455.7416;-1963.566
46715;307.0788;-455.7559;-1963.597
46740;307.3042;-455.6289;-1963.886
46774;307.322;-455.6482;-1963.965
46808;307.4469;-455.6214;-1964.154
46841;307.8014;-455.4088;-1964.418
46875;307.86;-455.4205;-1964.738
46909;307.9696;-455.3387;-1964.94
46943;307.9883;-455.3047;-1965.032
46977;308.1357;-455.2598;-1965.207
47010;308.2603;-455.2774;-1965.399
47044;308.3097;-455.362;-1965.491
47078;308.3857;-455.3534;-1965.588
47112;308.4962;-455.3472;-1965.632
47147;308.5385;-455.4063;-1965.75
47180;308.6221;-455.3928;-1965.812
47199;308.6247;-455.4267;-1965.899
47249;308.6932;-455.4008;-1965.943
47286;308.7125;-455.417;-1965.976
47305;308.6856;-455.4297;-1966.097
47339;308.7512;-455.4171;-1966.142
47373;308.7655;-455.4306;-1966.199
47407;309.03;-455.4968;-1966.192
47463;309.2624;-455.2933;-1966.292
47478;309.2861;-455.2958;-1966.338
47512;309.3986;-455.3026;-1966.456
47549;309.4315;-455.1723;-1966.578
47588;309.5973;-455.0256;-1966.706
47621;309.7527;-454.9235;-1966.832
47639;309.8799;-454.7563;-1966.984
47673;309.9516;-454.7138;-1967.044
47707;310.0594;-454.5883;-1967.136
47741;310.0977;-454.5528;-1967.167
47774;310.1216;-454.5947;-1967.224
47808;310.1314;-454.6027;-1967.27
47842;310.1597;-454.5587;-1967.3
47875;310.2639;-454.445;-1967.344
47909;310.284;-454.4017;-1967.438
47943;310.3351;-454.4615;-1967.438
47985;310.3357;-454.4781;-1967.483
48022;310.4829;-454.4384;-1967.537
48058;310.6252;-454.2204;-1967.636
48082;310.7336;-454.1727;-1967.711
48107;310.8347;-454.4411;-1967.705
48140;310.8449;-454.4406;-1967.736
48190;310.9503;-454.6041;-1967.75
48243;311.0363;-454.56;-1967.812
48277;311.0992;-454.5392;-1967.878
48310;311.1992;-454.385;-1967.958
48331;311.336;-454.0906;-1968.163
48350;311.7976;-452.6001;-1968.396
48381;312.5997;-451.047;-1968.553
48412;313.5294;-448.958;-1968.983
48432;314.1848;-446.6254;-1969.64
48482;314.8935;-445.0809;-1970.125
48502;315.6325;-443.1968;-1971.072
48543;315.9162;-442.2322;-1971.37
48594;316.2994;-439.8902;-1971.969
48612;316.515;-437.8884;-1972.411
48635;317.7825;-434.0391;-1973.373
48674;319.2956;-429.5838;-1973.085
48725;320.7327;-428.0756;-1972.937
48745;322.5884;-424.9161;-1972.514
48781;323.0121;-422.7508;-1972.714
48815;323.3586;-420.1717;-1973.337
48848;323.9324;-418.4848;-1973.348
48882;325.8369;-416.469;-1972.978
48918;326.649;-416.5649;-1972.342
48941;327.9283;-413.2136;-1972.903
48976;327.7776;-412.9653;-1972.936
49028;327.9312;-411.9983;-1972.758
49044;328.5431;-409.4465;-1972.739
49079;328.4957;-407.0145;-1973.307
49105;330.9023;-401.5765;-1975.643
49143;331.9366;-400.0294;-1976.338
49177;332.159;-399.9899;-1976.26
49211;332.0705;-400.3603;-1975.729
49249;331.9751;-401.2982;-1975.194
49275;332.9844;-403.8873;-1973.812
49313;332.9359;-411.6979;-1970.226
49347;332.5639;-412.4966;-1970.143
49383;332.4197;-415.4273;-1969.419
49417;332.463;-416.3519;-1969.52
49455;332.1668;-417.8463;-1969.439
49495;331.2223;-423.7515;-1969.411
49515;330.9915;-428.2672;-1969.322
49548;331.1587;-431.867;-1969.009
49582;331.0473;-435.6239;-1968.277
49616;330.0926;-437.965;-1968.085
49651;329.3393;-440.2014;-1967.749
49668;328.4249;-443.0919;-1967.133
49702;327.9989;-448.0872;-1965.202
49736;327.1974;-451.1058;-1963.913
49769;326.2264;-452.5402;-1963.016
49804;325.7004;-453.4169;-1962.563
49839;325.363;-453.933;-1962.17
49901;325.3801;-454.3343;-1961.693
49935;325.4885;-454.2559;-1961.6
49968;325.5487;-453.9662;-1961.454
50002;326.2767;-452.7672;-1961.078
50036;327.4555;-450.9328;-1960.521
50068;328.9386;-448.8097;-1959.978
50099;330.0774;-446.8313;-1959.583
50167;331.1812;-444.8729;-1959.047
50184;332.2573;-440.8778;-1957.65
50203;332.7318;-438.1349;-1956.664
50237;333.235;-435.6442;-1955.71
50288;334.3904;-431.4239;-1954.916
50324;335.6931;-428.6366;-1954.377
50352;335.4373;-424.7663;-1953.716
50371;335.7329;-423.7719;-1952.958
50423;336.0746;-421.2531;-1952.82
50441;336.9709;-419.1831;-1951.953
50460;337.6548;-418.0439;-1951.503
50494;336.9486;-417.5051;-1951.238
50527;336.3944;-418.2227;-1950.678
50561;335.9124;-419.7799;-1950.287
50612;335.6699;-420.7795;-1950.243
50648;335.934;-422.0912;-1950.341
50669;335.0533;-425.169;-1950.698
50708;334.17;-428.2304;-1951.311
50742;333.7946;-430.8819;-1951.86
50794;333.4247;-434.8909;-1952.237
50810;331.5414;-438.804;-1952.372
50828;330.2664;-442.6599;-1952.162
50871;329.3919;-447.3866;-1951.646
50905;329.0646;-451.4676;-1950.366
50938;327.7341;-453.8567;-1949.099
50990;326.6752;-455.8544;-1947.798
51006;325.9588;-457.125;-1946.932
51039;325.9646;-457.3844;-1946.618
51073;325.9978;-457.5085;-1946.363
51107;326.173;-457.9594;-1946.02
51140;326.8982;-458.3286;-1945.824
51192;328.0609;-458.1616;-1945.698
51217;328.3487;-457.7813;-1945.649
51237;329.1057;-456.9966;-1945.71
51256;329.8748;-455.8942;-1945.565
51308;331.4312;-451.1089;-1945.551
51342;332.9708;-448.1501;-1945.328
51360;334.2916;-443.8264;-1944.838
51394;335.4951;-441.0808;-1944.041
51445;336.6492;-436.0078;-1942.822
51480;338.2022;-429.5892;-1942.163
51513;339.8673;-422.7679;-1942.227
51564;342.8235;-416.4339;-1941.3
51597;343.4593;-413.7558;-1940.631
51633;343.8462;-412.1775;-1940.065
51670;344.0253;-410.3018;-1939.46
51707;347.7059;-405.8357;-1940.037
51741;348.669;-405.1783;-1940.101
51775;349.1807;-404.8896;-1940.214
51842;347.4793;-409.0431;-1940.128
51876;345.1284;-415.3381;-1940.521
51912;344.8004;-416.9695;-1941.455
51946;344.622;-421.9329;-1943.485
51980;345.0498;-425.494;-1945.062
52015;346.3481;-430.2877;-1946.583
52049;346.7755;-434.9909;-1947.272
52068;346.7978;-440.0101;-1947.712
52119;344.7354;-444.1057;-1948.247
52140;344.0488;-446.3564;-1948.904
52162;343.812;-449.2992;-1948.93
52200;343.5429;-452.2504;-1948.284
52234;342.8179;-453.524;-1947.967
52285;342.0692;-454.8479;-1947.628
52301;341.8034;-455.698;-1947.392
52352;341.7977;-455.7572;-1947.39
52370;341.8011;-455.9315;-1947.397
52413;341.9554;-456.2657;-1947.509
52447;342.4218;-456.4402;-1947.888
52480;342.7891;-456.5811;-1948.399
52527;343.3706;-456.6294;-1948.818
52543;344.1904;-456.1813;-1949.433
52567;345.2866;-453.976;-1950.598
52611;346.0063;-452.9716;-1951.038
52644;348.0903;-450.1761;-1951.69
52679;349.4547;-447.4026;-1951.852
52699;351.2886;-444.3688;-1951.496
52768;353.4349;-437.5008;-1951.543
52801;354.3937;-434.5934;-1951.321
52823;354.3569;-430.419;-1951.772
52842;354.3671;-429.5957;-1951.467
52876;354.2998;-427.0369;-1951.53
52910;355.3307;-423.0784;-1951.843
52943;356.4209;-419.8584;-1951.71
52977;356.27;-418.284;-1951.649
53011;357.0485;-416.5275;-1952.051
53045;357.4495;-415.7237;-1952.073
53080;357.5672;-415.5447;-1952.004
53114;357.9213;-415.2833;-1951.985
53132;357.0186;-415.8098;-1951.6
53183;354.482;-416.9745;-1951.587
53200;352.0476;-419.4611;-1951.356
53245;349.8866;-423.656;-1951.302
53279;348.795;-426.025;-1951.98
53317;346.5909;-429.5692;-1953.253
53334;345.7388;-431.7748;-1953.718
53386;344.9239;-433.9429;-1954.164
53405;343.7219;-435.6616;-1954.54
53459;342.1645;-437.7538;-1954.942
53476;340.59;-440.239;-1954.666
53510;337.9181;-443.1054;-1954.222
53544;335.9219;-446.0319;-1953.375
53578;334.5583;-447.8962;-1951.942
53612;332.7993;-449.4538;-1950.51
53629;331.9537;-450.0913;-1949.609
53663;330.8957;-450.3002;-1949.035
53714;330.5728;-450.3701;-1948.76
53767;330.2128;-450.5424;-1948.5
53784;330.1653;-450.6051;-1948.435
53801;330.1746;-450.5912;-1948.418
53835;330.4715;-449.8484;-1948.491
53868;331.0111;-448.7553;-1948.522
53902;332.0309;-447.4362;-1948.736
53936;332.9379;-445.9154;-1948.984
53969;333.6169;-444.6357;-1949.14
54003;333.5396;-443.339;-1949.07
54037;333.8539;-441.1288;-1948.879
54071;334.0691;-439.4432;-1948.621
54105;335.1899;-433.2429;-1948.963
54138;335.2733;-432.0227;-1949.061
54172;336.2033;-425.3964;-1950.095
54206;337.4358;-419.6988;-1950.706
54239;338.4768;-416.3913;-1950.946
54274;339.1966;-414.435;-1950.582
54308;339.3586;-412.9818;-1950.36
54342;339.4782;-412.573;-1950.032
54376;338.5773;-411.9265;-1949.677
54426;338.556;-411.8392;-1948.761
54477;338.7393;-411.6421;-1948.57
54510;337.0011;-411.8358;-1948.771
54566;334.8052;-415.1105;-1948.246
54583;334.147;-416.7525;-1948.481
54606;333.2775;-420.9744;-1948.763
54640;333.1192;-422.5857;-1949.064
54674;332.4298;-425.4389;-1950.22
54708;331.8475;-428.1331;-1950.989
54741;331.8671;-430.0719;-1951.583
54779;331.6015;-432.7426;-1951.76
54813;331.3523;-434.5645;-1951.966
54847;330.3331;-438.25;-1952.033
54865;329.3933;-442.399;-1951.664
54899;327.8872;-446.3349;-1951.106
54950;327.6085;-446.8519;-1950.928
54994;326.312;-447.8557;-1950.624
55011;325.8086;-448.4695;-1950.423
55045;325.0606;-449.4284;-1950.134
55079;324.671;-449.9381;-1950.073
55101;324.4099;-450.5345;-1950.026
55152;324.5726;-450.7612;-1950.048
55202;324.7951;-450.7607;-1950.1
55220;325.5354;-450.4346;-1950.337
55253;327.1301;-449.1436;-1950.65
55275;329.1899;-448.206;-1951.213
55315;330.7138;-446.1737;-1951.668
55349;331.3432;-445.4682;-1951.849
55372;331.6966;-444.3512;-1951.683
55409;332.2395;-443.1041;-1951.635
55460;333.3927;-440.2652;-1951.607
55476;334.0949;-437.5495;-1951.873
55510;334.5079;-433.8369;-1952.302
55561;334.7181;-431.8219;-1952.485
55578;335.0246;-428.9221;-1952.682
55629;335.6374;-421.7414;-1953.947
55679;336.1702;-418.0993;-1954.111
55714;336.2291;-417.0358;-1954.059
55748;336.8144;-415.9971;-1953.874
55766;336.5288;-415.5704;-1953.869
55812;336.5481;-415.3411;-1953.825
55850;336.3512;-415.7428;-1953.733
55885;335.3651;-417.4803;-1953.679
55906;335.3429;-417.7662;-1953.74
55950;334.2625;-422.9686;-1953.604
55993;334.5387;-423.6874;-1953.835
56008;334.9681;-428.0454;-1954.597
56042;335.0867;-431.4356;-1955.154
56068;335.3257;-435.3709;-1955.457
56119;335.5036;-437.9464;-1955.823
56155;334.6092;-440.3056;-1956.315
56191;334.1198;-442.9412;-1956.486
56207;333.0837;-446.3164;-1956.586
56241;332.1287;-451.1473;-1955.764
56275;330.875;-453.4794;-1955.168
56308;329.1323;-455.0898;-1954.757
56342;328.3522;-455.6966;-1954.64
56376;327.6908;-456.138;-1954.659
56409;327.2736;-456.189;-1954.67
56443;327.0767;-456.2504;-1954.689
56477;326.9999;-456.3194;-1954.699
56511;327.3062;-456.356;-1954.727
56544;328.0446;-456.2173;-1954.782
56578;329.3404;-454.5384;-1955.36
56612;330.4172;-452.9417;-1955.859
56645;331.67;-451.2054;-1956.481
56679;332.7512;-449.7759;-1956.568
56713;333.4398;-447.8786;-1957.169
56747;334.1534;-445.4463;-1957.347
56770;335.0438;-443.4891;-1957.207
56803;336.3036;-439.2227;-1957.374
56837;336.6399;-436.8757;-1957.354
56871;338.3352;-433.4807;-1957.322
56904;338.0254;-429.1635;-1957.417
56956;337.767;-426.0264;-1957.343
56989;337.9664;-423.2515;-1957.384
57005;336.3837;-417.584;-1957.771
57039;336.3609;-417.3111;-1957.59
57073;336.5885;-417.4515;-1957.293
57107;337.1826;-412.738;-1958.398
57140;337.7025;-412.534;-1958.241
57174;336.377;-413.6466;-1957.587
57207;335.1867;-415.5387;-1956.673
57241;333.2937;-418.8601;-1956.113
57275;330.74;-423.9548;-1955.818
57326;329.8616;-426.873;-1956.146
57344;329.5246;-428.6087;-1956.4
57378;329.8838;-433.3524;-1956.809
57411;329.7628;-436.6382;-1957.749
57445;329.6098;-437.8585;-1958.622
57479;329.1771;-439.1538;-1959.06
57512;328.3806;-441.346;-1959.546
57530;327.3724;-444.3743;-1959.763
57564;326.0815;-447.9359;-1959.271
57614;323.827;-450.8784;-1958.728
57631;322.0988;-452.2366;-1958.302
57665;321.3032;-453.0741;-1958.057
57699;320.6974;-453.4015;-1957.944
57749;320.2142;-453.7508;-1957.747
57766;320.0029;-453.8788;-1957.706
57816;319.9692;-453.8663;-1957.705
57854;319.9989;-453.7387;-1957.712
57891;320.5911;-453.3682;-1957.715
57925;321.3324;-452.7143;-1957.734
57941;323.243;-450.2966;-1957.913
57975;324.7099;-448.2636;-1957.551
58009;325.1187;-446.5883;-1956.945
58043;325.1778;-445.7697;-1956.689
58076;325.2661;-444.8166;-1956.44
58110;325.8189;-442.5943;-1955.878
58144;326.2747;-440.1067;-1955.347
58177;325.9425;-436.7949;-1955.252
58228;325.4414;-435.2313;-1955.002
58245;325.2736;-431.9886;-1954.808
58279;324.6151;-426.3082;-1955.267
58312;324.2519;-424.813;-1955.021
58346;323.5321;-423.1735;-1954.758
58380;324.0331;-421.5286;-1955.174
58414;324.1439;-421.2181;-1955.031
58452;324.1194;-420.7769;-1955.081
58469;323.6148;-420.0773;-1955.065
58520;323.6434;-420.0546;-1955.01
58554;322.8919;-421.1101;-1954.741
58571;322.6824;-422.3948;-1954.66
58605;322.0553;-424.5725;-1954.387
58642;320.9349;-426.7034;-1954.788
58676;321.136;-426.8892;-1955.057
58709;321.4923;-431.3483;-1955.492
58743;321.3708;-434.2422;-1956.05
58760;321.2275;-435.4409;-1956.45
58810;320.9872;-438.1557;-1956.356
58827;320.7264;-440.8633;-1956.255
58878;320.6089;-443.2175;-1956.206
58933;320.0245;-445.4743;-1955.95
58949;318.1993;-448.7753;-1955.355
58984;317.7995;-450.2262;-1954.731
59017;316.9533;-452.1833;-1953.841
59068;316.6729;-452.498;-1953.658
59084;316.4782;-452.8562;-1953.354
59101;316.4635;-452.9339;-1953.298
59135;316.7211;-453.0387;-1953.249
59169;316.9853;-453.1551;-1953.207
59219;317.542;-452.9783;-1953.209
59253;318.294;-452.5053;-1953.021
59271;319.643;-450.6636;-1953.064
59305;321.5929;-448.5282;-1953.146
59356;323.276;-447.0789;-1953.173
59375;324.5531;-445.9484;-1953.29
59409;325.1884;-443.4671;-1953.45
59460;325.5908;-440.7374;-1953.521
59476;326.3056;-437.8618;-1953.596
59510;327.0316;-433.027;-1953.94
59544;327.98;-429.4632;-1953.783
59577;329.3513;-424.7744;-1954.498
59611;331.2397;-418.5321;-1955.386
59645;332.4014;-416.4724;-1955.509
59679;333.1972;-415.1558;-1955.265
59712;333.7695;-413.0035;-1955.021
59746;333.8514;-412.0449;-1954.574
59779;333.6717;-411.175;-1954.225
59813;333.6005;-410.6115;-1953.871
59847;333.673;-410.3947;-1953.648
59884;333.3931;-410.7124;-1953.501
59903;333.0797;-411.2293;-1953.266
59937;331.1576;-414.5021;-1952.079
59971;329.5954;-418.4732;-1950.801
60005;329.4418;-420.5614;-1950.284
60038;329.8486;-423.1487;-1950.026
60072;329.0758;-426.22;-1950.212
60106;328.8824;-429.9046;-1950.421
60140;329.1098;-433.7078;-1950.334
60173;328.7372;-434.7358;-1950.42
60201;327.9861;-437.2095;-1950.223
60230;326.457;-441.3722;-1949.948
60264;324.9445;-444.7256;-1949.961
60314;323.2244;-447.9456;-1949.526
60331;321.1804;-450.5251;-1948.816
60365;319.5838;-451.6779;-1948.417
60399;318.8866;-452.4758;-1948.125
60432;318.5468;-452.7904;-1947.926
60483;318.134;-453.2706;-1947.71
60533;317.7939;-453.647;-1947.619
60567;317.807;-453.6964;-1947.611
60601;317.924;-453.6796;-1947.65
60635;318.3552;-453.2694;-1947.827
60668;318.8505;-452.8278;-1947.892
60702;319.8033;-451.0331;-1948.339
60735;321.359;-449.0452;-1948.95
60769;322.122;-446.637;-1949.139
60803;321.2384;-442.1449;-1949.522
60837;321.2911;-440.3047;-1949.704
60871;321.6725;-438.1807;-1949.972
60909;321.8067;-436.3744;-1950.009
60943;322.2481;-433.2657;-1949.657
60976;322.1818;-430.257;-1950.02
61028;323.0737;-420.2711;-1952.603
61043;323.7813;-418.5751;-1952.412
61077;324.0851;-415.716;-1952.54
61111;324.1364;-413.2014;-1952.329
61145;323.6219;-410.8409;-1952.323
61178;322.9851;-408.4146;-1952.381
61229;322.5257;-407.62;-1952.315
61246;321.0269;-408.9355;-1950.798
61282;321.231;-407.3387;-1951.206
61314;321.0104;-406.8145;-1951.141
61365;321.0505;-406.8214;-1951.025
61398;320.9153;-410.4828;-1948.851
61423;321.0724;-410.9494;-1948.695
61440;320.9315;-412.8344;-1949.072
61474;320.6704;-415.5025;-1949.302
61521;321.178;-417.758;-1949.41
61554;320.888;-419.0913;-1949.81
61572;319.4651;-426.0154;-1949.777
61606;318.8079;-432.4456;-1950.029
61640;318.4234;-433.3976;-1950.449
61674;317.7551;-435.1049;-1950.612
61707;316.8806;-437.7009;-1950.406
61741;316.0305;-440.2214;-1949.92
61792;315.0906;-442.7507;-1949.379
61808;313.4242;-446.5498;-1948.439
61842;311.9038;-449.459;-1947.122
61876;310.9741;-450.4839;-1946.395
61909;310.5203;-451.4095;-1945.819
61943;310.2777;-451.3863;-1945.472
61977;310.1837;-451.512;-1944.989
62010;310.1185;-451.262;-1944.614
62027;309.986;-451.3041;-1944.0
62078;309.9742;-451.1075;-1943.35
62096;310.1461;-450.918;-1942.355
62129;310.1815;-450.6042;-1941.778
62197;310.7068;-450.7275;-1939.412
62248;311.1722;-450.5698;-1938.399
62282;311.5712;-450.4944;-1937.601
62315;311.8377;-450.3525;-1937.03
62349;311.8222;-450.2244;-1936.757
62383;311.9851;-449.7216;-1936.445
62416;312.2266;-449.609;-1936.131
62450;312.4088;-449.2309;-1935.953
62504;312.7975;-448.9689;-1935.701
62521;313.0409;-448.8733;-1935.52
62538;313.1644;-448.8641;-1935.401
62572;313.3145;-448.8179;-1935.331
62605;313.4994;-448.8318;-1935.265
62639;313.8864;-449.1037;-1935.043
62673;314.024;-449.1441;-1935.005
62706;314.2821;-449.3087;-1934.932
62740;314.4962;-449.3281;-1934.891
62774;314.6429;-449.3227;-1934.891
62807;314.8514;-449.3682;-1934.89
62841;315.1338;-449.5204;-1934.896
62875;315.4131;-449.6672;-1934.943
62908;315.5616;-449.8844;-1934.941
62942;315.9499;-450.1974;-1935.015
62963;316.2426;-450.2084;-1935.211
62997;316.473;-450.2598;-1935.409
63030;316.7065;-450.1744;-1935.626
63064;317.2021;-450.2218;-1935.859
63098;317.4406;-450.3134;-1935.941
63132;317.6644;-450.2867;-1936.088
63166;318.119;-450.4674;-1936.22
63216;318.571;-450.7228;-1936.414
63240;318.9616;-450.7639;-1936.579
63274;319.1891;-450.8314;-1936.689
63308;319.4258;-450.8847;-1936.876
63341;319.8269;-451.4116;-1936.973
63393;320.0994;-451.4609;-1937.192
63408;320.2596;-451.5943;-1937.351
63442;320.597;-451.7465;-1937.581
63476;320.813;-452.219;-1937.84
63527;320.9449;-452.4301;-1938.02
63544;321.1397;-452.2768;-1938.53
63569;321.2933;-452.2976;-1938.916
63602;321.4259;-452.2687;-1939.238
63653;321.5233;-452.2884;-1939.488
63670;321.9718;-452.1217;-1940.02
63704;322.1028;-452.1287;-1940.251
63737;322.2122;-452.222;-1940.532
63771;322.364;-452.1561;-1940.835
63805;322.3725;-451.7473;-1941.442
63838;322.4152;-451.5923;-1941.713
63872;322.2773;-451.3712;-1942.042
63906;322.3698;-451.2507;-1942.34
63939;322.3972;-450.974;-1942.772
63973;322.3606;-451.0131;-1942.87
64007;322.2573;-450.5116;-1943.413
64041;322.152;-450.5535;-1943.68
64076;322.0319;-450.4641;-1943.94
64110;321.7975;-450.1728;-1944.259
64144;321.3784;-450.3203;-1944.346
64177;321.4375;-450.5043;-1944.52
64211;321.538;-450.9023;-1944.922
64245;321.9741;-451.0924;-1945.361
64278;322.4535;-451.6413;-1945.764
64312;323.1944;-451.3302;-1946.52
64346;323.6275;-451.7952;-1946.916
64380;323.6274;-452.3711;-1947.451
64413;323.5824;-454.0573;-1947.764
64460;322.4189;-457.1747;-1947.749
64475;321.9412;-458.6923;-1947.645
64526;321.8644;-460.3466;-1947.531
64560;321.3788;-462.0879;-1947.802
64576;321.1114;-463.0757;-1947.953
64610;321.2415;-463.4592;-1948.106
64644;321.141;-464.173;-1948.352
64677;320.5683;-465.5992;-1948.689
64711;320.3418;-466.0651;-1948.901
64745;320.3168;-466.1914;-1949.033
64778;320.1114;-466.5574;-1949.269
64799;320.0656;-466.8854;-1949.541
64833;319.8376;-467.2823;-1949.863
64883;319.7565;-467.7186;-1950.106
64917;319.7541;-467.9028;-1950.262
64951;319.3938;-468.3681;-1950.792
64984;319.2823;-468.744;-1951.038
65002;319.2781;-469.044;-1951.116
65035;319.2559;-469.1512;-1951.227
65069;319.2577;-469.3434;-1951.283
65103;319.302;-469.5594;-1951.391
65154;319.2705;-469.7396;-1951.51
65171;319.2871;-469.787;-1951.55
65222;319.2986;-469.86;-1951.557
65238;319.3171;-469.9425;-1951.603
65272;319.3672;-470.0402;-1951.644
65306;319.6075;-470.2079;-1951.755
65340;319.7086;-470.3698;-1951.853
65373;319.9088;-470.3178;-1952.067
65407;320.0506;-470.4008;-1952.119
65441;320.3347;-470.5563;-1952.418
65474;320.449;-470.5948;-1952.515
65508;320.6193;-470.747;-1952.814
65542;320.7829;-470.7639;-1952.939
65575;321.0452;-470.8342;-1953.214
65609;321.1834;-470.849;-1953.297
65643;321.2693;-470.9329;-1953.649
65676;321.4552;-470.9427;-1953.861
65710;321.8505;-470.9403;-1954.166
65747;322.2325;-470.8528;-1954.368
65778;322.7274;-471.2445;-1954.642
65811;322.8949;-471.261;-1954.806
65845;323.1277;-471.3542;-1955.108
65862;323.2847;-471.6305;-1955.442
65912;323.6979;-471.5319;-1955.586
65946;324.0526;-471.6596;-1955.955
65980;324.5377;-471.8882;-1956.276
66015;324.8512;-471.8865;-1956.336
66038;325.3936;-472.0393;-1956.703
66072;325.8745;-472.3229;-1957.098
66105;326.826;-472.5259;-1957.263
66139;327.4266;-472.6747;-1957.274
66172;328.4897;-473.0353;-1956.992
66217;331.2242;-473.2285;-1956.716
66245;332.6163;-473.5005;-1956.555
66279;333.9335;-473.4485;-1956.581
66312;334.7866;-473.5064;-1956.603
66346;335.8624;-473.3894;-1956.739
66380;337.0996;-473.2817;-1956.734
66401;339.7851;-472.9503;-1955.969
66434;341.5633;-473.0337;-1955.345
66468;343.3399;-472.3835;-1954.837
66518;345.1653;-471.7787;-1954.489
66535;348.3826;-468.7091;-1954.77
66569;350.0823;-468.6244;-1954.318
66603;352.4319;-467.4633;-1953.88
66637;356.619;-463.7368;-1953.73
66671;358.5116;-462.6061;-1953.263
66705;360.78;-461.8612;-1952.572
66735;364.5096;-458.3479;-1952.38
66772;370.1522;-454.2836;-1951.131
66806;373.9191;-452.609;-1949.852
66840;377.0018;-451.9639;-1948.688
66890;380.183;-453.3282;-1946.681
66907;383.0281;-453.6981;-1945.013
66941;385.2392;-454.1003;-1943.96
67152;458.5176;-424.352;-1925.055
68342;379.452;-470.6992;-1824.86
68375;378.0985;-468.7746;-1822.998
68408;374.8867;-464.5417;-1819.541
68442;368.9218;-458.4072;-1823.008
68497;363.9072;-453.4007;-1822.777
68513;355.4776;-448.3574;-1821.115
68564;350.9094;-445.4588;-1819.019
68581;344.1448;-441.8801;-1816.467
68615;339.3698;-440.4949;-1812.461
68635;331.6635;-397.7426;-1802.218
68668;330.3841;-396.9314;-1800.602
68702;325.9102;-393.6664;-1797.848
68736;320.1428;-389.4265;-1794.392
68769;315.4378;-386.3085;-1790.576
68803;311.9668;-382.72;-1787.137
68858;307.7855;-378.1093;-1782.339
68874;305.1269;-375.5654;-1777.627
68908;301.955;-371.7537;-1773.013
68942;299.1134;-368.6715;-1768.144
68998;296.7268;-364.2757;-1762.566
69015;294.5655;-360.7286;-1755.789
69052;292.3311;-357.2879;-1748.129
69086;290.028;-353.4754;-1739.058
69153;288.3752;-346.0537;-1714.275
69221;287.1114;-338.8833;-1688.096
69239;287.278;-333.5881;-1674.448
69307;287.8894;-327.4406;-1658.942
69346;288.3083;-322.1763;-1643.988
69363;289.4893;-316.0302;-1628.911
69397;289.781;-310.3449;-1613.926
69431;290.0609;-305.7514;-1600.72
69450;288.9512;-302.4423;-1589.536
69503;287.573;-299.6188;-1578.162
69520;286.0566;-296.1174;-1567.72
69546;284.3048;-292.2881;-1557.887
69597;282.7984;-288.1658;-1548.21
69647;279.8225;-284.8026;-1538.465
69665;276.088;-281.6839;-1528.401
69700;273.3885;-278.4078;-1519.785
69734;269.892;-275.1746;-1510.349
69769;265.635;-273.2996;-1501.867
69790;257.5722;-270.2504;-1492.183
69830;250.6173;-267.4821;-1482.225
69847;241.4129;-265.3228;-1470.237
69883;234.1563;-263.3527;-1460.317
69925;223.1705;-261.5265;-1448.755
69961;213.0416;-259.0166;-1438.699
69995;204.205;-256.7244;-1431.028
70032;197.2527;-253.2608;-1423.79
70075;190.3051;-251.6782;-1416.944
70092;184.2708;-249.2908;-1411.103
70128;176.6981;-246.7422;-1404.719
70163;170.7497;-245.2282;-1399.097
70181;164.9599;-244.0023;-1393.345
70232;156.8924;-240.4138;-1387.441
70248;151.0064;-238.4596;-1381.849
70282;146.4883;-235.9059;-1376.041
70333;142.3705;-233.0673;-1369.036
70353;139.0522;-230.3818;-1361.683
70410;135.6798;-228.2871;-1353.234
70463;133.8095;-225.7872;-1345.396
70569;128.0474;-215.4939;-1292.945
70617;130.673;-205.3029;-1261.115
70657;131.2838;-200.7555;-1243.661
70700;133.2312;-195.2491;-1227.516
70720;134.9097;-190.1224;-1211.34
70754;136.0011;-185.1368;-1195.408
70788;138.2769;-178.6725;-1176.291
70829;139.5112;-174.9487;-1162.604
70869;143.4031;-171.3094;-1150.446
70884;144.0769;-167.9943;-1138.072
70918;144.4461;-164.9779;-1125.384
70952;144.662;-162.3535;-1112.873
70986;144.0344;-158.7505;-1101.531
71006;143.9026;-155.4619;-1089.79
71040;142.6746;-152.7253;-1078.445
71074;141.5399;-150.3325;-1067.86
71108;138.504;-146.5416;-1058.472
71141;132.4529;-139.7715;-1049.148
71175;127.5029;-137.2446;-1044.211
71208;120.8314;-132.9608;-1036.98
71263;113.3239;-129.9614;-1029.412
71298;107.2567;-127.5269;-1021.315
71315;101.4318;-124.8391;-1011.347
71355;97.38666;-122.6745;-999.3019
71391;92.47021;-121.4016;-988.2537
71405;85.50246;-120.1272;-977.3822
71474;80.02637;-113.159;-960.0541
71508;76.24945;-106.4177;-950.5836
71543;75.03049;-86.84845;-941.6835
71559;78.62498;-86.82095;-942.4211
71580;60.61273;-107.6688;-1027.75
71613;57.80946;-103.1035;-1024.55
71651;50.76382;-89.01285;-1020.772
71688;48.67189;-84.23012;-1013.761
71721;41.15878;-75.50446;-1002.952
71757;34.34204;-64.29453;-992.7748
71773;30.61243;-16.18075;-962.2054
71814;30.8096;-16.78893;-960.562
71848;29.01075;-17.51816;-950.0422
71884;-112.3985;38.87902;-944.934
71903;-76.07146;50.78224;-753.8574
71953;-32.52747;140.2861;-715.6414
71986;-58.11507;66.21178;-658.6115
72012;-58.11507;66.21178;-658.6115
72046;-58.11507;66.21178;-658.6115
72067;-58.11507;66.21178;-658.6115
72096;-58.11507;66.21178;-658.6115
74776;162.6909;-260.1161;-2025.965
74827;164.9441;-258.3644;-2024.145
74843;165.925;-258.0283;-2022.433
74877;167.9007;-258.6092;-2019.18
74939;171.4411;-257.7975;-2015.13
74961;175.4951;-256.0317;-2011.156
74980;182.7492;-255.7322;-2005.49
75013;189.5144;-255.5065;-2000.285
75047;202.9962;-254.0474;-1994.776
75098;213.8839;-253.8423;-1990.133
75117;235.3053;-251.205;-1982.161
75150;246.9199;-249.813;-1977.522
75186;257.2592;-251.0419;-1971.945
75237;266.9684;-249.9996;-1969.469
75302;282.26;-250.5778;-1964.432
75324;294.933;-247.8139;-1961.763
75361;314.8255;-245.4841;-1958.919
75378;328.4492;-244.4145;-1957.837
75429;339.6142;-241.903;-1957.882
75484;359.4527;-237.8325;-1956.938
75520;367.5435;-237.0431;-1957.14
75540;375.8639;-235.0478;-1957.619
75591;382.2422;-234.932;-1957.796
75626;391.9677;-232.9002;-1957.58
75643;401.5728;-230.0816;-1957.549
75677;408.1042;-228.0552;-1956.843
75731;410.4747;-229.9829;-1955.77
75747;418.0536;-226.1075;-1955.151
75787;421.4617;-224.9222;-1954.626
75822;426.2431;-222.3206;-1954.04
75840;431.1269;-220.7844;-1953.093
75877;434.0833;-220.3054;-1952.149
75915;436.3236;-220.2239;-1951.048
75948;439.3914;-219.3217;-1949.623
75982;440.8821;-218.9663;-1948.383
76016;444.7856;-217.3539;-1945.579
76034;446.2307;-217.2861;-1943.542
76085;447.978;-216.5773;-1941.326
76122;449.4782;-215.6193;-1938.983
76139;451.4949;-214.7342;-1935.817
76173;453.794;-213.8044;-1932.462
76207;456.4743;-212.6756;-1928.959
76257;460.4022;-209.8663;-1925.352
76274;463.1411;-208.481;-1921.976
76308;464.6859;-207.1042;-1918.257
76359;467.4401;-204.5924;-1914.009
76392;468.7648;-202.6552;-1910.869
76429;470.299;-201.4275;-1906.953
76462;472.2528;-198.4199;-1903.121
76495;473.0681;-197.4877;-1900.139
76511;473.8833;-195.9958;-1896.82
76545;473.8745;-194.5251;-1893.674
76579;472.7397;-194.9054;-1890.053
76613;472.0854;-194.9582;-1887.574
76664;472.0488;-193.7206;-1885.698
76706;471.7904;-192.6436;-1883.767
76738;471.8824;-191.567;-1882.094
76757;471.6613;-190.9646;-1880.551
76771;471.2793;-190.7602;-1878.927
76821;471.789;-190.4043;-1877.761
76857;471.6252;-191.0184;-1875.975
76877;471.88;-190.6535;-1874.685
76914;472.2951;-190.6539;-1873.373
76948;472.6717;-191.3542;-1871.707
76982;473.1887;-191.2926;-1870.81
77005;473.2554;-191.6842;-1870.102
77056;473.6552;-191.8586;-1869.686
77073;474.0174;-192.2184;-1869.315
77107;473.7001;-192.5614;-1869.077
77141;472.8735;-193.6512;-1868.701
77174;472.2001;-193.8227;-1868.579
77208;471.3408;-194.1624;-1868.688
77242;469.8891;-194.3517;-1869.145
77276;468.1129;-194.7055;-1869.723
77309;464.486;-194.4648;-1871.311
77343;461.2274;-194.0223;-1872.675
77376;457.7169;-193.9565;-1874.008
77400;453.2614;-193.5197;-1875.37
77433;449.5613;-193.2765;-1876.938
77484;445.0334;-193.5883;-1879.034
77518;438.0343;-192.9758;-1881.936
77552;432.6843;-191.4887;-1884.988
77569;428.3938;-191.2844;-1888.41
77603;422.567;-194.1347;-1893.731
77636;420.6471;-194.9793;-1897.734
77670;418.9386;-198.7974;-1901.829
77721;417.3842;-202.6582;-1905.882
77756;416.1542;-206.9092;-1910.234
77774;415.8034;-209.2128;-1912.369
77808;415.721;-211.8816;-1914.597
77841;413.4421;-213.7623;-1918.518
77875;412.7399;-214.4077;-1919.663
77909;411.911;-214.6215;-1920.639
77942;411.8535;-214.6831;-1920.764
77976;411.7833;-214.6621;-1920.847
78010;411.9139;-214.4965;-1920.806
78043;412.0484;-214.4444;-1920.761
78077;412.5086;-214.2434;-1920.578
78128;413.3305;-214.2992;-1920.275
78147;414.454;-213.9805;-1919.933
78182;417.106;-212.6454;-1919.668
78216;418.38;-211.8517;-1919.637
78249;419.7577;-211.2597;-1919.485
78283;422.1975;-210.299;-1919.212
78317;424.123;-209.4279;-1918.984
78353;426.5972;-208.8651;-1918.497
78371;429.4504;-208.6181;-1917.915
78405;431.9965;-209.9818;-1916.604
78456;435.1645;-212.8821;-1914.566
78472;437.0186;-213.8497;-1913.549
78506;438.6588;-215.0334;-1912.682
78540;439.4864;-215.1234;-1912.399
78590;441.0447;-214.637;-1912.899
78608;442.656;-214.1847;-1913.372
78641;444.1126;-215.7831;-1913.278
78675;445.9203;-217.1549;-1913.355
78709;447.8978;-218.3509;-1913.582
78742;449.8813;-219.0383;-1914.226
78778;454.8215;-216.6607;-1916.915
78810;458.071;-215.9546;-1918.315
78843;461.5783;-215.55;-1919.307
78879;467.6638;-211.3012;-1922.265
78911;469.3909;-212.3665;-1921.675
78963;473.0586;-210.5194;-1921.868
78978;477.7367;-207.6668;-1922.579
79012;481.7886;-208.5594;-1921.207
79046;488.7505;-206.4877;-1919.721
79082;493.9933;-207.0247;-1916.183
79116;504.7054;-198.7897;-1915.066
79150;511.6936;-195.7104;-1914.593
79185;519.6995;-198.315;-1909.733
79219;521.5018;-206.2422;-1901.024
79235;531.6066;-193.6127;-1905.574
79275;534.5576;-186.3148;-1908.891
79309;539.8992;-183.6045;-1910.163
79342;543.7596;-184.3908;-1910.341
79376;545.8115;-185.8328;-1909.79
79409;549.5338;-190.6346;-1908.237
79443;555.5383;-195.7793;-1908.289
79477;559.2363;-182.2094;-1913.6
79511;559.8069;-180.4455;-1914.487
79545;560.0428;-184.6381;-1912.764
79578;559.9755;-186.299;-1911.306
79612;559.3393;-187.0342;-1910.419
79646;559.3901;-187.3185;-1910.184
79679;559.5757;-188.4047;-1909.351
79713;559.4887;-188.5927;-1908.673
79747;558.4065;-194.2685;-1903.966
79781;558.2059;-188.2361;-1904.658
79814;558.4586;-178.9;-1906.59
79848;558.9374;-177.2351;-1905.927
79881;559.1151;-176.2705;-1904.89
79915;559.4753;-196.0174;-1892.061
79949;558.3934;-197.3563;-1890.449
79983;557.2819;-194.4604;-1891.625
80016;555.3231;-190.2043;-1892.415
80050;551.2338;-182.2271;-1894.985
80084;545.4087;-188.23;-1890.578
80117;544.0558;-186.1978;-1891.776
80151;539.9047;-183.764;-1894.124
80185;538.7892;-179.3051;-1899.367
80219;534.6995;-178.9852;-1903.406
80235;531.4205;-178.1065;-1907.779
