
2;-565.1013;326.1031;-1779.057
35;-428.0977;330.1762;-1559.5
65;-319.6278;300.6409;-1486.815
93;-205.5264;243.3441;-1462.563
119;-134.4178;152.3001;-1498.92
141;-69.08958;123.6387;-1500.934
168;93.40033;71.19923;-1475.98
219;129.7197;34.61636;-1545.899
238;142.1732;14.64115;-1604.897
272;152.7666;-6.453855;-1656.37
328;160.8062;-19.96955;-1692.66
350;191.8125;-25.0821;-1719.587
387;170.3249;-33.005;-1734.927
422;160.201;-48.60069;-1759.503
456;125.9616;-46.46551;-1760.972
497;103.9354;-60.39615;-1764.683
521;94.24931;-95.28741;-1774.015
550;99.35896;-123.0457;-1768.961
585;88.79105;-149.3186;-1753.138
625;3.379986;-172.9342;-1728.03
651;-49.5057;-179.8897;-1730.481
671;-41.2092;-222.3857;-1713.282
740;-50.52212;-236.9394;-1708.41
773;-66.00867;-249.1496;-1703.717
812;-83.48057;-258.7458;-1700.607
847;-153.6013;-248.5786;-1743.684
871;-108.2403;-274.0746;-1699.741
895;-107.7613;-275.6093;-1699.541
941;-104.6121;-283.0112;-1696.369
983;-103.3261;-284.9275;-1695.336
1007;-87.8121;-288.6027;-1693.86
1039;-80.79243;-290.9608;-1686.58
1089;-119.3311;-279.3803;-1717.448
1112;-117.6366;-281.7488;-1714.76
1159;-111.3994;-281.2743;-1704.07
1180;-116.84;-297.148;-1680.069
1220;-89.33831;-264.6123;-1657.268
1242;-81.86573;-281.8086;-1630.148
1280;-76.79987;-286.8857;-1604.037
1304;-17.99456;-268.8654;-1551.303
1355;-38.23489;-265.9567;-1539.005
1395;-35.74775;-285.3463;-1516.12
1412;-5.250871;-260.6178;-1483.801
1447;18.22086;-261.7015;-1446.774
1474;20.38348;-258.2304;-1442.368
1527;29.26193;-254.085;-1418.903
1567;40.2748;-244.5423;-1396.833
1588;52.71348;-236.5399;-1377.703
1609;67.16743;-220.7803;-1350.632
1646;72.76608;-216.0586;-1335.513
1672;81.63643;-206.0723;-1314.636
1700;90.49757;-199.4675;-1291.2
1733;96.20547;-198.6787;-1266.645
1768;116.0985;-196.5153;-1240.963
1823;129.9341;-207.7291;-1227.932
1847;121.7734;-177.6373;-1158.833
1901;127.1217;-186.3925;-1137.136
1955;135.0944;-178.0658;-1090.905
2003;142.7961;-190.0923;-1053.14
2039;148.6216;-178.2251;-1006.587
2075;252.4023;-185.68;-899.0811
2124;185.2768;-167.2075;-908.8289
2164;217.3518;-186.1827;-901.6857
2272;206.6221;-242.3718;-856.0804
2299;212.4252;-185.4889;-857.9622
2323;214.2529;-183.9277;-855.5227
2353;236.3151;-144.2865;-981.4473
2378;235.7227;-162.3374;-916.8264
2413;148.652;103.5319;-592.4843
12284;-29.21674;-456.1669;-1309.721
12305;-29.09048;-457.159;-1317.324
12334;-27.48989;-459.4735;-1323.887
12360;-21.22477;-466.2613;-1376.28
12413;-18.92035;-469.6621;-1399.048
12454;-8.779527;-471.6634;-1386.066
12490;-20.65362;-484.8242;-1432.24
12533;-20.1267;-486.1659;-1441.359
12570;-20.67163;-492.4519;-1467.008
12602;-20.93285;-498.5796;-1485.037
12624;-21.60548;-508.1078;-1512.899
12684;-12.98734;-517.1967;-1516.876
12712;-27.42679;-523.4229;-1567.738
12787;-0.720419;-561.1154;-1584.854
12842;-31.27954;-525.4932;-1600.968
12871;-31.28833;-526.0574;-1602.999
12897;-31.07004;-547.465;-1648.217
12923;-30.83884;-548.5312;-1648.617
12959;-30.4768;-550.0956;-1654.803
13013;-28.34719;-553.7732;-1663.818
13070;-26.91906;-556.7746;-1673.915
13099;-23.70731;-561.2961;-1685.983
13165;-20.15964;-551.5524;-1700.377
13185;-15.81108;-544.2652;-1725.812
13205;28.89576;-596.5284;-1715.299
13254;26.3236;-573.4686;-1717.246
13285;31.37992;-574.9912;-1725.992
13318;80.76011;-608.7235;-1750.779
13341;85.17139;-601.1982;-1759.407
13409;81.50814;-578.11;-1770.987
13464;134.2267;-643.6345;-1783.905
13488;113.0952;-597.3352;-1784.908
13540;141.0053;-612.9578;-1773.606
13662;167.6737;-624.3544;-1793.632
13685;177.9628;-641.1873;-1825.659
13705;179.8658;-641.6741;-1829.255
13773;308.2206;-504.8682;-1790.118
13802;333.3891;-479.4437;-1813.893
13836;635.4666;-483.5682;-1781.609
13871;600.0247;-449.9142;-1768.27
13895;625.4428;-461.2559;-1778.173
13918;627.8316;-461.5905;-1779.493
13965;609.6288;-448.9969;-1780.488
14001;608.823;-448.1344;-1780.836
14028;602.0772;-443.1237;-1782.906
14045;603.3288;-448.0488;-1788.51
14066;602.5736;-448.5341;-1790.84
14100;597.168;-448.4868;-1793.32
14132;592.4774;-453.6626;-1802.144
14166;582.9825;-454.564;-1809.316
14200;577.376;-455.3975;-1813.853
14235;567.833;-462.4435;-1821.88
14269;564.1309;-465.4244;-1823.677
14354;556.8297;-466.4608;-1826.196
14379;551.7689;-467.5739;-1828.776
14404;543.221;-470.5961;-1833.039
14429;533.2386;-469.4649;-1836.598
14449;546.3092;-510.1003;-1831.843
14509;499.3178;-483.9907;-1842.411
14528;494.5272;-481.0996;-1843.447
14579;516.1983;-528.0596;-1832.453
14605;510.683;-527.5851;-1831.727
14621;497.8628;-525.3331;-1828.063
14645;436.951;-485.751;-1834.309
14670;433.6453;-483.8094;-1834.581
14704;424.3053;-484.2149;-1832.823
14751;414.8214;-487.5376;-1830.234
14776;401.5457;-491.2716;-1824.219
14804;393.9769;-490.8522;-1822.075
14838;405.2744;-523.0728;-1800.417
14873;404.0387;-523.6658;-1799.661
14912;401.4855;-524.9238;-1797.381
14936;395.8928;-526.2221;-1794.571
14970;391.8021;-529.9689;-1792.091
15004;388.7094;-532.7327;-1788.495
15039;385.728;-533.0448;-1784.865
15075;379.2372;-529.5521;-1781.852
15110;375.9409;-527.0328;-1778.985
15133;373.5369;-526.2335;-1777.295
15185;371.2768;-525.1932;-1775.218
15224;369.7348;-524.9453;-1774.287
15279;367.2128;-524.7116;-1773.813
15309;365.2233;-527.1154;-1774.546
15330;362.2498;-529.0344;-1776.513
15354;355.8045;-531.6012;-1780.488
15377;341.658;-527.9096;-1789.852
15399;335.4258;-528.5131;-1796.725
15434;331.7353;-531.0803;-1801.739
15485;325.9726;-534.6581;-1811.483
15510;319.4885;-536.2025;-1823.438
15543;316.9475;-543.8226;-1832.22
15580;312.7983;-547.8491;-1848.544
15632;309.7349;-547.3283;-1855.655
15667;305.8172;-544.0971;-1863.854
15730;303.4469;-543.9851;-1872.608
15757;292.8138;-548.3948;-1902.782
15800;290.0159;-552.1296;-1910.091
15869;278.7552;-558.3366;-1937.252
15903;277.2053;-555.8396;-1940.6
15939;274.5161;-559.2787;-1945.684
15963;272.9162;-563.4059;-1946.897
16001;269.7788;-568.7584;-1949.665
16037;263.9995;-577.5779;-1950.433
16090;258.4623;-578.4254;-1951.479
16120;250.7054;-577.429;-1954.215
16188;246.4206;-577.2857;-1954.521
16214;239.8982;-575.9977;-1954.577
16242;230.1215;-573.4064;-1951.609
16282;225.2781;-573.0094;-1948.946
16313;219.872;-571.8635;-1944.906
16338;215.2702;-570.1488;-1940.762
16385;210.3556;-567.5928;-1936.064
16431;207.0128;-566.4749;-1932.566
16474;204.6982;-565.8777;-1929.401
16501;194.4369;-550.816;-1935.982
16558;194.479;-553.4543;-1928.197
16588;189.0943;-548.1807;-1929.835
16612;188.8014;-550.0724;-1925.131
16657;188.8498;-550.958;-1923.402
16684;189.0907;-551.8737;-1922.809
16708;189.946;-552.5965;-1922.462
16744;190.811;-553.2901;-1922.314
16846;193.2821;-555.3401;-1923.955
16880;195.9667;-557.3923;-1926.615
16917;199.9612;-559.8553;-1929.744
16937;204.5646;-562.2645;-1934.065
16965;207.6318;-563.5655;-1938.267
17015;210.5875;-564.6859;-1943.485
17061;219.529;-567.6208;-1956.603
17105;229.2429;-572.5972;-1959.244
17170;233.8257;-574.7187;-1961.54
17227;239.3128;-577.4599;-1963.532
17330;243.978;-579.4834;-1966.053
17369;247.4591;-580.8277;-1969.17
17399;252.3947;-583.938;-1968.635
17471;254.6551;-587.604;-1968.921
17511;255.5246;-588.0013;-1969.262
17551;255.7085;-589.47;-1969.518
17584;252.239;-588.8182;-1970.599
17615;248.0384;-586.4003;-1972.406
17650;242.8567;-583.6507;-1973.759
17748;230.1805;-576.6022;-1976.1
17780;226.6624;-575.4601;-1975.785
17818;224.0118;-574.7524;-1975.094
17856;221.7771;-574.8127;-1974.318
17892;218.9205;-575.9925;-1972.504
17986;214.101;-573.1911;-1972.58
18018;211.5715;-572.0613;-1972.253
18052;208.4988;-570.9583;-1971.804
18090;204.7901;-569.7903;-1971.626
18121;203.1806;-569.3903;-1971.499
18158;201.9046;-571.6841;-1970.302
18192;200.9011;-571.5819;-1970.431
18223;200.4984;-571.6305;-1970.576
18258;200.701;-573.2894;-1970.792
18290;200.3393;-572.995;-1972.042
18327;200.3017;-572.7365;-1974.623
18362;204.0474;-577.3563;-1976.574
18402;203.7197;-576.3038;-1978.045
18434;204.4786;-576.302;-1981.532
18473;205.8826;-577.6262;-1984.422
18521;206.65;-578.9254;-1985.413
18546;208.5006;-579.3134;-1986.886
18580;211.5082;-579.8021;-1988.301
18607;212.3407;-579.6024;-1988.759
18643;214.081;-579.7419;-1989.539
18680;217.11;-579.9666;-1990.141
18710;219.6685;-581.2511;-1990.348
18747;222.0869;-581.2852;-1990.844
18787;230.9433;-581.08;-1990.869
18890;234.0193;-580.7204;-1990.6
18998;242.8369;-590.9247;-1984.342
19031;245.6705;-593.4253;-1981.658
19063;246.7012;-594.1938;-1981.05
19104;248.0003;-595.0847;-1980.21
19136;249.5334;-596.0403;-1979.045
19172;251.9129;-595.9162;-1978.088
19205;253.1577;-595.7031;-1977.707
19243;252.5285;-592.9258;-1979.932
19297;251.4048;-592.8306;-1979.137
19354;249.9028;-590.6371;-1979.635
19398;246.2022;-587.2491;-1980.767
19424;244.6857;-589.4133;-1978.821
19461;235.0275;-582.9236;-1981.867
19490;229.9813;-580.2814;-1981.974
19526;226.3593;-579.2657;-1981.264
19561;215.1498;-577.7454;-1976.647
19592;210.8068;-577.8286;-1974.632
19628;203.501;-576.218;-1973.171
19664;196.4043;-576.954;-1969.002
19703;192.2039;-577.9236;-1965.997
19735;185.4683;-578.0665;-1962.247
19767;181.034;-579.3116;-1959.2
19800;176.7536;-580.2459;-1956.354
19834;171.0656;-580.3464;-1954.186
19869;166.6718;-581.213;-1951.218
19902;163.5734;-582.101;-1949.103
19931;158.3467;-581.3233;-1947.882
20028;150.5446;-581.2872;-1946.553
20060;149.4224;-581.0467;-1946.373
20091;148.8845;-580.8354;-1946.127
20125;148.8081;-581.6945;-1944.654
20172;148.6753;-581.2065;-1944.473
20208;149.7527;-581.3533;-1942.855
20245;150.7797;-580.6884;-1942.142
20280;152.1765;-579.7315;-1941.622
20318;153.4296;-578.7162;-1941.563
20352;155.9171;-578.1305;-1941.059
20391;158.5568;-576.4606;-1940.546
20427;161.7956;-575.2215;-1939.82
20462;163.9936;-574.0914;-1939.54
20542;168.1937;-574.3631;-1936.801
20586;170.5834;-573.8924;-1935.178
20621;174.3785;-571.6573;-1933.485
20654;177.5861;-569.91;-1932.033
20696;179.6746;-567.2821;-1930.926
20731;181.4027;-567.209;-1929.919
20762;183.0226;-565.6901;-1929.229
20797;184.0762;-565.1554;-1928.022
20850;184.9286;-565.0431;-1927.308
20943;191.6152;-567.4595;-1924.815
20986;193.0173;-568.0242;-1924.506
21026;194.4636;-568.7524;-1924.399
21064;195.4794;-569.1039;-1924.263
21100;196.755;-569.649;-1924.422
21133;197.8161;-570.3383;-1924.355
21170;198.3648;-570.664;-1924.443
21203;198.7088;-570.6697;-1924.533
21236;199.1898;-570.7115;-1924.495
21267;199.8909;-571.107;-1924.416
21350;200.3886;-571.4232;-1924.275
21386;200.5087;-571.4448;-1924.308
21425;200.8342;-571.5555;-1924.132
21490;201.5284;-571.4711;-1924.07
21520;202.0298;-571.8853;-1923.984
21562;202.8699;-572.5331;-1923.768
21595;203.3125;-572.8964;-1923.757
21630;203.6551;-573.2216;-1923.701
21664;204.1781;-573.7184;-1923.525
21695;204.5435;-574.0089;-1923.644
21751;205.2326;-574.8209;-1923.59
21823;205.402;-575.0751;-1923.708
21853;205.5152;-575.4519;-1923.846
22074;206.0986;-576.0695;-1926.967
22138;206.2603;-576.3024;-1927.263
22229;206.4401;-576.4879;-1927.453
22361;206.705;-576.7615;-1927.827
22419;206.9239;-576.9347;-1928.352
22463;206.9859;-577.0076;-1928.825
22516;206.9467;-577.2685;-1929.124
22555;206.8858;-577.45;-1929.196
22626;206.6657;-577.491;-1929.711
22709;206.4819;-577.7123;-1929.916
22805;206.3188;-578.1606;-1929.93
22858;206.0143;-578.8545;-1929.733
22893;204.973;-579.2021;-1929.541
22928;203.8154;-579.6899;-1929.635
23010;202.7366;-579.9427;-1930.025
23051;201.3963;-580.1584;-1930.538
23078;200.146;-580.7028;-1930.738
23119;199.018;-581.0401;-1931.108
23157;198.1012;-581.5526;-1931.273
23235;197.3252;-581.6295;-1931.745
23274;196.5422;-582.1191;-1932.469
23306;196.1917;-582.5222;-1932.826
23328;195.9341;-582.7787;-1933.124
23364;195.7513;-582.7954;-1933.26
23401;193.3641;-580.4142;-1934.661
23441;193.3076;-580.2491;-1934.994
23471;191.6245;-580.3868;-1935.054
23509;191.7454;-580.6482;-1935.203
23535;191.8089;-580.6998;-1935.42
23556;190.8349;-580.48;-1935.648
23588;190.2415;-580.8038;-1935.236
23611;189.568;-580.9725;-1935.309
23650;189.0519;-580.7501;-1935.513
23675;188.523;-581.0201;-1935.67
23744;188.1724;-581.1872;-1936.016
23800;187.9666;-581.1536;-1936.407
23822;187.82;-581.1528;-1936.578
23870;187.7238;-581.451;-1936.838
23900;188.7056;-581.6175;-1937.675
23928;188.0935;-581.1857;-1938.216
23953;187.4747;-581.2089;-1938.372
23998;186.8526;-580.9844;-1939.005
24029;186.486;-580.8073;-1939.32
24059;186.1616;-580.5281;-1939.755
24105;185.7343;-580.7029;-1939.825
24157;185.4763;-580.5652;-1940.067
24184;184.608;-580.2138;-1941.37
24209;183.9667;-580.4217;-1941.549
24244;183.8297;-580.5527;-1941.791
24287;183.9425;-580.757;-1941.716
24322;183.448;-580.6754;-1941.864
24369;183.3495;-586.1718;-1937.496
24405;183.3567;-585.8309;-1937.821
24447;183.1342;-585.1746;-1938.431
24475;183.0856;-584.934;-1938.674
24503;182.7096;-584.7742;-1938.719
24551;182.5593;-586.7148;-1937.088
24624;182.6296;-585.7092;-1938.083
24694;182.514;-585.6875;-1938.242
24754;182.3133;-588.8276;-1935.437
24774;182.3428;-588.1768;-1935.907
24798;182.3896;-587.9399;-1936.148
24869;182.4452;-587.6088;-1936.404
24939;182.3585;-589.1598;-1935.027
24998;182.3728;-588.5848;-1935.528
25024;182.272;-588.4675;-1935.51
25050;182.0916;-587.9124;-1935.512
25075;181.9881;-590.7395;-1932.686
25106;181.7546;-589.9117;-1933.121
25138;181.202;-590.5174;-1931.899
25156;180.4756;-589.8104;-1932.151
25186;178.846;-588.636;-1932.19
25240;178.3335;-587.7361;-1932.3
25266;178.0056;-587.1099;-1932.303
25290;175.9565;-585.8707;-1931.776
25322;174.8764;-585.0632;-1931.66
25443;173.6841;-587.4995;-1928.7
25479;172.4006;-586.1129;-1929.507
25515;167.7525;-583.9684;-1930.801
25550;165.6997;-581.2151;-1930.986
25573;158.7982;-575.2431;-1929.585
25608;149.3495;-568.3118;-1928.021
25645;130.1732;-545.9581;-1928.98
25680;117.38;-524.5323;-1930.212
25728;107.5788;-509.6611;-1932.365
25757;91.14763;-490.5484;-1926.224
25781;76.63098;-476.8326;-1924.845
25819;63.32772;-458.6326;-1922.162
25856;38.17809;-421.7409;-1926.677
25883;32.23952;-408.8904;-1926.688
25925;13.44682;-382.4113;-1938.202
25948;2.382681;-374.4201;-1946.164
25973;-9.122237;-364.7425;-1949.858
26025;-15.33613;-351.0829;-1951.71
26053;-19.56667;-327.1095;-1956.196
26076;-23.51454;-316.647;-1954.1
26146;-25.13838;-312.6525;-1956.914
26209;-31.60997;-302.3306;-1965.716
26232;-30.23875;-296.6656;-1966.464
26260;-30.1148;-297.0337;-1966.984
26328;-24.58689;-301.3158;-1960.895
26353;-23.20176;-316.1318;-1959.287
26371;-17.03987;-314.9362;-1970.156
26406;-14.22641;-320.5028;-1965.298
26440;-5.727098;-335.6281;-1966.84
26476;-0.12438;-351.8696;-1960.717
26499;14.44246;-361.4696;-1948.656
26538;25.32546;-375.052;-1945.347
26578;39.01352;-401.2616;-1935.454
26618;44.16349;-416.4797;-1933.724
26652;58.97336;-448.6443;-1933.473
26674;76.39114;-472.8536;-1935.471
26732;92.07525;-491.2544;-1940.224
26761;111.3812;-510.4168;-1944.031
26796;147.0771;-549.8573;-1940.645
26827;160.3318;-559.917;-1942.38
26860;168.517;-560.1661;-1944.698
26898;173.5144;-558.1699;-1946.338
26961;175.8976;-558.2275;-1945.652
27022;175.8577;-557.9073;-1945.135
27063;121.5381;-515.5259;-1932.598
27091;118.1808;-500.115;-1945.129
27127;75.68201;-453.3672;-1948.182
27145;60.44812;-433.8929;-1943.157
27194;44.59944;-411.0038;-1943.064
27213;25.85164;-382.3495;-1949.573
27255;9.117261;-366.7453;-1958.931
27302;0.8803606;-355.4008;-1967.336
27338;-4.491732;-336.2899;-1967.782
27363;-6.954298;-324.99;-1970.291
27390;-10.9224;-312.3927;-1970.51
27432;-11.97247;-295.9582;-1974.162
27469;-12.11801;-292.2042;-1974.87
27512;-12.51139;-288.7469;-1975.027
27535;-12.11201;-287.6228;-1975.26
27565;-15.58515;-285.5853;-1970.862
27610;-13.43171;-287.7761;-1970.78
27649;-11.28544;-290.9636;-1969.35
27678;-2.925053;-305.3566;-1970.766
27737;0.2326071;-310.9789;-1972.625
27766;4.060507;-325.5692;-1969.053
27793;6.117016;-337.4698;-1964.783
27828;8.796975;-344.4859;-1961.54
27860;13.04239;-350.5338;-1952.727
27888;-3.616348;-307.9467;-1940.334
27929;-21.04213;-285.2858;-1934.76
27954;-17.08171;-212.409;-1944.335
27978;-26.12583;-161.4309;-1964.708
28005;-29.90355;-110.909;-1968.155
28041;-22.61188;-57.35526;-1999.685
28075;-27.5159;3.581748;-2004.312
28128;-24.75927;54.22301;-2018.096
28156;-19.51817;111.2574;-2035.334
28181;-4.280496;160.6536;-2055.857
28209;8.043971;208.2704;-2073.523
28248;24.04507;266.9223;-2089.852
28275;44.17929;281.9248;-2106.95
28312;72.28915;295.2289;-2129.18
28349;91.5081;295.1317;-2141.128
28404;112.4139;293.2127;-2157.81
28433;120.0263;290.1649;-2164.166
28477;127.1592;289.8335;-2169.286
28503;129.5862;289.132;-2171.416
28522;130.3606;288.6561;-2171.71
28544;130.2806;286.7171;-2170.258
28582;110.599;223.0426;-2143.406
28631;92.26023;197.6993;-2122.164
28653;67.2068;171.2018;-2088.75
28707;40.37146;141.4646;-2049.424
28735;15.72541;91.22027;-2009.863
28761;-7.726671;9.125485;-1967.81
28783;-25.46982;-88.42004;-1935.436
28805;-16.1091;-203.1725;-1923.998
28857;-33.94158;-298.813;-1869.417
28947;123.4359;-555.788;-1938.749
28992;178.3362;-595.6224;-1961.629
29016;195.3046;-600.0117;-1968.41
29061;204.8542;-600.3527;-1972.785
29084;205.7011;-599.7891;-1975.982
29114;202.6331;-601.3118;-1978.717
29155;187.0477;-604.3595;-1974.235
29180;156.6737;-591.2935;-1964.041
29235;127.6433;-582.3468;-1949.623
29263;102.4261;-564.8839;-1928.104
29291;63.9035;-519.8882;-1902.409
29330;37.10435;-471.0463;-1882.573
29390;21.26339;-392.5087;-1888.938
29419;0.06215274;-328.3743;-1888.949
29439;-35.60329;-258.2597;-1817.344
29465;-36.67539;-178.9652;-1828.66
29510;-27.03776;-37.77398;-1949.049
29550;-24.13794;25.55611;-1959.628
29582;-21.25432;93.43683;-1972.215
29631;-10.18483;167.9353;-1991.638
29672;7.462911;227.1386;-2015.182
29740;73.79276;297.7055;-2083.4
29772;37.32615;278.5206;-2046.104
29794;126.8573;295.8587;-2132.85
29831;131.1773;295.0558;-2137.088
29858;136.7399;297.8416;-2143.136
29910;137.9781;297.8178;-2145.635
29927;137.7893;296.4652;-2145.979
29963;135.8093;293.9872;-2144.693
29988;125.0995;287.9475;-2134.69
30029;90.96915;237.2577;-2098.621
30053;70.55319;205.3072;-2072.697
30109;51.03472;168.7076;-2038.18
30136;32.34139;112.2106;-2004.098
30162;15.50033;62.51077;-1969.171
30204;-2.446716;-18.72425;-1933.844
30230;-4.064217;-132.4382;-1921.384
30253;1.945317;-222.8168;-1908.781
30287;14.10571;-321.8807;-1912.316
30341;40.05512;-412.6675;-1905.369
30361;66.3569;-463.7524;-1916.398
30396;111.3519;-525.7641;-1930.858
30421;143.942;-566.0877;-1928.678
30458;180.2229;-587.6081;-1949.24
30479;190.6222;-591.9061;-1959.615
30537;194.6191;-593.1058;-1966.033
30563;194.5308;-592.1212;-1966.401
30604;190.6557;-589.6484;-1962.88
30643;178.7833;-588.6544;-1950.265
30665;149.8728;-573.0007;-1932.34
30710;112.4319;-550.9311;-1902.161
30756;56.97135;-450.9405;-1889.979
30796;29.7163;-391.4189;-1897.108
30831;-20.0493;-338.455;-1817.913
30871;-35.87487;-262.5294;-1833.549
30909;-55.43928;-196.0611;-1831.94
30925;-60.90572;-131.9796;-1924.024
30956;-50.25575;-82.59924;-1949.039
30982;-54.67;-15.42656;-1946.708
31017;-50.848;46.41495;-1959.898
31050;-36.98995;100.2428;-1979.068
31073;-20.08894;160.7096;-1994.434
31124;2.913363;209.3264;-2019.203
31145;26.99065;230.86;-2044.682
31183;44.94311;240.4802;-2062.983
31235;66.26617;248.8083;-2081.952
31279;94.2191;283.6756;-2104.339
31304;99.85087;286.0446;-2108.348
31348;107.0068;285.5421;-2112.914
31383;110.7987;285.5461;-2115.859
31425;112.8329;284.862;-2116.652
31530;112.1495;280.3814;-2114.042
31583;92.86183;227.1042;-2095.453
31667;50.28012;141.5237;-2028.104
31697;28.51972;71.63097;-1965.079
31729;12.54798;1.269756;-1935.783
31769;-24.81391;-122.449;-1850.57
31803;3.031827;-243.6457;-1886.213
31881;55.72549;-441.3331;-1899.577
31918;98.83162;-505.6432;-1913.598
31934;129.5121;-551.98;-1913.281
31957;166.5427;-577.8953;-1937.942
31984;177.2601;-582.9323;-1948.162
32008;181.0991;-587.8466;-1966.446
32082;180.0109;-585.8007;-1966.407
32124;174.8013;-588.5717;-1960.277
32149;170.8009;-586.9224;-1959.254
32176;150.7274;-579.9316;-1945.491
32199;106.8163;-552.0054;-1903.236
32219;79.38984;-494.1638;-1890.81
32242;50.7025;-428.3199;-1887.06
32295;19.05326;-358.9974;-1877.384
32335;-27.86659;-288.8445;-1791.055
32357;13.80139;-142.4241;-1909.985
32383;-44.63601;-126.7132;-1884.966
32418;-59.98523;-56.40899;-1896.256
32454;-55.35075;8.764476;-1918.394
32479;-41.33327;75.91613;-1946.749
32514;-24.27725;138.0831;-1971.582
32557;-2.532443;207.8928;-1992.516
32583;19.65162;230.2319;-2027.511
32610;47.91222;270.8325;-2049.828
32644;63.45624;245.2911;-2078.625
32681;70.54223;247.649;-2086.027
32740;80.01361;247.6819;-2097.042
32768;92.22013;271.4285;-2109.537
32785;88.72684;247.1785;-2107.625
32806;85.99856;242.7344;-2105.736
32840;74.28318;228.7227;-2095.77
32876;52.49887;204.2138;-2070.927
32913;34.53477;192.6746;-2053.785
32935;6.269971;167.1135;-2020.315
33003;-9.145181;118.0112;-1991.351
33046;-36.09645;3.24293;-1932.472
33081;-44.17313;-84.69865;-1908.042
33119;-33.23869;-171.1863;-1898.768
33158;-16.64061;-266.3135;-1898.755
33183;3.94652;-352.3174;-1895.658
33209;23.68205;-399.6688;-1896.881
33244;63.35732;-478.5078;-1915.17
33279;100.7163;-523.2804;-1930.844
33346;124.833;-555.2547;-1916.805
33381;166.8632;-582.6392;-1934.161
33407;171.4377;-586.8691;-1949.414
33429;188.2803;-592.0944;-1952.677
33452;183.615;-583.0364;-1961.426
33503;181.243;-581.7334;-1960.087
33535;173.6191;-578.7201;-1956.993
33563;163.7993;-574.5153;-1947.624
33581;129.8858;-553.9072;-1931.079
33619;107.548;-528.7142;-1929.281
33672;77.9767;-494.7841;-1913.877
33690;53.23137;-457.2832;-1903.8
33712;13.0019;-401.939;-1920.596
33749;-23.59037;-356.0711;-1844.202
33801;-46.21001;-299.4888;-1849.703
33860;-64.41449;-221.5704;-1849.675
33885;-63.47522;-149.2783;-1941.107
33929;-76.88899;-91.47041;-1952.643
33952;-72.14523;-35.48387;-1965.58
33981;-61.80739;6.471619;-1986.156
34023;-35.59884;121.9125;-2026.443
34060;-16.75924;187.8081;-2046.894
34116;3.273755;214.8224;-2068.018
34139;30.72862;260.0281;-2092.168
34156;43.48025;265.6066;-2103.863
34195;54.78386;248.6016;-2120.651
34217;70.09638;273.8047;-2139.346
34245;71.80215;275.167;-2141.391
34296;69.86214;246.726;-2139.222
34314;67.16297;240.7974;-2135.901
34350;57.01987;222.5179;-2121.41
34381;47.01959;210.0244;-2107.365
34433;24.71614;180.8443;-2078.765
34458;9.678788;158.075;-2053.999
34480;-3.38467;119.4934;-2019.484
34505;-14.81813;73.11382;-1986.37
34538;-26.48907;39.04638;-1945.079
34572;-34.81098;-67.65383;-1919.924
34606;-30.8917;-156.2398;-1900.134
34639;-21.02144;-247.0012;-1897.044
34680;-1.679383;-332.9719;-1889.869
34715;15.92375;-378.6291;-1892.146
34791;56.2681;-465.5822;-1906.909
34941;175.058;-586.5637;-1980.0
34977;173.7901;-585.8736;-1981.804
35014;170.777;-586.4257;-1982.032
35035;163.8189;-585.4567;-1980.371
35069;147.1921;-583.9874;-1970.657
35103;111.2526;-565.2075;-1948.712
35136;83.70559;-542.9922;-1919.138
35172;58.92459;-493.5004;-1906.564
35211;34.70092;-450.5605;-1890.684
35232;11.14846;-396.2394;-1900.867
35282;-34.71856;-342.9349;-1848.936
35309;-53.69735;-289.7239;-1836.523
35332;-60.47816;-205.1215;-1908.808
35384;-76.34187;-133.3475;-1932.439
35407;-85.56615;-63.58266;-1948.93
35459;-70.14861;-32.40034;-1976.135
35500;-71.46988;40.00552;-1976.117
35521;-57.49991;85.68252;-2002.299
35595;-43.6243;150.294;-2021.213
35633;2.321378;211.4487;-2068.215
35656;20.48465;219.1923;-2089.444
35681;36.87144;224.5223;-2105.202
35719;42.29552;224.3327;-2114.869
35741;47.26447;225.198;-2122.028
35793;49.65516;228.0689;-2125.564
35817;50.72311;267.9717;-2133.961
35839;48.21463;266.6235;-2130.989
35889;21.7212;225.8558;-2114.589
35923;16.08669;221.7706;-2108.955
35967;-4.200212;207.7936;-2093.744
36003;-27.26584;173.1607;-2070.361
36047;-41.25471;148.579;-2055.331
36063;-54.81477;103.1273;-2031.054
36083;-62.65158;74.71866;-2010.27
36134;-64.81837;7.113187;-1990.93
36157;-68.95378;-41.70528;-1969.596
36185;-63.61888;-112.6495;-1954.796
36206;-59.2354;-176.59;-1934.26
36290;-18.84799;-272.8414;-1960.454
36316;-0.6718785;-337.38;-1955.553
36357;36.21315;-398.3927;-1980.009
36380;46.24198;-458.5988;-1970.903
36403;90.05827;-497.5928;-1955.386
36431;121.933;-536.1465;-1944.354
36450;163.2959;-578.8989;-1940.64
36503;178.5604;-575.99;-1964.627
36540;190.0696;-601.2863;-1954.832
36563;177.8816;-576.7532;-1977.007
36604;178.7274;-587.7481;-1959.084
36622;169.5647;-570.7836;-1971.632
36642;166.7098;-580.8079;-1964.562
36695;158.4934;-581.7986;-1961.695
36723;143.0868;-576.5397;-1957.538
36777;116.385;-557.2667;-1944.652
36800;100.7432;-538.5068;-1937.527
36822;72.45074;-497.0622;-1922.676
36841;54.39286;-461.5931;-1913.541
36892;19.88699;-399.9333;-1933.467
36912;-4.756987;-328.8381;-1936.345
36948;-35.24495;-296.5485;-1943.389
37000;-56.18592;-214.3804;-1932.235
37018;-58.57021;-158.2686;-1970.824
37071;-74.40807;-96.95502;-1968.39
37090;-75.57661;-37.34344;-1970.96
37113;-63.79812;4.725275;-1990.041
37146;-58.60031;64.72637;-2000.917
37165;-46.91597;111.1848;-2018.48
37207;-33.45029;151.6339;-2035.698
37274;-19.23389;187.4383;-2048.202
37299;-7.29902;200.1748;-2058.521
37316;11.3253;209.8389;-2077.06
37388;17.52826;212.25;-2084.032
37403;20.49082;209.0532;-2087.418
37437;21.83994;207.5184;-2088.917
37470;21.97108;206.2068;-2089.228
37489;16.99551;188.4447;-2081.321
37513;11.04103;172.4468;-2069.921
37547;6.001399;154.9553;-2053.463
37582;-6.325172;117.7833;-2024.206
37610;-9.435276;90.6134;-2006.253
37645;-13.28785;53.02526;-1971.785
37681;-18.12383;-13.60242;-1948.934
37717;-22.24986;-79.94023;-1924.826
37770;-17.1762;-156.8685;-1907.466
37791;-5.181491;-240.421;-1904.523
37828;15.84682;-328.4437;-1917.861
37869;32.94078;-401.3877;-1910.876
37886;44.22715;-455.7915;-1922.707
37908;79.02924;-495.4757;-1929.38
37941;104.4574;-537.9941;-1931.005
37975;143.3015;-571.1352;-1944.046
38008;158.0852;-583.0657;-1947.32
38042;169.1253;-588.0073;-1954.363
38076;171.1047;-587.9254;-1980.091
38110;179.7843;-593.7679;-1967.149
38151;179.1654;-593.8665;-1967.12
38214;162.4881;-590.8557;-1963.649
38257;129.7595;-571.5405;-1952.156
38280;159.8896;-585.9402;-1967.153
38332;69.96924;-506.6569;-1925.116
38354;57.27085;-469.7646;-1923.208
38393;27.99162;-418.7782;-1926.262
38415;-14.77893;-370.8456;-1852.841
38471;-29.40351;-308.4483;-1860.657
38509;-38.19315;-237.067;-1939.786
38543;-73.82261;-127.7734;-1933.288
38576;-71.44817;-74.10027;-1951.671
38612;-66.53458;-23.73546;-1964.376
38715;-63.81027;46.59909;-1967.79
38739;-49.80494;101.4213;-1987.609
38760;-35.24052;141.7416;-2009.692
38789;-15.22859;186.8646;-2028.975
38811;-0.6147975;197.5965;-2045.789
38835;15.05311;206.0785;-2061.863
38879;30.59979;209.2334;-2077.603
38911;39.67997;216.5245;-2084.617
38934;44.30062;217.5457;-2089.198
38962;46.5391;215.6959;-2091.875
38983;46.8969;213.7506;-2092.014
39018;46.34442;206.1934;-2088.78
39040;35.83351;165.962;-2071.667
39091;32.00742;156.9535;-2059.789
39115;22.62801;125.3324;-2037.664
39136;19.87078;95.02273;-2011.511
39170;13.44397;62.75854;-1981.511
39208;8.254262;-17.50995;-1965.758
39247;2.104567;-81.63426;-1939.42
39284;1.006294;-156.1818;-1922.993
39338;15.63492;-235.5322;-1926.582
39358;22.69244;-306.1577;-1909.214
39377;34.56524;-380.7709;-1909.723
39412;50.68769;-417.9809;-1910.851
39446;90.44713;-475.3237;-1926.645
39466;123.914;-523.8049;-1936.02
39516;158.7314;-581.1575;-1927.945
39540;166.2489;-573.0341;-1967.375
39574;172.8244;-569.897;-1971.966
39643;176.1462;-579.743;-1971.024
39678;176.5574;-584.2623;-1968.356
39701;174.842;-587.3652;-1968.356
39736;172.9032;-589.2032;-1968.641
39751;169.5016;-589.7864;-1967.943
39771;161.796;-588.2399;-1960.831
39823;140.7126;-567.3931;-1952.338
39844;117.6753;-532.7822;-1955.23
39879;107.6671;-512.3845;-1944.542
39913;82.44707;-474.4202;-1918.724
39934;68.4582;-441.7918;-1903.277
39985;45.96834;-397.9111;-1856.802
40008;16.96786;-341.9047;-1872.682
40042;-1.828588;-277.5951;-1877.761
40076;-23.96111;-196.8038;-1864.511
40148;-43.43441;-94.86964;-1960.597
40328;-38.6272;-37.87661;-1974.185
40379;30.1187;192.7202;-2089.741
40414;33.74311;193.866;-2094.972
40448;41.19167;195.78;-2105.676
40481;45.54709;197.2353;-2112.586
40504;46.83654;196.983;-2114.968
40540;46.75598;191.8119;-2114.615
40573;45.90392;185.199;-2111.476
40607;38.5469;147.3187;-2092.045
40659;35.24719;122.7338;-2075.966
40692;28.85522;106.6265;-2058.661
40708;20.75366;68.87778;-2019.633
40752;9.896419;15.12791;-1992.813
40785;-0.6397822;-26.53732;-1955.044
40819;-7.021049;-115.5582;-1934.052
40870;-11.85798;-176.4474;-1899.483
40898;5.01021;-277.0791;-1901.666
40929;29.70126;-361.5965;-1913.557
40971;38.23763;-396.1239;-1908.936
40988;75.06891;-486.8871;-1918.76
41040;103.1088;-526.2325;-1924.817
41078;148.4828;-570.6909;-1935.056
41103;167.2705;-588.1358;-1930.813
41124;171.2493;-588.9582;-1944.926
41163;182.7684;-615.168;-1936.788
41219;175.5788;-604.628;-1941.114
41255;175.4926;-601.801;-1945.095
41307;138.8038;-574.5211;-1915.965
41325;102.4163;-537.2254;-1891.963
41346;72.31187;-482.9018;-1890.693
41380;47.35103;-433.9869;-1879.147
41413;-1.301989;-380.0576;-1831.816
41450;-23.1138;-313.9184;-1839.921
41501;-42.47998;-229.4074;-1841.605
41523;-56.3386;-158.0351;-1916.918
41545;-68.30251;-116.9775;-1942.051
41578;-62.49352;-62.49784;-1958.299
41616;-66.80642;19.28148;-1956.376
41639;-57.79959;85.05511;-1975.285
41674;-41.29604;128.2796;-2002.374
41711;-25.44283;152.3411;-2024.749
41749;-8.072732;174.2731;-2047.379
41789;1.738731;178.7733;-2056.811
41826;14.68255;181.7897;-2068.948
41846;20.62708;184.3457;-2072.83
41880;24.87829;181.6659;-2073.684
41931;28.56182;163.682;-2067.888
41958;31.2005;143.2096;-2055.512
42000;32.40975;111.8939;-2031.563
42042;31.90238;88.06992;-2004.106
42066;24.84473;42.74845;-1962.613
42087;12.52078;-47.98223;-1934.743
42108;-4.308805;-108.649;-1893.967
42142;-8.211479;-181.4256;-1867.2
42176;-0.06062537;-288.4186;-1869.882
42228;14.63441;-345.4642;-1885.053
42269;31.24573;-406.3058;-1882.484
42296;74.59725;-476.5289;-1894.416
42316;106.5772;-532.2321;-1894.176
42352;146.9459;-574.1107;-1920.543
42373;162.0022;-586.5399;-1938.588
42416;165.2709;-586.9055;-1973.554
42469;165.1706;-585.3829;-1973.488
42488;171.3279;-590.4127;-1968.53
42508;169.7345;-589.8957;-1967.241
42542;161.7469;-588.8578;-1954.948
42593;145.4194;-574.7274;-1932.336
42640;109.9201;-533.3314;-1907.25
42658;83.40518;-484.9684;-1896.094
42678;64.53575;-437.8146;-1878.321
42712;33.97538;-382.898;-1831.74
42763;13.10764;-338.4453;-1835.342
42802;-6.402418;-265.2722;-1844.893
42818;-15.78867;-215.5843;-1952.072
42842;-32.05233;-163.1978;-1931.967
42893;-40.82989;-109.1194;-1947.794
42913;-45.2712;-44.10477;-1941.794
42967;-37.82104;9.601873;-1960.67
43019;-35.49486;75.65491;-1970.144
43036;-23.90373;100.3504;-1990.228
43070;-10.93639;132.1022;-2015.474
43096;0.3171163;145.9572;-2030.818
43113;14.17767;162.2992;-2044.135
43148;23.41675;171.2495;-2053.424
43169;27.0387;170.4315;-2057.637
43236;30.95935;167.0394;-2059.238
43272;32.94735;155.3995;-2057.311
43291;32.1927;144.2805;-2049.739
43310;27.76757;114.6136;-2025.634
43361;21.42227;91.03532;-2003.584
43383;10.3663;47.27111;-1964.212
43421;-1.815199;-9.455165;-1929.469
43455;-9.952973;-89.9812;-1899.27
43476;-14.5024;-162.5738;-1867.607
43529;-1.787238;-268.1366;-1867.621
43548;16.8481;-367.1934;-1868.02
43570;21.8887;-405.3277;-1878.015
43618;72.45843;-490.0874;-1892.694
43640;92.14581;-539.5923;-1891.175
43674;128.1909;-586.9677;-1911.088
43708;158.5602;-616.1727;-1946.355
43760;167.6366;-609.4182;-1961.191
43777;172.8264;-605.9879;-1971.311
43802;173.7367;-603.881;-1975.892
43838;172.9679;-602.4726;-1977.781
43888;170.6119;-605.9693;-1975.501
43906;162.8749;-603.2718;-1976.766
43947;144.0427;-594.7424;-1968.761
43989;116.5181;-570.7986;-1950.143
44022;101.2364;-552.8265;-1938.886
44059;82.67548;-511.5644;-1933.605
44091;66.62906;-482.7863;-1917.139
44113;53.75869;-451.8414;-1909.441
44151;14.60381;-399.3912;-1927.611
44205;3.045343;-364.3472;-1864.859
44239;-15.31452;-318.5685;-1865.893
44272;-51.48272;-218.1499;-1923.074
44306;-56.01648;-169.9809;-1942.234
44340;-59.76596;-142.9762;-1958.701
44391;-72.10873;-73.40102;-1947.94
44409;-59.72842;-37.09113;-1967.396
44442;-52.82141;8.452256;-1981.209
44476;-49.78415;67.79379;-1988.51
44510;-40.30436;100.0876;-2006.166
44548;-31.65281;121.3978;-2020.532
44585;-22.40663;137.2535;-2039.366
44619;-14.7256;151.3648;-2049.775
44637;-7.558994;156.2937;-2058.214
44671;-2.564385;156.0808;-2063.939
44723;0.09966362;153.8462;-2065.929
44740;1.610974;150.0162;-2065.832
44792;1.873839;139.512;-2060.831
44811;1.596674;126.3474;-2046.548
44845;-3.539277;103.6037;-2017.05
44878;-10.03535;68.79221;-1986.199
44946;-17.83603;-35.85807;-1920.76
44991;-24.68535;-114.5989;-1888.938
45029;-17.91588;-187.0427;-1864.102
45054;-13.0184;-282.2626;-1830.262
45095;17.65269;-356.0608;-1889.179
45114;33.62545;-405.7787;-1883.96
45149;75.45254;-463.7865;-1889.311
45183;92.63365;-515.4662;-1889.571
45236;122.9059;-565.3834;-1899.933
45256;138.3698;-579.8152;-1924.884
45277;144.3079;-587.7598;-1966.869
45311;159.5453;-601.3668;-1960.691
45336;159.5402;-601.4186;-1960.593
45387;144.3037;-593.5334;-1980.399
45405;150.0685;-595.4791;-1969.488
45439;148.6511;-596.429;-1969.7
45489;144.9218;-596.5588;-1970.774
45507;139.2241;-597.1227;-1973.384
45545;126.4683;-595.4146;-1974.689
45579;119.8187;-594.6889;-1973.405
45630;110.8857;-593.4837;-1971.272
45646;104.2569;-590.4944;-1969.66
45681;100.2468;-587.8;-1968.026
45716;97.05273;-585.7267;-1966.771
45740;95.60668;-583.9981;-1966.629
45774;96.33327;-583.5591;-1966.166
45808;98.62429;-584.0644;-1965.045
45862;101.1296;-584.8657;-1964.021
45879;106.4286;-584.9412;-1965.22
45931;112.2617;-586.4937;-1964.375
45965;116.5406;-587.968;-1963.339
45986;121.3165;-590.6427;-1961.008
46020;123.4755;-591.6917;-1960.323
46053;126.0573;-593.0137;-1959.088
46071;128.9016;-594.0285;-1958.042
46105;130.7384;-594.709;-1957.252
46138;131.551;-594.9004;-1956.707
46172;131.8638;-594.9412;-1956.328
46206;132.775;-595.2523;-1955.271
46243;133.1058;-595.2513;-1954.887
46297;133.7667;-595.0388;-1953.639
46315;134.0596;-594.8741;-1953.145
46341;134.2847;-594.7794;-1951.576
46382;134.4982;-594.7672;-1950.981
46417;134.6535;-594.7919;-1950.59
46450;134.7538;-594.9799;-1950.368
46485;134.7194;-595.0065;-1950.408
46505;134.4759;-594.9379;-1950.667
46574;134.0626;-595.173;-1951.362
46590;133.8804;-595.3872;-1952.283
46625;133.6912;-595.4762;-1952.933
46660;133.1259;-595.9904;-1954.189
46716;132.4334;-596.3854;-1955.8
46741;131.1021;-594.5076;-1961.728
46774;130.6577;-594.3036;-1963.085
46808;130.615;-594.9431;-1963.485
46842;130.9128;-595.7271;-1963.623
46875;131.0581;-596.0565;-1963.894
46910;131.6763;-596.9109;-1963.705
46943;131.7994;-596.8875;-1963.865
46977;132.4637;-597.3161;-1963.816
47011;133.1684;-597.5052;-1963.685
47045;134.1738;-597.7604;-1963.102
47078;135.2588;-598.0604;-1962.32
47112;135.3666;-598.0892;-1962.255
47147;135.4302;-598.0919;-1962.257
47180;135.5341;-598.0698;-1962.212
47199;135.5223;-598.0909;-1962.217
47249;135.5018;-598.1258;-1962.193
47286;135.4557;-598.1284;-1962.191
47306;135.4147;-598.1421;-1962.171
47339;135.2059;-598.1581;-1962.146
47373;135.1321;-598.1526;-1962.145
47407;134.4632;-596.775;-1963.405
47463;134.4516;-596.8785;-1963.327
47479;134.6094;-596.9692;-1963.243
47512;134.5707;-597.0363;-1963.288
47549;134.4392;-596.6816;-1963.865
47588;134.4524;-596.7726;-1963.847
47622;134.94;-596.9054;-1963.472
47640;135.8588;-597.1053;-1963.156
47673;136.453;-597.2227;-1962.868
47707;136.76;-597.3365;-1962.715
47741;137.2495;-597.4622;-1962.417
47774;137.2847;-597.4799;-1962.427
47808;137.4597;-597.6063;-1962.272
47842;137.7052;-597.7033;-1962.124
47876;137.8291;-597.7742;-1962.001
47909;138.058;-597.8743;-1961.907
47943;138.1127;-597.9615;-1961.915
47985;138.1503;-598.0504;-1961.892
48022;138.2608;-598.1093;-1961.914
48059;138.1707;-598.0917;-1962.106
48082;138.3281;-598.1796;-1962.014
48107;138.291;-598.1943;-1962.078
48140;138.3948;-598.2563;-1961.836
48191;138.4599;-598.3284;-1961.683
48243;138.5394;-598.377;-1961.351
48277;138.6065;-598.3265;-1960.884
48310;138.3502;-598.1011;-1960.563
48332;137.7591;-597.9574;-1959.961
48350;137.4793;-597.1054;-1958.018
48381;136.9399;-596.6049;-1955.857
48412;136.7747;-595.5872;-1953.029
48432;136.4701;-594.0602;-1949.268
48483;136.5834;-592.0324;-1944.492
48503;136.6085;-589.2769;-1937.222
48544;136.693;-586.8048;-1932.483
48595;136.2744;-583.7846;-1927.483
48612;136.6129;-580.6708;-1921.457
48635;133.7306;-568.6104;-1920.764
48674;133.1732;-565.0972;-1919.057
48725;133.2698;-561.3159;-1917.959
48745;130.7513;-542.2208;-1924.163
48781;134.2056;-545.6612;-1916.005
48815;134.0117;-539.7639;-1918.83
48848;133.9758;-535.0836;-1922.524
48883;138.5376;-540.6996;-1918.437
48918;138.7064;-537.7711;-1921.038
48941;139.8225;-536.2922;-1923.68
48976;140.7445;-536.1066;-1927.173
49028;141.7488;-537.5502;-1928.692
49044;143.0545;-540.0304;-1928.127
49079;143.9172;-542.5474;-1927.776
49106;166.2797;-596.8255;-1881.83
49143;154.0336;-551.8269;-1927.272
49177;170.4493;-595.0068;-1878.305
49211;147.322;-542.0886;-1919.377
49249;147.711;-542.8475;-1918.5
49275;147.6557;-543.5912;-1917.775
49314;147.7035;-544.3636;-1916.094
49347;147.9305;-545.7216;-1914.525
49383;148.1256;-545.9349;-1914.2
49417;148.2905;-546.5307;-1913.953
49455;148.4135;-546.6693;-1913.949
49495;149.0966;-547.038;-1914.34
49515;149.7217;-547.5009;-1914.777
49548;159.9225;-576.452;-1911.78
49582;159.7569;-576.6041;-1912.236
49616;159.4582;-577.0167;-1913.375
49651;158.5639;-577.9819;-1916.044
49668;158.0985;-579.4893;-1918.638
49702;157.3667;-581.4741;-1921.896
49736;156.6597;-582.3351;-1924.048
49769;156.4623;-583.0842;-1926.768
49804;156.6198;-583.8035;-1928.49
49840;156.721;-584.0408;-1929.015
49901;156.3042;-583.1267;-1929.297
49935;155.654;-582.691;-1928.581
49969;155.2222;-581.579;-1926.848
50002;154.7453;-578.8486;-1920.876
50036;154.7646;-571.7126;-1915.207
50068;154.5815;-567.4562;-1911.023
50100;155.7917;-561.4527;-1903.126
50167;155.7382;-557.3217;-1898.988
50184;155.2002;-554.2275;-1895.539
50203;155.1338;-552.9401;-1893.989
50237;155.0868;-552.1876;-1892.704
50288;154.4661;-551.3335;-1892.722
50325;153.9878;-551.1423;-1893.658
50352;148.5284;-547.5294;-1901.375
50372;148.474;-548.8423;-1902.584
50423;148.6459;-550.8024;-1904.793
50441;149.2015;-552.215;-1906.675
50460;149.3234;-552.8975;-1908.013
50494;148.5915;-553.9336;-1909.076
50528;151.3101;-557.3871;-1913.09
50561;152.0401;-558.1378;-1913.954
50612;148.0795;-557.923;-1913.526
50649;146.9622;-558.767;-1912.448
50670;149.7439;-559.075;-1912.443
50709;151.3719;-559.3879;-1912.874
50742;154.039;-560.0845;-1913.646
50794;154.8138;-560.8157;-1914.333
50810;155.2977;-562.2794;-1915.999
50828;155.3284;-563.5967;-1917.366
50871;155.3573;-565.0674;-1919.101
50905;155.6594;-568.9291;-1921.275
50938;156.1919;-574.0547;-1922.692
50990;156.5213;-576.1008;-1923.682
51006;156.7349;-577.4034;-1924.058
51040;157.1579;-578.4529;-1924.488
51073;157.2387;-579.0157;-1924.738
51107;157.3386;-579.3079;-1924.734
51141;157.1629;-579.0549;-1924.558
51192;156.6774;-577.4191;-1922.824
51218;154.9931;-573.693;-1919.797
51237;154.9681;-570.7085;-1913.547
51257;153.7172;-568.1608;-1908.04
51308;152.983;-564.5532;-1902.472
51342;152.4866;-559.7889;-1899.521
51361;151.7985;-555.189;-1895.562
51394;151.5787;-553.1005;-1893.858
51445;150.9204;-550.2499;-1892.297
51480;150.099;-549.7663;-1891.449
51513;150.0704;-549.8644;-1891.315
51564;150.9741;-549.7155;-1892.618
51598;152.7011;-549.4018;-1895.475
51633;155.6185;-549.4388;-1898.175
51671;157.862;-552.132;-1902.311
51708;177.5818;-599.5077;-1861.367
51741;166.0068;-556.9684;-1909.857
51775;176.5488;-600.1109;-1864.391
51842;164.8606;-558.6081;-1909.467
51877;176.6755;-603.4634;-1867.635
51913;166.1105;-559.9634;-1908.952
51946;164.7993;-559.5654;-1907.632
51980;166.937;-559.9935;-1907.814
52015;168.4348;-561.4368;-1909.069
52049;169.7184;-562.423;-1909.799
52068;171.0878;-563.2164;-1910.978
52120;171.123;-564.8969;-1913.132
52140;170.818;-566.2354;-1915.416
52162;170.4996;-567.3784;-1917.677
52200;170.6035;-568.3512;-1921.351
52234;169.4517;-570.4237;-1925.16
52285;168.8881;-571.7958;-1928.039
52301;168.5305;-572.9654;-1930.44
52352;168.1926;-573.5262;-1931.886
52370;168.1133;-573.8257;-1932.463
52413;168.0635;-573.8088;-1932.499
52447;168.0489;-573.7641;-1931.863
52480;168.4888;-572.7766;-1929.484
52527;168.6117;-569.7148;-1924.539
52544;170.1496;-566.8074;-1916.433
52567;171.6949;-562.83;-1908.79
52611;175.0238;-562.2448;-1899.003
52644;175.0625;-558.0931;-1893.224
52679;175.2334;-553.6716;-1889.546
52699;175.1011;-550.9646;-1886.21
52768;174.6294;-547.9918;-1884.333
52802;173.9429;-546.7504;-1883.612
52824;173.4025;-546.3512;-1883.63
52842;172.5617;-546.2982;-1886.289
52876;172.807;-546.4472;-1886.836
52910;172.5456;-547.7164;-1889.123
52944;172.2776;-550.5928;-1893.921
52977;171.6301;-556.5606;-1902.721
53011;170.6071;-557.9388;-1907.16
53045;170.5364;-558.3725;-1908.372
53080;170.4501;-558.8175;-1908.465
53114;170.3891;-558.9862;-1908.623
53132;170.2439;-559.1539;-1908.669
53183;170.2619;-559.6095;-1908.246
53200;170.0891;-560.1962;-1908.0
53245;169.905;-561.1904;-1907.95
53279;169.565;-561.478;-1908.058
53317;169.3312;-562.1761;-1908.378
53335;169.4145;-562.5523;-1908.22
53386;169.5964;-563.072;-1908.825
53405;169.1973;-564.0923;-1909.745
53459;168.9537;-565.1365;-1911.075
53477;168.8185;-568.0056;-1914.591
53510;168.1801;-569.3012;-1915.662
53544;166.9086;-570.5109;-1917.098
53578;166.2152;-571.2327;-1918.818
53612;165.6968;-572.2911;-1919.691
53629;165.2528;-573.3911;-1919.87
53663;165.1097;-574.0685;-1919.832
53714;164.9976;-574.6603;-1919.662
53768;163.9873;-573.3395;-1919.707
53784;162.5363;-571.1952;-1919.726
53801;161.533;-572.2552;-1915.392
53835;160.0736;-569.8333;-1912.734
53868;159.205;-567.0225;-1908.818
53902;159.1177;-564.8405;-1905.047
53936;159.2455;-561.6505;-1901.316
53970;159.179;-560.0612;-1898.885
54003;158.8883;-557.0046;-1898.013
54037;158.5439;-555.6985;-1897.003
54071;158.513;-555.6744;-1895.524
54106;158.0351;-555.4561;-1894.939
54138;157.2967;-555.2139;-1895.844
54172;156.5047;-556.1338;-1897.187
54206;156.1686;-558.6545;-1900.763
54240;149.7537;-563.0796;-1906.654
54275;149.1545;-560.9503;-1908.907
54308;148.9279;-560.3842;-1909.557
54342;153.1684;-558.7391;-1915.638
54376;154.5992;-558.2587;-1915.745
54426;154.7784;-557.5641;-1915.37
54477;166.4545;-601.1155;-1864.423
54510;166.4685;-601.1166;-1864.413
54566;147.4177;-554.5445;-1909.719
54583;147.3332;-555.2396;-1908.964
54607;166.8102;-608.3163;-1866.247
54640;147.0506;-553.8807;-1905.693
54674;147.2538;-553.9671;-1905.663
54708;147.8437;-554.2656;-1905.461
54741;148.4481;-554.4096;-1905.582
54779;149.0319;-554.6905;-1905.918
54813;160.8259;-574.2775;-1905.774
54847;160.215;-572.9051;-1907.894
54865;158.6939;-570.8835;-1912.193
54899;158.0833;-570.3792;-1913.628
54950;157.4441;-570.2351;-1915.284
54995;157.1728;-571.7948;-1915.59
55012;156.9731;-571.8395;-1916.104
55045;156.7356;-571.8464;-1916.7
55079;156.5693;-571.7693;-1916.872
55101;156.3868;-571.7231;-1916.784
55152;156.0465;-571.4435;-1915.37
55202;155.6453;-570.6604;-1912.8
55220;155.0871;-569.3518;-1907.88
55253;154.9103;-567.6263;-1904.817
55275;154.9635;-566.031;-1902.587
55315;155.0539;-562.8426;-1898.579
55349;155.9521;-560.9686;-1894.414
55372;156.5109;-559.6575;-1891.0
55409;156.5422;-558.8174;-1889.97
55460;156.6685;-558.213;-1888.868
55476;156.3082;-556.5512;-1889.456
55510;155.5853;-555.9397;-1890.221
55561;154.2025;-555.7722;-1896.866
55578;154.1082;-557.6905;-1899.525
55629;155.1087;-566.6965;-1912.34
55679;154.9797;-565.5143;-1912.953
55714;154.9417;-564.8387;-1913.331
55748;154.8456;-564.1776;-1913.8
55766;154.7292;-564.1964;-1913.562
55813;149.8309;-564.0815;-1912.679
55850;151.8208;-563.8907;-1912.99
55885;150.4253;-563.7925;-1912.989
55906;149.115;-563.4962;-1912.082
55950;151.4169;-562.4053;-1910.679
55993;152.6268;-562.3858;-1909.72
56009;153.1431;-562.3527;-1909.529
56043;154.6896;-562.0042;-1909.054
56068;155.9424;-561.7594;-1908.907
56119;156.8245;-561.9807;-1908.871
56156;157.6166;-562.6257;-1909.564
56191;157.8523;-563.4293;-1910.084
56208;157.9137;-564.8281;-1910.472
56241;157.3913;-566.799;-1912.45
56275;156.7641;-569.0447;-1915.474
56308;156.7064;-570.0796;-1917.5
56342;156.6096;-573.0453;-1918.889
56376;156.8956;-574.7008;-1919.615
56410;156.7005;-574.7116;-1920.448
56443;156.4454;-574.693;-1920.749
56477;156.2432;-574.7122;-1920.56
56511;155.8734;-573.7905;-1918.969
56544;155.5082;-571.7303;-1914.503
56578;154.9454;-569.3904;-1906.384
56612;154.5146;-566.9642;-1902.686
56646;154.1587;-563.5054;-1897.55
56679;154.5356;-560.3865;-1891.734
56713;156.0452;-559.7311;-1884.159
56748;156.0375;-558.2905;-1882.006
56770;156.0048;-556.7413;-1880.531
56804;155.5566;-554.8755;-1880.886
56837;154.835;-554.5826;-1880.872
56871;153.6506;-554.3968;-1882.986
56904;153.5618;-554.9049;-1885.934
56956;147.0872;-561.1564;-1905.633
56989;149.6898;-564.3052;-1912.578
57006;164.1373;-616.4202;-1877.859
57039;154.4962;-569.4399;-1927.275
57073;150.0614;-568.9286;-1929.128
57107;156.0593;-570.5754;-1918.986
57141;156.2563;-567.2212;-1921.793
57174;156.3717;-566.6125;-1922.08
57208;150.7547;-562.1459;-1924.296
57242;150.7523;-562.798;-1923.795
57275;150.7362;-562.9505;-1923.597
57326;150.6911;-564.2153;-1922.488
57344;150.7312;-565.4099;-1921.454
57378;150.956;-565.9023;-1920.863
57412;151.2334;-566.053;-1920.618
57445;151.7706;-565.8595;-1920.48
57479;151.7652;-566.0884;-1920.794
57512;151.7727;-566.5365;-1921.215
57530;155.7708;-579.8165;-1922.169
57564;155.7216;-579.8817;-1922.193
57614;155.4554;-580.4152;-1922.577
57631;154.9501;-580.9853;-1923.531
57665;154.6496;-581.2415;-1923.737
57699;154.405;-581.5222;-1923.887
57749;153.6195;-581.7263;-1924.366
57766;153.1214;-581.7333;-1924.265
57816;152.3334;-581.7518;-1923.591
57855;150.7957;-579.8014;-1922.423
57891;149.8713;-577.3329;-1916.744
57925;148.4465;-573.7869;-1909.34
57942;147.91;-569.1331;-1904.624
57975;149.0911;-565.6314;-1893.65
58009;150.2954;-563.4473;-1886.5
58043;150.5638;-561.5493;-1881.748
58076;151.1046;-559.9482;-1878.521
58110;150.9892;-559.233;-1877.68
58144;150.4998;-557.8545;-1877.853
58177;149.8211;-557.17;-1878.355
58228;139.7526;-551.6536;-1892.863
58245;141.0059;-551.8823;-1893.586
58279;141.6628;-552.9178;-1897.011
58312;141.3494;-556.2893;-1902.017
58346;142.1425;-561.2479;-1907.203
58380;142.0594;-562.9383;-1910.006
58414;141.3687;-562.7302;-1912.018
58453;139.5499;-565.9732;-1915.347
58470;139.1159;-566.2366;-1915.851
58520;139.1629;-566.2954;-1915.724
58554;142.2915;-574.224;-1910.225
58571;121.5358;-572.0613;-1922.821
58605;131.1146;-569.3337;-1918.76
58642;131.4128;-569.5884;-1918.417
58676;132.1062;-569.0777;-1917.741
58709;146.2212;-572.4019;-1906.719
58743;158.0319;-611.8268;-1873.496
58760;148.5834;-574.7963;-1904.609
58810;148.7081;-574.9305;-1904.719
58827;148.8579;-575.45;-1904.931
58878;148.8302;-575.7928;-1905.971
58933;147.9726;-575.2479;-1910.03
58949;147.6497;-576.0017;-1911.019
58985;147.2963;-576.7809;-1911.886
59017;146.8859;-577.4816;-1912.891
59068;146.5657;-577.9379;-1913.896
59084;146.5185;-578.0714;-1914.029
59101;146.4398;-578.075;-1914.341
59135;146.4344;-578.15;-1914.294
59169;146.2156;-577.578;-1914.134
59219;146.0054;-576.1672;-1912.537
59253;145.695;-574.9683;-1910.198
59271;145.2158;-572.0242;-1907.165
59305;145.3016;-568.376;-1902.286
59357;145.6732;-566.6608;-1896.621
59375;146.8335;-565.0716;-1891.297
59409;147.4048;-563.3623;-1886.471
59460;147.6191;-561.808;-1883.123
59476;147.5185;-560.9106;-1882.042
59510;147.4035;-560.3159;-1882.0
59544;147.364;-560.2185;-1881.999
59578;146.9147;-559.9661;-1881.783
59611;146.5172;-559.6808;-1882.194
59645;146.514;-560.9563;-1882.309
59679;146.5943;-562.7065;-1883.51
59712;146.1134;-559.2344;-1890.93
59746;146.5457;-558.0976;-1894.983
59780;147.1299;-557.2733;-1896.65
59813;144.4249;-559.657;-1903.371
59847;144.5745;-559.7353;-1903.278
59884;144.3911;-559.6797;-1903.298
59904;147.4998;-559.4042;-1903.096
59938;145.3329;-558.7137;-1902.203
59971;144.6626;-558.688;-1901.815
60005;146.1982;-557.8356;-1900.529
60038;146.992;-557.6691;-1899.542
60072;147.5667;-557.8748;-1898.836
60107;148.5685;-557.7091;-1898.682
60140;152.5141;-561.6058;-1897.195
60173;152.5698;-561.6268;-1897.324
60201;152.7532;-562.1407;-1897.205
60230;152.8991;-562.8275;-1897.281
60264;153.0747;-564.2772;-1897.868
60315;152.8633;-565.4892;-1898.429
60331;152.7866;-566.1278;-1898.919
60365;152.4265;-568.4515;-1899.586
60399;151.7855;-570.0681;-1900.256
60432;151.4837;-570.8822;-1900.919
60483;150.6147;-571.0594;-1902.651
60533;149.682;-571.1476;-1903.147
60567;149.2563;-570.8499;-1902.819
60601;148.6543;-570.3027;-1902.01
60635;148.1316;-569.0916;-1898.446
60668;147.2342;-567.3638;-1894.9
60702;148.0546;-565.9931;-1888.073
60736;147.7568;-562.6351;-1883.876
60769;147.7297;-560.0781;-1879.937
60803;147.4813;-557.5844;-1877.173
60837;147.3956;-555.8342;-1874.553
60871;147.4368;-555.3207;-1873.307
60909;147.4645;-555.1211;-1872.544
60943;147.1457;-554.4376;-1872.726
60976;146.5737;-554.0299;-1873.549
61028;145.6462;-553.8049;-1875.353
61044;144.8628;-553.5677;-1878.134
61077;155.9117;-600.4213;-1846.722
61111;156.5882;-601.0571;-1848.2
61145;156.7723;-600.9371;-1849.016
61178;156.9058;-600.7242;-1850.229
61229;156.8488;-600.5251;-1850.807
61246;156.7658;-600.4003;-1851.423
61282;133.6582;-555.6991;-1901.594
61315;160.4229;-602.9411;-1855.355
61365;146.1149;-570.0622;-1887.215
61399;146.0704;-569.9246;-1887.263
61424;145.9652;-569.5842;-1887.27
61440;158.6855;-603.6051;-1853.082
61474;132.8988;-556.1464;-1898.896
61521;133.1552;-556.676;-1898.664
61555;133.5346;-556.876;-1898.725
61572;133.7513;-557.2217;-1898.922
61606;134.0112;-557.2805;-1898.854
61640;134.174;-557.2222;-1899.047
61674;144.3629;-571.1932;-1895.556
61707;144.4419;-571.3201;-1895.608
61741;144.408;-571.7347;-1896.324
61792;144.212;-572.1398;-1897.195
61808;143.4472;-572.8019;-1898.802
61842;143.0165;-573.4333;-1899.855
61876;142.0881;-572.9401;-1901.721
61909;141.8145;-573.1456;-1902.205
61943;141.6746;-573.4557;-1902.482
61977;141.4734;-573.8052;-1902.697
62010;141.3424;-573.9363;-1902.682
62028;141.2519;-573.9588;-1902.637
62078;141.0417;-573.9316;-1902.309
62097;140.6189;-573.4755;-1902.073
62129;140.6997;-573.1844;-1900.392
62198;141.7131;-572.5217;-1893.942
62248;142.1027;-572.4011;-1892.363
62282;142.5658;-572.0595;-1890.5
62315;143.0506;-571.7775;-1889.096
62349;143.2761;-571.4266;-1888.233
62383;143.7789;-571.1411;-1887.361
62417;143.8542;-571.0944;-1887.121
62450;144.0676;-571.0132;-1886.546
62505;144.2512;-570.9321;-1886.198
62521;144.3878;-570.8267;-1885.995
62538;144.4249;-570.8061;-1885.927
62572;144.5759;-570.556;-1885.817
62605;144.5978;-570.5593;-1885.821
62639;145.5373;-571.6584;-1884.837
62673;145.8758;-571.7939;-1884.479
62707;146.5194;-571.8264;-1884.386
62740;146.8288;-572.0822;-1884.29
62774;147.306;-572.0819;-1884.332
62808;147.7216;-572.1031;-1884.34
62841;148.0613;-572.2518;-1884.661
62875;148.5814;-572.3522;-1884.887
62908;148.7978;-572.4712;-1885.17
62942;149.2823;-568.5108;-1891.421
62963;149.3479;-568.9176;-1891.686
62997;149.4906;-569.0372;-1891.806
63030;149.8191;-569.5861;-1892.011
63064;150.0258;-569.7635;-1892.343
63098;150.1535;-569.8466;-1892.958
63132;150.3489;-569.8766;-1893.796
63166;150.6167;-569.9184;-1894.632
63217;150.9062;-570.1293;-1894.671
63240;151.0164;-569.9116;-1895.395
63274;151.1719;-570.0284;-1895.471
63308;151.34;-570.0519;-1895.726
63341;151.6242;-570.2583;-1895.99
63393;151.8183;-570.3375;-1896.172
63409;151.9277;-570.59;-1896.391
63443;152.0701;-570.6687;-1896.698
63476;152.4591;-570.0153;-1899.127
63527;152.5211;-570.0695;-1899.387
63544;152.7836;-570.4755;-1899.676
63569;153.2035;-571.3995;-1899.857
63602;153.3531;-571.614;-1899.925
63653;153.4286;-571.8811;-1900.012
63670;153.5269;-572.2945;-1900.283
63704;153.6901;-572.7654;-1900.494
63737;153.7958;-573.0411;-1900.75
63771;153.9216;-573.3333;-1900.961
63805;153.9455;-573.6479;-1901.142
63838;153.7295;-571.7202;-1904.266
63872;153.8787;-572.3872;-1904.218
63906;153.9764;-572.7313;-1904.237
63940;153.8785;-571.6098;-1906.209
63973;153.9173;-572.3698;-1906.109
64007;153.8172;-571.9752;-1908.077
64041;153.8306;-571.6671;-1908.79
64076;153.6888;-571.9304;-1909.225
64110;153.7077;-572.2056;-1909.137
64144;153.7901;-572.5992;-1909.866
64178;153.8078;-572.7922;-1910.059
64211;153.9002;-573.123;-1910.238
64245;154.0439;-573.1718;-1910.32
64279;154.0511;-573.1076;-1910.121
64312;154.0972;-573.1526;-1910.113
64346;154.1848;-573.16;-1910.105
64380;154.2651;-572.9128;-1910.161
64414;154.457;-572.4839;-1910.071
64460;154.5537;-572.2076;-1910.138
64475;154.8392;-571.7883;-1910.175
64527;155.557;-571.7941;-1910.047
64560;155.8661;-572.1802;-1910.011
64576;156.3167;-573.0937;-1909.87
64610;156.7678;-573.8022;-1910.296
64644;157.1503;-574.7974;-1911.148
64677;157.4816;-575.884;-1912.099
64711;157.6709;-576.9297;-1913.353
64745;157.7174;-577.8265;-1914.404
64779;157.7527;-578.6244;-1916.055
64799;157.5313;-579.4245;-1917.504
64833;157.4499;-579.8685;-1918.508
64883;157.1206;-578.8727;-1921.961
64917;157.0705;-579.1927;-1922.211
64951;156.8931;-578.3127;-1924.334
64985;157.054;-578.6769;-1924.093
65002;157.4164;-579.499;-1923.506
65036;157.7159;-579.8033;-1923.2
65069;157.9519;-580.1273;-1922.925
65103;158.2046;-580.302;-1922.628
65154;158.3016;-580.4435;-1922.527
65171;158.4328;-580.6266;-1922.259
65222;159.0188;-580.9893;-1921.949
65238;159.3358;-581.0416;-1921.807
65272;159.4848;-581.0028;-1921.589
65306;159.5566;-581.0507;-1921.537
65340;159.659;-581.1141;-1921.58
65373;159.7978;-581.183;-1921.517
65407;160.1105;-581.1902;-1921.339
65441;160.4615;-579.9074;-1922.746
65474;160.7001;-580.0214;-1922.469
65508;160.8781;-580.1385;-1922.374
65542;161.0051;-580.2301;-1922.357
65575;161.1887;-580.2912;-1922.333
65609;161.3849;-580.3774;-1922.352
65643;161.5945;-580.5886;-1922.351
65677;161.8236;-580.6986;-1922.426
65710;161.9468;-580.8111;-1922.474
65747;162.0993;-580.945;-1922.532
65778;162.1986;-581.0068;-1922.638
65811;162.3864;-581.067;-1922.775
65845;162.69;-581.1598;-1922.894
65862;163.268;-581.3519;-1922.923
65913;163.5694;-581.3752;-1922.834
65946;163.8317;-581.2825;-1923.21
65980;164.1884;-581.3408;-1923.298
66015;164.6798;-581.4218;-1923.754
66038;165.2485;-580.739;-1924.841
66072;165.9137;-581.0861;-1925.205
66105;167.0163;-579.9043;-1927.36
66139;168.0651;-580.4993;-1926.915
66173;168.6465;-580.9288;-1926.809
66217;169.3038;-580.9974;-1926.835
66245;169.9587;-581.1491;-1926.753
66279;170.9149;-581.2179;-1926.964
66313;171.9082;-580.713;-1927.691
66346;172.8978;-579.9844;-1928.352
66380;173.7865;-579.4352;-1928.976
66401;174.6728;-578.9816;-1929.292
66435;175.556;-578.4827;-1929.66
66469;177.116;-576.7895;-1931.088
66519;178.3057;-575.9587;-1931.777
66535;179.4793;-575.1451;-1931.896
66569;181.9771;-574.879;-1931.638
66603;186.3219;-577.7903;-1928.72
66637;189.3427;-576.596;-1928.858
66671;191.2735;-575.7886;-1929.048
66705;193.9612;-575.3904;-1928.027
66735;196.0213;-574.9715;-1928.096
66772;197.764;-573.5522;-1927.225
66806;200.6988;-573.4579;-1925.386
66840;202.3559;-573.185;-1924.214
66890;203.7097;-572.8862;-1923.678
66907;205.2685;-572.6908;-1923.451
66941;206.9407;-572.0626;-1922.803
67152;443.7198;-342.0999;-1778.636
68342;215.2226;-512.8184;-1848.803
68375;206.7725;-516.1194;-1840.159
68409;202.7906;-517.6187;-1834.165
68443;195.6788;-521.6422;-1825.247
68497;191.0692;-537.3331;-1801.202
68514;187.1642;-535.6938;-1800.874
68564;181.9036;-538.2196;-1794.239
68581;175.3295;-539.0213;-1788.586
68615;170.9357;-541.0804;-1783.338
68635;175.4478;-537.155;-1782.296
68668;144.5306;-502.2336;-1797.422
68702;144.0534;-502.8372;-1796.418
68736;142.5827;-502.9967;-1794.859
68770;139.0034;-503.7697;-1791.176
68804;135.7352;-503.7931;-1786.783
68858;132.4883;-502.2628;-1782.698
68875;129.69;-501.3904;-1778.506
68908;126.6022;-499.4987;-1773.574
68942;123.9016;-497.599;-1767.135
68998;121.6893;-496.3562;-1760.931
69015;120.2146;-494.0205;-1751.987
69052;123.1509;-504.6119;-1715.433
69087;118.9226;-486.4892;-1726.84
69154;117.7781;-486.4223;-1715.37
69221;120.8327;-492.3705;-1660.793
69239;121.4994;-491.0464;-1657.195
69307;121.3156;-488.3346;-1646.941
69346;120.4856;-485.4956;-1631.703
69364;119.0672;-463.884;-1635.475
69398;117.6737;-456.9163;-1630.608
69431;116.9679;-451.5392;-1619.866
69450;116.3574;-448.9788;-1600.625
69503;115.9308;-446.7415;-1590.689
69520;115.5171;-444.3087;-1578.976
69546;115.1976;-441.3371;-1569.672
69597;114.9686;-437.4474;-1561.355
69647;112.2505;-430.4721;-1555.779
69665;111.2721;-426.3857;-1537.341
69700;109.6471;-424.3057;-1533.643
69735;106.3398;-421.064;-1527.809
69769;100.6846;-417.6686;-1518.296
69791;92.78433;-413.3852;-1512.174
69830;83.94706;-408.0032;-1498.068
69847;77.68285;-407.0533;-1489.052
69884;68.54292;-404.7072;-1477.49
69926;59.4714;-401.5276;-1464.732
69961;48.67236;-398.322;-1454.627
69995;38.28862;-393.6854;-1440.931
70032;28.0576;-389.2114;-1432.018
70075;18.54527;-387.4524;-1419.612
70092;9.927361;-384.1854;-1411.523
70128;0.2706135;-378.5442;-1401.485
70163;-7.125177;-378.0166;-1389.748
70181;-13.67194;-377.0744;-1380.233
70232;-18.70974;-376.4741;-1370.725
70248;-22.92216;-375.6855;-1361.493
70282;-26.59084;-374.4187;-1353.134
70333;-29.6922;-372.3894;-1346.736
70353;-32.34434;-369.9583;-1341.387
70410;-34.11229;-367.3847;-1333.819
70463;-35.65859;-364.7326;-1327.782
70570;-40.75726;-354.1253;-1294.433
70617;-37.27107;-347.9766;-1274.036
70657;-26.69689;-357.4858;-1226.551
70700;-28.96411;-342.3044;-1236.657
70720;-28.87065;-337.4786;-1235.462
70755;-27.56899;-333.111;-1222.636
70789;-26.15797;-327.9291;-1212.977
70829;-24.91826;-324.0152;-1199.298
70869;-23.09738;-322.7106;-1184.523
70884;-19.7001;-314.5634;-1170.327
70918;-18.04509;-312.9273;-1154.756
70952;-12.50732;-320.8183;-1110.797
70986;-11.13346;-318.692;-1103.294
71007;-13.88826;-303.1647;-1107.625
71040;-14.11328;-299.6909;-1097.685
71074;-14.83748;-295.5006;-1085.135
71108;-17.54908;-292.1378;-1077.337
71141;-23.91646;-283.5009;-1076.29
71175;-30.09276;-282.2978;-1068.427
71209;-36.42249;-279.073;-1058.183
71264;-42.65072;-276.1199;-1048.008
71299;-47.97957;-272.5771;-1037.512
71315;-52.96766;-268.1465;-1025.949
71355;-58.15357;-267.1017;-1014.615
71392;-63.10154;-266.5942;-1004.277
71406;-69.23483;-264.2278;-993.3806
71475;-76.23949;-263.2975;-984.7527
71508;-105.3483;-254.3132;-979.5875
71543;-115.6261;-264.0947;-934.5632
71559;-128.4857;-220.8561;-979.5565
71580;-64.18383;-196.2257;-878.2271
71613;-132.2183;-215.5654;-943.8501
71652;-106.9417;-235.6524;-882.5052
71688;-109.3425;-234.8868;-864.1554
71722;-132.8406;-204.5653;-895.6909
71757;-131.9587;-209.9127;-873.9463
71773;-137.913;-203.4485;-879.1257
71814;-155.9989;-181.4301;-898.1371
71848;-159.2235;-187.9582;-896.397
71884;-167.9536;-219.0809;-908.1983
71903;-173.6752;-213.5354;-902.6505
71954;-171.2841;-189.0999;-857.64
71987;-174.2401;-186.4407;-851.0691
72012;-179.7782;-149.7502;-859.4862
72046;-173.3909;-161.3085;-851.7857
72067;-111.687;-61.53838;-490.1856
72097;-104.8254;-58.83583;-494.1811
74776;-69.15195;-498.5905;-1970.01
74827;-69.78259;-500.1264;-1968.403
74843;-70.38332;-500.4514;-1967.041
74878;-70.96562;-498.4607;-1967.077
74939;-70.55116;-492.3634;-1967.671
74961;-69.80178;-494.8891;-1964.825
74980;-68.20319;-497.3464;-1961.255
75014;-64.59633;-496.5865;-1960.085
75047;-58.9342;-494.8015;-1958.096
75098;-43.94615;-494.758;-1952.042
75117;-26.75986;-488.5081;-1951.879
75150;-14.00822;-488.7903;-1946.162
75186;0.08497806;-487.8802;-1942.994
75237;32.37875;-476.6624;-1936.777
75302;41.29278;-473.0327;-1935.626
75325;62.86316;-469.0355;-1934.741
75361;107.2646;-459.079;-1931.132
75378;128.3184;-461.5866;-1918.553
75429;132.0607;-462.1494;-1916.452
75484;145.5358;-460.8628;-1909.849
75520;150.5616;-458.1065;-1909.415
75540;153.62;-456.9424;-1907.876
75591;157.8713;-454.4532;-1907.194
75627;166.9593;-442.5271;-1914.858
75643;167.6425;-439.86;-1916.021
75677;177.1312;-441.2492;-1913.072
75731;182.251;-444.3029;-1910.573
75748;183.6095;-445.3319;-1910.232
75788;186.6702;-447.5564;-1908.242
75822;201.4431;-446.1421;-1923.458
75840;207.5983;-445.1561;-1908.262
75878;207.46;-445.477;-1907.877
75915;207.4794;-445.6212;-1907.586
75948;210.4501;-440.1368;-1911.708
75982;211.479;-439.636;-1913.287
76017;211.1755;-438.9681;-1913.697
76034;212.2843;-436.4669;-1913.037
76085;213.5396;-437.5501;-1910.872
76123;213.9118;-438.453;-1908.348
76139;216.4309;-438.039;-1901.57
76173;218.093;-435.464;-1895.772
76207;218.6411;-433.8893;-1887.6
76257;218.7011;-433.7584;-1880.156
76274;217.8253;-428.5739;-1866.474
76308;217.886;-425.0821;-1853.787
76359;216.6893;-424.7278;-1844.927
76392;216.3363;-424.2583;-1833.617
76429;221.3369;-425.838;-1804.21
76462;222.353;-423.9132;-1802.402
76495;225.0904;-421.9916;-1797.274
76512;229.3204;-419.9845;-1791.137
76546;231.0393;-418.7421;-1786.958
76579;232.8076;-418.321;-1784.557
76613;232.7869;-418.4012;-1783.352
76665;232.3762;-418.268;-1782.764
76706;231.6265;-418.0587;-1782.649
76738;229.6969;-417.3466;-1783.313
76757;228.7573;-417.3214;-1783.557
76771;227.6125;-416.9669;-1784.269
76822;226.8848;-416.6116;-1785.248
76857;226.5709;-416.5881;-1785.717
76877;226.0967;-416.1821;-1786.488
76914;226.1189;-416.1522;-1786.599
76948;225.8915;-415.9936;-1786.789
76982;225.6361;-415.9917;-1786.747
77005;224.9358;-415.7893;-1786.56
77056;224.0325;-416.0058;-1785.718
77073;222.8418;-415.1646;-1785.051
77108;222.0367;-414.7799;-1783.938
77141;220.5211;-412.5652;-1783.475
77174;218.6488;-413.6411;-1781.727
77208;218.4594;-413.5851;-1781.384
77242;216.7828;-413.8323;-1780.774
77276;214.6536;-413.9185;-1780.81
77309;211.1309;-414.8668;-1781.697
77343;206.8312;-416.4174;-1784.624
77376;201.5478;-418.5173;-1788.624
77400;196.2459;-419.9973;-1793.834
77434;194.9752;-393.1612;-1823.881
77484;192.8635;-397.3914;-1823.919
77518;190.117;-401.9976;-1835.963
77552;188.9358;-403.7968;-1839.508
77569;187.9677;-404.5055;-1845.864
77603;194.5972;-379.3696;-1866.976
77636;194.8984;-383.4754;-1878.966
77670;196.8275;-385.6592;-1888.104
77721;198.5725;-400.1014;-1892.953
77756;205.8329;-395.4318;-1908.041
77774;209.9643;-394.9666;-1918.346
77808;213.6019;-397.4908;-1927.759
77842;215.2669;-400.576;-1937.499
77875;216.0927;-402.4552;-1945.201
77909;212.7035;-411.6283;-1948.469
77943;211.8898;-410.7821;-1951.63
77976;211.0893;-410.431;-1952.979
78010;209.8206;-411.9366;-1953.153
78044;206.8171;-419.1198;-1950.0
78077;204.6293;-421.1243;-1946.392
78128;199.1028;-429.0815;-1934.766
78147;195.8896;-430.3997;-1921.719
78182;193.2039;-429.0309;-1905.661
78216;189.717;-429.3349;-1889.143
78249;191.0458;-425.5396;-1875.599
78283;195.0923;-423.7453;-1863.906
78318;199.8943;-420.9073;-1847.092
78353;201.0266;-419.4055;-1833.369
78371;206.9102;-417.2825;-1818.578
78405;213.8781;-397.4469;-1820.688
78456;227.4323;-393.9547;-1791.376
78472;232.1552;-412.4279;-1775.032
78506;233.6852;-412.3414;-1772.541
78540;236.764;-410.0637;-1769.38
78590;239.4066;-378.0928;-1782.285
78608;239.1313;-376.2222;-1784.654
78641;240.1767;-375.8794;-1785.481
78675;255.1581;-385.9022;-1765.893
78709;251.9044;-374.2256;-1786.892
78743;251.6707;-372.2209;-1789.075
78778;253.2908;-371.7251;-1791.917
78810;253.4465;-372.556;-1792.825
78844;260.3451;-383.8604;-1790.243
78880;259.9074;-376.0179;-1796.178
78911;257.9836;-402.7296;-1778.67
78963;259.9641;-406.0021;-1778.026
78978;262.5108;-407.8124;-1778.922
79012;263.2859;-410.1841;-1777.367
79046;274.6419;-413.6914;-1771.234
79083;276.3476;-415.1289;-1767.62
79116;283.2682;-411.482;-1758.033
79150;288.5429;-408.9565;-1749.991
79185;299.4894;-399.6163;-1730.954
79219;306.4807;-376.7538;-1740.054
79236;326.0541;-370.0557;-1716.659
79275;345.5044;-356.3508;-1707.224
79309;347.3247;-353.6421;-1701.805
79343;361.798;-345.5035;-1688.202
79376;378.2018;-322.8932;-1683.297
79410;391.7975;-317.127;-1677.296
79444;417.3912;-318.7908;-1661.656
79477;426.7496;-317.5698;-1657.276
79511;437.7408;-316.6816;-1652.421
79545;445.8138;-316.1705;-1648.663
79578;449.1863;-316.7287;-1646.823
79612;452.9822;-320.6083;-1644.371
79646;451.7836;-320.2541;-1645.448
79680;444.1925;-320.3207;-1649.088
79713;419.6224;-317.7767;-1659.253
79747;407.009;-322.4029;-1660.278
79781;391.4493;-329.6239;-1661.229
79815;373.9313;-337.7765;-1664.385
79848;359.0423;-348.806;-1663.96
79882;337.6093;-371.1784;-1666.311
79915;335.1015;-373.4258;-1666.94
79949;328.0351;-374.2083;-1669.087
79983;321.9171;-375.6825;-1669.952
80016;317.3106;-375.8015;-1670.332
80050;315.4023;-375.6798;-1670.752
80084;312.2033;-369.1639;-1673.8
80118;310.3619;-360.1667;-1677.111
80151;310.344;-356.9456;-1678.571
80185;306.1151;-328.5902;-1696.57
80219;307.5116;-316.6442;-1705.311
80235;306.887;-309.0911;-1716.419
