
0;202.2291;321.4271;-2338.126
32;206.6533;321.6711;-2334.535
66;211.8036;319.6569;-2331.153
82;216.6883;321.5861;-2327.207
232;228.9554;322.5368;-2319.634
265;240.5676;323.0482;-2313.889
299;245.5796;330.4766;-2313.794
315;259.5211;335.6125;-2309.246
349;258.3211;325.9839;-2307.464
366;270.3617;349.2784;-2304.806
383;273.7117;351.6697;-2304.362
433;278.9341;355.3006;-2302.774
450;286.408;359.1675;-2302.854
501;288.4543;359.4411;-2303.253
518;291.1096;356.271;-2305.267
551;290.9327;352.6105;-2306.251
586;291.6331;348.3715;-2307.002
619;300.1742;342.5046;-2310.812
652;298.8254;337.7007;-2310.495
686;294.2157;332.9922;-2314.579
703;286.8873;324.2876;-2318.737
720;283.5892;317.7449;-2322.011
771;279.8305;311.9417;-2326.742
787;277.6958;308.5207;-2329.564
838;276.0877;305.2127;-2332.21
854;274.7668;306.6697;-2337.091
888;272.1065;309.0464;-2340.129
922;271.1607;309.1631;-2341.187
956;268.3745;311.098;-2344.664
989;266.9687;310.64;-2346.372
1040;262.9167;312.1302;-2347.637
1057;259.3596;312.9373;-2348.784
1075;255.1538;313.2435;-2350.744
1141;250.8651;312.8241;-2351.161
1328;246.9673;313.4844;-2353.711
1377;241.8613;313.3987;-2353.602
1411;222.2735;314.9868;-2351.673
1428;220.6868;315.3829;-2351.723
1446;219.0778;315.5844;-2351.811
1495;217.1661;315.6457;-2352.124
1529;215.9782;315.96;-2352.365
1562;213.3654;315.3735;-2352.067
1596;211.1234;315.0598;-2352.198
1630;208.7801;315.5029;-2353.057
1663;206.7344;315.3784;-2353.104
1697;205.2231;315.663;-2353.19
1731;204.3967;316.0494;-2352.791
1764;203.2554;316.4641;-2353.114
1781;201.6042;315.9708;-2353.543
2034;200.5176;315.6757;-2353.106
2051;200.2219;315.757;-2353.203
2068;199.7749;314.9903;-2353.051
2085;199.7608;315.0095;-2353.029
2118;199.9933;315.1825;-2353.299
2152;200.1723;315.265;-2353.039
2186;200.174;315.2666;-2353.052
2219;200.5394;315.3153;-2352.912
2253;201.557;315.183;-2353.755
2287;201.7639;315.1489;-2353.872
2320;202.3439;314.9391;-2354.042
2354;202.711;314.6996;-2354.27
2388;203.3389;314.1908;-2354.381
2421;203.6358;313.7976;-2354.403
2455;204.1945;312.8531;-2353.854
2489;204.6261;312.8334;-2353.591
2523;204.8843;312.9984;-2353.518
2624;205.6723;313.2354;-2353.344
2850;207.4931;312.81;-2352.16
2883;211.2235;311.4102;-2350.764
2900;213.375;310.9302;-2349.504
2917;214.8692;310.4731;-2348.959
2950;216.3796;310.7888;-2348.56
2984;217.7999;310.2733;-2347.965
3018;219.3835;310.2342;-2347.913
3034;220.2174;310.1337;-2347.269
3051;220.6108;309.6953;-2347.143
3085;221.3867;307.5981;-2346.816
3119;221.3874;307.454;-2347.0
3136;221.1094;307.3242;-2347.111
3153;220.2947;306.8467;-2347.041
3186;217.154;306.8987;-2348.294
3220;214.843;309.6399;-2349.884
3253;210.8671;309.2955;-2349.06
3287;204.8996;308.8374;-2349.38
3321;202.2596;307.7196;-2349.594
3355;198.8878;309.1603;-2351.236
3388;195.0902;308.7662;-2351.67
3422;193.6022;309.0742;-2351.765
3456;191.2;310.1608;-2351.952
3490;188.4545;309.6964;-2350.623
3524;186.8232;309.239;-2350.242
3562;186.075;308.9897;-2349.966
3579;185.0697;308.6577;-2349.846
3613;184.1559;308.7212;-2349.471
3646;183.7463;309.0057;-2349.542
3680;183.6859;309.0006;-2349.45
3731;183.5119;309.3517;-2349.492
3747;183.4908;309.3671;-2349.548
3815;183.7011;309.5269;-2349.504
3866;183.8888;309.8214;-2349.279
3882;184.1496;309.687;-2349.204
3899;184.7332;310.0616;-2349.094
3950;184.8513;309.3155;-2348.488
3985;184.9706;309.3188;-2348.397
4001;185.1858;309.1935;-2348.282
4018;185.6347;309.2812;-2348.312
4052;185.7621;309.136;-2348.264
4086;185.8868;309.2977;-2348.327
4136;186.1187;309.46;-2348.57
4153;186.3734;309.6413;-2348.782
4200;186.5648;309.9289;-2348.846
4216;187.1091;310.4593;-2348.789
4250;187.3941;310.4366;-2348.575
4284;187.9834;310.3888;-2348.356
4334;188.158;310.7268;-2348.59
4351;188.5535;310.2268;-2349.129
4402;188.9376;310.5828;-2349.509
4435;189.0988;310.3933;-2349.684
4452;189.2679;310.233;-2349.893
4486;189.5419;310.2488;-2350.337
4520;189.6504;309.8616;-2350.46
4570;189.907;309.4344;-2350.44
4621;190.1091;309.3423;-2350.901
4638;190.4057;308.9633;-2351.145
4654;190.8553;308.5842;-2351.95
4688;190.8568;308.8683;-2352.343
4722;191.7708;307.7156;-2352.005
4772;192.1214;308.0276;-2352.453
4789;192.2399;308.1445;-2352.477
4823;192.9235;307.133;-2352.688
4857;192.8189;305.2945;-2353.327
4907;192.8754;305.8141;-2353.485
4941;192.8373;305.8351;-2353.51
4975;193.3156;305.4404;-2353.702
4992;193.2885;305.4517;-2353.721
5026;192.8477;302.9299;-2353.601
5059;192.8129;303.083;-2353.663
5076;192.7318;303.3075;-2353.559
5109;192.6102;303.4438;-2353.987
5143;192.8201;304.6587;-2354.322
5177;192.8724;304.7973;-2354.393
5211;192.9432;305.0898;-2354.902
5261;192.9708;305.4629;-2355.16
5296;192.8529;306.5349;-2355.532
5326;192.7968;306.7191;-2355.838
5345;192.8689;307.3739;-2356.145
5379;192.8118;307.7272;-2356.106
5412;192.7451;308.0641;-2357.102
5446;192.8348;308.2729;-2357.406
5480;192.6883;308.3501;-2357.567
5513;192.7108;308.2911;-2357.315
5547;192.5197;308.3447;-2357.523
5581;192.0712;308.326;-2357.642
5614;191.7856;308.4244;-2357.847
5648;191.6521;308.431;-2357.92
5682;191.4088;308.1598;-2357.781
5715;190.7663;307.4406;-2358.294
5749;190.6049;307.5425;-2358.235
5783;190.4042;307.603;-2358.053
5817;190.3963;307.7429;-2358.016
5851;190.3747;307.7039;-2358.001
5952;190.462;307.7317;-2357.799
5969;190.4807;307.854;-2357.597
6002;190.5135;307.7708;-2357.545
6019;190.5578;307.7477;-2357.531
6053;190.666;308.2759;-2357.45
6070;190.7827;308.6707;-2357.429
6086;190.7762;308.8484;-2357.154
6137;190.8769;309.0564;-2357.141
6154;190.9202;309.102;-2356.956
6205;190.9921;309.0967;-2356.977
6238;190.9207;308.9607;-2356.968
6272;190.9429;308.9834;-2356.955
6306;190.9083;308.8172;-2356.856
6339;190.7962;308.8572;-2356.722
6373;191.0575;308.8804;-2356.431
6407;191.446;308.444;-2356.063
6440;192.7;308.5911;-2354.64
6474;194.5185;308.8251;-2352.955
6508;198.029;309.6988;-2351.115
6542;198.7442;311.1333;-2352.061
6575;199.654;310.787;-2352.526
6609;200.1502;312.2409;-2354.555
6643;200.7725;312.9147;-2355.499
6677;201.205;313.2041;-2356.198
6721;203.0047;314.4503;-2359.301
6749;203.4076;314.8735;-2359.999
6783;203.4951;314.7758;-2360.057
6817;203.7695;314.7694;-2359.767
6850;203.913;314.7496;-2358.717
6884;203.8233;313.9619;-2358.186
6918;203.3194;314.1928;-2358.139
6951;202.8033;314.7612;-2358.21
7002;202.2117;315.4802;-2357.895
7019;200.895;314.9101;-2357.213
7052;200.0575;315.2621;-2356.383
7086;198.3459;314.838;-2355.832
7137;197.1292;315.7913;-2354.815
7171;196.3373;316.6095;-2354.015
7194;195.5532;316.6771;-2353.205
7227;193.7768;317.0995;-2351.913
7261;191.3914;317.1924;-2350.575
7312;187.9238;316.1842;-2349.105
7345;186.4374;316.8921;-2348.925
7379;185.7547;317.4377;-2349.107
7431;185.2737;318.2414;-2348.786
7463;184.348;318.6671;-2348.348
7497;183.568;319.2504;-2348.302
7531;182.4782;319.8151;-2348.05
7564;181.685;320.1125;-2347.537
7598;180.4979;320.1374;-2347.144
7632;179.9584;319.9831;-2346.232
7683;179.8575;319.8663;-2345.873
7717;180.7294;319.5658;-2344.479
7734;181.7793;319.539;-2344.445
7767;182.6464;319.8121;-2344.518
7818;186.0109;319.8269;-2346.651
7835;188.7668;319.5616;-2347.717
7886;191.0798;318.3193;-2346.794
7937;195.0781;316.9553;-2346.961
7973;196.7392;316.8866;-2347.031
8025;197.6357;316.0484;-2347.47
8063;198.85;315.4163;-2348.156
8081;198.9597;315.3463;-2348.475
8116;199.325;314.7874;-2349.103
8150;199.472;314.7598;-2349.151
8184;199.5083;314.7664;-2349.177
8235;199.6708;314.9757;-2349.6
8251;199.3917;315.0247;-2349.787
8286;197.5454;315.5305;-2350.444
8319;194.8726;316.1884;-2351.633
8355;192.8466;316.2988;-2352.804
8373;191.8169;315.8526;-2352.397
8405;188.273;313.4038;-2350.55
8441;187.7378;313.4154;-2350.624
8470;185.9972;313.5393;-2350.836
8503;184.082;312.7682;-2350.454
8537;182.9543;312.9194;-2350.273
8571;181.2394;311.4423;-2350.829
8604;180.1232;311.6755;-2351.08
8684;178.8595;311.6895;-2351.368
8785;178.251;311.7924;-2351.785
8818;177.6158;311.7758;-2351.742
8852;176.8484;311.5814;-2352.263
8886;176.1689;311.7059;-2352.523
8936;175.3613;311.8456;-2353.16
8957;174.9029;311.9384;-2353.453
8990;174.7961;311.9117;-2353.817
9024;174.603;311.8162;-2354.058
9058;174.5661;311.6907;-2354.209
9126;174.4848;311.3544;-2354.21
9362;175.1441;311.5052;-2354.576
9379;181.0094;308.5469;-2356.542
9395;183.9469;309.8032;-2358.355
9446;185.0367;309.0211;-2360.412
9463;186.1505;311.0203;-2362.592
9504;187.9334;310.6685;-2363.664
9521;191.1893;311.7621;-2364.412
9555;192.2317;310.1979;-2362.41
9588;193.9714;311.6588;-2360.655
9622;194.5324;312.066;-2359.097
9656;194.6515;312.0561;-2357.312
9690;195.1216;313.1634;-2355.446
9711;194.8525;314.3143;-2353.705
9761;195.1332;315.4191;-2352.772
9794;195.0026;316.2441;-2350.96
9845;194.7612;317.7891;-2346.477
9879;196.1662;318.0733;-2344.413
9929;199.1408;316.1645;-2340.905
9963;198.6507;314.8773;-2337.714
9997;198.2448;313.9831;-2336.746
10047;198.1057;313.8951;-2336.163
10098;199.4171;313.4174;-2334.928
10115;202.3077;314.1053;-2331.938
10132;203.0509;314.4916;-2331.803
10165;203.8568;314.5311;-2332.155
10199;204.9782;314.4563;-2332.23
10233;206.2039;313.9406;-2332.934
10301;208.5573;312.9884;-2333.165
10334;211.9333;310.5296;-2333.357
10368;213.4342;310.3725;-2334.494
10418;215.4204;308.7419;-2335.623
10436;216.716;309.2325;-2336.507
10470;217.6228;307.8688;-2339.219
10503;217.7363;307.5397;-2340.945
10537;218.1475;307.6916;-2342.111
10572;218.1103;307.9557;-2343.469
10588;218.0365;307.7708;-2344.103
10622;217.3873;308.0079;-2345.581
10655;216.3853;308.0093;-2346.231
10673;213.1686;308.6709;-2348.247
10707;210.2472;310.0956;-2349.718
10741;208.9583;310.5537;-2350.553
10776;208.1152;310.8134;-2350.77
10810;206.7176;311.1204;-2350.694
10844;205.897;311.5675;-2350.93
10877;203.8745;311.5772;-2350.901
10947;201.8898;311.8649;-2351.758
10981;199.7896;311.9559;-2353.119
11014;198.2273;312.6915;-2352.821
11048;196.6509;313.22;-2352.268
11082;193.2659;313.0139;-2351.249
11132;190.9404;312.2484;-2350.477
11166;188.5995;312.5914;-2350.256
11200;187.2272;312.7151;-2350.715
11216;184.687;312.2944;-2351.002
11250;183.8566;311.8833;-2350.919
11284;181.8951;310.3968;-2351.548
11335;180.8111;310.5916;-2352.016
11352;180.7603;310.6246;-2351.972
11371;180.6384;310.6727;-2351.964
11425;180.8024;311.0249;-2351.852
11458;181.4068;311.743;-2351.752
11509;182.1679;312.9457;-2353.014
11560;182.8858;313.6444;-2354.82
11576;184.9211;314.0753;-2355.448
11685;186.7155;313.8215;-2355.205
11872;192.3223;312.5839;-2356.232
11888;199.2525;311.2292;-2355.312
11922;201.1869;312.2573;-2356.536
11956;204.2696;313.3871;-2357.573
12007;205.1499;313.766;-2357.204
12059;205.8809;313.8696;-2356.655
12105;206.3369;314.3148;-2354.925
12155;204.8558;315.7187;-2350.752
12172;203.1526;316.084;-2345.902
12206;202.3701;316.6579;-2343.66
12223;202.4664;315.5677;-2342.414
12340;203.7497;312.0759;-2338.309
12513;205.3747;311.0663;-2336.832
12546;221.7814;308.3388;-2339.308
12580;224.9882;307.5275;-2340.708
12631;229.3653;305.6378;-2343.058
12664;232.4474;304.9779;-2345.632
12715;234.6191;304.2448;-2350.14
12748;236.6304;304.1588;-2354.739
12782;237.6584;303.819;-2355.884
12816;237.953;303.3568;-2357.366
12850;239.3606;303.9462;-2359.076
12875;240.1559;304.2704;-2361.365
12908;241.0516;304.4152;-2363.176
12942;242.1249;304.7179;-2364.166
12976;241.7102;305.3706;-2366.193
12993;241.7141;304.7455;-2367.197
13046;240.5627;305.2605;-2368.347
13083;238.3629;305.9265;-2368.911
13103;237.3538;305.9349;-2368.696
13120;232.8785;304.7783;-2368.532
13154;226.4445;305.1391;-2368.899
13204;222.5875;305.1496;-2369.178
13255;219.5093;306.3927;-2369.626
13306;216.371;307.8948;-2369.31
13340;212.3637;307.4691;-2366.596
13391;204.5;308.4288;-2364.788
13425;202.6823;308.7086;-2364.113
13458;199.1497;307.9676;-2362.971
13475;197.7487;307.0264;-2361.665
13525;197.6933;307.0759;-2361.548
13543;196.5165;306.8544;-2361.202
13593;196.3547;306.9389;-2360.7
13627;196.3572;307.3916;-2360.17
13643;197.1744;307.9413;-2360.259
13677;198.4297;308.427;-2360.357
13711;199.8082;307.9229;-2360.293
13745;203.9871;307.3415;-2361.306
13795;205.0974;306.6761;-2361.132
13829;209.7623;306.2242;-2362.181
13862;215.335;306.4902;-2363.399
13896;218.9928;305.234;-2364.119
13930;223.3366;305.9411;-2365.649
13964;225.7425;304.3684;-2365.439
14014;228.4206;304.6079;-2364.936
14048;229.2893;304.4282;-2365.121
14082;230.0328;303.51;-2364.802
14132;230.5629;303.933;-2364.763
14321;231.3311;304.2515;-2364.26
14355;225.0542;306.1066;-2356.749
14380;222.216;305.733;-2352.824
14413;214.1821;307.1349;-2337.369
14447;211.7739;303.8928;-2329.852
14481;209.393;304.3226;-2327.935
14498;208.7641;304.5803;-2327.021
14515;208.8161;304.6566;-2326.786
14565;208.8342;304.6292;-2326.692
14599;209.4374;304.2559;-2326.376
14717;210.0103;304.1245;-2325.49
14751;217.0244;306.2071;-2322.678
14785;221.4341;306.2521;-2319.834
14818;225.8649;306.871;-2320.506
14852;231.2826;306.9198;-2320.331
14885;233.5826;308.1133;-2320.999
14919;234.1402;308.6906;-2321.258
14953;235.0838;308.9098;-2321.938
15005;235.6299;309.3987;-2322.542
15024;236.7728;309.6726;-2323.782
15055;237.194;309.9323;-2324.04
15073;238.0002;310.2733;-2325.252
15105;239.2978;310.4549;-2326.155
15122;239.5488;310.5764;-2327.254
15155;239.1316;311.0456;-2328.546
15189;238.9211;311.767;-2329.854
15239;238.6562;312.0156;-2330.15
15290;238.4687;312.3407;-2330.9
15408;236.4444;312.3528;-2332.307
15493;235.2987;312.8376;-2333.294
15509;228.9161;314.1564;-2336.171
15543;213.835;314.2508;-2340.098
15576;207.7887;313.493;-2340.237
15610;201.2352;313.0308;-2340.54
15644;197.2412;314.155;-2342.298
15678;195.5644;314.4168;-2342.698
15712;193.307;315.5749;-2343.734
15728;190.8729;316.4257;-2343.525
15780;188.3864;315.7848;-2343.664
15813;185.7781;314.5546;-2342.968
15830;183.5277;314.7919;-2342.801
15881;181.4509;314.8625;-2342.876
15897;181.0225;315.156;-2343.226
15914;180.9529;315.1388;-2343.177
15965;180.9137;315.1652;-2343.389
15983;180.9122;315.1843;-2343.39
16017;181.9887;315.4836;-2345.729
16074;182.8807;315.8815;-2346.925
16091;184.172;315.1493;-2347.759
16136;185.6137;315.3752;-2347.727
16187;188.2762;314.968;-2347.195
16221;190.7447;314.6516;-2347.135
16254;192.6972;314.2393;-2347.052
16288;194.6911;314.1659;-2347.084
16338;196.0595;314.2191;-2347.184
16372;197.2898;314.4095;-2347.804
16389;198.5847;314.3533;-2348.016
16406;200.6155;313.0622;-2347.754
16423;201.1919;313.0894;-2347.895
16441;201.3909;312.9883;-2347.85
16456;201.9669;312.7331;-2347.643
16490;202.0891;312.5316;-2347.135
16540;202.8428;313.0584;-2346.311
16574;202.8401;313.0595;-2346.044
16608;203.0854;312.7555;-2344.57
16659;203.9806;313.345;-2344.093
16675;203.6079;313.6053;-2342.333
16692;206.3542;313.6346;-2341.238
16726;206.3851;312.1714;-2338.674
16776;207.3067;312.0001;-2336.454
16810;210.7459;311.3152;-2333.196
16844;219.5725;308.9578;-2328.965
16894;223.7073;307.3665;-2327.655
16911;225.9683;306.9733;-2327.056
16940;227.1724;307.0653;-2326.462
16974;227.6086;306.9418;-2326.45
17041;229.0197;307.251;-2326.775
17075;229.2887;307.0654;-2326.639
17109;230.0629;305.8716;-2326.438
17126;230.738;305.4625;-2327.104
17176;233.4382;305.0965;-2329.886
17193;233.7259;304.9134;-2330.521
17244;234.501;304.8349;-2331.849
17261;235.2376;305.01;-2334.407
17311;236.1188;305.295;-2336.864
17328;236.6615;305.3204;-2339.964
17362;237.1303;305.3514;-2342.022
17412;237.2269;305.0453;-2342.741
17446;237.4749;304.7806;-2344.928
17480;237.5134;305.3662;-2346.699
17514;237.7262;304.8881;-2349.124
17530;237.7398;305.3661;-2350.526
17564;237.5359;305.4998;-2352.062
17598;237.2422;306.2662;-2352.594
17666;236.484;306.8672;-2353.428
17683;235.6033;307.8636;-2353.435
17750;231.7808;308.469;-2353.906
17767;227.0977;308.5595;-2354.006
17784;220.3453;307.3873;-2352.763
17818;214.7818;307.9727;-2352.69
17834;210.3305;309.9693;-2352.472
17885;202.4734;309.615;-2351.016
17918;198.4493;310.1347;-2352.11
17970;196.3938;310.7906;-2352.362
18265;192.7984;311.5238;-2352.094
18281;186.7723;311.7047;-2350.664
18315;186.4088;312.19;-2350.671
18366;185.7849;312.5246;-2351.443
18382;185.6944;312.6341;-2351.687
18417;185.8168;312.723;-2351.876
18433;186.0802;312.2154;-2351.646
18476;186.731;312.3204;-2351.499
18509;188.2552;312.4365;-2351.848
18526;190.5522;312.8772;-2352.4
18579;193.407;313.4085;-2353.239
18595;194.277;313.4027;-2353.596
18647;197.5345;312.8938;-2355.208
18730;198.0421;312.9334;-2355.462
18763;198.7595;313.1345;-2355.806
18814;199.9801;313.3019;-2355.59
18831;201.5758;313.6011;-2354.647
18865;201.8673;313.5064;-2353.104
18898;203.0743;313.8089;-2352.325
18932;204.0283;314.2021;-2351.041
18966;206.4768;314.9868;-2350.477
18999;208.3197;315.3026;-2350.274
19034;209.8476;313.7889;-2347.705
19069;209.8907;312.3748;-2346.918
19103;212.9809;311.1118;-2344.995
19119;214.2338;310.8806;-2343.162
19153;215.1579;310.0834;-2342.314
19187;217.8777;309.68;-2341.976
19220;218.7713;309.2638;-2341.212
19254;219.5527;309.001;-2340.821
19288;219.6761;308.8665;-2340.356
19321;219.9383;308.78;-2340.145
19355;220.2426;308.9563;-2339.919
19389;220.7759;308.9396;-2339.927
19422;221.0087;308.9648;-2339.908
19456;221.3579;308.6308;-2339.699
19490;221.3185;308.0659;-2339.512
19507;221.4509;308.0902;-2339.957
19540;221.4502;308.0879;-2340.022
19591;221.5863;308.1497;-2340.468
19776;222.1127;308.0639;-2341.209
19793;227.1882;308.4845;-2347.651
19827;228.4084;308.6567;-2349.344
19861;229.3929;308.8307;-2350.442
19894;229.8181;309.0016;-2351.736
19928;229.4575;309.1443;-2353.546
19962;227.5326;309.3049;-2354.738
19995;222.4152;309.3178;-2355.342
20029;218.2107;308.8935;-2355.344
20063;214.3239;308.7695;-2356.315
20097;210.7114;310.4934;-2357.28
20130;205.9473;311.945;-2356.645
20147;201.1464;312.6152;-2356.526
20181;198.4762;313.1453;-2357.333
20217;194.1736;313.3151;-2356.223
20251;191.1367;313.3886;-2356.328
20307;185.7094;312.5721;-2355.907
20324;181.3599;312.2293;-2355.941
20375;178.9747;312.6359;-2356.259
20425;176.7241;312.7723;-2355.921
20459;175.717;312.9575;-2356.08
20492;174.048;312.6353;-2355.404
20527;171.6102;312.083;-2355.525
20560;170.0006;311.772;-2355.23
20593;169.2927;311.9637;-2355.676
20627;169.0513;312.76;-2356.074
20894;169.0518;312.9876;-2356.342
20927;174.2022;314.6844;-2360.717
20962;180.3552;314.3259;-2363.709
20978;185.1421;314.006;-2364.328
20995;189.8499;314.1446;-2365.656
21012;193.3234;315.1149;-2366.967
21028;194.6872;315.3274;-2368.007
21096;195.5837;314.9743;-2368.563
21130;196.0276;314.8369;-2369.302
21180;196.3893;314.9695;-2370.343
21214;196.7506;315.1375;-2370.902
21231;197.321;315.5017;-2371.337
21265;197.9015;315.7162;-2371.74
21298;198.049;315.9485;-2371.923
21315;198.2921;316.029;-2371.813
21366;198.9066;315.3755;-2370.997
21399;202.4046;315.304;-2370.564
21416;205.8054;316.4207;-2371.166
21450;214.5876;315.6547;-2372.201
21483;218.42;313.0957;-2370.758
21500;219.4748;313.4489;-2370.537
21534;220.274;313.7819;-2370.633
21551;221.0019;314.0592;-2370.329
21602;221.4834;314.2471;-2369.918
21618;221.6814;314.183;-2369.794
21669;221.6676;314.0233;-2369.283
21720;221.7153;314.0134;-2369.281
21754;222.0773;312.9478;-2369.292
21770;222.1313;313.1248;-2369.632
21809;222.2029;312.9925;-2370.203
21825;222.9824;312.7773;-2371.332
21859;222.9456;312.3715;-2372.584
21893;222.7646;312.4041;-2373.341
21926;222.0816;312.3402;-2373.642
21960;221.9714;312.6401;-2374.545
21993;221.5527;313.329;-2376.197
22044;219.4661;313.5313;-2376.762
22078;217.7097;313.0829;-2377.682
22094;216.2807;313.7553;-2378.513
22162;214.9751;313.8717;-2378.375
22196;213.7595;314.2791;-2377.983
22229;212.7289;314.5857;-2377.077
22263;211.7319;314.2364;-2376.201
22280;209.7171;314.2006;-2374.735
22315;207.6776;312.6218;-2373.716
22330;206.3303;312.8822;-2373.106
22364;202.4986;312.8434;-2372.047
22381;199.2034;312.6813;-2370.79
22466;196.9507;311.6269;-2370.771
22499;194.7497;312.0016;-2370.42
22533;191.5299;309.3896;-2368.035
22567;189.1393;309.8429;-2367.386
22601;186.8317;310.462;-2366.526
22617;184.1184;311.2757;-2366.02
22651;181.849;312.9582;-2365.482
22667;179.0583;313.0257;-2364.877
22701;176.6989;313.809;-2363.982
22735;175.3982;314.3777;-2363.242
22752;174.1782;314.6987;-2362.163
22802;174.0079;314.796;-2361.771
22819;173.2145;315.0345;-2361.219
22853;172.6895;315.1115;-2361.22
22886;172.4226;314.5966;-2361.604
22971;172.441;314.4612;-2362.052
23158;172.2878;313.7566;-2361.929
23208;177.7369;314.0017;-2364.305
23242;186.7942;315.7506;-2366.584
23258;190.8425;316.5341;-2368.515
23292;194.406;316.2906;-2370.367
23326;196.3442;316.1043;-2371.827
23359;199.0515;315.3404;-2371.984
23376;202.1736;314.3416;-2372.039
23410;205.2532;312.3284;-2370.912
23447;206.2548;311.0772;-2370.6
23479;207.4776;310.4814;-2370.112
23496;210.5863;311.1839;-2369.959
23513;213.604;310.7383;-2368.013
23530;213.8592;311.3854;-2366.535
23581;214.2783;312.5012;-2365.315
23597;214.5007;312.932;-2364.622
23648;214.8607;313.1512;-2363.956
23665;214.7128;312.9902;-2362.997
23699;215.1432;313.1659;-2361.293
23716;215.7295;312.4939;-2356.361
23750;216.9168;312.1769;-2354.555
23783;218.1806;312.1104;-2353.473
23853;222.546;312.4948;-2352.531
23899;225.5445;312.9724;-2352.732
23914;229.728;312.608;-2352.598
23931;230.1636;312.4873;-2352.604
23993;231.8484;311.8957;-2353.229
24027;233.0262;311.8252;-2354.271
24061;233.0819;311.4537;-2354.795
24111;233.0021;311.0793;-2355.514
24128;232.9721;310.9651;-2355.982
24178;232.0745;310.1936;-2357.03
24195;232.2916;310.3275;-2357.822
24245;232.364;310.2087;-2359.2
24343;232.1807;310.2162;-2359.903
24361;232.745;309.9507;-2360.928
24394;232.6176;309.858;-2361.521
24415;232.0163;309.4571;-2362.247
24449;231.5947;309.456;-2362.575
24483;230.5869;308.9317;-2362.724
24500;229.5796;308.9977;-2362.668
24537;227.9062;309.7584;-2361.947
24553;225.4938;310.2531;-2361.069
24604;219.8374;309.5175;-2358.502
24621;214.2158;309.8103;-2357.356
24655;212.3558;310.1006;-2357.386
24689;211.7269;310.6119;-2357.8
24706;206.7786;312.1787;-2355.446
24756;199.589;310.9169;-2354.012
24773;195.8974;312.5585;-2354.101
24790;191.2352;312.0391;-2353.04
24841;186.1142;312.6225;-2352.139
24874;181.2824;311.6346;-2350.808
24908;178.0482;312.5654;-2350.441
24942;175.3243;312.5288;-2349.93
24958;172.2534;312.1228;-2349.294
25009;170.4328;312.3423;-2348.952
25026;167.733;312.5587;-2348.651
25060;164.5108;312.8761;-2347.646
25093;163.79;312.9547;-2347.736
25127;163.2298;312.711;-2347.794
25161;163.0391;312.5787;-2347.867
25212;162.92;312.6196;-2347.783
25228;162.9443;312.5031;-2347.784
25413;163.6599;311.2924;-2348.011
25430;169.7175;313.7812;-2349.838
25464;173.2425;312.8894;-2351.434
25532;178.2328;313.3584;-2353.671
25633;183.7642;311.7569;-2354.65
25650;191.2567;311.5406;-2357.974
25684;194.9886;311.5661;-2361.464
25718;196.8209;311.8878;-2362.222
25734;198.6433;313.1616;-2363.415
25785;200.2864;313.8122;-2363.751
25819;201.0393;313.6065;-2363.066
25853;201.7503;314.0881;-2362.344
25888;202.9603;313.9935;-2360.96
25990;204.6618;313.8729;-2357.946
26008;205.5849;314.6066;-2356.407
26044;212.6622;315.7493;-2350.9
26077;212.5291;316.6665;-2349.901
26128;212.6862;316.6121;-2348.975
26162;212.4107;316.5427;-2348.256
26196;212.1394;316.1054;-2345.83
26229;212.0297;315.019;-2342.985
26296;212.0327;314.5158;-2342.444
26330;212.6353;314.3909;-2341.498
26381;212.5652;314.5156;-2341.183
26399;212.8739;314.3757;-2340.729
26433;215.7373;315.2679;-2340.192
26483;217.3465;314.9019;-2339.576
26535;218.2618;314.2974;-2339.242
26593;223.4535;313.5109;-2339.951
26633;223.5565;312.2305;-2340.602
26659;223.7855;312.1829;-2340.857
26693;223.9065;311.7918;-2341.646
26743;224.0421;311.7482;-2341.845
26786;223.9837;311.9467;-2342.463
26814;223.7299;312.1947;-2342.844
26865;223.0342;312.3734;-2343.795
26915;222.753;312.2863;-2344.052
26951;221.7773;312.3775;-2344.62
26966;219.8236;312.9161;-2344.667
26986;215.4681;312.7484;-2345.356
27016;209.9167;313.7885;-2345.558
27033;206.3073;313.9247;-2344.73
27084;203.9211;313.7462;-2345.654
27134;198.9495;314.0374;-2346.958
27185;194.9134;315.222;-2347.197
27204;192.4405;315.3735;-2347.079
27254;186.903;313.7471;-2346.37
27288;183.5263;313.2111;-2345.971
27322;180.2515;312.804;-2346.322
27357;176.839;313.6482;-2345.851
27408;174.2963;313.7577;-2346.139
27425;172.2448;313.6346;-2345.876
27442;170.2928;313.6761;-2345.75
27458;168.7191;313.2098;-2345.883
27774;170.867;313.0922;-2351.271
27794;174.7872;314.7563;-2353.94
27862;178.6141;315.1403;-2356.437
27896;181.0829;314.2098;-2357.776
27930;187.155;315.5061;-2360.372
27964;191.2813;314.8669;-2362.339
28014;194.0555;313.9985;-2363.265
28049;196.4623;313.5008;-2362.978
28084;198.6024;312.7972;-2363.18
28135;199.5608;313.1517;-2362.988
28152;200.0551;313.4664;-2362.989
28169;200.5151;312.8884;-2359.321
28221;200.8323;312.6242;-2355.907
28254;199.7327;312.5415;-2353.219
28288;199.6305;311.6184;-2349.457
28305;200.3679;309.9941;-2341.747
28338;200.3275;309.9397;-2338.909
28373;200.3908;309.7242;-2338.748
28394;201.1783;308.8409;-2336.125
28411;201.5427;308.7144;-2335.396
28545;203.4118;306.7049;-2334.362
28580;205.8446;306.4807;-2333.771
28613;219.0477;303.1505;-2331.432
28647;220.509;302.8215;-2331.507
28697;223.5263;302.6756;-2332.109
28714;225.0431;302.4944;-2331.832
28765;225.548;302.4554;-2331.79
28798;227.3492;303.181;-2331.989
28849;228.0495;303.1558;-2331.75
28899;229.2882;303.6094;-2331.273
28967;228.9234;304.5859;-2330.979
29000;228.6163;304.6073;-2330.606
29058;227.4035;306.9072;-2330.512
29103;227.1924;307.8817;-2330.921
29154;226.3388;310.0812;-2332.822
29174;224.4852;311.6194;-2334.445
29191;223.0636;312.6373;-2336.087
29225;218.1145;315.4258;-2338.537
29252;212.1163;316.655;-2340.296
29297;209.7048;316.3139;-2341.113
29349;203.6284;316.3761;-2344.251
29381;199.1483;316.0014;-2346.257
29415;193.8724;317.3876;-2348.543
29431;188.9727;318.331;-2350.366
29483;184.843;318.0333;-2351.625
29499;180.0355;319.1634;-2353.242
29550;176.2171;318.4071;-2354.569
29583;168.137;313.1571;-2357.049
29617;165.3367;313.7204;-2357.511
29634;162.3093;314.5223;-2358.182
29684;159.605;316.2195;-2358.223
29718;157.8364;316.5565;-2358.421
29768;156.3233;317.1933;-2358.976
29802;153.9241;316.3557;-2359.843
29836;153.3617;316.4905;-2360.157
29870;152.8639;315.8715;-2360.197
29890;152.2935;315.7666;-2360.552
29923;151.9716;315.9284;-2360.8
29956;152.0151;315.9253;-2360.843
29973;152.012;315.8948;-2360.934
30077;152.0676;315.9598;-2360.97
30110;152.3974;316.1129;-2361.304
30144;153.3466;316.5424;-2363.455
30178;153.8218;316.2416;-2363.923
30228;155.5024;316.2231;-2364.247
30263;156.2035;316.0757;-2364.246
30313;158.7596;315.7919;-2363.057
30346;160.7935;315.8239;-2362.589
30380;162.833;316.6629;-2362.654
30414;166.5228;317.9808;-2363.476
30464;167.3609;318.1218;-2363.287
30498;168.5431;318.4431;-2363.363
30548;169.9132;318.636;-2363.218
30582;172.8596;319.0532;-2362.73
30616;174.5222;318.1859;-2362.438
30667;176.5439;318.4625;-2362.995
30701;178.1312;318.5055;-2363.187
30735;179.4343;318.2513;-2363.325
30769;181.7033;318.9466;-2363.291
30819;182.3779;318.8219;-2363.55
30853;183.4818;318.7074;-2363.168
31164;186.7259;316.6486;-2362.13
31230;187.6699;316.7941;-2362.661
31264;188.5262;316.5061;-2363.04
31314;188.9917;315.9381;-2363.408
31348;189.3428;316.0038;-2364.28
31382;189.4176;315.8573;-2364.997
31415;189.5353;316.0509;-2366.754
31466;189.8358;315.6999;-2367.512
31483;190.3662;315.9021;-2368.497
31516;190.8584;316.3458;-2369.916
31548;191.062;316.272;-2370.459
31582;191.3185;315.7308;-2372.328
31615;192.0098;315.6772;-2373.628
31632;192.2192;315.002;-2373.97
31667;192.1029;314.6534;-2374.255
31684;191.8987;314.0376;-2374.505
31720;192.2976;313.7096;-2374.691
31789;192.5658;313.3702;-2375.383
31823;192.9192;313.4944;-2375.716
31856;193.0784;313.6603;-2376.212
31873;193.1649;313.7069;-2376.554
31906;193.2626;313.6872;-2376.657
31936;193.7773;313.784;-2377.438
31954;193.5023;313.1377;-2377.715
32004;192.8009;312.0482;-2378.329
32021;192.9239;312.2128;-2378.663
32055;192.6223;312.4655;-2379.373
32088;192.7582;312.6647;-2379.394
32139;192.6465;312.6349;-2379.395
32173;192.5633;312.7912;-2379.33
32261;192.1374;313.0669;-2379.487
32294;191.8868;313.7214;-2379.55
32345;191.6952;313.815;-2379.43
32379;191.3591;313.6744;-2379.297
32430;190.0275;312.4373;-2378.968
32463;188.2234;312.5324;-2378.998
32497;186.9025;312.4327;-2379.286
32531;184.5164;312.8045;-2379.156
32565;180.4296;311.3192;-2377.602
32600;177.3186;310.1293;-2376.675
32632;175.1742;309.633;-2376.232
32666;169.2055;309.1912;-2376.092
32700;166.2996;308.3839;-2375.181
32986;163.7196;308.8219;-2374.577
33020;154.8853;308.1984;-2372.067
33070;147.8142;307.5057;-2372.958
33104;126.2581;306.8766;-2374.587
33155;120.7484;306.6842;-2374.533
33172;118.9448;306.8122;-2374.656
33239;115.673;307.0042;-2374.131
33256;113.5959;307.7296;-2374.324
33281;109.7558;307.2242;-2373.898
33318;107.6727;307.362;-2373.765
33404;107.1098;306.2594;-2371.136
33438;106.6605;306.359;-2371.056
33454;107.354;306.329;-2370.521
33488;107.4787;306.3395;-2370.435
33522;107.6407;306.4753;-2369.78
33539;107.922;306.3711;-2369.307
33573;108.3256;306.2909;-2368.804
33589;108.5601;306.1;-2367.682
33640;108.5587;306.1025;-2367.388
33656;108.0297;306.5394;-2366.731
33707;108.9372;303.7225;-2365.839
33741;109.914;305.3168;-2364.896
33758;110.6973;305.5087;-2364.656
33793;111.5621;306.0527;-2364.59
33826;112.9615;306.0536;-2363.938
33910;114.2551;306.0059;-2363.595
34045;116.7885;305.9913;-2363.285
34062;117.3299;306.5257;-2363.113
34096;119.7175;306.6479;-2361.517
34130;121.2826;307.2874;-2361.099
34146;123.1969;307.5225;-2360.88
34163;124.0109;307.6971;-2360.468
34197;124.3537;307.9198;-2360.642
34213;125.2475;308.4743;-2360.279
34247;125.6124;308.4566;-2360.32
34264;126.2233;308.4811;-2360.113
34298;126.9076;308.644;-2361.153
34332;127.1801;308.581;-2361.506
34366;127.9044;308.7671;-2361.915
34400;128.8426;309.0485;-2362.703
34434;128.7376;309.1441;-2363.447
34467;129.1374;309.0838;-2363.651
34614;131.0861;309.1208;-2363.769
34808;140.4924;306.7406;-2355.806
34826;148.6116;305.3234;-2341.677
34877;148.793;305.4628;-2339.005
34893;148.155;304.9931;-2337.667
34927;146.132;304.9541;-2337.361
34944;142.8769;303.0161;-2337.322
34994;141.4037;302.3264;-2338.504
35045;139.4102;299.6364;-2339.95
35062;138.7811;299.0967;-2340.937
35079;137.3157;299.4286;-2343.983
35129;136.1855;300.1541;-2346.536
35180;134.1851;300.173;-2347.836
35197;133.9331;300.2476;-2348.356
35248;132.5428;300.5558;-2349.186
35282;130.9971;301.3666;-2351.083
35298;131.0782;301.5182;-2351.811
35314;131.5782;303.1164;-2354.083
35350;131.7125;304.5007;-2356.267
35384;132.4813;304.6699;-2358.464
35417;134.7978;304.512;-2358.879
35451;137.4154;300.4057;-2358.735
35485;138.6277;301.2326;-2359.441
35519;141.4193;301.785;-2359.827
35586;145.981;304.1009;-2359.184
35603;149.9322;304.7925;-2358.107
35637;151.4083;305.5118;-2358.066
35670;152.6829;306.2414;-2358.312
35734;164.3536;309.2627;-2358.772
35780;167.0538;308.5309;-2358.975
35800;171.5564;308.8433;-2359.893
35819;174.421;309.5786;-2359.861
35853;179.5158;309.7557;-2359.397
35904;183.0634;309.6756;-2358.806
35947;191.3251;310.6038;-2359.684
35962;195.3277;310.658;-2358.297
36013;200.3771;309.2261;-2356.483
36029;205.5304;309.4138;-2357.025
36068;207.5657;310.135;-2356.829
36085;208.554;310.0327;-2356.206
36136;209.0886;310.1554;-2355.706
36153;210.2391;310.5763;-2355.54
36186;210.6828;310.8824;-2355.667
36220;210.9215;311.3329;-2355.56
36304;210.9697;311.4103;-2355.413
36595;206.7917;310.6938;-2354.469
36629;160.1143;315.0661;-2350.219
36646;151.8944;314.2768;-2352.67
36663;136.1589;313.1551;-2356.529
36714;127.833;314.1825;-2356.976
36731;124.2405;314.1615;-2357.847
36764;122.0709;314.0929;-2357.492
36798;121.1465;314.3073;-2357.098
36815;121.3042;314.2012;-2357.016
36849;123.1882;313.6286;-2354.489
36866;126.6914;313.3056;-2353.345
36883;130.1028;312.3989;-2351.386
36933;135.4038;311.02;-2348.357
36950;146.2406;304.1694;-2340.551
37001;149.1814;307.0141;-2337.497
37034;151.0609;308.2039;-2335.356
37069;150.0642;310.458;-2336.197
37102;148.9872;311.0364;-2337.094
37135;143.3926;310.6984;-2336.647
37153;138.4937;310.4007;-2337.966
37186;129.6255;307.5733;-2339.596
37208;128.4473;306.4352;-2340.295
37271;125.8231;305.5925;-2341.761
37305;124.163;305.2301;-2343.251
37321;122.0524;303.9169;-2346.77
37372;120.1146;304.0705;-2348.836
37406;118.4923;304.2233;-2351.613
37439;118.5722;301.7696;-2354.332
37456;117.7327;301.62;-2356.938
37507;117.2322;301.0069;-2359.774
37542;117.165;300.5324;-2361.265
37557;117.4351;300.7286;-2363.866
37687;119.5144;301.5461;-2366.808
37722;121.4664;301.7616;-2367.916
37739;125.0827;302.4393;-2369.522
37789;130.6581;302.7576;-2372.179
37806;134.2413;302.8544;-2372.675
37857;139.2312;302.1863;-2374.031
37874;146.1039;303.7561;-2373.834
37891;150.6342;305.1195;-2373.344
37926;156.646;306.8312;-2373.286
37946;166.91;305.4472;-2371.908
37996;176.1769;308.8589;-2373.201
38013;188.1324;305.061;-2368.187
38030;195.1017;307.9315;-2368.533
38064;200.643;308.3436;-2367.274
38081;204.2717;309.7363;-2366.551
38132;210.9062;309.8141;-2366.597
38148;215.8576;309.0098;-2364.95
38183;217.8674;307.7703;-2364.235
38216;218.9246;307.5438;-2363.809
38250;219.6054;307.2584;-2363.797
38283;219.0717;308.0229;-2364.603
38351;218.976;308.1398;-2364.74
38385;216.7928;308.3196;-2364.306
38402;210.8417;310.2748;-2366.934
38418;201.1451;308.5196;-2366.925
38486;191.1937;311.8468;-2368.55
38503;176.763;311.3445;-2366.742
38536;171.5743;311.623;-2367.402
38554;164.1055;310.8745;-2367.978
38604;152.91;310.9798;-2372.269
38622;144.7373;310.5927;-2370.266
38689;137.3393;309.3649;-2367.915
38706;132.4714;311.2359;-2366.543
38723;130.9527;310.8775;-2365.638
38756;130.8268;311.382;-2361.79
38790;132.2664;311.0406;-2359.498
38824;134.7707;310.6234;-2355.779
38892;143.3066;308.0062;-2345.908
38915;149.2393;310.0677;-2340.131
38932;152.4023;313.4271;-2332.697
38966;156.6279;314.1297;-2331.678
39000;158.9126;314.115;-2327.14
39017;158.59;313.5097;-2325.601
39067;159.7748;313.808;-2323.0
39102;137.4223;282.0927;-2300.767
39135;133.1509;310.6884;-2334.326
39170;133.1554;310.6777;-2334.053
39204;133.1143;308.0932;-2334.371
39221;130.6043;306.9019;-2335.863
39254;127.6602;305.6096;-2336.788
39305;124.536;305.1085;-2339.025
39507;121.3628;304.7207;-2339.633
39528;118.4199;304.0081;-2345.967
39567;118.192;303.0327;-2350.013
39604;118.3936;303.5912;-2353.684
39638;118.2631;303.598;-2357.064
39654;119.9666;303.4236;-2359.361
39705;122.8095;302.9066;-2363.052
39722;127.0152;303.6617;-2364.922
39755;131.8947;304.1824;-2369.385
39790;135.5726;303.6949;-2371.763
39806;139.0338;302.8698;-2372.502
39840;145.3431;304.0259;-2373.431
39858;149.9993;305.7984;-2374.147
39891;160.2166;304.8814;-2377.259
39931;167.7322;305.5471;-2377.081
39950;174.2252;305.8136;-2377.939
39983;181.5052;306.7792;-2377.626
40017;187.6121;306.1333;-2376.434
40034;196.54;305.831;-2376.192
40052;200.4755;305.9093;-2376.634
40086;204.9757;306.2783;-2377.543
40119;207.5231;305.1105;-2377.911
40204;208.6548;305.2691;-2378.032
40221;211.0097;304.7784;-2378.211
40237;211.352;304.3945;-2378.266
40272;211.7999;304.4043;-2378.456
40305;212.786;304.8647;-2379.036
40339;212.7905;304.8826;-2379.034
40376;211.9309;304.87;-2379.009
40490;209.1179;305.4055;-2378.702
40508;203.2321;305.9267;-2377.932
40542;189.842;307.8659;-2378.535
40576;179.8042;306.7192;-2379.473
40610;173.2319;308.1798;-2382.42
40644;166.2896;306.75;-2384.341
40678;160.2779;304.7432;-2385.19
40823;149.4879;304.2588;-2386.201
40859;140.9229;305.103;-2385.223
40909;140.6351;304.6425;-2384.501
40943;140.2516;303.8068;-2379.02
40977;140.7063;303.9764;-2371.903
41011;145.7177;304.3857;-2365.853
41044;150.7249;307.729;-2360.219
41078;163.164;313.4048;-2350.462
41117;165.7143;314.1291;-2347.346
41154;166.274;312.5579;-2344.711
41189;161.4756;311.1861;-2335.885
41223;161.5798;311.5589;-2336.361
41240;159.1631;313.001;-2340.918
41276;140.3377;304.844;-2353.715
41294;135.1281;301.5064;-2354.744
41311;127.1512;299.7924;-2357.244
41345;125.215;299.8185;-2358.69
41379;124.1138;300.4757;-2361.189
41396;122.2087;299.8957;-2364.338
41429;121.0116;299.9655;-2366.268
41463;117.8361;299.435;-2368.859
41514;114.8554;300.1844;-2371.02
41531;114.171;300.3047;-2372.686
41548;111.3224;301.0901;-2375.25
41598;111.6772;300.3574;-2376.369
41632;112.2161;301.187;-2379.197
41667;112.7274;301.2216;-2379.277
41701;115.0292;300.9384;-2381.77
41719;118.1894;301.4558;-2385.181
41770;120.0175;301.8939;-2387.336
41787;122.8739;302.4488;-2389.126
41837;124.8978;302.6639;-2390.164
41854;130.1105;303.3489;-2391.762
41905;134.442;302.5162;-2391.414
41939;139.3244;302.3697;-2391.819
41976;147.9156;303.1549;-2391.927
42014;152.6305;304.4839;-2391.968
42030;157.7923;305.405;-2390.546
42064;163.6521;305.1863;-2388.13
42081;174.9006;304.4741;-2387.098
42114;178.6667;304.8419;-2385.84
42148;188.5284;304.4886;-2382.624
42182;193.7811;304.4436;-2380.041
42215;198.8031;303.8224;-2378.952
42266;202.9789;303.2387;-2377.145
42283;204.482;303.1351;-2376.3
42317;206.7192;302.9428;-2374.891
42367;207.8394;302.6611;-2374.062
42384;209.3195;301.3434;-2372.917
42418;210.1299;301.5489;-2372.014
42469;209.9761;302.0766;-2371.408
42502;209.0302;301.4671;-2369.792
42536;206.6465;302.2214;-2368.883
42552;202.3541;304.1954;-2368.406
42586;196.7973;304.6169;-2368.609
42620;192.9262;304.5964;-2370.266
42671;187.221;305.3596;-2368.764
42687;177.2487;305.9081;-2372.142
42738;172.6317;307.0938;-2375.833
42754;168.0814;307.3203;-2376.637
42788;161.9827;304.7431;-2379.4
42822;157.0336;303.5561;-2380.782
42856;151.2758;302.1322;-2381.441
42889;146.304;302.1958;-2382.194
42940;143.4534;302.6995;-2382.757
42974;141.5404;302.9547;-2382.698
42990;141.2765;302.7994;-2382.567
43024;141.1389;302.2468;-2381.856
43076;140.4626;301.1656;-2380.009
43093;140.6497;301.6054;-2375.233
43167;141.1381;301.2773;-2372.604
43183;141.1804;301.2214;-2370.36
43217;144.903;300.4994;-2367.063
43251;151.4228;305.7159;-2360.962
43285;154.6155;304.428;-2359.943
43301;154.6189;304.608;-2360.023
43318;153.6847;303.7154;-2360.529
43369;151.1578;301.9077;-2361.67
43436;148.7204;301.1715;-2364.188
43453;142.5435;301.8322;-2367.633
43487;137.8454;301.4051;-2370.233
43503;134.7238;301.5211;-2372.272
43520;129.7188;301.6581;-2375.295
43554;127.9024;301.6991;-2378.855
43588;126.8553;301.3459;-2380.899
43638;126.4339;300.9657;-2383.25
43655;122.8595;301.3298;-2387.266
43723;121.745;301.7784;-2389.635
43740;120.2641;303.1566;-2391.912
43756;120.059;303.5078;-2393.687
43790;119.447;304.0913;-2395.444
43809;119.2318;304.2723;-2396.232
43860;119.222;304.0536;-2397.071
43893;119.2611;304.4089;-2397.77
43953;119.1023;304.3846;-2399.055
43984;119.2878;304.4442;-2399.284
44001;119.6855;303.9058;-2399.144
44017;120.7915;304.0736;-2399.099
44068;123.1003;303.6771;-2399.822
44086;125.9935;303.6084;-2400.112
44131;129.9059;304.0906;-2399.947
44165;135.6419;303.7297;-2398.576
44181;142.9212;305.0902;-2396.672
44215;148.3319;305.0688;-2396.345
44266;154.2117;306.9504;-2394.552
44283;161.1136;307.0493;-2394.727
44317;169.2049;306.4023;-2392.046
44368;176.3955;307.5162;-2388.806
44384;183.1052;308.2607;-2386.921
44486;190.1144;306.6751;-2383.817
44503;198.0443;307.0428;-2382.052
44536;202.7073;308.4905;-2381.685
44568;205.6724;307.6761;-2380.976
44602;208.4361;306.8277;-2379.246
44618;209.7906;307.4339;-2377.974
44636;210.6835;307.3102;-2377.469
44652;211.1193;307.4914;-2376.878
44686;211.3316;308.2839;-2376.558
44720;211.4509;308.2314;-2375.634
44753;211.02;307.9171;-2374.944
44805;208.8367;307.8593;-2373.793
44822;202.2494;310.0159;-2374.308
44873;198.0021;308.2436;-2375.182
44889;191.9677;308.3665;-2376.289
44940;180.8428;309.2971;-2381.496
44974;171.6794;309.4529;-2382.539
44991;164.7206;308.0031;-2384.732
45024;157.5157;307.0736;-2387.406
45075;151.2319;307.7499;-2388.375
45108;144.3709;307.3548;-2390.197
45142;134.9121;307.2648;-2391.644
45158;129.0725;308.1371;-2391.373
45209;125.6149;309.3786;-2392.025
45260;122.0479;310.9014;-2392.306
45294;122.9123;310.1314;-2389.657
45344;125.1612;312.1826;-2383.415
45361;128.3002;310.5475;-2378.08
45394;135.438;307.9213;-2373.556
45445;155.2969;317.5392;-2362.016
45479;156.8945;320.7676;-2360.92
45513;157.3915;320.49;-2360.444
45563;156.6987;320.6018;-2360.233
45630;157.3915;320.2202;-2359.37
45681;152.4337;315.8731;-2356.337
45698;149.5582;314.4091;-2357.629
45714;142.8791;313.0421;-2359.794
45748;138.4703;309.1778;-2359.624
45783;129.2728;306.3469;-2358.528
45816;126.9386;305.1665;-2359.412
45850;126.371;305.0847;-2359.77
45866;125.4305;304.6242;-2359.909
45900;125.0128;304.366;-2360.277
45934;123.8251;304.8663;-2361.586
45967;123.2279;304.8422;-2361.925
46002;123.0502;305.0153;-2362.676
46036;122.2538;305.0554;-2364.21
46053;121.7788;304.7111;-2365.201
46086;121.4543;304.272;-2368.122
46120;121.5569;304.7881;-2369.062
46154;121.8108;304.7932;-2369.611
46305;121.9523;304.8831;-2369.813
46322;122.9785;304.6012;-2371.059
46357;125.6449;304.9893;-2372.221
46390;136.2862;306.5204;-2375.198
46424;139.6479;306.2873;-2375.501
46458;145.7534;306.2939;-2372.444
46493;151.5373;306.9977;-2371.675
46527;154.455;307.2125;-2370.469
46543;157.3788;308.8202;-2370.445
46578;164.7985;308.8001;-2369.554
46629;172.4949;308.2852;-2366.93
46647;177.3991;309.3229;-2366.486
46663;184.2442;309.3212;-2364.371
46696;192.166;308.4711;-2362.618
46730;197.0484;308.599;-2362.438
46764;200.7407;308.5126;-2361.584
46797;205.2142;309.8843;-2360.409
46831;210.4023;309.4539;-2360.613
46865;213.7958;309.5139;-2360.426
46899;216.2132;307.5692;-2359.783
46933;217.9426;307.5417;-2359.553
46966;219.977;307.1161;-2359.323
47000;221.0123;306.506;-2359.239
47018;221.2612;306.6758;-2359.353
47072;221.0333;307.9046;-2360.56
47089;220.6674;308.112;-2361.5
47141;218.115;308.5785;-2361.781
47165;208.6276;310.3891;-2364.063
47204;201.9161;311.3422;-2366.084
47221;195.3522;310.5578;-2367.0
47254;184.1147;311.996;-2368.268
47288;175.7599;313.5121;-2371.083
47339;167.5192;312.024;-2372.923
47355;156.6409;309.8921;-2375.481
47389;149.6523;309.9562;-2376.952
47423;145.4566;309.7467;-2375.736
47457;143.1217;309.9897;-2375.19
47490;140.7183;310.2188;-2373.599
47541;139.5475;310.2892;-2371.9
47558;138.3444;310.1418;-2369.165
47592;138.1085;309.6908;-2361.746
47625;141.1667;309.7154;-2354.951
47659;141.7993;310.3729;-2350.659
47693;165.3221;313.1909;-2332.393
47726;160.0145;314.7631;-2330.781
47760;160.2746;314.5313;-2330.205
47794;160.5355;314.4128;-2329.786
47827;159.6532;314.5647;-2329.251
47861;137.4686;307.689;-2322.779
47945;136.13;306.7271;-2323.493
47980;132.1133;306.168;-2328.098
47996;126.3437;305.9288;-2330.972
48013;119.5359;303.7695;-2331.809
48047;115.5624;302.2132;-2332.512
48063;113.3022;301.4825;-2333.285
48098;111.3938;301.7321;-2335.358
48116;109.7436;301.7969;-2337.728
48183;107.363;302.437;-2339.367
48200;106.0536;302.3917;-2340.293
48234;104.1999;302.9379;-2342.677
48250;100.9862;303.9705;-2345.52
48301;98.9978;303.5165;-2347.107
48318;97.25761;303.5477;-2349.387
48369;96.13807;304.5186;-2351.997
48385;94.79269;304.8105;-2353.252
48419;94.59143;304.8398;-2353.787
48453;95.05865;304.6046;-2354.399
48486;95.69347;304.9177;-2355.748
48520;98.04234;305.8004;-2357.512
48554;102.0272;305.506;-2357.975
48587;104.4571;304.3761;-2358.231
48638;108.9653;305.2448;-2359.196
48655;118.2671;307.0456;-2361.256
48688;130.0865;305.9716;-2362.419
48722;134.0608;307.5172;-2360.384
48742;139.5275;309.0082;-2361.634
48792;148.5699;308.8378;-2356.567
48826;154.156;307.9037;-2354.771
48860;159.8488;309.9181;-2354.462
48893;168.5327;310.6021;-2352.893
48927;173.86;309.2643;-2350.35
48944;178.7767;309.1497;-2349.832
48994;186.9573;309.6186;-2348.016
49028;190.9733;309.7577;-2347.266
49062;196.6883;308.8809;-2346.401
49095;199.1579;307.0561;-2344.433
49129;200.0118;307.1786;-2344.245
49163;201.3175;307.7836;-2344.178
49196;201.523;307.8765;-2344.141
49230;201.3436;308.0522;-2344.064
49247;201.1197;307.98;-2344.083
49298;197.511;308.0745;-2344.507
49332;191.8373;310.2247;-2346.429
49349;184.4372;311.2859;-2348.346
49383;176.1447;312.1303;-2347.864
49433;172.0933;312.2438;-2348.453
49450;162.062;311.5763;-2350.729
49484;154.2107;311.2739;-2351.917
49534;146.5028;309.9396;-2354.104
49568;137.5051;309.3523;-2354.696
49602;128.1154;310.0544;-2354.548
49624;120.0093;309.5156;-2352.544
49658;112.9821;310.3508;-2350.357
49691;108.3868;308.1558;-2347.762
49725;105.0327;306.365;-2343.998
49759;105.0405;305.6017;-2341.56
50139;105.6366;305.9633;-2338.143
50156;94.28239;287.1795;-2307.662
50173;97.0742;292.203;-2307.058
50206;99.51322;294.8979;-2309.494
50223;94.31381;298.9341;-2315.988
50240;85.58297;301.2308;-2320.321
50274;84.17612;300.1753;-2322.632
50291;83.60316;299.985;-2325.981
50324;82.71101;300.1855;-2330.238
50375;78.92916;300.1191;-2332.878
50391;77.70685;300.4568;-2334.564
50425;78.01295;299.0523;-2339.937
50476;77.17194;299.5262;-2342.318
50509;76.34173;300.1769;-2344.866
50526;75.93779;300.4335;-2346.764
50560;75.59428;300.706;-2349.28
50610;75.57111;300.8929;-2350.039
50645;75.98579;301.1835;-2351.97
50695;77.45995;302.0663;-2354.772
50796;78.92467;302.9199;-2357.46
50829;83.80045;303.5685;-2359.563
50881;94.59412;304.5274;-2363.628
50981;101.0053;304.861;-2364.518
50998;122.9212;302.043;-2361.133
51032;134.5695;305.7975;-2360.987
51049;143.285;305.3979;-2357.138
51066;150.3578;307.6418;-2354.415
51100;154.1858;307.5644;-2352.528
51116;160.5909;308.454;-2351.195
51133;169.4918;309.2365;-2349.646
51150;173.3145;308.7071;-2347.792
51183;178.4755;307.9718;-2345.819
51234;182.2151;307.5052;-2345.012
51279;187.6204;307.6509;-2343.055
51292;191.6766;307.9511;-2342.271
51326;194.8539;307.8298;-2341.862
51360;196.4228;308.1552;-2342.552
51394;197.8864;307.9379;-2342.406
51444;198.3795;307.9469;-2342.107
51461;198.3625;307.8523;-2341.932
51494;196.0489;307.8268;-2341.027
51528;194.256;308.8723;-2341.761
51562;191.4389;309.6293;-2342.29
51595;185.5103;310.7929;-2342.31
51629;175.8995;310.7606;-2343.021
51669;170.3496;312.3864;-2344.535
51688;159.9515;311.2587;-2345.606
51721;154.2439;311.1283;-2346.281
51755;146.3132;309.8418;-2345.927
51789;142.3625;310.0585;-2346.854
51822;136.975;309.1339;-2346.121
51856;133.4769;309.4125;-2344.928
51924;131.0988;309.8767;-2343.997
51940;130.3592;309.9321;-2342.622
51974;129.6604;307.3625;-2337.963
52059;129.7872;309.0455;-2335.446
52094;130.6296;308.8922;-2331.44
52112;131.6743;309.3611;-2328.313
52145;134.8164;310.8345;-2324.767
52179;136.3174;311.8102;-2322.516
52213;145.4981;316.6053;-2318.775
52248;147.2021;311.7229;-2311.803
52299;147.1546;309.2214;-2306.47
52315;147.1993;306.4022;-2302.55
52366;146.3072;304.308;-2300.51
52383;128.0337;297.9826;-2301.766
52400;129.3419;297.1295;-2300.081
52434;130.1409;295.4342;-2299.542
52467;131.0753;295.7437;-2299.664
52501;132.181;296.4217;-2301.171
52519;129.9662;295.565;-2302.191
52534;126.3448;297.1947;-2306.628
52585;126.3878;298.0089;-2310.61
52602;127.9587;297.7746;-2316.509
52635;127.2818;296.8227;-2317.493
52669;126.0738;295.6888;-2318.317
52720;126.0922;295.1529;-2318.853
52736;126.3898;294.2304;-2319.426
52770;126.5363;293.5074;-2319.697
52787;126.8985;292.5499;-2319.898
52855;126.6557;291.0388;-2319.959
52872;126.8347;290.9592;-2319.865
52888;127.0985;290.0943;-2319.999
52922;127.1634;289.8941;-2319.943
52990;127.2185;289.6437;-2319.695
53006;127.697;288.8297;-2319.636
53023;128.5305;288.6742;-2319.81
53074;129.2478;288.5086;-2319.834
53090;130.177;287.9517;-2320.36
53124;133.8552;287.1036;-2320.706
53158;136.6784;286.6316;-2322.22
53191;140.4489;286.357;-2323.225
53225;143.5093;286.6661;-2323.61
53276;147.6019;287.8181;-2322.552
53292;152.8043;288.269;-2323.141
53326;157.1938;288.7477;-2323.094
53360;170.5109;288.8924;-2323.975
53394;173.8567;289.2818;-2323.338
53427;178.3724;289.0066;-2322.096
53462;186.0311;289.3104;-2321.786
53512;190.0401;288.5301;-2321.015
53546;196.0681;289.1579;-2320.548
53613;200.2322;289.7565;-2320.877
53630;202.8371;290.7323;-2321.437
53663;205.3154;290.5246;-2321.482
53680;205.6917;290.5895;-2321.465
53697;205.7434;290.6771;-2321.467
53748;205.3601;290.9754;-2321.432
53764;203.5631;291.4366;-2322.669
53834;198.4503;292.3438;-2322.784
53935;193.8615;293.9286;-2325.508
53969;187.5544;295.2936;-2328.055
54003;179.5236;297.4795;-2329.228
54042;162.5821;295.5398;-2330.556
54059;150.9643;295.4887;-2331.637
54093;146.2287;295.5792;-2331.184
54110;143.152;295.3904;-2330.891
54127;142.2124;295.4028;-2330.574
54178;140.9837;295.332;-2329.806
54194;139.3502;295.1534;-2328.77
54228;137.4148;292.7109;-2326.242
54245;137.8419;292.4114;-2322.393
54279;139.1207;290.9473;-2317.617
54312;141.2313;291.1692;-2314.666
54329;141.3722;292.332;-2312.264
54363;155.1108;287.66;-2298.401
54396;149.1522;287.5198;-2297.347
54431;147.2331;287.6714;-2294.944
54464;150.0905;285.7991;-2295.666
54514;150.7334;285.3514;-2296.367
54531;152.754;284.0461;-2296.962
54582;152.246;283.8191;-2298.748
54600;151.861;284.0074;-2299.622
54617;152.2115;284.6728;-2301.728
54668;153.1769;286.8099;-2305.0
54701;151.9689;287.7467;-2306.045
54735;152.148;288.4407;-2307.592
54769;151.9189;288.7068;-2311.474
54802;147.5853;290.8417;-2315.098
54836;146.3823;291.5963;-2316.826
54870;144.8012;292.0227;-2319.648
54904;143.3935;293.2774;-2323.448
54937;142.367;293.4627;-2325.11
54972;140.3006;292.5089;-2330.439
54988;139.688;293.0249;-2332.137
55021;139.3226;293.6541;-2333.813
55089;138.3423;295.3134;-2339.301
55209;138.5951;296.7263;-2342.969
55226;139.5418;299.4944;-2352.572
55259;141.3294;300.5281;-2356.125
55293;146.9096;304.5663;-2365.67
55344;148.8341;305.1097;-2367.717
55377;152.0788;305.7163;-2371.204
55411;154.3954;304.3244;-2373.143
55464;156.2593;305.268;-2374.332
55481;159.7725;305.9768;-2376.139
55514;173.6704;306.6838;-2381.709
55552;177.5743;306.912;-2382.611
55568;181.9346;309.2002;-2383.567
55602;188.9475;308.6186;-2382.208
55700;200.6839;310.8289;-2383.194
55741;206.7735;309.4045;-2384.144
55774;217.6964;309.2049;-2382.553
55791;222.616;309.2441;-2382.104
55808;230.1517;307.7712;-2380.254
55842;233.2881;306.9525;-2379.259
55892;236.0565;306.7424;-2378.753
55927;237.0634;305.9557;-2378.948
55943;237.941;305.6801;-2378.605
55964;237.838;305.7842;-2378.526
55981;237.1068;305.9413;-2378.679
56031;235.2796;305.6809;-2379.445
56048;233.5179;307.1587;-2381.743
56098;230.6894;307.644;-2384.059
56132;228.8738;307.9696;-2384.469
56149;225.6238;307.7911;-2386.007
56183;223.8158;308.2473;-2388.095
56216;221.4431;309.7144;-2390.58
56301;217.3452;310.8989;-2390.354
56335;214.1506;311.5469;-2390.933
56352;212.1544;309.9618;-2390.894
56368;210.9589;309.8028;-2390.993
56402;210.1227;309.2846;-2391.147
56419;209.0492;308.9845;-2391.449
56469;208.3643;308.85;-2391.248
56486;204.6073;308.2045;-2389.317
56520;202.8344;307.3929;-2388.151
56553;201.8047;307.3078;-2387.197
56587;201.1334;307.413;-2385.968
56621;200.7963;307.3537;-2385.342
56674;199.9307;307.9547;-2384.573
56691;199.4946;308.0794;-2384.184
56724;198.7064;308.246;-2382.888
56758;198.6108;308.006;-2381.796
56809;198.2303;307.9024;-2380.35
56825;198.2376;308.0975;-2380.151
56859;198.0297;308.0991;-2379.786
56893;198.0635;308.0603;-2379.14
56913;198.1196;307.3227;-2378.247
56946;197.8534;307.5441;-2378.118
56997;197.7378;307.675;-2378.057
57098;197.7983;307.7646;-2378.294
57300;197.6787;307.8389;-2378.553
57334;195.9621;309.356;-2379.748
57368;195.1237;310.0826;-2380.178
57402;194.317;310.8171;-2380.025
57418;193.7646;310.1678;-2379.649
57435;193.3072;310.778;-2379.8
57471;192.9118;310.7547;-2379.695
57503;192.1634;311.0916;-2379.104
57519;191.4326;311.0855;-2378.148
57553;190.7366;311.1501;-2377.935
57570;190.6695;311.2659;-2377.818
57604;190.3556;311.2878;-2377.733
57637;190.2353;311.2419;-2377.582
57671;189.8595;311.0233;-2377.534
57705;189.7803;311.0594;-2377.603
57739;189.8086;311.2888;-2377.687
57755;189.7217;311.5216;-2378.0
57806;189.3142;311.5975;-2378.318
57840;189.5779;311.5069;-2378.487
57874;189.7156;311.3916;-2378.755
57924;190.0031;311.4349;-2379.214
57941;190.1248;311.1146;-2379.721
57969;190.2129;310.8325;-2380.191
58020;190.9215;310.2398;-2381.065
58071;191.0517;310.1454;-2381.193
58105;191.1985;308.8345;-2380.927
58121;191.8284;308.6106;-2380.942
58155;192.0217;308.4189;-2381.002
58205;192.4494;308.0232;-2380.893
58239;192.574;307.8582;-2380.968
58290;192.6996;307.7375;-2380.927
58340;192.9131;307.6301;-2381.107
58374;193.4283;307.2174;-2380.796
58391;193.6682;306.972;-2380.876
58442;194.0945;306.5138;-2380.799
58458;193.9574;306.3263;-2381.036
58475;193.9232;306.3127;-2381.091
58509;193.8562;306.1755;-2381.313
58543;193.6614;306.1423;-2381.668
58576;193.7081;306.092;-2381.71
58610;193.8102;306.0024;-2381.744
58627;193.9355;305.9708;-2382.126
58677;193.9637;305.9513;-2382.223
58711;193.9768;305.7811;-2382.379
58745;193.875;305.7108;-2382.524
58779;193.9174;305.7241;-2382.636
58795;193.9461;305.7066;-2382.719
58829;193.9819;305.6914;-2382.768
58847;194.206;305.5619;-2382.853
58881;194.4213;305.4695;-2383.313
58918;194.3963;305.4644;-2383.419
58952;194.6728;305.6924;-2383.573
58985;194.6545;305.6304;-2383.668
59019;194.7289;305.6232;-2383.832
59053;194.7316;305.6251;-2383.84
59103;194.7136;305.6247;-2383.838
59154;194.7432;305.6593;-2383.896
59306;194.7652;305.7513;-2384.064
59322;194.8114;305.6192;-2384.12
59339;194.8693;305.5426;-2384.216
59390;194.9052;305.5066;-2384.274
59403;194.8948;305.3521;-2384.056
59420;194.8404;305.3851;-2384.214
59436;194.8425;305.3775;-2384.202
59470;194.5186;305.2605;-2384.26
59487;194.5103;305.243;-2384.136
59537;194.4603;305.2313;-2384.125
59571;194.2416;305.1388;-2383.851
59622;194.1513;305.3396;-2383.837
59639;194.1581;305.3106;-2383.864
59689;194.0381;305.384;-2383.89
59707;193.7979;305.4312;-2383.834
59730;193.4679;304.7833;-2382.826
59748;193.3885;304.7709;-2382.949
59798;193.4052;304.8608;-2383.01
59832;193.3522;304.6999;-2382.895
59848;193.2062;304.893;-2383.008
59899;193.3745;305.1815;-2383.011
59916;192.966;305.0006;-2382.026
59958;192.1136;305.6271;-2381.781
59991;191.6854;305.5829;-2382.035
60042;191.4313;305.6938;-2381.828
60059;189.7992;306.5896;-2382.4
60093;189.2101;306.8526;-2382.388
60143;189.0745;306.9177;-2382.261
60160;188.4775;306.8593;-2382.426
60194;187.5097;307.7469;-2382.396
60228;187.2794;307.7639;-2382.709
60261;186.8727;308.1089;-2383.088
60295;186.76;308.0945;-2383.039
60329;186.2807;307.0927;-2382.717
60363;185.6464;307.6807;-2382.062
60396;185.1799;306.9234;-2381.808
60430;184.7312;307.5003;-2381.837
60464;184.4633;306.8651;-2381.618
60483;184.4719;306.8992;-2381.428
60534;184.3571;307.2333;-2381.361
60553;184.4631;307.4507;-2381.07
60587;184.3657;307.4371;-2380.978
60637;183.9558;307.5993;-2380.644
60672;183.719;307.5267;-2380.837
60790;183.2783;307.9673;-2380.969
60807;183.0967;308.0228;-2380.83
60857;182.7782;308.1964;-2380.838
60892;182.7765;308.1955;-2380.853
60925;182.7475;308.1869;-2380.871
60943;182.9906;307.9118;-2380.496
60959;183.1272;307.7551;-2380.151
60993;183.1797;307.8082;-2380.036
61026;183.2554;308.0057;-2379.85
61043;183.5715;308.1735;-2379.037
61077;183.7878;307.9928;-2378.141
61093;184.1031;307.8766;-2377.592
61178;184.2331;307.6943;-2377.528
61232;184.3508;307.5915;-2377.583
61249;184.5955;307.3433;-2377.833
61282;184.8062;307.2881;-2378.247
61316;185.4668;307.1223;-2380.177
61367;185.3957;307.1398;-2380.458
61384;185.1541;306.4272;-2380.636
61434;184.7194;305.8579;-2380.519
61451;184.7765;306.0721;-2380.726
61486;184.7596;306.1744;-2380.608
61502;184.4407;306.6533;-2380.077
61536;184.4713;306.9564;-2380.02
61554;184.482;307.1565;-2379.98
61588;184.4346;307.3688;-2379.353
61622;184.4344;307.6508;-2379.329
61655;183.9814;307.235;-2378.602
61689;183.9313;307.3057;-2378.44
61723;183.9265;307.6763;-2378.294
61773;183.4901;307.8605;-2377.693
61790;183.1036;308.2981;-2377.479
61841;182.8575;308.2583;-2377.117
61875;182.6347;308.3801;-2376.677
61909;182.3867;308.6564;-2375.963
61925;182.228;308.9467;-2375.396
61959;182.2161;308.9542;-2375.201
61992;180.2469;308.5943;-2372.64
62043;180.2612;308.5909;-2372.479
62060;180.3177;308.4996;-2372.416
62111;180.446;308.5636;-2372.368
62127;180.5116;308.5652;-2372.291
62161;180.5939;308.0541;-2372.103
62194;180.8512;307.6057;-2372.331
62245;181.5425;307.5867;-2372.705
62262;181.6588;307.4371;-2372.759
62306;182.2348;306.7348;-2373.004
62323;182.4803;306.4836;-2373.536
62373;182.496;305.4171;-2374.681
62407;182.6867;304.9861;-2375.086
62458;182.8007;304.8055;-2375.458
62474;182.9208;304.4519;-2375.838
62508;183.2278;304.1898;-2376.582
62542;183.3009;304.1153;-2376.773
62558;183.1494;304.0035;-2376.963
62626;182.861;303.9354;-2377.449
62643;181.652;303.985;-2377.743
62676;181.4397;304.1058;-2378.496
62710;180.665;304.4575;-2378.914
62744;180.464;303.5324;-2379.986
62778;180.164;303.392;-2380.571
62812;179.8586;302.8971;-2381.623
62828;179.7416;302.8575;-2382.075
62879;179.2738;303.3656;-2382.28
62901;179.3947;303.2763;-2382.633
62935;179.1596;302.1421;-2383.542
62972;179.3012;302.0417;-2384.325
63006;179.4934;302.2134;-2384.82
63191;179.9541;302.6187;-2385.324
63210;180.6244;301.8389;-2385.65
63229;181.3428;301.9789;-2387.163
63246;181.5031;301.719;-2388.028
63262;181.5004;301.6326;-2388.166
63296;181.4999;301.354;-2388.44
63317;181.3114;300.9049;-2388.89
63356;180.7039;301.2111;-2389.825
63373;180.6481;301.2749;-2390.268
63390;179.2002;301.3138;-2390.206
63441;178.9837;301.6869;-2390.842
63493;178.3284;301.6037;-2390.691
63512;177.1467;301.2381;-2390.75
63528;177.0132;301.1953;-2390.976
63579;176.4908;301.5699;-2390.99
63595;175.6397;302.2971;-2390.854
63629;175.7094;301.9695;-2390.962
63663;175.7653;301.9956;-2391.112
63701;175.949;301.8792;-2391.017
63722;175.4803;301.421;-2390.54
63762;175.4422;302.4975;-2390.497
63795;175.6981;302.2422;-2390.716
63846;175.8589;302.3582;-2390.924
63882;175.4937;302.5703;-2390.698
63932;175.2975;303.016;-2390.491
63966;175.1943;303.1728;-2390.165
64000;174.8825;303.4109;-2389.854
64053;173.8405;304.3157;-2387.908
64099;173.4657;304.3903;-2387.039
64133;173.5526;304.6979;-2386.433
64166;172.7508;304.9641;-2385.768
64284;172.169;305.0732;-2384.983
64319;172.0128;305.1686;-2384.792
64353;171.5352;305.5002;-2384.038
64387;171.6911;306.1485;-2381.823
64420;170.8256;306.3003;-2380.697
64454;170.8485;306.0609;-2379.918
64488;170.3343;306.3283;-2379.316
64522;170.2212;306.5154;-2378.57
64538;169.9622;306.7354;-2376.707
64572;169.9023;306.5616;-2376.127
64593;169.1674;306.5773;-2375.494
64661;168.7107;306.7346;-2375.262
64694;167.9141;306.4278;-2374.774
64729;167.2332;306.5717;-2374.709
64829;166.4445;306.8883;-2374.398
64930;165.9167;306.8102;-2374.045
64964;163.8205;306.2374;-2373.357
64998;161.0475;306.6048;-2373.661
65032;156.9109;305.4364;-2373.62
65065;154.5209;305.0764;-2373.487
65085;149.9;305.9698;-2374.376
65102;147.1119;306.2512;-2375.002
65135;143.6967;306.1657;-2375.903
65170;140.2167;306.6399;-2376.833
65186;136.0077;305.6757;-2375.984
65236;131.9386;305.1649;-2376.824
65253;128.1354;306.7939;-2376.5
65304;121.0232;308.006;-2376.414
65320;118.7516;308.1374;-2376.576
65354;116.0102;307.2384;-2375.837
65388;111.1301;305.4891;-2372.535
65422;109.0261;305.3325;-2371.083
65456;106.4627;305.2531;-2369.377
65490;103.7094;305.9629;-2368.264
65524;101.0639;306.3293;-2366.833
65558;98.09804;306.9729;-2364.799
65592;97.05162;306.7951;-2363.353
65625;94.94097;306.8517;-2361.638
65659;92.2416;307.2509;-2356.985
65676;89.82227;307.4839;-2353.842
65710;88.62616;307.6801;-2351.493
65727;87.86504;308.1575;-2350.614
65777;87.45377;308.6084;-2349.875
65794;87.39064;309.2305;-2348.939
65828;87.09817;309.2647;-2347.189
65861;86.53837;309.3165;-2345.668
65895;85.95452;310.0117;-2343.802
65929;85.908;309.7494;-2342.401
65969;86.01331;310.0177;-2341.056
66003;86.08532;310.2678;-2340.32
66054;86.69111;310.7354;-2339.406
66092;87.6133;311.3609;-2338.322
66125;88.36018;312.0404;-2337.199
66142;89.68227;312.7663;-2336.632
66193;91.55697;313.2133;-2335.759
66230;92.65629;313.576;-2334.648
66264;93.41995;313.5992;-2334.196
66281;94.4022;313.508;-2333.71
66332;96.43012;313.4382;-2333.015
66350;97.29955;313.2165;-2332.071
66418;97.93866;312.0168;-2331.385
66469;99.01528;310.6203;-2330.768
66486;100.5528;308.441;-2329.737
66538;100.8758;308.3821;-2329.362
66554;101.1302;308.3776;-2328.633
66571;101.7712;308.6692;-2328.179
66623;101.9445;308.7265;-2328.027
66674;103.5837;308.9409;-2327.487
66690;105.9988;308.9463;-2327.385
66724;109.6636;307.8309;-2325.697
66893;111.3028;307.4576;-2324.323
66973;113.61;307.0024;-2323.365
67005;115.1157;307.0689;-2323.208
67039;116.2641;306.3716;-2323.417
67073;117.4289;305.4837;-2322.256
67107;118.3583;305.7632;-2322.362
67123;119.3291;306.176;-2321.993
67157;120.1538;306.7806;-2321.882
67191;120.3242;307.0696;-2321.233
67208;120.07;307.4505;-2320.261
67242;119.6594;307.863;-2319.467
67309;119.4437;307.3122;-2318.619
67325;119.4307;307.2675;-2317.999
67360;119.5949;307.1916;-2318.145
67376;119.6255;307.2177;-2318.145
67395;119.5818;307.2247;-2318.364
67446;119.0789;307.5254;-2318.779
67513;119.117;307.0516;-2318.745
67530;119.1348;306.3974;-2319.475
67580;118.9833;306.2322;-2319.68
67597;116.835;304.6904;-2320.505
67631;114.9615;304.3888;-2321.406
67665;114.0182;304.1416;-2322.488
67715;110.7582;304.1421;-2324.079
67732;110.3238;303.7448;-2325.681
67766;106.3391;299.4048;-2329.239
67800;105.7685;298.7729;-2329.398
67833;105.5332;298.4104;-2329.307
67867;105.2807;297.8257;-2329.164
67901;104.2505;297.169;-2328.272
67936;104.2694;296.0755;-2327.067
67970;103.4074;294.7178;-2325.156
68003;102.6124;294.3196;-2324.094
68037;102.9399;293.7267;-2323.826
68071;103.4073;293.7043;-2323.354
68105;103.6181;293.8055;-2323.298
68121;103.0113;292.8232;-2323.384
68174;102.9213;292.7877;-2323.361
68188;102.7811;292.8948;-2323.191
68240;102.6468;292.9487;-2323.252
68260;102.5449;293.2001;-2323.382
68299;102.6817;293.1337;-2323.437
68315;102.6957;293.1211;-2323.465
68349;102.8247;292.9455;-2323.448
68383;102.8852;292.8099;-2323.55
68400;102.9687;292.6804;-2323.796
68416;103.3862;292.5562;-2324.068
68450;103.3895;292.5656;-2324.077
68501;103.9684;292.0012;-2323.312
68536;104.4505;292.0897;-2323.209
68570;108.8883;290.7068;-2321.185
68604;111.1998;290.7038;-2320.394
68654;112.6773;290.2426;-2319.115
68688;114.4101;290.4626;-2318.76
68728;115.864;290.175;-2318.002
68762;117.4606;289.513;-2317.777
68795;118.4742;289.141;-2317.399
68829;119.4406;289.5569;-2316.955
69075;120.3871;289.6941;-2316.8
69143;126.2182;288.8408;-2316.726
69159;129.5845;287.9517;-2316.873
69194;131.598;288.3962;-2316.161
69228;133.1364;288.7166;-2315.865
69263;134.1087;289.1338;-2316.486
69332;134.8062;289.0411;-2316.637
69367;134.7638;288.8129;-2316.747
69401;129.918;289.2303;-2318.71
69435;126.3534;288.4951;-2319.472
69486;120.9078;287.7384;-2320.896
69506;114.9605;287.2079;-2319.136
69523;109.0052;285.9396;-2318.428
69556;106.3093;284.4442;-2317.583
69574;102.6591;284.0561;-2316.648
69591;99.32172;283.4359;-2314.423
69625;96.66993;283.0597;-2311.838
69658;94.92682;281.4886;-2309.965
69692;93.66337;281.0089;-2307.163
69726;92.77584;281.3575;-2306.532
69759;91.54978;281.5691;-2305.55
69810;90.83628;281.4718;-2304.417
69827;90.31976;282.1532;-2303.867
69861;89.82935;282.67;-2303.611
69895;89.05256;283.2126;-2300.754
69928;89.55969;284.2325;-2299.773
69962;90.80302;286.3987;-2299.116
69995;92.43987;288.7704;-2296.317
70046;95.19502;289.238;-2294.555
70115;97.8535;290.853;-2293.174
70133;100.1432;292.1945;-2292.906
70184;104.2863;294.0714;-2291.659
70205;107.8199;294.3879;-2291.749
70253;113.1125;296.3775;-2290.221
70271;116.4835;297.6685;-2287.832
70321;117.1186;298.053;-2287.684
70339;118.7469;298.3301;-2286.037
70390;120.8196;299.0516;-2284.549
70406;123.7492;299.9563;-2281.63
70457;124.3358;299.2786;-2279.907
70475;124.0135;299.4557;-2278.607
70526;122.438;300.0857;-2276.987
70547;120.8505;300.6866;-2275.359
70564;119.5162;300.7818;-2274.359
70615;118.4157;301.4536;-2273.479
70667;117.9662;301.4992;-2273.119
70684;118.4944;300.7835;-2271.317
70735;120.9497;299.9026;-2270.7
70754;125.4704;298.2183;-2267.871
70805;129.6475;296.574;-2266.175
70824;134.1417;296.0389;-2264.575
70875;136.4162;296.1526;-2264.126
70892;138.1748;295.2296;-2263.138
70943;138.6887;295.2711;-2262.944
70963;139.2393;295.0257;-2262.996
70979;140.4262;295.0011;-2263.685
71030;142.2145;295.6699;-2266.24
71064;144.9777;296.95;-2274.744
71088;145.3414;297.0046;-2276.516
71123;145.2014;296.8965;-2277.447
71156;144.6126;296.7469;-2277.724
71177;144.1501;296.4323;-2278.035
71227;143.919;296.4454;-2278.697
71250;142.8582;297.2727;-2280.526
71284;141.7489;297.4744;-2281.645
71318;139.6848;297.3555;-2283.184
71352;137.7919;298.5424;-2285.221
71371;136.5768;298.6708;-2285.85
71424;135.6115;298.9032;-2287.085
71439;132.6379;299.1121;-2289.205
71476;131.2657;299.6649;-2290.838
71493;130.0721;300.1081;-2291.432
71516;128.3298;300.0543;-2291.775
71600;126.4567;300.4655;-2292.62
71669;124.453;301.1056;-2293.252
71686;122.7868;301.6621;-2294.084
71720;121.7815;301.5028;-2293.482
71738;121.1685;301.5557;-2294.13
71755;119.7148;298.0281;-2294.371
71789;119.414;298.3835;-2294.608
71806;119.1447;298.1049;-2294.027
71840;118.6149;298.5274;-2293.571
71858;118.981;298.9746;-2293.076
71926;119.9152;299.9145;-2292.249
71943;120.8753;301.6397;-2288.877
71995;124.8708;304.2052;-2288.121
72013;129.5721;305.8691;-2285.541
72030;133.7918;306.0501;-2283.469
72082;141.2107;306.3703;-2279.783
72098;146.2756;306.2461;-2276.641
72132;153.264;306.6331;-2275.085
72199;160.3979;306.3557;-2274.696
72233;169.6589;306.2486;-2272.978
72266;175.1144;305.1188;-2271.326
72300;178.3082;304.4303;-2270.204
72327;184.3878;305.3036;-2267.404
72356;188.3936;305.1494;-2266.135
72373;190.7624;306.9156;-2263.066
72424;191.7613;306.5812;-2255.713
72460;192.9234;308.612;-2248.338
72494;191.5932;311.3381;-2235.937
72545;190.5935;311.6801;-2224.936
72564;185.8671;314.1693;-2213.907
72600;180.6311;314.612;-2202.642
72634;172.8765;316.6664;-2193.122
72657;162.025;318.0359;-2182.679
72673;151.842;320.8945;-2173.54
72724;140.1028;327.3523;-2159.36
72777;133.3074;330.4177;-2152.349
72794;125.7321;334.172;-2143.118
72845;117.8639;340.1427;-2136.243
72878;112.6011;344.8299;-2125.906
72948;104.4874;348.5471;-2112.957
72982;100.9172;350.1906;-2104.766
73015;95.98491;353.8409;-2095.343
73071;91.17123;357.4495;-2087.152
73122;80.36588;363.1433;-2065.048
73139;77.88738;363.4215;-2057.851
73190;76.9627;364.3672;-2052.051
73228;75.49358;365.4561;-2044.907
73312;77.04256;365.6092;-2032.669
73348;82.94736;367.1486;-2016.565
73400;84.4044;367.78;-2013.877
73455;87.70093;368.083;-2008.511
73480;97.31513;369.3702;-1994.58
73547;106.131;369.958;-1979.115
73598;111.2922;370.6099;-1972.628
73623;116.5303;370.5704;-1967.156
73650;124.4646;370.7907;-1960.286
73668;130.0612;371.653;-1955.83
73687;134.1209;372.0041;-1952.995
73725;138.4217;372.5672;-1951.663
73766;150.5195;375.8852;-1950.923
73816;159.5079;377.1736;-1951.122
73838;167.1901;379.2864;-1952.431
73896;175.0754;381.2598;-1956.177
73950;181.3544;382.6101;-1958.926
74005;185.3398;382.2424;-1961.434
74040;188.6067;382.7658;-1964.049
74108;194.9155;386.1443;-1972.953
74280;197.0404;386.6241;-1976.757
74401;196.8846;383.1669;-1996.842
74452;194.6249;382.6931;-2005.025
74543;191.2372;384.3464;-2013.784
74593;189.6768;384.6933;-2017.006
74632;187.567;384.2701;-2021.164
74666;185.8589;384.9334;-2023.777
74688;184.4219;384.8142;-2025.81
74727;181.619;384.501;-2028.188
74749;180.9103;384.6225;-2029.225
74799;178.3309;381.8312;-2032.269
74819;177.4558;382.0286;-2033.569
74886;175.5471;381.8117;-2034.886
74920;173.713;382.1127;-2036.261
74954;170.7112;382.2727;-2037.263
75024;167.6832;382.2302;-2037.647
75060;163.3184;381.7789;-2037.213
75111;154.6033;382.4338;-2038.309
75164;151.6737;382.4914;-2037.267
75221;149.0686;381.6557;-2036.078
75258;143.8286;382.4785;-2032.162
75310;138.6208;383.6514;-2030.178
75349;135.9893;385.0145;-2027.493
75386;131.2219;386.1394;-2019.621
75437;129.6619;387.7901;-2014.039
75475;128.5936;389.2396;-2008.895
75496;130.8654;392.7383;-1995.575
75516;132.982;394.5756;-1986.779
75569;139.831;397.1983;-1982.608
75640;144.0791;398.4991;-1976.459
75712;151.3235;400.3277;-1970.425
75751;164.1743;403.9908;-1957.464
75808;179.9995;409.9322;-1939.989
76130;184.4034;411.1344;-1931.446
76171;203.9399;431.1194;-1841.339
76238;203.0451;430.7867;-1837.705
76289;202.268;430.3722;-1834.098
76356;204.9706;428.8591;-1823.011
76424;209.7774;425.4611;-1810.054
76460;214.3789;421.6974;-1799.119
76528;216.5112;419.7992;-1794.515
76573;217.0984;417.0179;-1786.968
76615;218.0408;415.4091;-1783.911
76666;218.3468;414.1062;-1782.39
76732;218.3257;413.0018;-1781.273
76783;218.3103;412.4634;-1781.721
76836;218.9865;411.402;-1785.099
76903;220.1317;410.7973;-1788.13
76945;223.1039;411.1256;-1796.356
76974;224.6185;411.195;-1801.475
76998;225.5504;411.2758;-1806.892
77024;226.2458;412.1366;-1811.209
77124;227.1714;413.141;-1819.813
77147;227.1198;412.8365;-1823.435
77204;225.6053;413.2379;-1829.71
77262;224.8826;414.2754;-1834.277
77350;224.0537;414.4247;-1836.534
77405;224.5905;415.277;-1841.47
77455;224.4599;415.6793;-1844.051
77506;224.2253;415.8718;-1846.078
77577;223.9291;416.2499;-1847.886
77613;223.3428;416.4563;-1850.081
77865;221.6316;416.5343;-1852.316
77933;215.7559;416.7271;-1860.965
78006;215.2094;417.1233;-1863.044
78061;214.7958;417.8065;-1863.651
78113;214.5426;418.1325;-1863.652
78181;214.5658;418.5059;-1863.909
78228;214.9724;419.1097;-1863.402
78281;216.1064;420.251;-1862.747
78315;217.9668;421.4231;-1861.336
78343;220.5137;422.9534;-1858.987
78363;223.7624;424.8543;-1856.343
78390;228.0909;426.4732;-1852.856
78428;233.7701;427.9306;-1847.367
78495;238.1951;428.4836;-1842.919
78517;244.5359;427.9726;-1836.565
78550;251.8199;426.4151;-1827.682
78617;255.8854;425.0298;-1822.856
78685;261.8105;422.303;-1811.46
78735;261.1223;419.3106;-1799.728
78787;259.4243;416.8008;-1793.978
78838;252.4499;413.3721;-1785.009
78880;249.616;412.4414;-1781.751
78936;241.361;409.2959;-1777.438
78962;238.4926;408.7732;-1775.572
78998;232.0823;407.3563;-1774.168
79066;227.2403;406.442;-1774.469
79106;225.6409;406.3194;-1774.847
79177;221.978;407.4223;-1778.957
79231;218.605;407.8434;-1786.915
79315;215.3863;408.2247;-1791.667
79387;209.6456;411.0903;-1804.709
79424;204.1495;413.0298;-1814.56
79494;201.7491;413.4776;-1818.326
79529;200.0168;414.9495;-1823.139
79596;197.7717;415.9366;-1831.119
79647;195.3181;417.0145;-1835.298
79701;193.0623;417.4154;-1838.824
79773;190.7221;418.0035;-1843.335
79841;185.1927;418.4754;-1848.647
79892;182.7612;418.0524;-1851.604
79909;178.4371;417.7004;-1854.453
79978;174.8878;417.3706;-1856.959
80011;172.8425;417.354;-1858.475
80038;170.0254;416.8455;-1859.581
80057;167.7564;416.7027;-1860.837
80129;165.7849;416.9209;-1861.299
80203;164.7587;417.1195;-1861.72
80259;163.5395;416.8663;-1861.7
80346;162.2756;416.9987;-1861.388
80400;161.3065;417.0285;-1861.087
80474;161.0614;417.0377;-1861.098
80497;160.6198;417.1813;-1861.078
80565;160.4969;417.2267;-1861.095
80617;160.3452;417.1987;-1861.17
80689;160.0457;417.3104;-1861.421
80727;159.7499;417.2906;-1861.485
80753;158.6364;417.2312;-1861.557
80796;157.7609;417.3109;-1861.728
80870;157.0526;417.2567;-1861.853
80945;155.9549;417.3968;-1862.083
81028;154.9691;417.3962;-1862.115
81104;153.885;416.9836;-1862.193
81120;152.9816;416.9994;-1862.15
81188;152.0578;417.0248;-1862.052
81292;150.6882;417.3782;-1861.642
81366;148.6366;417.4529;-1860.936
81473;146.499;417.2943;-1860.542
81542;144.7323;417.2151;-1860.735
81574;143.6889;416.9171;-1860.921
81610;142.4657;416.7883;-1861.747
81694;141.1328;416.6303;-1862.311
81768;140.083;416.6399;-1863.031
81825;139.4118;415.9515;-1863.472
81893;139.1832;416.0631;-1863.965
81922;138.8685;416.2314;-1864.281
81960;138.6549;416.1027;-1864.726
81987;138.2317;416.1573;-1865.059
82058;138.5418;416.1776;-1865.574
82078;138.9752;416.0841;-1865.976
82145;139.1007;416.1671;-1866.129
82213;139.1565;416.1657;-1866.194
82299;139.2982;416.3359;-1866.309
82526;139.9438;416.6039;-1867.07
82554;141.4232;416.0599;-1869.382
82632;146.5556;411.4804;-1871.701
82704;162.5554;404.1395;-1875.51
82760;206.0739;379.6719;-1879.165
82828;343.5737;195.5496;-2006.289
82866;382.205;266.3723;-2030.735
82933;452.3991;251.1317;-2058.521
82984;466.6198;245.4527;-2058.959
84526;635.5715;436.3371;-1536.966
84803;670.9913;434.3557;-1577.63
84930;687.8267;423.0567;-1677.304
85027;668.6786;412.9273;-1733.181
85171;651.4778;413.9089;-1766.173
85264;612.6554;398.7202;-1828.355
85324;587.0666;392.216;-1858.298
85379;578.1903;384.8112;-1876.0
85454;574.363;382.5648;-1883.223
85574;557.3251;376.8977;-1925.917
85669;551.4276;379.8177;-1931.881
85713;545.4089;383.3684;-1935.03
85758;540.8511;385.4057;-1934.711
85878;537.447;387.4635;-1931.187
85950;533.7708;393.6276;-1915.896
86051;525.4689;409.5706;-1871.412
86096;512.6662;420.8801;-1840.936
86198;509.7488;422.6284;-1831.84
86333;484.939;426.8591;-1770.745
86444;428.2764;437.7105;-1708.299
86551;376.4175;439.5157;-1652.589
86664;310.6389;457.7141;-1591.029
86747;215.2661;480.3641;-1522.585
86808;177.8864;485.3546;-1499.981
86946;152.877;490.228;-1482.328
87031;104.9223;499.4864;-1452.458
87079;98.86301;498.4558;-1447.388
87128;96.75551;498.666;-1444.647
87214;97.81262;499.1518;-1440.077
87306;105.8573;498.6199;-1432.171
87381;145.2976;498.8717;-1420.748
87474;197.9065;499.8046;-1413.496
87575;225.3604;496.9625;-1406.62
87656;298.0096;491.498;-1394.764
87761;361.977;516.3963;-1384.661
87868;413.6528;524.3508;-1384.4
88017;443.1584;525.744;-1381.716
88118;460.6821;524.0748;-1383.907
88190;461.8659;524.5197;-1383.991
88293;472.7486;492.4522;-1390.888
88394;481.4613;490.2677;-1406.979
88436;498.4715;487.9655;-1438.601
88672;501.0535;489.2786;-1444.25
88730;548.9622;484.3622;-1496.646
88808;554.2122;485.5992;-1514.454
88915;565.0;480.6432;-1551.95
89005;571.6915;450.9831;-1626.377
89052;571.1807;435.2557;-1654.734
89127;567.1481;407.3365;-1694.937
89160;566.9636;402.4016;-1701.494
89213;562.9369;374.3093;-1738.333
89332;561.1766;364.4177;-1749.603
89434;579.1867;315.4289;-1832.768
89554;585.7224;349.8008;-1876.918
89655;613.0442;341.4053;-1931.787
89774;649.0931;337.9742;-1968.086
89801;692.3858;306.128;-1994.73
89832;699.5194;311.6042;-2014.012
89881;706.7803;315.5277;-2024.031
89940;716.528;315.9529;-2044.778
90025;720.4062;321.0144;-2064.601
90118;729.9418;316.6696;-2131.62
90220;712.8978;310.9294;-2162.128
90311;694.4376;280.4894;-2218.714
90430;652.5777;277.7598;-2258.232
90532;607.9249;261.006;-2286.878
90594;571.876;253.635;-2313.42
90676;542.915;214.479;-2331.226
90734;524.2598;203.948;-2353.037
90835;511.6936;206.3552;-2355.819
90903;513.3547;224.3172;-2353.637
91004;518.0638;222.533;-2355.695
91054;523.5988;219.4733;-2359.13
91128;523.3982;219.943;-2359.481
91174;516.9924;245.3449;-2365.558
91275;518.3646;247.9647;-2363.46
91350;534.4413;250.5669;-2351.053
91453;544.0331;259.358;-2347.211
91556;552.5256;273.2761;-2340.197
91641;554.6652;277.0291;-2335.991
91750;561.3042;278.7116;-2329.07
91794;563.3207;284.0733;-2323.485
91904;574.2338;288.8113;-2318.671
91974;579.1032;284.3215;-2310.583
92055;585.251;293.5611;-2303.603
92080;588.5217;292.6803;-2296.377
92147;594.7306;293.1144;-2286.516
92198;594.876;290.6891;-2281.891
92277;600.4844;297.2428;-2272.988
92334;603.0919;300.1516;-2260.931
92394;601.1282;300.5622;-2255.743
92466;600.4326;299.6796;-2252.026
92834;599.1578;300.1141;-2248.442
92945;488.9429;299.3239;-2281.045
93046;395.5982;290.8188;-2300.323
93199;315.4085;288.1766;-2312.026
93419;262.4619;289.3844;-2308.437
93521;237.8675;297.819;-2269.465
93639;240.6587;300.9538;-2262.822
93740;250.8117;316.1285;-2229.332
93817;245.5572;322.7825;-2215.576
94245;240.215;331.7053;-2201.299
94321;117.1848;362.1082;-2116.363
94425;99.95729;361.227;-2105.284
94533;73.45273;360.1835;-2094.665
94588;68.43378;360.8865;-2093.506
95058;61.74078;362.5754;-2092.09
95119;69.73938;371.2853;-2063.724
95222;75.87652;373.8385;-2056.688
95292;108.1937;375.4384;-2037.089
95380;128.3996;377.5565;-2032.286
95448;166.3104;377.1889;-2019.229
95506;214.8715;381.2528;-2004.692
95582;254.0362;383.1119;-1989.133
95606;301.2563;389.0023;-1974.047
95698;335.2846;398.6821;-1953.291
95755;378.8095;415.7297;-1932.744
95859;403.2396;422.5174;-1916.285
95938;448.6713;437.2921;-1894.056
96010;482.3622;442.3647;-1870.385
96078;487.0284;441.4551;-1865.118
96135;495.7915;442.9256;-1857.094
96220;501.2944;441.7161;-1846.529
96308;502.673;444.3246;-1841.498
96376;498.1617;447.2985;-1835.09
96594;493.0774;450.1511;-1831.459
96696;484.5982;438.7804;-1844.257
96802;480.2603;433.6303;-1847.882
96890;473.0111;426.7459;-1857.549
97008;470.554;405.7401;-1885.596
97052;468.0525;412.7824;-1905.425
97118;467.1483;412.4857;-1912.779
97231;468.2585;410.5976;-1917.239
97269;472.8097;408.7755;-1934.539
97379;478.5873;406.6552;-1946.358
97458;483.4152;401.7333;-1954.985
97543;490.7778;404.6842;-1967.844
97598;491.7613;404.7394;-1974.149
97659;493.5132;404.7778;-1985.077
97743;490.3889;402.3098;-1989.059
97815;482.7035;399.5725;-1992.714
97877;454.8052;398.3893;-2011.74
98077;448.1187;395.699;-2012.882
98167;365.8829;371.5651;-2059.951
98238;349.4496;362.7644;-2070.98
98310;325.2115;351.9014;-2088.864
98380;304.7208;347.6471;-2106.37
98447;298.7207;342.7067;-2116.653
98477;300.4965;340.4936;-2132.433
98506;302.1102;336.6801;-2161.084
98595;306.0742;335.3311;-2169.235
98695;321.2057;330.0965;-2197.641
98797;347.9637;319.8386;-2245.089
98898;394.3628;313.6842;-2276.495
98940;429.6948;300.4244;-2311.294
99009;454.8525;302.1525;-2338.873
99111;460.9588;299.2644;-2342.931
99212;492.7758;302.1581;-2373.559
99313;511.9574;297.7253;-2401.68
99431;515.1035;294.4153;-2406.758
99501;518.7905;287.9726;-2418.528
99537;519.4304;285.8256;-2420.349
99598;519.2951;287.5168;-2426.641
99700;519.7018;286.8901;-2426.816
99771;513.2958;284.0703;-2426.489
99863;502.0028;284.4491;-2423.7
99916;482.978;286.7136;-2418.604
99993;469.308;287.951;-2415.873
100079;443.0965;286.8271;-2403.212
100270;421.4494;282.645;-2388.782
100341;366.8321;284.8057;-2376.693
100442;360.4021;281.9669;-2374.971
100575;350.2599;279.3598;-2377.406
100630;328.0426;267.5514;-2397.985
100682;319.551;271.0442;-2411.375
100743;317.57;271.1353;-2413.029
100891;316.6055;272.0413;-2415.461
100959;313.863;271.8335;-2421.343
101080;311.3326;268.2417;-2421.197
101153;277.9029;277.0391;-2404.914
101245;268.5102;275.3931;-2397.896
101299;252.5212;280.3148;-2372.845
101337;244.2681;274.8788;-2364.173
101384;236.8302;283.5388;-2352.133
101415;229.5862;293.0192;-2326.066
101500;227.8261;295.9122;-2322.602
101571;222.297;300.8073;-2311.893
101646;216.7744;307.9211;-2277.899
101676;219.407;306.0623;-2253.077
101770;229.6939;319.4026;-2220.387
101847;249.8795;319.4191;-2174.82
101948;255.4212;329.3334;-2152.406
102023;279.9254;354.4165;-2081.012
102092;303.7821;387.4785;-2005.445
102188;326.4093;427.0958;-1960.553
102265;340.1386;452.0597;-1905.754
102367;365.1086;469.6204;-1858.216
