
1;47.30883;-1107.148;-1915.459
33;45.42867;-1104.704;-1930.523
67;46.48636;-1099.341;-1945.006
83;44.40614;-1096.068;-1958.673
233;60.15485;-1088.561;-1979.514
266;61.35891;-1086.053;-1980.111
300;85.55732;-1052.746;-1925.608
316;92.97972;-1038.22;-1929.921
350;94.69877;-1036.444;-1935.804
367;92.36231;-1034.87;-1933.283
384;85.99014;-1036.241;-1930.395
434;92.53624;-1018.994;-1934.998
451;86.91926;-1025.51;-1936.307
503;82.69356;-1035.315;-1936.022
518;83.24467;-1038.343;-1938.632
552;82.66817;-1039.104;-1937.802
587;81.88579;-1035.054;-1938.173
619;99.35475;-1035.874;-1942.015
653;97.90447;-1045.235;-1936.723
687;98.60826;-1047.816;-1930.37
704;118.8022;-1053.159;-1934.113
721;121.7827;-1055.683;-1925.918
772;131.0672;-1059.121;-1924.522
788;139.6863;-1064.059;-1928.928
840;140.8515;-1064.41;-1922.936
855;143.1455;-1068.496;-1921.763
889;145.6681;-1068.948;-1920.556
923;152.3698;-1070.862;-1920.19
956;12.94433;-1097.046;-1947.571
990;9.347269;-1099.377;-1944.687
1041;8.000712;-1100.426;-1940.398
1058;10.61687;-1102.566;-1935.024
1076;10.05106;-1103.789;-1930.324
1142;9.548027;-1104.265;-1927.34
1329;8.520337;-1104.769;-1922.696
1378;4.393494;-1106.081;-1918.422
1412;-9.895717;-1114.881;-1902.642
1429;-10.52374;-1117.866;-1900.166
1447;-10.64742;-1118.765;-1898.236
1495;-11.80307;-1119.912;-1896.707
1529;-11.98152;-1120.546;-1894.227
1563;-12.43668;-1121.754;-1892.952
1597;-11.93412;-1122.823;-1892.209
1631;-11.64494;-1123.295;-1891.623
1664;-11.82624;-1123.43;-1890.858
1698;-10.66275;-1123.609;-1890.106
1732;-9.765247;-1123.764;-1889.399
1765;-8.579068;-1123.556;-1888.346
1782;-8.934652;-1123.665;-1887.914
2035;-8.288596;-1123.703;-1887.318
2053;-5.500404;-1123.941;-1886.165
2068;-4.831856;-1124.599;-1886.566
2085;-2.557989;-1124.716;-1886.088
2119;-0.9934008;-1124.723;-1885.624
2153;0.2929065;-1125.15;-1885.373
2186;1.430737;-1125.089;-1885.435
2220;1.658095;-1125.1;-1885.519
2254;2.420237;-1125.171;-1885.34
2287;2.841438;-1125.149;-1885.336
2321;3.444453;-1125.242;-1885.66
2355;3.761898;-1125.444;-1886.046
2388;3.156366;-1125.246;-1887.088
2422;4.022809;-1125.162;-1887.509
2456;4.743845;-1124.974;-1887.874
2490;4.341445;-1124.699;-1889.086
2523;4.531889;-1124.336;-1889.829
2625;5.549626;-1124.364;-1890.225
2851;5.526545;-1124.469;-1890.968
2884;5.523661;-1124.718;-1891.385
2901;5.260061;-1124.771;-1891.698
2917;5.053389;-1125.149;-1892.137
2951;4.145492;-1125.222;-1892.657
2985;2.578969;-1125.603;-1893.73
3019;1.044976;-1125.919;-1894.975
3035;-0.1009684;-1126.359;-1896.025
3052;-0.8196225;-1127.032;-1896.308
3086;-2.190658;-1128.275;-1896.686
3120;-3.210044;-1129.175;-1897.601
3137;-3.710884;-1129.661;-1898.324
3154;-4.114061;-1130.606;-1898.489
3187;-4.253562;-1131.101;-1898.995
3221;-6.240726;-1130.928;-1899.351
3254;-6.007135;-1131.127;-1899.065
3288;-7.679297;-1131.164;-1899.584
3322;-9.515543;-1131.235;-1898.846
3355;-16.44697;-1130.395;-1899.131
3389;-17.56026;-1130.36;-1899.039
3423;-17.81125;-1130.118;-1899.016
3456;-18.02632;-1130.001;-1899.069
3490;-17.59225;-1129.215;-1898.416
3525;-17.38561;-1129.183;-1898.27
3563;-17.07998;-1128.89;-1897.831
3580;-16.70336;-1128.909;-1897.479
3613;-16.82282;-1128.838;-1897.534
3647;-16.73383;-1128.769;-1897.457
3681;-16.2342;-1128.747;-1896.871
3731;-17.99864;-1128.393;-1896.297
3748;-19.04907;-1128.33;-1896.193
3816;-19.6013;-1128.164;-1895.953
3867;-20.49966;-1127.926;-1895.563
3883;-21.1391;-1127.746;-1895.889
3900;-21.93724;-1127.389;-1895.76
3951;-21.91855;-1127.396;-1895.878
3986;-22.21603;-1127.297;-1896.116
4002;-22.81192;-1127.13;-1896.055
4019;-23.18259;-1127.097;-1896.203
4053;-23.24996;-1127.104;-1896.177
4087;-23.12505;-1127.084;-1896.174
4137;-23.39462;-1127.11;-1896.252
4154;-23.39709;-1127.13;-1896.302
4200;-23.23125;-1127.211;-1896.235
4217;-23.17212;-1127.321;-1896.226
4252;-23.14983;-1127.139;-1896.587
4285;-23.09982;-1126.956;-1896.599
4336;-22.24305;-1127.014;-1896.767
4352;-22.37268;-1127.001;-1896.807
4403;-21.6011;-1127.136;-1896.733
4437;-21.69725;-1127.158;-1896.995
4453;-21.86667;-1127.145;-1897.065
4487;-22.17339;-1127.286;-1897.166
4521;-22.67202;-1127.138;-1897.369
4571;-22.98346;-1127.11;-1897.623
4623;-23.32432;-1127.181;-1897.888
4638;-23.59139;-1127.317;-1898.06
4655;-23.42999;-1127.259;-1898.381
4689;-23.39136;-1127.202;-1898.494
4723;-23.67124;-1127.271;-1898.644
4773;-23.57134;-1127.248;-1898.883
4790;-24.84055;-1127.278;-1899.412
4824;-24.85825;-1127.336;-1899.633
4858;-24.83113;-1127.415;-1899.87
4908;-24.60905;-1127.497;-1900.078
4942;-24.99914;-1127.569;-1900.481
4976;-24.82053;-1127.667;-1900.758
4992;-24.45357;-1127.667;-1900.867
5026;-24.64546;-1127.643;-1901.024
5060;-24.16751;-1127.68;-1901.252
5076;-23.74647;-1127.808;-1901.526
5110;-22.44025;-1128.17;-1902.025
5144;-22.32432;-1127.72;-1901.917
5178;-22.40367;-1127.706;-1902.01
5211;-22.38951;-1127.709;-1902.069
5262;-22.40457;-1127.681;-1902.329
5297;-22.17785;-1127.673;-1902.504
5329;-21.77271;-1127.797;-1902.557
5346;-21.88795;-1127.757;-1902.561
5380;-21.90317;-1127.778;-1902.683
5413;-21.78298;-1127.803;-1902.731
5447;-21.64145;-1127.846;-1902.797
5481;-21.70097;-1127.847;-1902.879
5514;-21.44748;-1127.9;-1902.772
5548;-21.56571;-1127.964;-1902.864
5581;-22.02881;-1127.771;-1903.295
5615;-22.34542;-1127.783;-1903.439
5649;-22.44027;-1127.855;-1903.431
5683;-22.4214;-1127.958;-1903.167
5716;-22.27867;-1128.212;-1903.235
5750;-22.21718;-1128.136;-1903.13
5784;-22.09468;-1128.125;-1903.123
5817;-21.84297;-1128.184;-1903.108
5851;-22.06599;-1128.167;-1903.048
5953;-22.54028;-1127.981;-1902.806
5970;-22.44867;-1127.933;-1902.802
6003;-23.1041;-1127.735;-1902.752
6020;-23.14953;-1127.818;-1902.731
6054;-24.37564;-1127.796;-1902.52
6071;-25.47022;-1127.723;-1902.405
6087;-25.86524;-1127.632;-1902.037
6138;-26.16949;-1127.599;-1901.824
6154;-24.25267;-1127.827;-1901.481
6206;-20.217;-1128.547;-1901.24
6243;-15.37533;-1129.484;-1901.47
6273;-13.04983;-1129.947;-1901.329
6306;-10.37289;-1130.397;-1901.034
6340;-8.699422;-1130.948;-1900.605
6374;-5.80341;-1131.249;-1899.657
6408;-4.394092;-1132.006;-1899.649
6442;-3.743433;-1132.13;-1899.765
6475;-3.038469;-1132.194;-1899.526
6509;0.7704105;-1132.526;-1898.831
6542;3.483221;-1132.678;-1898.161
6576;5.009079;-1132.579;-1897.32
6610;5.45313;-1132.465;-1896.823
6644;5.749865;-1132.285;-1896.023
6678;6.463888;-1131.968;-1895.319
6722;7.975192;-1130.662;-1895.048
6750;10.43557;-1128.241;-1894.994
6784;11.56329;-1126.221;-1895.676
6817;13.12038;-1123.117;-1894.899
6851;19.28979;-1116.107;-1893.156
6885;22.8019;-1111.98;-1892.282
6920;27.9297;-1107.835;-1891.291
6952;34.46419;-1102.172;-1892.821
7003;38.90541;-1098.414;-1892.862
7020;42.60325;-1093.629;-1893.215
7053;46.54507;-1088.911;-1892.806
7087;46.70466;-1086.509;-1893.187
7138;50.05737;-1078.646;-1892.017
7182;48.87845;-1074.059;-1891.232
7194;47.38928;-1069.467;-1891.025
7228;47.42702;-1066.975;-1890.653
7262;48.57225;-1061.881;-1889.519
7312;50.41437;-1058.937;-1889.109
7346;51.84554;-1053.843;-1887.741
7380;48.50297;-1053.21;-1888.071
7432;49.44763;-1050.268;-1887.77
7464;49.18285;-1049.281;-1888.235
7498;47.11425;-1048.672;-1888.519
7532;47.75624;-1047.878;-1888.354
7565;47.52722;-1047.779;-1888.637
7599;47.39287;-1048.479;-1888.51
7633;46.40253;-1050.01;-1888.498
7684;45.77752;-1052.682;-1888.281
7718;44.51686;-1060.88;-1886.982
7735;46.67949;-1066.022;-1885.771
7768;43.95488;-1071.911;-1887.01
7819;41.25178;-1076.052;-1888.562
7835;37.3054;-1082.438;-1888.989
7887;34.36653;-1087.641;-1888.499
7939;31.39308;-1091.537;-1888.474
7974;28.98966;-1094.659;-1887.924
8026;26.98768;-1097.94;-1887.015
8064;22.41159;-1104.54;-1886.939
8082;16.73367;-1110.938;-1889.678
8117;12.60204;-1118.431;-1891.883
8151;11.1371;-1120.353;-1891.548
8185;9.335157;-1124.372;-1891.386
8236;9.909644;-1125.179;-1890.461
8252;10.76616;-1126.684;-1889.563
8286;11.10325;-1129.974;-1890.899
8320;11.63859;-1134.002;-1894.07
8357;12.60689;-1134.67;-1893.88
8374;12.13435;-1135.99;-1894.924
8406;12.01574;-1137.752;-1895.801
8459;11.29275;-1139.156;-1896.111
8470;12.53028;-1139.951;-1896.007
8504;12.4846;-1140.419;-1896.221
8538;12.91907;-1141.618;-1896.637
8572;12.31372;-1142.571;-1896.819
8605;11.50107;-1142.937;-1897.318
8685;10.9117;-1143.164;-1898.079
8785;10.16125;-1143.596;-1898.537
8820;7.913401;-1143.479;-1897.333
8853;5.099983;-1142.729;-1896.37
8886;-4.104806;-1142.069;-1897.236
8937;-16.39815;-1141.384;-1900.662
8959;-17.98954;-1141.519;-1901.568
8991;-9.864856;-1142.564;-1901.133
9025;-3.036611;-1143.609;-1901.016
9059;-3.45654;-1142.898;-1899.729
9126;-0.9819958;-1142.814;-1898.9
9363;0.1296494;-1142.993;-1899.109
9380;-0.952214;-1142.028;-1899.307
9396;3.347043;-1139.354;-1899.683
9448;7.276272;-1136.666;-1902.043
9464;16.09589;-1126.428;-1899.08
9505;24.11661;-1118.182;-1896.852
9522;30.78491;-1111.897;-1894.96
9555;38.72713;-1105.302;-1894.941
9589;44.6897;-1097.988;-1894.726
9623;44.96277;-1091.926;-1894.733
9657;45.91948;-1088.608;-1896.466
9691;55.15342;-1065.946;-1894.208
9712;54.51712;-1057.438;-1894.207
9762;53.26802;-1040.639;-1892.705
9795;53.10857;-1033.037;-1891.39
9846;56.09054;-1013.13;-1885.939
9880;53.7973;-1013.897;-1885.543
9930;52.88635;-1013.529;-1884.121
9964;50.34201;-1011.381;-1885.537
9998;50.67529;-1010.607;-1884.119
10048;50.81651;-1010.164;-1882.099
10100;51.81538;-1009.527;-1880.956
10116;51.79171;-1008.808;-1880.123
10133;54.20603;-1011.143;-1879.975
10166;23.89349;-1012.961;-1888.793
10200;21.26408;-1016.263;-1890.938
10234;17.99639;-1024.584;-1896.609
10301;23.41544;-1036.661;-1903.339
10335;42.07274;-1043.388;-1886.568
10368;42.05672;-1051.144;-1884.14
10419;37.19074;-1061.163;-1883.107
10436;31.49138;-1070.806;-1883.207
10470;22.87101;-1088.76;-1881.075
10504;18.1696;-1095.084;-1882.484
10538;17.38419;-1098.974;-1882.384
10573;9.740881;-1106.428;-1880.399
10588;5.915007;-1112.258;-1881.96
10622;6.807932;-1116.219;-1882.239
10656;8.469666;-1118.284;-1881.279
10674;8.919275;-1119.135;-1880.389
10708;10.35635;-1122.017;-1881.256
10742;11.26773;-1124.775;-1881.704
10777;12.0285;-1126.55;-1882.671
10811;13.90751;-1128.771;-1884.315
10844;14.48571;-1130.599;-1884.589
10878;16.26526;-1132.532;-1885.569
10948;17.06999;-1134.203;-1887.065
10981;17.60533;-1135.38;-1888.06
11016;17.52223;-1136.02;-1888.473
11049;16.61711;-1137.758;-1889.492
11082;17.57331;-1139.437;-1889.916
11133;11.43417;-1141.28;-1892.243
11167;6.967978;-1142.123;-1893.189
11200;1.854786;-1142.11;-1894.152
11217;0.2410142;-1143.738;-1893.608
11251;-1.327116;-1143.998;-1894.674
11285;-0.9855693;-1144.102;-1893.287
11336;-1.203703;-1144.308;-1893.63
11353;-1.665285;-1144.394;-1893.761
11372;-0.4203618;-1144.486;-1893.645
11426;-0.3505731;-1144.776;-1894.64
11459;0.2802117;-1144.93;-1895.115
11510;3.619147;-1145.769;-1896.141
11561;4.309907;-1145.908;-1896.804
11577;4.982662;-1145.631;-1896.9
11686;6.12636;-1145.763;-1896.738
11874;4.650856;-1145.012;-1896.774
11889;6.13014;-1126.076;-1889.287
11923;19.69017;-1106.267;-1888.506
11956;29.03978;-1096.499;-1885.832
12007;38.38877;-1088.298;-1883.401
12061;43.44131;-1078.687;-1883.206
12105;53.3243;-1069.155;-1883.763
12156;54.02621;-1047.869;-1883.287
12174;63.38122;-1028.459;-1876.446
12206;47.91353;-1025.743;-1890.047
12223;43.13461;-1024.046;-1889.848
12341;39.5448;-1020.918;-1890.626
12513;38.87102;-1019.441;-1890.833
12547;44.64388;-1014.285;-1886.592
12581;43.65095;-1015.353;-1886.166
12631;31.61006;-1028.457;-1875.976
12665;32.74163;-1030.161;-1877.297
12716;33.78687;-1043.262;-1872.302
12749;30.87984;-1056.056;-1870.149
12783;24.63049;-1066.387;-1868.087
12817;17.95424;-1072.791;-1864.497
12852;14.47417;-1077.724;-1865.617
12876;9.918553;-1083.845;-1864.913
12909;3.241465;-1095.464;-1870.363
12943;-5.044783;-1101.632;-1872.003
12977;-6.172356;-1105.06;-1872.928
12993;-7.300031;-1108.015;-1872.503
13048;-5.260997;-1111.696;-1874.4
13084;-4.022383;-1113.992;-1875.043
13104;-3.198586;-1116.081;-1875.953
13121;-1.163872;-1119.411;-1878.344
13154;0.1827199;-1122.11;-1879.641
13205;1.314579;-1124.524;-1880.527
13255;2.035093;-1126.255;-1881.317
13307;3.068563;-1127.367;-1881.536
13342;3.98772;-1128.723;-1882.393
13392;-4.841075;-1133.261;-1887.299
13425;-24.66826;-1132.103;-1894.719
13459;-29.98253;-1132.188;-1895.49
13475;-29.33318;-1133.041;-1895.051
13526;-27.94074;-1133.349;-1894.573
13544;-26.97257;-1134.229;-1894.646
13594;-26.1489;-1134.571;-1894.827
13628;-25.82373;-1135.011;-1895.979
13644;-21.01992;-1135.179;-1894.287
13679;-16.14156;-1135.015;-1892.313
13712;-11.12352;-1134.902;-1891.278
13746;-8.560452;-1134.264;-1890.637
13796;-8.003054;-1134.423;-1890.497
13830;-7.39132;-1133.09;-1889.267
13863;-6.547589;-1132.694;-1888.131
13897;-4.535392;-1132.297;-1887.169
13931;-3.649566;-1131.351;-1886.202
13964;-3.008001;-1130.759;-1885.782
14016;-3.479293;-1129.267;-1886.213
14049;-3.38696;-1126.296;-1884.425
14082;-3.773948;-1125.436;-1884.479
14133;0.09613018;-1118.317;-1882.278
14323;6.962541;-1111.612;-1882.681
14356;52.05182;-1058.895;-1881.005
14381;51.95578;-1057.148;-1877.99
14414;55.19073;-1046.611;-1884.291
14448;50.41736;-1045.879;-1884.194
14483;46.49797;-1033.558;-1886.809
14500;42.74567;-1020.878;-1896.645
14515;44.54147;-1014.665;-1898.66
14566;50.46687;-1018.104;-1881.552
14600;49.14752;-1021.89;-1885.662
14718;51.17775;-1027.16;-1885.077
14752;50.61271;-1027.855;-1884.847
14785;49.83786;-1026.979;-1883.485
14820;47.20367;-1027.423;-1884.231
14853;43.3826;-1031.107;-1885.922
14886;41.65097;-1034.761;-1887.478
14920;40.70633;-1041.959;-1886.966
14954;38.30998;-1048.318;-1885.969
15006;33.41269;-1058.303;-1884.487
15025;29.16592;-1067.147;-1883.068
15056;28.1539;-1071.86;-1881.118
15075;25.69267;-1075.066;-1879.111
15105;21.0396;-1084.198;-1880.101
15123;19.77491;-1088.148;-1879.04
15155;18.73779;-1094.977;-1879.768
15189;18.54176;-1099.649;-1881.395
15240;17.39984;-1102.354;-1880.85
15291;13.97573;-1105.222;-1881.29
15409;13.59922;-1109.379;-1882.738
15494;13.09342;-1114.472;-1884.56
15510;14.7263;-1119.849;-1885.458
15543;15.11874;-1125.372;-1887.299
15577;15.52129;-1129.406;-1887.682
15611;16.19738;-1130.285;-1887.848
15645;14.98706;-1131.573;-1888.62
15678;15.53348;-1133.862;-1889.493
15713;15.44339;-1134.427;-1889.403
15730;15.51964;-1135.572;-1889.454
15781;16.94451;-1137.42;-1888.745
15814;8.429193;-1138.892;-1889.898
15831;3.113674;-1139.107;-1891.557
15882;9.085052;-1138.145;-1885.313
15899;3.411216;-1138.16;-1885.605
15915;12.8414;-1139.241;-1882.996
15966;11.86858;-1139.24;-1883.637
15984;11.80829;-1138.4;-1882.731
16018;11.83976;-1138.23;-1883.177
16075;12.09503;-1138.474;-1884.38
16092;11.28963;-1138.334;-1885.246
16138;10.8159;-1138.224;-1885.61
16188;10.01702;-1138.113;-1886.078
16221;9.656486;-1137.749;-1886.11
16255;9.136105;-1137.532;-1885.759
16289;8.752253;-1137.036;-1886.194
16340;8.914082;-1136.592;-1886.084
16373;8.265389;-1135.825;-1885.609
16390;7.472049;-1133.99;-1885.114
16407;11.60507;-1127.037;-1880.547
16424;13.01342;-1125.459;-1882.183
16442;16.70836;-1119.089;-1879.907
16457;24.5278;-1108.825;-1879.998
16491;33.13882;-1098.209;-1877.435
16541;39.63335;-1090.838;-1876.588
16575;47.20415;-1081.713;-1879.423
16609;55.51892;-1071.333;-1880.813
16660;58.73898;-1062.529;-1878.717
16677;63.43468;-1046.156;-1880.938
16693;65.62063;-1038.589;-1882.95
16727;61.93014;-1034.134;-1884.114
16777;63.01141;-1026.834;-1885.429
16811;63.04948;-1020.645;-1885.11
16845;63.85859;-1013.748;-1883.166
16896;60.79876;-1013.532;-1883.132
16912;57.98763;-1011.624;-1883.942
16941;55.64978;-1012.547;-1884.25
16975;55.56826;-1011.75;-1884.642
17042;55.20564;-1011.861;-1885.054
17076;59.02078;-1010.676;-1883.878
17109;57.37801;-1013.94;-1882.135
17126;53.51623;-1019.597;-1881.657
17178;48.46061;-1025.223;-1883.784
17194;44.11061;-1030.084;-1881.797
17246;38.12031;-1037.772;-1878.75
17262;27.28052;-1048.248;-1873.316
17312;28.43927;-1053.382;-1872.026
17329;28.08235;-1060.847;-1872.896
17363;23.81106;-1067.995;-1869.978
17413;20.77723;-1073.942;-1867.795
17447;17.70325;-1077.984;-1867.658
17481;15.062;-1083.044;-1866.511
17515;15.51243;-1088.929;-1868.359
17531;11.52532;-1093.277;-1869.041
17565;9.260084;-1096.032;-1869.546
17599;6.156979;-1100.631;-1871.752
17667;3.772098;-1104.01;-1872.699
17683;4.351955;-1108.907;-1875.647
17752;8.331461;-1114.096;-1878.516
17769;9.225682;-1117.95;-1880.742
17784;10.05588;-1121.899;-1883.601
17819;10.01619;-1126.592;-1887.202
17835;11.56549;-1126.93;-1887.206
17886;11.9169;-1127.94;-1887.701
17919;13.60576;-1128.171;-1888.065
17971;14.70976;-1128.468;-1888.599
18267;15.33475;-1128.466;-1888.524
18282;6.983042;-1130.397;-1888.078
18316;7.295063;-1131.078;-1887.147
18367;8.594547;-1132.083;-1888.201
18383;8.412699;-1132.571;-1888.516
18418;7.577494;-1133.051;-1887.877
18434;7.067364;-1133.729;-1886.989
18477;6.546164;-1133.683;-1886.709
18511;5.697815;-1133.53;-1886.588
18527;5.33359;-1133.085;-1886.413
18580;4.478015;-1132.489;-1886.295
18595;4.834283;-1131.699;-1885.11
18648;9.837495;-1125.986;-1880.548
18732;16.14103;-1117.958;-1878.507
18764;22.77211;-1111.561;-1877.652
18815;28.47196;-1103.181;-1877.469
18832;31.01164;-1096.118;-1873.562
18866;39.95286;-1083.768;-1872.513
18899;48.74654;-1072.04;-1874.404
18933;50.97317;-1066.749;-1873.078
18967;57.71597;-1050.669;-1874.929
19000;60.28598;-1041.296;-1876.012
19035;54.93961;-1036.974;-1876.992
19069;50.96916;-1034.892;-1878.005
19104;49.04539;-1030.306;-1879.04
19120;47.9455;-1026.98;-1880.934
19154;47.50625;-1025.316;-1881.687
19188;47.08557;-1024.145;-1882.108
19221;47.54752;-1023.314;-1881.522
19255;48.28377;-1021.276;-1881.814
19289;48.83607;-1019.753;-1881.549
19322;48.45597;-1020.003;-1881.885
19356;46.89713;-1019.983;-1882.413
19389;46.85565;-1020.266;-1883.186
19423;45.81594;-1022.09;-1882.775
19457;45.43433;-1023.944;-1882.953
19491;38.48159;-1034.017;-1877.432
19508;42.63343;-1035.2;-1876.977
19541;42.65611;-1039.067;-1876.708
19592;39.14931;-1050.257;-1875.696
19778;34.02794;-1058.239;-1873.359
19794;4.969443;-1091.758;-1866.944
19828;4.487576;-1092.567;-1865.537
19862;4.019722;-1093.513;-1865.048
19895;0.4161978;-1100.472;-1870.782
19929;-0.5748793;-1105.493;-1872.381
19962;-1.05648;-1109.065;-1872.858
19996;3.245602;-1112.818;-1875.049
20030;4.11458;-1117.975;-1878.75
20064;5.699602;-1121.302;-1881.022
20098;7.518232;-1122.734;-1882.332
20132;6.2499;-1125.9;-1885.36
20148;7.9996;-1126.653;-1885.287
20182;9.857669;-1128.497;-1886.733
20218;10.08651;-1129.56;-1887.579
20252;11.01729;-1130.136;-1887.792
20308;13.67051;-1131.437;-1888.891
20325;17.94868;-1132.005;-1886.905
20376;17.46144;-1132.938;-1886.777
20426;16.60675;-1133.726;-1886.088
20461;14.43884;-1135.675;-1886.239
20493;13.23971;-1136.283;-1885.691
20528;12.7468;-1136.908;-1881.204
20561;9.784509;-1137.206;-1880.201
20594;8.332692;-1137.128;-1880.691
20628;7.620802;-1136.799;-1880.082
20896;7.508675;-1136.78;-1880.334
20928;5.308615;-1136.921;-1883.424
20963;4.928671;-1136.329;-1884.563
20979;2.150731;-1135.471;-1884.47
20996;2.125852;-1134.192;-1884.235
21013;2.009254;-1131.097;-1883.872
21029;3.956014;-1128.34;-1882.874
21097;9.486167;-1123.31;-1881.334
21130;19.39052;-1112.952;-1880.855
21181;25.55606;-1105.417;-1880.76
21214;32.67422;-1094.552;-1878.034
21231;38.48701;-1087.64;-1877.083
21265;44.58389;-1077.925;-1876.96
21299;49.79333;-1070.706;-1877.689
21315;44.93589;-1064.541;-1874.534
21367;43.90462;-1056.88;-1873.523
21401;52.34322;-1040.349;-1874.611
21416;53.39472;-1036.429;-1875.274
21451;49.49136;-1035.254;-1877.837
21484;47.12728;-1035.395;-1879.454
21501;43.13021;-1035.732;-1881.602
21535;40.57025;-1035.986;-1882.936
21551;39.46199;-1036.166;-1883.553
21603;39.41237;-1036.466;-1884.303
21619;41.23223;-1036.485;-1885.092
21670;42.06667;-1037.052;-1884.507
21721;31.14711;-1041.883;-1880.824
21755;33.15953;-1041.993;-1880.431
21771;31.53367;-1041.938;-1880.262
21810;39.05575;-1040.998;-1879.504
21826;35.17193;-1050.632;-1879.427
21859;34.49534;-1055.879;-1878.396
21894;32.68956;-1061.12;-1877.319
21927;32.45954;-1064.156;-1876.041
21961;31.00835;-1068.083;-1874.016
21994;31.02866;-1071.228;-1872.702
22045;30.14723;-1076.72;-1873.687
22079;29.71088;-1081.725;-1872.88
22095;31.25164;-1087.711;-1871.733
22163;30.24585;-1091.779;-1872.426
22197;27.02496;-1096.396;-1872.895
22230;23.30252;-1101.218;-1872.616
22264;17.68129;-1106.5;-1873.606
22281;15.86254;-1109.139;-1872.497
22316;11.92988;-1115.944;-1873.833
22331;13.5399;-1119.877;-1875.533
22367;15.17288;-1122.515;-1878.059
22382;14.12782;-1126.376;-1881.432
22467;12.99113;-1128.501;-1882.894
22500;13.21659;-1130.751;-1885.199
22534;13.25779;-1132.192;-1885.813
22568;14.84373;-1132.407;-1885.786
22602;15.43826;-1132.247;-1885.204
22618;14.80116;-1132.303;-1885.469
22652;15.65404;-1132.5;-1885.65
22668;15.09817;-1133.279;-1886.207
22702;8.775929;-1132.995;-1886.23
22736;5.974294;-1132.496;-1885.038
22752;12.51981;-1131.296;-1877.675
22803;14.30313;-1130.603;-1873.719
22820;15.53419;-1130.454;-1870.573
22854;7.937068;-1130.711;-1873.927
22887;13.40745;-1130.577;-1870.205
22972;16.59204;-1130.492;-1868.465
23159;15.21742;-1131.192;-1871.08
23209;14.7692;-1132.679;-1873.913
23242;14.51547;-1133.194;-1875.45
23259;13.4804;-1133.133;-1875.831
23293;11.63984;-1133.008;-1876.35
23326;13.26701;-1131.518;-1876.464
23361;12.17093;-1128.564;-1874.791
23378;11.82626;-1125.306;-1874.626
23411;11.02021;-1123.857;-1875.681
23448;15.78372;-1117.534;-1874.492
23480;21.46763;-1110.731;-1874.806
23497;29.18013;-1101.583;-1877.445
23514;29.47827;-1093.816;-1878.39
23531;34.36954;-1085.343;-1878.886
23582;43.29106;-1075.476;-1881.71
23598;50.38951;-1067.906;-1882.852
23649;53.93228;-1055.133;-1884.109
23665;57.38795;-1039.79;-1888.816
23700;55.46299;-1030.25;-1891.825
23716;57.07703;-1019.563;-1888.804
23750;57.12518;-1016.151;-1884.706
23784;53.66822;-1019.102;-1887.951
23853;52.53271;-1016.994;-1887.534
23900;49.96271;-1018.228;-1889.237
23915;49.23034;-1018.474;-1889.626
23932;48.76963;-1018.346;-1890.181
23995;49.49777;-1018.703;-1890.515
24028;50.34071;-1018.749;-1890.859
24062;44.13424;-1025.946;-1890.05
24111;29.42638;-1041.029;-1879.104
24128;29.84773;-1043.877;-1879.857
24179;30.85714;-1049.936;-1876.213
24196;33.44098;-1054.072;-1875.099
24246;33.44784;-1061.96;-1874.056
24343;31.54821;-1067.228;-1872.768
24362;28.87827;-1075.77;-1872.158
24402;25.98546;-1088.638;-1870.339
24416;24.5107;-1094.607;-1869.59
24450;19.81348;-1100.406;-1870.284
24484;17.84934;-1103.777;-1871.314
24501;15.30289;-1108.442;-1873.505
24538;12.4356;-1112.783;-1874.181
24554;12.99582;-1114.727;-1873.966
24605;13.49567;-1117.197;-1874.072
24623;15.0611;-1120.453;-1876.632
24656;14.50354;-1121.913;-1878.188
24690;13.55827;-1123.281;-1879.33
24706;15.11667;-1125.499;-1881.017
24758;13.77535;-1128.905;-1882.739
24774;15.8553;-1129.214;-1882.867
24791;15.89214;-1131.697;-1884.294
24841;16.36683;-1132.501;-1884.73
24875;18.2894;-1133.954;-1884.581
24909;23.28627;-1135.262;-1881.233
24943;28.0113;-1137.679;-1877.332
24959;31.23383;-1138.652;-1872.199
25010;30.67012;-1138.512;-1870.12
25027;-10.50315;-1137.09;-1883.233
25060;8.824084;-1136.943;-1871.861
25094;13.80252;-1137.352;-1868.4
25128;18.11958;-1137.331;-1865.37
25162;19.77495;-1137.431;-1863.999
25214;3.020905;-1137.671;-1870.751
25229;-1.615975;-1137.331;-1872.735
25414;2.406389;-1137.614;-1872.2
25431;5.046318;-1138.154;-1875.637
25465;8.616045;-1138.639;-1877.044
25533;7.852404;-1138.582;-1878.156
25634;7.691931;-1138.429;-1878.471
25651;5.819423;-1136.42;-1877.414
25685;7.785197;-1132.964;-1876.592
25718;10.66332;-1126.257;-1874.961
25735;20.37163;-1115.164;-1878.43
25786;24.36608;-1106.967;-1880.242
25820;28.78565;-1097.624;-1880.77
25854;32.15;-1087.026;-1880.477
25889;39.76436;-1075.895;-1882.932
25991;47.81915;-1067.116;-1883.49
26009;52.35648;-1038.695;-1884.1
26045;55.17121;-1020.615;-1879.638
26078;63.57205;-1009.474;-1879.389
26129;64.55618;-1004.768;-1884.202
26163;61.70992;-1001.726;-1887.289
26197;55.78646;-1002.716;-1892.698
26230;54.90847;-1002.603;-1892.77
26297;53.79997;-1001.9;-1894.693
26331;49.1861;-1005.072;-1895.641
26383;48.28407;-1005.25;-1896.211
26399;49.70887;-1005.328;-1896.254
26433;49.4203;-1008.742;-1893.588
26484;47.47455;-1016.06;-1888.639
26537;44.77029;-1019.755;-1886.923
26596;38.55519;-1055.508;-1876.199
26634;40.97102;-1061.336;-1874.861
26660;36.70341;-1068.998;-1871.721
26694;33.54821;-1074.016;-1870.593
26744;31.97821;-1078.29;-1868.548
26787;30.0668;-1082.411;-1866.504
26815;24.87929;-1089.839;-1865.547
26866;23.07383;-1095.356;-1865.293
26916;16.05114;-1101.34;-1864.163
26952;12.25024;-1104.324;-1864.14
26967;11.1816;-1105.825;-1864.622
26986;13.98696;-1112.653;-1868.627
27018;20.0873;-1116.124;-1869.313
27034;18.21526;-1121.722;-1873.358
27085;18.63066;-1124.71;-1875.409
27135;18.04988;-1127.058;-1876.874
27186;17.81118;-1128.178;-1878.274
27205;18.08614;-1129.947;-1879.543
27256;18.49976;-1131.062;-1880.234
27289;18.29072;-1131.93;-1881.034
27323;19.47648;-1132.715;-1881.96
27358;18.6328;-1133.229;-1882.076
27409;21.20286;-1134.436;-1882.255
27426;22.2524;-1135.292;-1880.622
27444;22.78892;-1135.969;-1879.407
27459;26.66941;-1135.609;-1874.208
27775;24.34461;-1136.76;-1877.22
27797;23.80667;-1136.937;-1878.967
27863;22.91917;-1137.031;-1879.185
27897;20.37903;-1136.719;-1878.769
27931;17.23524;-1134.957;-1880.126
27965;16.40338;-1134.344;-1880.243
28015;14.47483;-1133.345;-1880.769
28049;17.29804;-1127.661;-1877.749
28085;20.3822;-1121.66;-1875.601
28136;23.17587;-1115.792;-1873.264
28153;25.57434;-1107.77;-1875.798
28170;31.09331;-1089.539;-1877.837
28221;39.3095;-1074.375;-1879.337
28255;47.44817;-1060.315;-1883.172
28289;50.3261;-1056.585;-1884.505
28306;53.48403;-1042.392;-1885.617
28339;48.53365;-1038.673;-1889.524
28374;46.01012;-1031.335;-1889.053
28395;44.3602;-1019.014;-1897.028
28411;41.4266;-1016.494;-1895.571
28546;40.8863;-1014.015;-1894.551
28581;40.69447;-1015.221;-1894.124
28614;44.85426;-1005.027;-1897.511
28648;49.60891;-1013.856;-1893.737
28699;55.04992;-1010.071;-1883.242
28715;53.00917;-1012.247;-1882.625
28766;46.84267;-1020.373;-1881.096
28799;44.01213;-1023.147;-1882.616
28850;29.07716;-1033.663;-1880.195
28900;23.24848;-1037.866;-1876.39
28968;21.50444;-1045.074;-1873.458
29019;23.48753;-1057.437;-1872.175
29061;24.43825;-1080.192;-1865.97
29104;22.28618;-1084.092;-1865.883
29154;20.42088;-1089.801;-1865.598
29176;20.74667;-1094.98;-1865.992
29191;20.35542;-1099.906;-1864.949
29226;19.78904;-1105.061;-1866.754
29252;25.26109;-1112.829;-1868.059
29298;24.68876;-1117.659;-1870.085
29350;26.73603;-1121.05;-1873.513
29382;22.8076;-1125.984;-1876.406
29416;24.22799;-1127.566;-1877.39
29432;21.84523;-1132.599;-1880.691
29484;21.00057;-1134.562;-1882.067
29500;22.10351;-1136.01;-1882.678
29552;22.07883;-1136.879;-1884.039
29584;21.7486;-1137.535;-1884.149
29618;22.36247;-1137.437;-1884.565
29635;23.19704;-1137.2;-1883.798
29685;23.11059;-1137.0;-1882.353
29719;21.79815;-1137.594;-1882.643
29769;27.89353;-1138.266;-1878.747
29803;22.61769;-1138.298;-1879.153
29836;24.3085;-1138.401;-1876.098
29872;26.33852;-1138.276;-1873.785
29892;28.05804;-1138.058;-1872.658
29924;-12.50878;-1136.664;-1883.575
29958;-17.06875;-1136.13;-1884.523
29975;-20.39604;-1135.786;-1885.253
30078;-22.09448;-1135.09;-1885.26
30111;5.393203;-1134.574;-1870.938
30145;10.07169;-1134.345;-1868.877
30179;-12.92942;-1133.984;-1878.468
30230;10.34838;-1134.33;-1870.094
30264;18.76782;-1134.637;-1868.357
30314;-11.37947;-1134.092;-1880.14
30347;-13.4659;-1134.254;-1882.345
30381;-16.47763;-1133.561;-1884.147
30415;18.89565;-1133.99;-1873.24
30465;7.392499;-1134.419;-1878.998
30499;4.325238;-1134.374;-1881.119
30549;8.152159;-1133.838;-1880.875
30583;8.221692;-1133.112;-1881.333
30617;21.39815;-1133.693;-1877.877
30667;16.84296;-1133.808;-1880.021
30702;16.11065;-1133.797;-1880.435
30736;14.65156;-1134.148;-1881.333
30769;16.00659;-1134.243;-1881.61
30820;21.47677;-1134.214;-1879.542
30854;19.24267;-1133.85;-1880.998
31165;15.08151;-1133.866;-1882.827
31231;3.04851;-1133.846;-1888.025
31266;-1.418867;-1132.034;-1887.804
31315;-6.88228;-1131.988;-1890.257
31349;-8.269211;-1132.095;-1890.785
31383;-10.95803;-1132.06;-1891.544
31416;-13.88155;-1131.819;-1893.184
31468;-17.67282;-1131.462;-1893.615
31484;-19.22126;-1131.174;-1893.657
31517;-20.12357;-1130.766;-1894.299
31549;-21.03236;-1130.335;-1893.995
31583;-22.79645;-1130.381;-1894.807
31617;-23.23771;-1130.356;-1894.712
31634;-24.30471;-1130.426;-1894.837
31669;-21.86857;-1128.965;-1893.376
31686;-22.67463;-1128.964;-1893.65
31721;-23.12038;-1128.301;-1893.08
31790;-24.582;-1128.387;-1893.747
31824;-25.70845;-1128.554;-1893.583
31857;-24.72254;-1127.854;-1892.837
31873;-25.14362;-1128.202;-1893.42
31907;-24.62922;-1127.83;-1892.946
31938;-25.2049;-1127.596;-1892.974
31954;-25.77165;-1127.547;-1893.522
32005;-24.59547;-1127.007;-1892.282
32022;-25.27897;-1126.928;-1892.22
32056;-25.24739;-1126.834;-1892.389
32089;-24.30275;-1127.17;-1892.598
32140;-23.42865;-1126.766;-1892.408
32174;-24.1147;-1126.748;-1892.687
32262;-24.65655;-1126.656;-1893.554
32295;-23.36706;-1126.408;-1893.456
32346;-23.6874;-1126.563;-1893.997
32380;-24.12666;-1126.643;-1894.31
32431;-24.20658;-1126.787;-1894.575
32464;-23.47087;-1127.331;-1895.193
32498;-22.7134;-1127.777;-1895.63
32533;-21.88326;-1128.121;-1895.973
32565;-20.54821;-1128.43;-1896.068
32601;-19.32481;-1128.577;-1895.971
32633;-18.4585;-1128.725;-1896.154
32672;-16.00846;-1128.755;-1895.391
32700;-14.17964;-1129.224;-1894.652
32988;-13.0283;-1129.258;-1894.214
33022;-7.864368;-1129.024;-1892.342
33071;-6.474119;-1129.115;-1891.925
33105;4.755335;-1126.162;-1887.617
33156;7.360969;-1125.076;-1886.883
33173;7.270331;-1124.321;-1886.671
33240;8.479235;-1122.394;-1884.835
33257;9.15107;-1121.231;-1884.008
33283;10.93641;-1117.859;-1881.163
33320;11.45657;-1117.328;-1880.759
33405;10.3094;-1115.763;-1879.32
33439;10.52112;-1114.654;-1877.948
33455;10.38773;-1112.793;-1876.778
33489;11.54661;-1110.663;-1875.695
33523;12.80182;-1110.43;-1875.483
33540;15.25818;-1110.238;-1874.493
33574;13.88001;-1109.993;-1874.53
33590;14.20632;-1109.874;-1874.394
33641;14.82853;-1109.835;-1874.159
33657;14.91174;-1109.802;-1874.07
33708;14.57937;-1109.745;-1874.001
33742;14.77708;-1109.601;-1874.113
33758;14.80097;-1109.713;-1874.162
33802;14.09699;-1110.16;-1875.126
33827;12.9521;-1110.084;-1876.211
33911;12.02517;-1110.239;-1876.281
34046;9.289243;-1109.965;-1876.817
34063;7.826672;-1110.16;-1877.239
34097;6.339571;-1110.023;-1877.605
34131;5.791459;-1109.665;-1877.522
34147;5.619649;-1109.615;-1877.592
34164;5.78656;-1109.311;-1878.145
34198;2.895423;-1108.734;-1878.443
34214;2.302608;-1108.484;-1878.779
34248;1.926661;-1108.335;-1879.004
34265;1.73386;-1107.982;-1879.182
34299;1.445057;-1108.025;-1879.776
34333;1.020564;-1108.303;-1880.56
34367;0.306367;-1108.07;-1881.203
34401;-0.07215515;-1107.626;-1883.068
34435;-0.9119744;-1106.465;-1884.917
34468;-1.086281;-1104.109;-1885.389
34616;-1.149364;-1098.583;-1885.368
34809;1.880283;-1091.073;-1884.887
34827;16.17447;-1040.304;-1892.599
34878;202.9835;-1024.373;-1889.831
34894;206.9582;-1027.264;-1890.123
34928;216.5307;-1028.818;-1890.528
34945;212.2429;-1033.545;-1890.591
34995;275.6331;-1023.501;-1945.707
35046;283.3989;-1022.705;-1953.757
35063;293.7576;-1021.499;-1964.385
35080;310.1758;-1021.743;-1978.658
35130;329.862;-1020.176;-1999.779
35181;31.775;-1080.103;-1871.637
35198;27.81105;-1085.603;-1873.505
35249;14.39025;-1089.173;-1880.885
35283;9.620397;-1093.187;-1882.744
35299;7.38583;-1096.306;-1883.869
35315;3.487967;-1099.944;-1885.904
35351;1.661303;-1104.189;-1887.071
35384;-1.489771;-1108.463;-1888.034
35418;-3.265144;-1112.062;-1890.33
35452;-5.469373;-1114.826;-1891.311
35486;-6.9191;-1116.257;-1891.772
35520;-9.356573;-1119.035;-1893.196
35587;-10.0432;-1121.378;-1894.757
35604;-12.77961;-1123.55;-1896.69
35638;-13.1839;-1124.391;-1897.551
35671;-15.48518;-1125.764;-1900.58
35735;-18.25465;-1127.836;-1905.237
35781;-19.78831;-1128.825;-1906.642
35801;-20.74487;-1129.701;-1908.486
35820;-21.65472;-1129.807;-1908.873
35854;-21.99203;-1130.814;-1910.326
35905;-21.64208;-1131.295;-1911.042
35948;-22.41667;-1131.262;-1911.542
35963;-22.59811;-1131.019;-1911.755
36014;-22.05418;-1130.199;-1911.684
36030;-23.69062;-1128.834;-1911.066
36069;-27.86003;-1127.279;-1911.342
36086;-28.42895;-1127.676;-1912.676
36136;-30.29415;-1127.023;-1912.446
36153;-31.85247;-1126.548;-1912.451
36187;-32.35498;-1126.403;-1912.722
36221;-33.72309;-1126.298;-1913.568
36305;-34.78827;-1126.001;-1913.445
36596;-31.72974;-1126.83;-1913.808
36630;-26.75866;-1128.389;-1913.18
36647;-23.33127;-1130.635;-1911.735
36664;-21.82579;-1130.337;-1909.209
36715;-18.25624;-1128.528;-1904.099
36732;-12.63627;-1125.338;-1899.754
36765;-2.477743;-1120.843;-1894.923
36799;2.920873;-1112.524;-1889.667
36815;5.685709;-1109.984;-1889.0
36850;5.137515;-1102.774;-1885.343
36867;5.333869;-1095.798;-1881.922
36884;-4.427625;-1078.793;-1888.514
36934;-0.8856999;-1064.583;-1891.128
36951;5.02831;-1055.927;-1891.232
37002;2.920002;-1043.04;-1893.306
37035;39.96333;-1019.738;-1873.764
37070;48.13764;-1014.293;-1871.89
37103;47.71101;-1014.27;-1868.294
37136;51.58247;-1013.288;-1864.852
37153;64.90395;-1019.917;-1858.254
37187;66.20425;-1032.416;-1854.104
37209;67.66483;-1036.703;-1852.758
37272;74.86209;-1040.063;-1853.569
37306;61.00956;-1045.176;-1857.1
37322;-10.12848;-1071.54;-1892.931
37372;-23.71132;-1079.111;-1903.093
37407;23.26552;-1081.881;-1877.674
37441;20.26704;-1085.499;-1875.884
37458;19.71082;-1092.096;-1877.843
37509;14.59762;-1096.805;-1883.076
37543;12.25737;-1100.444;-1883.138
37558;9.789933;-1103.573;-1884.507
37688;8.917697;-1113.105;-1885.45
37723;5.096913;-1114.997;-1886.858
37740;0.7604119;-1117.472;-1888.127
37791;-0.6586567;-1119.918;-1888.643
37807;-5.051377;-1123.191;-1890.521
37858;-6.858993;-1125.731;-1892.267
37875;-9.037113;-1127.398;-1894.014
37892;-10.72624;-1129.632;-1897.706
37926;-12.18606;-1130.266;-1900.396
37947;-13.20662;-1129.856;-1900.809
37998;-15.32979;-1129.784;-1902.205
38014;-19.35558;-1130.119;-1905.013
38031;-21.65402;-1129.252;-1906.032
38065;-25.55824;-1128.583;-1908.074
38082;-26.46221;-1128.514;-1911.075
38133;-27.958;-1128.14;-1913.283
38149;-29.7938;-1127.861;-1914.337
38184;-30.53778;-1128.477;-1917.005
38217;-31.73083;-1128.439;-1917.366
38250;-32.75587;-1128.518;-1918.258
38284;-33.31417;-1128.737;-1918.086
38352;-33.20406;-1129.028;-1918.203
38386;-32.01744;-1129.217;-1917.942
38402;-30.91024;-1129.485;-1917.741
38419;-28.72527;-1129.991;-1917.625
38487;-27.2267;-1130.368;-1917.429
38504;-26.58829;-1130.753;-1917.119
38538;-25.78297;-1130.949;-1916.284
38554;-22.75177;-1130.224;-1913.591
38605;-19.20355;-1129.41;-1911.717
38623;-18.70503;-1128.782;-1910.788
38691;-15.62361;-1124.913;-1907.794
38707;-7.689037;-1120.761;-1902.536
38723;-7.460666;-1115.909;-1897.468
38757;-1.619685;-1109.138;-1892.615
38791;1.538124;-1103.907;-1889.985
38825;2.737428;-1088.781;-1890.934
38893;4.255616;-1078.972;-1891.143
38916;4.200537;-1052.669;-1896.527
38933;5.414108;-1050.902;-1896.852
38967;0.4529799;-1010.993;-1864.599
39001;-114.2391;-1027.509;-1996.309
39018;-115.2081;-1029.93;-1997.367
39068;-114.7268;-1028.975;-1993.26
39103;101.9187;-1007.029;-1866.74
39136;107.0718;-1014.56;-1865.522
39172;112.6606;-1035.494;-1859.577
39205;107.5593;-1037.489;-1860.066
39221;87.01496;-1043.579;-1862.428
39255;97.491;-1054.085;-1857.254
39306;12.0009;-1084.486;-1910.843
39509;-10.54016;-1093.139;-1920.358
39529;24.06167;-1098.301;-1888.25
39568;16.47784;-1108.562;-1892.563
39605;10.70296;-1114.535;-1893.906
39638;10.05344;-1118.322;-1893.705
39655;8.040828;-1120.898;-1895.531
39707;2.045088;-1123.902;-1896.932
39723;-0.1100039;-1125.483;-1897.639
39756;-3.923899;-1126.785;-1898.711
39791;-4.757178;-1128.193;-1898.845
39807;-8.04728;-1130.098;-1899.539
39841;-10.66593;-1131.253;-1900.78
39859;-13.76186;-1131.863;-1902.139
39892;-14.93088;-1132.934;-1904.13
39933;-15.39063;-1132.678;-1905.403
39951;-18.27625;-1132.531;-1907.186
39984;-20.16327;-1132.524;-1907.76
40018;-22.94111;-1132.56;-1909.417
40035;-28.47993;-1131.456;-1910.847
40053;-29.07615;-1131.535;-1913.124
40087;-28.62364;-1131.718;-1914.257
40120;-29.65839;-1131.569;-1915.172
40205;-30.41436;-1131.494;-1915.931
40221;-30.14545;-1131.589;-1916.132
40238;-30.44792;-1131.696;-1916.529
40273;-30.5433;-1131.697;-1916.821
40306;-32.13287;-1131.548;-1917.646
40340;-32.65118;-1131.3;-1918.364
40377;-32.39839;-1131.551;-1918.056
40492;-32.0601;-1131.848;-1918.446
40510;-29.21585;-1131.797;-1917.125
40543;-27.05186;-1132.257;-1917.926
40577;-25.1205;-1132.45;-1917.016
40612;-24.33177;-1132.769;-1916.236
40646;-24.69073;-1132.522;-1916.593
40679;-26.90883;-1132.194;-1917.28
40825;-26.64109;-1131.749;-1916.971
40860;-24.39091;-1127.511;-1915.248
40911;-23.11137;-1106.373;-1902.379
40944;-8.91695;-1093.269;-1898.38
40978;-8.667369;-1073.327;-1903.638
41012;-5.355039;-1066.205;-1906.026
41046;-3.610143;-1045.272;-1897.162
41078;310.4113;-1009.424;-2064.63
41118;319.8882;-1009.19;-2065.312
41155;327.1782;-1008.984;-2068.286
41190;348.1437;-1002.529;-2078.121
41224;340.8379;-1005.774;-2066.264
41241;336.6774;-1006.291;-2050.166
41278;341.479;-1004.958;-2048.127
41295;310.6404;-1007.905;-2032.308
41311;210.8901;-1032.91;-1911.333
41346;317.2148;-1011.96;-2029.097
41381;325.0756;-1010.507;-2035.349
41396;329.9706;-1010.65;-2039.09
41430;337.6842;-1008.949;-2044.24
41464;362.4992;-996.962;-2059.742
41515;22.83501;-1087.596;-1879.386
41532;20.68593;-1093.089;-1879.1
41548;25.82788;-1099.56;-1879.546
41599;18.56244;-1104.563;-1883.887
41633;16.40234;-1108.363;-1885.863
41668;10.65249;-1112.216;-1888.405
41702;9.177238;-1116.054;-1890.954
41720;8.08985;-1121.166;-1894.161
41771;1.637951;-1124.968;-1901.185
41788;-0.4610382;-1128.512;-1902.902
41838;-6.342367;-1131.756;-1904.741
41855;-8.314354;-1133.828;-1906.992
41906;-13.88294;-1136.637;-1909.434
41939;-13.79129;-1137.844;-1910.768
41977;-14.3369;-1138.546;-1911.577
42015;-16.22495;-1139.554;-1913.765
42031;-17.35145;-1139.671;-1914.8
42065;-17.19122;-1139.546;-1915.293
42081;-18.15245;-1139.553;-1916.453
42115;-19.64921;-1139.506;-1917.452
42149;-24.44395;-1137.332;-1917.948
42183;-25.17847;-1136.512;-1919.024
42216;-24.61263;-1135.739;-1919.279
42267;-24.69522;-1135.179;-1920.437
42284;-26.67228;-1134.395;-1920.161
42318;-28.28344;-1133.449;-1921.054
42369;-28.6396;-1133.358;-1920.792
42385;-28.77262;-1133.362;-1921.037
42418;-29.50079;-1133.29;-1921.249
42470;-31.96732;-1133.418;-1920.977
42503;-33.42001;-1133.582;-1921.371
42538;-33.98118;-1133.507;-1921.342
42553;-33.26106;-1133.823;-1921.844
42587;-31.44075;-1134.428;-1922.649
42622;-29.88909;-1134.954;-1922.948
42672;-28.5854;-1135.493;-1923.348
42688;-25.67911;-1135.973;-1923.451
42739;-25.76611;-1135.962;-1923.565
42755;-26.07234;-1136.214;-1923.38
42789;-24.82894;-1136.188;-1923.276
42823;-22.38067;-1135.957;-1921.22
42856;-18.775;-1134.272;-1919.81
42890;-20.19897;-1131.12;-1918.269
42941;-16.97135;-1124.112;-1911.388
42975;-16.55522;-1115.953;-1904.39
42991;-11.29152;-1109.894;-1898.005
43025;-4.389265;-1100.453;-1889.155
43077;-1.281377;-1090.387;-1884.095
43093;3.756159;-1076.01;-1888.491
43168;8.389219;-1074.97;-1886.525
43184;14.32618;-1063.163;-1887.368
43218;79.41348;-1041.225;-1867.793
43253;77.56689;-1028.093;-1870.807
43285;78.12914;-1015.116;-1871.048
43302;87.74313;-1015.01;-1866.696
43319;93.72886;-1031.045;-1861.13
43369;101.1991;-1033.245;-1861.657
43438;102.5602;-1030.508;-1860.029
43455;100.7593;-1032.209;-1862.03
43487;109.2264;-1052.205;-1855.893
43504;105.8923;-1052.053;-1853.43
43521;103.8826;-1054.98;-1853.044
43555;-8.963393;-1077.457;-1902.724
43588;-17.07572;-1087.296;-1905.057
43639;19.43599;-1082.781;-1880.129
43656;17.5453;-1089.643;-1880.637
43724;14.87822;-1093.201;-1881.509
43741;11.53458;-1097.337;-1884.226
43757;13.35074;-1101.412;-1885.623
43791;11.85116;-1103.613;-1886.683
43810;10.68533;-1108.328;-1889.499
43860;8.532928;-1113.375;-1892.396
43894;5.787391;-1117.526;-1895.193
43953;5.112705;-1121.349;-1896.808
43985;4.032048;-1125.37;-1898.773
44002;3.418394;-1128.811;-1901.62
44018;2.848168;-1130.632;-1903.495
44070;1.256251;-1132.454;-1904.872
44086;-2.664203;-1135.499;-1906.075
44132;-5.585172;-1137.263;-1906.288
44166;-8.175059;-1138.694;-1907.727
44182;-11.23548;-1139.825;-1909.273
44216;-13.82247;-1140.234;-1910.387
44267;-14.03827;-1140.264;-1911.209
44284;-15.71572;-1140.227;-1912.224
44318;-17.10296;-1139.976;-1913.214
44369;-18.51249;-1139.107;-1914.365
44385;-22.68931;-1136.505;-1914.784
44487;-26.50633;-1135.046;-1914.792
44504;-28.24346;-1133.393;-1914.405
44537;-29.09391;-1132.485;-1915.069
44569;-29.42228;-1131.977;-1915.433
44603;-30.6552;-1131.391;-1915.812
44620;-31.86537;-1130.944;-1916.076
44637;-33.50083;-1130.313;-1916.133
44653;-35.37635;-1130.01;-1916.117
44686;-36.19737;-1129.943;-1916.087
44721;-35.82073;-1130.089;-1916.464
44754;-36.21846;-1130.193;-1916.952
44807;-35.52865;-1130.451;-1917.351
44822;-32.59395;-1131.249;-1918.121
44874;-30.9255;-1131.682;-1918.517
44890;-30.57456;-1132.189;-1918.21
44942;-27.40778;-1133.283;-1918.388
44975;-25.55109;-1134.655;-1918.512
44992;-24.87837;-1135.09;-1918.064
45025;-23.60301;-1135.34;-1917.245
45076;-22.20735;-1134.878;-1916.322
45109;-21.03939;-1134.336;-1915.638
45144;-20.4452;-1131.877;-1915.82
45159;-12.47924;-1126.407;-1910.268
45210;-11.71775;-1121.611;-1907.004
45260;-4.946039;-1111.834;-1900.732
45295;3.431981;-1097.588;-1892.424
45345;-0.8175764;-1077.709;-1894.532
45361;2.84344;-1075.587;-1894.594
45395;-156.5285;-1022.024;-1992.169
45446;-110.0707;-1036.994;-2007.141
45479;-105.38;-1032.245;-2001.646
45515;-104.0403;-1032.802;-2002.749
45564;-102.8847;-1034.02;-2003.719
45631;-103.5591;-1036.756;-2006.0
45682;282.0319;-1003.451;-2017.631
45698;191.3127;-1012.463;-1907.22
45715;281.2473;-1008.315;-2030.68
45749;282.1025;-1008.246;-2029.156
45784;299.6852;-1013.103;-2038.713
45817;322.2826;-1011.518;-2050.844
45851;324.4981;-1012.646;-2053.482
45867;328.8622;-1011.243;-2055.063
45901;347.8085;-997.7176;-2054.56
45934;355.6069;-998.8179;-2078.263
45968;17.63772;-1088.627;-1890.663
46002;8.705838;-1092.404;-1894.34
46036;4.475686;-1096.876;-1896.319
46053;7.445366;-1104.228;-1897.659
46087;-3.375947;-1108.815;-1902.718
46121;-6.038659;-1111.065;-1903.759
46155;-8.094007;-1114.366;-1907.274
46307;-5.113696;-1120.15;-1907.361
46323;-8.015556;-1123.189;-1908.635
46358;-7.259249;-1124.892;-1908.412
46391;-10.7116;-1128.453;-1909.142
46425;-11.98868;-1130.121;-1909.278
46459;-13.50798;-1131.733;-1909.868
46494;-13.90787;-1132.783;-1910.057
46529;-16.88381;-1133.625;-1910.531
46544;-17.5983;-1133.914;-1910.876
46579;-18.34941;-1134.068;-1910.711
46630;-19.30134;-1134.083;-1910.746
46648;-19.95345;-1133.897;-1910.289
46663;-24.29287;-1132.539;-1908.546
46698;-28.77066;-1130.772;-1907.975
46731;-29.7439;-1129.973;-1907.697
46765;-32.62537;-1128.462;-1906.673
46798;-31.02207;-1127.678;-1906.173
46833;-33.82706;-1125.45;-1906.128
46866;-34.94273;-1124.533;-1905.696
46899;-35.53367;-1124.407;-1905.856
46934;-37.38074;-1123.952;-1906.008
46967;-37.68217;-1123.781;-1905.924
47001;-39.67076;-1123.642;-1906.069
47019;-40.9899;-1123.273;-1905.772
47073;-41.5513;-1123.135;-1905.846
47091;-40.68372;-1123.776;-1906.228
47143;-40.1111;-1124.266;-1906.127
47165;-37.52199;-1126.351;-1907.472
47207;-32.37062;-1128.737;-1908.417
47222;-29.81965;-1130.302;-1909.294
47255;-27.99292;-1131.183;-1909.836
47289;-26.10041;-1131.552;-1909.559
47340;-22.56914;-1132.468;-1911.456
47356;-22.26515;-1131.92;-1912.225
47390;-20.7096;-1130.639;-1910.644
47424;-20.33391;-1127.486;-1908.524
47457;-17.27684;-1122.71;-1903.371
47491;-17.46385;-1116.902;-1900.27
47542;-13.42892;-1103.874;-1893.838
47559;-6.011804;-1100.607;-1892.686
47593;-2.671525;-1075.208;-1896.687
47626;2.075091;-1059.549;-1897.489
47660;-145.0838;-1047.801;-2016.151
47693;280.7612;-1016.0;-2050.401
47727;279.459;-1013.646;-2044.997
47761;317.217;-1011.445;-2068.243
47795;318.1634;-1011.365;-2067.502
47828;322.1813;-1006.447;-2059.026
47862;322.8067;-1004.4;-2045.607
47946;298.4365;-1007.246;-2031.154
47981;304.189;-1005.861;-2036.141
47997;316.4782;-1001.671;-2043.94
48014;342.9721;-979.8959;-2033.081
48048;337.4832;-986.9019;-2036.909
48064;344.9568;-989.1729;-2044.708
48098;354.5012;-982.9764;-2054.234
48116;372.6925;-973.7358;-2070.301
48184;30.1071;-1087.867;-1879.577
48201;35.22219;-1095.22;-1878.117
48235;36.19999;-1100.302;-1882.001
48251;23.74592;-1106.889;-1892.893
48303;19.71083;-1111.699;-1896.496
48319;15.72995;-1116.035;-1899.541
48370;22.32061;-1121.473;-1900.867
48386;15.36316;-1125.164;-1902.637
48420;13.27016;-1129.036;-1904.578
48453;11.74508;-1132.044;-1906.37
48487;11.23309;-1135.083;-1905.825
48521;9.670853;-1137.403;-1905.377
48554;6.021263;-1139.021;-1906.93
48588;1.971531;-1142.219;-1909.599
48639;-2.207863;-1143.048;-1910.566
48655;-5.104325;-1143.626;-1910.335
48689;-7.474094;-1144.48;-1911.187
48723;-9.578575;-1144.846;-1911.809
48743;-11.32187;-1144.579;-1912.261
48793;-15.7126;-1144.006;-1911.858
48827;-20.80542;-1143.261;-1912.825
48860;-25.3056;-1141.129;-1911.785
48894;-27.70906;-1140.122;-1911.958
48928;-28.74167;-1139.475;-1911.596
48944;-30.12964;-1138.869;-1912.055
48995;-32.84884;-1136.186;-1909.797
49029;-35.81908;-1135.239;-1910.163
49062;-40.21143;-1133.861;-1909.36
49096;-40.47569;-1133.859;-1909.431
49130;-43.07548;-1133.501;-1909.044
49164;-43.22454;-1133.374;-1908.582
49197;-42.64497;-1133.511;-1908.341
49231;-44.61706;-1133.611;-1908.894
49248;-45.06353;-1133.723;-1908.769
49298;-44.68126;-1134.392;-1908.933
49333;-42.41842;-1135.193;-1908.914
49350;-40.95708;-1135.626;-1909.254
49384;-40.19015;-1136.113;-1909.548
49434;-37.78701;-1136.859;-1910.209
49451;-34.20517;-1137.665;-1910.249
49484;-32.63302;-1138.689;-1910.717
49535;-30.58556;-1138.675;-1910.809
49569;-29.07476;-1138.645;-1910.341
49603;-22.66592;-1137.969;-1909.089
49625;-18.07787;-1135.949;-1907.826
49658;-15.03365;-1131.025;-1905.44
49692;-6.973265;-1125.278;-1901.513
49726;1.727006;-1116.992;-1892.606
49759;5.151496;-1110.306;-1889.79
50139;4.106712;-1100.459;-1889.928
50157;-52.82164;-1080.445;-1945.68
50174;-36.02455;-1010.388;-1835.798
50207;-20.24878;-1024.737;-1834.543
50224;143.5459;-1013.827;-1832.497
50241;159.9856;-1029.83;-1834.092
50275;154.7804;-1032.168;-1836.449
50292;153.8027;-1033.164;-1836.944
50325;162.7392;-1037.78;-1831.81
50376;166.9302;-1040.108;-1828.741
50392;24.29845;-1091.257;-1881.757
50426;21.60185;-1100.307;-1884.013
50476;19.13071;-1109.368;-1886.465
50510;20.86146;-1115.206;-1891.398
50527;10.49092;-1120.388;-1894.691
50561;7.492959;-1125.193;-1896.651
50611;3.819614;-1128.538;-1897.932
50646;1.052083;-1132.694;-1899.765
50696;-0.1395517;-1135.782;-1900.97
50796;-0.04999666;-1137.541;-1900.044
50830;0.9465404;-1139.3;-1901.49
50882;-2.66963;-1140.904;-1902.044
50982;-6.57379;-1142.316;-1904.322
50999;-10.2884;-1143.624;-1906.893
51033;-14.3036;-1144.065;-1908.617
51050;-20.69849;-1143.965;-1909.704
51067;-21.32314;-1143.001;-1908.948
51101;-19.32445;-1142.332;-1908.678
51117;-18.05704;-1140.999;-1908.976
51134;-18.4431;-1139.214;-1910.227
51151;-18.03838;-1138.565;-1910.592
51184;-20.41366;-1137.004;-1910.034
51235;-20.90275;-1136.248;-1910.576
51280;-22.38414;-1135.542;-1910.926
51293;-25.6182;-1134.297;-1909.947
51327;-26.55474;-1134.071;-1909.988
51361;-30.30676;-1133.43;-1910.888
51394;-33.6039;-1133.564;-1911.337
51446;-34.72465;-1133.717;-1911.521
51462;-34.46884;-1133.594;-1910.978
51495;-33.92232;-1133.718;-1910.766
51529;-33.16945;-1133.791;-1910.602
51563;-33.4669;-1133.753;-1910.988
51596;-32.69036;-1133.928;-1911.222
51630;-32.25696;-1134.209;-1911.79
51674;-30.76543;-1134.536;-1911.415
51688;-28.99093;-1134.967;-1910.795
51722;-25.293;-1135.389;-1910.291
51756;-25.40515;-1135.141;-1909.65
51790;-20.94976;-1135.062;-1909.041
51823;-19.29358;-1134.063;-1908.631
51857;-16.68684;-1131.019;-1906.897
51925;-9.034782;-1126.264;-1903.212
51941;-6.93932;-1121.693;-1899.618
51975;-1.402247;-1116.974;-1895.352
52060;2.765085;-1111.888;-1892.651
52095;8.615095;-1106.958;-1892.695
52112;8.701969;-1089.706;-1893.855
52146;12.58882;-1081.747;-1891.643
52179;-144.6712;-1055.181;-2021.261
52214;-109.4363;-1015.502;-1993.155
52249;-110.9265;-1009.414;-1989.585
52300;-110.2217;-1008.61;-1989.357
52316;-105.0594;-1002.94;-1984.714
52367;-108.7545;-1008.7;-1989.641
52384;-101.5518;-1003.406;-1986.219
52400;-102.2542;-1004.28;-1987.838
52434;277.9629;-1006.713;-2024.409
52469;145.3423;-996.9489;-1878.081
52502;255.0868;-1001.585;-2031.007
52520;313.6251;-1003.515;-2065.074
52535;306.9835;-1001.964;-2059.22
52586;315.3061;-999.5197;-2059.786
52603;318.1428;-998.7712;-2061.605
52636;331.5918;-997.7635;-2073.847
52670;337.3173;-999.4442;-2082.711
52720;25.00757;-1080.343;-1888.836
52737;28.37711;-1087.587;-1888.482
52771;22.25454;-1093.137;-1890.714
52788;16.16455;-1099.471;-1894.381
52856;13.39084;-1105.607;-1896.269
52873;5.216789;-1109.451;-1901.263
52889;-0.9409571;-1112.631;-1902.636
52923;-5.273842;-1114.865;-1903.134
52991;-5.599531;-1120.594;-1903.017
53008;-7.25467;-1124.336;-1903.987
53024;-9.970668;-1126.521;-1904.612
53075;-9.585991;-1129.083;-1905.282
53091;-10.68983;-1131.259;-1906.163
53125;-12.80509;-1133.813;-1908.144
53159;-14.31271;-1136.241;-1909.841
53192;-16.86483;-1138.131;-1910.505
53226;-19.01174;-1139.213;-1911.641
53277;-21.01843;-1139.966;-1911.621
53293;-23.24242;-1140.539;-1911.717
53327;-25.36618;-1141.423;-1912.827
53361;-21.62051;-1141.18;-1910.296
53394;-24.01909;-1140.768;-1910.84
53428;-26.84967;-1140.088;-1910.572
53462;-31.32667;-1138.444;-1910.283
53512;-32.38727;-1137.443;-1911.345
53547;-32.07675;-1136.739;-1912.887
53615;-32.58003;-1135.841;-1912.705
53632;-32.64893;-1135.794;-1912.727
53665;-34.70168;-1135.166;-1912.213
53681;-38.15796;-1134.227;-1911.656
53697;-39.31118;-1134.142;-1911.635
53749;-40.10276;-1134.411;-1911.719
53765;-39.56047;-1135.281;-1911.786
53835;-38.42562;-1135.877;-1912.045
53936;-37.41344;-1136.245;-1911.853
53970;-36.73985;-1136.268;-1912.012
54004;-32.89412;-1136.696;-1913.116
54043;-27.82926;-1137.525;-1912.43
54060;-24.92286;-1137.178;-1911.531
54095;-17.88616;-1136.453;-1909.876
54112;-17.45426;-1134.552;-1907.748
54127;-13.40651;-1130.585;-1905.786
54178;-7.159678;-1122.619;-1899.363
54195;-4.94704;-1115.01;-1892.764
54229;0.6293436;-1111.354;-1888.504
54246;8.264316;-1097.856;-1885.624
54280;6.617405;-1072.64;-1897.059
54313;4.593765;-1059.822;-1894.926
54330;-162.723;-1040.772;-2009.702
54363;-150.3826;-1032.351;-1979.753
54397;-114.4707;-1052.265;-2001.197
54433;-17.14469;-997.8718;-1781.573
54464;-19.77592;-998.281;-1782.154
54516;-21.44253;-1000.07;-1782.556
54532;-22.03062;-999.4349;-1782.148
54583;-23.84139;-998.544;-1781.692
54601;-24.55519;-997.5552;-1780.093
54618;-21.16394;-995.3517;-1777.386
54668;-19.88073;-993.3328;-1775.31
54702;-12.88828;-1000.515;-1784.376
54736;3.874658;-1025.272;-1846.558
54769;-119.6917;-1070.262;-2026.313
54803;328.9733;-981.7491;-2059.009
54837;330.7497;-981.9556;-2064.743
54871;335.8606;-981.5709;-2068.957
54905;344.2553;-986.7985;-2083.267
54938;18.48437;-1078.643;-1891.334
54973;21.50443;-1089.387;-1891.678
54988;21.2803;-1095.988;-1893.266
55022;15.84803;-1100.692;-1894.613
55090;11.18019;-1105.218;-1897.942
55210;8.741326;-1107.55;-1899.846
55227;2.17254;-1112.928;-1901.843
55260;0.3174939;-1117.522;-1904.631
55294;-2.974399;-1122.84;-1907.443
55345;-3.549312;-1126.009;-1908.249
55378;-6.095752;-1128.089;-1909.441
55412;-8.585087;-1130.462;-1910.153
55465;-10.11115;-1131.676;-1910.856
55481;-12.30459;-1132.002;-1911.24
55516;-15.35515;-1132.855;-1912.265
55553;-17.36868;-1133.386;-1912.814
55569;-20.0707;-1133.177;-1912.979
55603;-22.26776;-1133.25;-1913.003
55702;-24.65709;-1132.547;-1912.537
55742;-27.32088;-1131.968;-1912.134
55775;-34.85014;-1128.665;-1910.628
55792;-36.00597;-1127.073;-1908.013
55809;-40.83924;-1125.08;-1904.816
55843;-43.24079;-1123.788;-1903.418
55893;-42.5167;-1123.04;-1901.786
55928;-42.68362;-1122.807;-1900.874
55945;-41.17013;-1122.304;-1899.575
55966;-41.51373;-1121.739;-1899.055
55982;-42.05809;-1121.669;-1898.626
56032;-42.16323;-1121.348;-1897.579
56048;-41.01279;-1121.335;-1896.852
56099;-41.04999;-1121.222;-1896.138
56133;-41.39988;-1121.136;-1895.516
56150;-41.86311;-1121.192;-1894.823
56184;-41.20407;-1121.521;-1893.833
56218;-40.895;-1122.078;-1893.629
56301;-41.72417;-1122.188;-1893.372
56336;-41.80495;-1122.451;-1893.176
56352;-42.53172;-1122.889;-1892.712
56369;-42.58793;-1122.956;-1892.615
56403;-42.78422;-1123.654;-1893.036
56420;-42.63101;-1123.836;-1892.639
56470;-42.77579;-1124.401;-1893.036
56487;-43.09817;-1125.09;-1893.901
56520;-42.37436;-1125.688;-1894.333
56554;-42.31279;-1126.281;-1895.306
56588;-42.14919;-1126.683;-1895.943
56622;-41.67976;-1126.988;-1896.545
56675;-41.62513;-1127.133;-1896.836
56691;-41.77832;-1127.464;-1897.45
56725;-41.37666;-1127.606;-1897.916
56759;-40.17404;-1127.692;-1898.302
56810;-39.69672;-1127.537;-1898.256
56826;-39.27671;-1127.729;-1898.654
56860;-39.22689;-1127.771;-1898.887
56894;-38.70435;-1127.528;-1898.69
56914;-38.19488;-1127.821;-1899.746
56947;-37.68499;-1128.023;-1900.061
56998;-37.34986;-1127.93;-1899.965
57099;-36.65524;-1127.794;-1899.942
57302;-36.52271;-1128.132;-1900.593
57335;-36.18923;-1128.212;-1901.02
57369;-35.40193;-1128.389;-1901.588
57403;-35.36677;-1128.875;-1902.154
57419;-34.56733;-1129.552;-1902.979
57436;-34.24302;-1129.674;-1903.373
57472;-33.90343;-1129.761;-1902.939
57504;-33.65645;-1129.982;-1903.158
57520;-33.11768;-1130.191;-1903.362
57554;-33.11421;-1130.212;-1903.329
57571;-33.07113;-1130.325;-1903.65
57605;-33.16401;-1130.391;-1903.702
57638;-32.93415;-1130.484;-1903.548
57672;-32.76442;-1130.704;-1903.58
57706;-32.63799;-1130.524;-1902.826
57740;-32.81903;-1130.541;-1902.738
57756;-32.86551;-1130.562;-1902.789
57807;-32.81929;-1130.594;-1902.83
57841;-32.56928;-1130.47;-1902.548
57875;-32.68493;-1130.681;-1902.994
57925;-32.64178;-1130.814;-1903.06
57942;-32.9734;-1131.009;-1903.176
57972;-32.99793;-1131.07;-1903.218
58021;-34.03869;-1131.048;-1903.266
58071;-34.22361;-1131.233;-1903.358
58106;-34.81822;-1131.454;-1903.505
58122;-35.3261;-1131.388;-1903.284
58155;-35.17355;-1131.473;-1903.359
58206;-35.05392;-1131.565;-1903.362
58241;-34.9801;-1131.697;-1903.278
58291;-35.04488;-1131.668;-1903.156
58341;-36.4421;-1131.471;-1902.671
58375;-36.57467;-1131.555;-1902.835
58391;-36.69448;-1131.665;-1902.617
58443;-37.83598;-1131.175;-1900.942
58459;-39.16436;-1130.75;-1899.511
58476;-39.17519;-1130.823;-1899.622
58510;-39.06083;-1130.964;-1899.614
58544;-39.11374;-1131.065;-1899.665
58577;-39.61388;-1131.079;-1899.422
58611;-39.48491;-1131.354;-1899.878
58627;-39.27319;-1131.505;-1899.894
58678;-38.9222;-1131.825;-1900.299
58712;-38.43849;-1131.943;-1900.0
58746;-38.4302;-1132.051;-1899.964
58780;-38.37485;-1132.214;-1900.18
58796;-38.29465;-1132.267;-1899.957
58830;-39.21357;-1131.827;-1898.868
58848;-39.35252;-1131.73;-1898.656
58881;-39.03464;-1131.661;-1898.594
58919;-40.07973;-1131.324;-1898.391
58952;-40.12165;-1131.268;-1898.381
58986;-40.19521;-1131.331;-1898.685
59020;-40.64322;-1131.262;-1898.743
59054;-40.62454;-1131.303;-1898.904
59104;-40.66015;-1131.384;-1899.167
59155;-40.89215;-1131.249;-1898.998
59306;-40.86296;-1131.297;-1899.096
59323;-40.29898;-1131.233;-1899.203
59340;-39.93688;-1131.348;-1899.503
59391;-39.48906;-1131.477;-1899.614
59404;-38.84986;-1131.542;-1899.938
59421;-38.31279;-1131.567;-1900.204
59437;-38.11365;-1131.508;-1900.351
59471;-37.58028;-1131.652;-1900.527
59488;-37.83759;-1131.682;-1900.57
59538;-37.15863;-1131.875;-1900.804
59572;-36.75814;-1132.103;-1901.218
59623;-36.57362;-1132.21;-1901.459
59639;-36.22104;-1132.422;-1901.977
59690;-36.42181;-1132.481;-1902.318
59708;-35.93825;-1132.691;-1902.627
59731;-35.66208;-1132.757;-1903.03
59748;-35.41114;-1133.108;-1903.283
59799;-35.10868;-1133.099;-1903.266
59833;-35.0436;-1133.158;-1903.447
59849;-34.75146;-1133.13;-1903.964
59900;-34.57236;-1133.066;-1904.204
59916;-34.0979;-1133.228;-1904.787
59959;-33.96741;-1133.096;-1904.807
59992;-33.13588;-1133.224;-1905.737
60044;-32.42763;-1133.174;-1905.57
60060;-31.83643;-1133.282;-1905.72
60093;-31.78736;-1133.193;-1905.983
60144;-31.78978;-1133.148;-1905.814
60161;-31.52195;-1133.146;-1905.709
60195;-31.52382;-1132.818;-1905.177
60229;-31.45582;-1132.78;-1905.359
60262;-31.16491;-1132.798;-1905.477
60296;-31.09414;-1132.808;-1905.333
60330;-30.93552;-1133.039;-1905.456
60363;-30.88283;-1133.003;-1905.266
60397;-30.70927;-1132.957;-1905.303
60431;-30.64914;-1132.985;-1905.309
60465;-31.29529;-1132.789;-1905.13
60484;-31.15527;-1132.778;-1905.11
60535;-30.70881;-1132.493;-1904.977
60554;-30.64137;-1132.515;-1904.842
60588;-30.86919;-1132.478;-1904.818
60638;-31.10667;-1132.438;-1904.912
60674;-30.84672;-1132.587;-1904.725
60792;-32.17134;-1132.335;-1904.551
60808;-32.12452;-1132.368;-1904.234
60858;-32.09986;-1132.411;-1904.148
60893;-31.8557;-1132.371;-1904.08
60926;-31.90637;-1132.502;-1904.227
60944;-31.39899;-1132.482;-1904.026
60959;-31.27476;-1132.418;-1903.937
60995;-30.63512;-1132.244;-1903.738
61028;-29.07534;-1132.003;-1903.156
61044;-28.38515;-1132.014;-1903.196
61078;-27.72095;-1132.042;-1902.931
61094;-27.56264;-1131.95;-1902.891
61179;-27.70766;-1131.851;-1902.981
61234;-27.75774;-1131.905;-1903.079
61250;-28.08649;-1131.906;-1903.072
61283;-28.31984;-1131.679;-1902.923
61317;-27.69968;-1131.362;-1901.851
61370;-27.70329;-1131.316;-1901.692
61385;-27.67937;-1131.285;-1901.721
61435;-28.19139;-1131.192;-1901.486
61453;-28.22714;-1131.092;-1901.39
61487;-28.28275;-1131.042;-1901.547
61503;-28.19942;-1131.014;-1901.392
61537;-28.33602;-1130.868;-1901.396
61555;-28.29177;-1130.905;-1901.35
61589;-28.1188;-1130.824;-1901.356
61623;-28.12792;-1130.808;-1901.271
61656;-28.23729;-1130.831;-1901.3
61690;-28.35809;-1130.78;-1901.286
61724;-28.35558;-1130.758;-1901.146
61774;-28.63705;-1130.676;-1901.149
61791;-28.28584;-1130.805;-1901.123
61842;-28.12822;-1130.813;-1901.37
61875;-28.55187;-1130.702;-1901.331
61910;-28.22364;-1130.716;-1901.205
61926;-28.03795;-1130.82;-1901.364
61960;-28.08018;-1130.775;-1901.156
61993;-27.88979;-1130.701;-1901.082
62045;-27.91661;-1130.706;-1901.052
62061;-27.90159;-1130.678;-1901.105
62112;-27.97237;-1130.647;-1901.116
62128;-28.41395;-1130.534;-1900.992
62162;-28.39375;-1130.462;-1900.838
62195;-28.73277;-1130.326;-1900.774
62246;-28.84467;-1130.25;-1900.561
62263;-29.0095;-1130.16;-1900.537
62307;-28.79156;-1130.118;-1900.512
62323;-28.93628;-1129.969;-1900.5
62375;-29.10736;-1129.926;-1900.332
62408;-29.1156;-1129.99;-1900.352
62459;-29.0066;-1130.019;-1900.551
62476;-29.13716;-1129.861;-1900.364
62509;-29.0013;-1129.767;-1899.859
62544;-28.81705;-1129.754;-1899.637
62559;-28.45929;-1129.747;-1899.683
62627;-28.4119;-1129.636;-1899.568
62643;-28.21432;-1129.641;-1899.641
62677;-27.79436;-1129.674;-1899.737
62712;-27.77312;-1129.638;-1899.193
62745;-27.12255;-1129.842;-1899.256
62779;-27.07712;-1129.894;-1899.356
62812;-27.00302;-1129.835;-1899.178
62829;-26.85052;-1129.823;-1899.341
62880;-26.71997;-1129.89;-1899.684
62904;-26.76338;-1129.839;-1899.668
62936;-26.59085;-1130.014;-1900.202
62973;-26.92686;-1130.032;-1900.093
63007;-27.00408;-1129.709;-1900.122
63193;-26.7765;-1129.722;-1900.222
63212;-27.37308;-1129.814;-1900.734
63230;-27.21365;-1129.648;-1900.635
63247;-27.29412;-1129.783;-1900.884
63263;-26.94036;-1129.794;-1901.218
63298;-27.27777;-1129.861;-1901.693
63318;-27.09643;-1129.942;-1901.842
63357;-26.79561;-1129.926;-1902.307
63374;-26.66494;-1129.816;-1902.318
63391;-26.58589;-1129.795;-1902.347
63442;-26.30351;-1129.887;-1902.583
63495;-26.11291;-1130.004;-1902.864
63513;-25.79205;-1130.194;-1903.396
63529;-25.57583;-1130.231;-1903.444
63581;-25.20694;-1130.203;-1903.13
63596;-25.09643;-1130.212;-1903.141
63630;-24.9254;-1130.281;-1903.27
63664;-24.55256;-1130.395;-1903.775
63705;-24.52294;-1130.395;-1903.827
63723;-24.52349;-1130.393;-1903.802
63763;-24.38735;-1130.348;-1903.876
63796;-24.2226;-1130.345;-1903.856
63859;-24.47075;-1130.252;-1903.823
63883;-24.45109;-1130.27;-1903.646
63933;-24.50701;-1130.14;-1903.477
63967;-24.292;-1130.063;-1903.614
64001;-24.18633;-1130.179;-1903.65
64054;-23.2277;-1130.053;-1903.16
64099;-23.02648;-1130.168;-1903.164
64134;-23.15471;-1129.958;-1902.721
64167;-24.04603;-1129.845;-1902.292
64285;-24.27524;-1129.78;-1901.999
64320;-24.36785;-1129.842;-1901.951
64354;-24.03207;-1130.0;-1902.064
64387;-23.46746;-1130.261;-1902.325
64421;-23.72619;-1130.556;-1902.592
64455;-23.4;-1130.773;-1902.723
64489;-23.08735;-1131.042;-1902.925
64523;-23.87828;-1130.874;-1902.399
64539;-23.76235;-1131.072;-1902.583
64573;-23.94342;-1131.182;-1902.88
64593;-23.95366;-1131.416;-1903.197
64662;-25.57812;-1131.401;-1903.188
64695;-25.22309;-1131.619;-1903.46
64730;-24.37789;-1131.953;-1903.54
64830;-23.01919;-1132.773;-1904.262
64931;-21.96425;-1133.39;-1904.272
64965;-20.75175;-1133.831;-1904.218
64999;-20.91492;-1134.003;-1903.996
65034;-20.71693;-1133.992;-1903.244
65067;-19.53871;-1134.035;-1903.019
65086;-18.80108;-1133.867;-1902.45
65103;-16.95429;-1133.984;-1902.489
65136;-16.75072;-1134.007;-1902.087
65171;-16.39011;-1133.761;-1901.213
65187;-14.10898;-1133.76;-1900.907
65238;-14.76303;-1133.068;-1899.275
65254;-14.13926;-1132.799;-1898.863
65305;-14.60982;-1132.302;-1898.221
65321;-13.319;-1131.887;-1897.384
65355;-11.08638;-1131.729;-1895.98
65389;-7.933589;-1131.574;-1895.252
65423;-2.750501;-1130.06;-1893.988
65457;-0.4272894;-1129.035;-1893.608
65491;1.858613;-1128.326;-1893.676
65525;4.629378;-1128.268;-1892.992
65559;6.103631;-1127.629;-1893.21
65592;10.47645;-1126.068;-1892.575
65626;10.97121;-1125.223;-1892.535
65660;11.88754;-1124.422;-1892.103
65677;13.46101;-1123.239;-1891.558
65712;17.0876;-1122.502;-1890.334
65727;17.93168;-1121.893;-1890.541
65779;18.32836;-1121.464;-1890.298
65795;20.72619;-1121.242;-1889.507
65829;20.29961;-1120.054;-1888.776
65862;20.2583;-1119.036;-1888.622
65896;20.60061;-1118.11;-1889.49
65930;21.88842;-1117.777;-1889.007
65970;22.46338;-1117.2;-1888.62
66004;22.28884;-1116.288;-1888.012
66056;22.75972;-1115.403;-1888.03
66093;23.71324;-1114.294;-1887.282
66127;23.96469;-1113.305;-1886.803
66143;24.13758;-1112.446;-1886.955
66194;23.10233;-1111.801;-1886.114
66232;23.67891;-1110.737;-1884.249
66265;22.67162;-1109.225;-1883.947
66281;20.9897;-1109.032;-1884.045
66334;20.35526;-1108.704;-1883.779
66352;19.08922;-1107.562;-1883.047
66419;17.76683;-1106.586;-1880.79
66470;19.08508;-1105.717;-1878.689
66487;18.06681;-1104.966;-1878.243
66539;18.75945;-1104.066;-1877.685
66556;17.42328;-1103.099;-1875.669
66572;14.05259;-1102.28;-1874.615
66624;14.33202;-1102.016;-1874.125
66675;13.50355;-1101.85;-1873.453
66691;13.87895;-1101.342;-1873.286
66724;12.41432;-1100.685;-1873.32
66894;11.61204;-1100.585;-1873.068
66974;8.05021;-1100.628;-1874.139
67006;7.551948;-1100.453;-1874.175
67041;8.042705;-1100.387;-1873.614
67074;8.584808;-1100.516;-1873.008
67108;8.065389;-1100.683;-1873.443
67124;8.217837;-1100.505;-1873.011
67158;8.451392;-1100.398;-1872.584
67192;8.461653;-1100.324;-1872.247
67208;9.129104;-1100.313;-1872.004
67244;9.250845;-1100.31;-1871.894
67310;8.63948;-1100.333;-1871.857
67326;10.05203;-1100.564;-1870.524
67361;6.742979;-1100.551;-1871.719
67377;1.340891;-1101.183;-1875.213
67396;-0.7094787;-1102.325;-1877.406
67447;-6.522477;-1103.403;-1884.392
67514;-9.226603;-1103.879;-1887.125
67530;-11.58477;-1104.358;-1888.888
67582;-13.1139;-1103.999;-1892.812
67598;-10.1892;-1105.244;-1896.108
67632;-11.99405;-1104.538;-1895.132
67666;-10.21828;-1104.671;-1894.442
67716;-6.914746;-1104.5;-1889.787
67733;-4.419683;-1102.634;-1885.38
67767;3.622204;-1102.667;-1880.066
67802;18.71931;-1103.097;-1876.444
67834;24.73453;-1103.503;-1877.171
67868;23.38675;-1104.097;-1877.141
67902;23.06501;-1102.879;-1878.947
67937;21.90456;-1105.452;-1887.394
67971;17.79478;-1108.046;-1897.61
68004;14.87239;-1109.889;-1904.11
68038;12.32596;-1110.999;-1908.008
68073;12.26428;-1111.726;-1908.563
68106;13.36666;-1111.94;-1907.486
68122;12.93365;-1112.253;-1905.587
68175;16.13817;-1111.196;-1899.286
68189;14.71321;-1110.549;-1897.519
68242;14.75048;-1109.124;-1892.566
68261;15.30626;-1108.514;-1888.915
68300;13.06871;-1107.074;-1884.355
68316;10.47709;-1105.32;-1881.291
68351;9.362983;-1101.477;-1880.177
68384;6.644588;-1098.502;-1880.5
68403;9.181831;-1097.7;-1877.726
68417;7.639927;-1096.806;-1875.814
68453;6.635028;-1096.026;-1875.272
68502;7.991433;-1096.038;-1874.745
68537;7.739339;-1094.741;-1875.028
68571;8.137582;-1094.72;-1876.249
68604;9.659202;-1094.916;-1876.261
68656;9.895205;-1094.358;-1876.572
68690;12.56539;-1094.156;-1875.896
68729;12.10098;-1093.314;-1875.689
68763;12.90902;-1092.015;-1874.312
68796;14.55909;-1090.341;-1873.326
68830;13.91791;-1089.334;-1872.583
69077;13.94475;-1088.95;-1873.797
69144;9.460602;-1090.18;-1873.368
69160;2.641501;-1092.905;-1877.877
69196;1.108599;-1092.955;-1877.219
69229;-1.180456;-1094.143;-1878.177
69264;-1.574378;-1094.831;-1878.016
69334;-2.817623;-1095.672;-1878.822
69368;-3.673809;-1095.907;-1879.784
69402;-0.6178743;-1096.676;-1878.882
69436;7.293053;-1097.144;-1876.445
69487;15.25303;-1095.848;-1872.551
69507;21.29833;-1094.126;-1869.921
69523;23.72333;-1094.165;-1870.337
69558;24.39917;-1094.048;-1870.289
69576;23.50255;-1093.302;-1870.137
69592;23.42972;-1092.307;-1869.339
69625;24.96364;-1090.734;-1869.028
69659;24.56269;-1089.252;-1869.035
69693;24.95173;-1089.076;-1869.514
69727;25.01505;-1089.031;-1869.917
69760;24.42852;-1089.129;-1870.499
69812;25.79892;-1091.755;-1871.505
69828;27.39254;-1093.525;-1872.307
69862;29.22161;-1096.175;-1873.607
69896;32.853;-1098.056;-1875.064
69929;35.72499;-1099.816;-1877.116
69962;36.57671;-1102.016;-1879.511
69996;39.10585;-1105.573;-1884.06
70047;38.90615;-1108.141;-1886.958
70116;39.11216;-1108.699;-1887.949
70134;35.04788;-1108.887;-1889.586
70185;32.50171;-1109.747;-1893.382
70206;28.99791;-1112.573;-1898.066
70255;26.89103;-1113.606;-1898.792
70272;24.48883;-1114.387;-1900.19
70322;23.18315;-1115.313;-1900.598
70340;22.35213;-1116.981;-1902.264
70391;22.39636;-1116.678;-1902.085
70407;21.33809;-1116.705;-1902.646
70458;20.84233;-1117.024;-1903.239
70476;21.75057;-1116.71;-1903.233
70528;20.26043;-1116.29;-1903.172
70549;21.62585;-1115.643;-1902.199
70565;18.34472;-1114.49;-1901.929
70616;17.09336;-1110.892;-1898.01
70668;14.49439;-1108.276;-1894.143
70686;19.08064;-1105.041;-1885.04
70736;18.93196;-1102.498;-1880.613
70755;15.43407;-1101.695;-1882.19
70806;4.472599;-1104.641;-1895.956
70826;5.625751;-1105.807;-1899.297
70876;2.62063;-1105.879;-1901.01
70893;0.9338437;-1106.482;-1899.922
70944;-2.81356;-1107.049;-1899.823
70964;3.084512;-1108.041;-1897.718
70980;2.0837;-1108.466;-1897.251
71032;3.512999;-1108.086;-1895.392
71065;5.695513;-1107.41;-1891.223
71089;5.766243;-1106.762;-1888.46
71124;5.171172;-1105.869;-1887.291
71157;6.199782;-1105.194;-1884.715
71177;0.3212932;-1103.445;-1880.564
71229;-0.6536679;-1102.801;-1881.037
71251;-0.6721844;-1103.715;-1886.213
71285;1.108575;-1104.758;-1886.59
71319;4.019255;-1105.903;-1886.161
71352;3.748678;-1106.61;-1884.093
71372;4.079626;-1107.489;-1884.362
71425;4.249434;-1108.205;-1883.177
71440;1.339634;-1107.824;-1880.521
71477;1.985348;-1108.258;-1880.235
71495;2.687583;-1108.959;-1880.413
71516;5.091447;-1109.641;-1880.925
71602;4.962151;-1109.54;-1880.773
71671;6.055083;-1109.779;-1880.777
71688;6.774677;-1110.227;-1881.291
71720;8.97498;-1111.014;-1881.461
71740;8.30731;-1111.601;-1882.278
71756;7.528095;-1112.014;-1882.279
71790;6.490821;-1112.045;-1882.507
71807;6.088853;-1112.383;-1882.854
71841;2.124274;-1112.315;-1883.869
71859;-1.723286;-1112.604;-1885.698
71927;-2.358315;-1112.812;-1886.096
71944;-0.7312205;-1113.312;-1887.979
71996;4.185254;-1113.816;-1889.647
72015;22.55266;-1116.273;-1892.208
72031;18.87884;-1115.386;-1890.045
72083;67.8409;-1111.071;-1863.027
72099;53.66631;-1109.415;-1864.131
72133;47.69935;-1107.069;-1860.008
72200;37.46321;-1103.423;-1854.829
72234;27.80735;-1097.878;-1842.093
72267;22.26791;-1090.077;-1820.634
72301;15.75729;-1078.574;-1793.528
72328;5.443784;-1069.451;-1777.253
72358;2.514897;-1064.993;-1766.851
72374;13.52689;-1059.66;-1747.417
72425;11.20893;-1059.05;-1742.44
72461;9.829885;-1057.428;-1734.986
72495;7.263277;-1058.123;-1733.187
72546;13.84576;-1055.366;-1719.031
72566;7.857179;-1059.612;-1721.311
72602;-0.3469372;-1060.712;-1718.869
72635;0.2524443;-1060.334;-1710.034
72658;-13.08764;-1056.603;-1697.406
72674;-14.55805;-1054.12;-1687.459
72725;-11.55937;-1054.156;-1682.875
72778;-17.3309;-1050.962;-1666.938
72794;-18.53688;-1047.863;-1658.173
72847;-11.41982;-1048.369;-1656.051
72879;-9.420243;-1046.51;-1649.198
72949;-8.833974;-1049.332;-1650.639
72983;-17.79461;-1049.927;-1654.542
73036;-22.65439;-1050.381;-1654.712
73072;-18.34535;-1052.345;-1656.228
73124;-7.875698;-1056.043;-1657.705
73140;-4.437147;-1056.029;-1653.985
73192;-0.08101203;-1054.332;-1646.649
73229;-3.609571;-1053.15;-1641.851
73313;-8.372683;-1051.134;-1637.14
73349;-7.232235;-1047.214;-1622.965
73402;-8.476498;-1045.981;-1620.897
73456;-11.12175;-1044.255;-1617.894
73481;-20.19271;-1042.0;-1615.638
73549;-19.75286;-1040.954;-1611.789
73599;-18.86352;-1040.526;-1612.219
73625;-9.650805;-1041.967;-1613.097
73651;-9.111412;-1043.484;-1614.889
73670;-11.79351;-1043.893;-1616.403
73688;-9.863447;-1044.035;-1612.552
73727;-10.57691;-1042.753;-1607.694
73768;-7.482562;-1040.766;-1598.497
73818;-4.837807;-1038.146;-1592.103
73839;-8.131172;-1035.875;-1591.165
73897;-9.030238;-1033.054;-1587.704
73951;-0.04892424;-1031.321;-1582.857
74006;-0.0907667;-1029.791;-1581.233
74041;17.19916;-1029.713;-1574.851
74109;16.55471;-1027.529;-1571.835
74282;14.88493;-1025.696;-1570.062
74403;-0.5021635;-1024.807;-1578.366
74454;-1.19542;-1025.902;-1582.003
74544;0.7293727;-1026.645;-1585.874
74594;-1.220154;-1027.366;-1589.749
74634;-4.766284;-1027.439;-1592.397
74667;2.023047;-1028.637;-1592.079
74689;4.270269;-1029.579;-1593.131
74728;5.976077;-1030.142;-1593.493
74750;7.707645;-1030.424;-1593.138
74801;9.983987;-1031.517;-1593.314
74820;10.34681;-1034.156;-1596.96
74888;16.23648;-1034.532;-1591.877
74921;-1.535987;-1032.237;-1592.45
74955;14.14462;-1032.452;-1582.626
75025;-6.132882;-1031.164;-1587.555
75061;-12.11922;-1031.074;-1587.52
75112;-8.029211;-1032.319;-1587.578
75165;-5.73202;-1033.613;-1587.292
75222;-5.292572;-1033.724;-1586.354
75260;-6.104194;-1034.507;-1584.674
75311;-13.91692;-1034.588;-1584.35
75350;-41.51999;-1034.54;-1593.062
75387;-38.16462;-1038.714;-1600.907
75438;-27.75044;-1042.252;-1605.68
75477;43.65018;-1042.916;-1580.347
75498;32.92332;-1043.839;-1594.097
75518;25.55329;-1044.47;-1599.601
75571;56.928;-1038.433;-1565.718
75642;61.99807;-1037.136;-1558.198
75714;41.85608;-1034.978;-1550.706
75753;31.44578;-1022.063;-1513.594
75809;50.16904;-1002.407;-1453.032
76132;11.72231;-995.0893;-1447.646
76174;-14.82656;-1000.495;-1497.834
76239;-19.39564;-998.6788;-1495.377
76290;-23.60843;-996.7694;-1493.311
76357;-11.96322;-996.2476;-1486.772
76425;-3.584659;-993.1729;-1478.394
76461;8.882361;-992.2126;-1471.338
76530;16.79063;-991.9268;-1469.92
76575;65.77598;-998.4974;-1475.619
76616;60.31266;-996.5093;-1472.456
76668;56.38065;-995.875;-1471.09
76733;62.14608;-996.6551;-1470.573
76784;60.72628;-996.1306;-1469.026
76837;55.49413;-994.8819;-1468.193
76905;52.32797;-994.278;-1467.582
76946;50.08566;-993.5767;-1466.654
76977;49.56827;-993.1129;-1465.826
76999;48.98249;-992.8268;-1465.052
77026;48.89484;-992.4759;-1464.078
77125;49.81592;-992.1467;-1462.321
77149;49.52595;-992.4675;-1462.091
77205;50.16171;-993.0958;-1462.492
77264;52.79291;-993.7935;-1463.058
77352;53.94895;-994.4621;-1463.98
77406;58.70742;-997.0181;-1468.093
77456;59.61891;-998.8871;-1470.879
77508;60.50169;-1000.76;-1474.887
77579;60.01366;-1001.67;-1477.479
77614;60.71607;-1003.027;-1479.424
77866;57.29099;-1004.461;-1482.842
77933;24.46163;-1001.514;-1477.924
78007;19.99008;-1002.976;-1481.518
78062;21.34212;-1004.569;-1484.211
78114;20.48544;-1005.747;-1487.439
78182;18.5144;-1006.937;-1491.86
78230;14.67108;-1009.592;-1497.609
78283;12.24395;-1011.612;-1501.779
78317;11.34319;-1012.86;-1506.321
78346;18.09763;-1013.967;-1509.339
78365;24.91988;-1014.745;-1511.698
78391;26.4059;-1013.874;-1512.318
78429;34.75742;-1012.103;-1507.726
78497;37.28411;-1009.433;-1503.679
78518;41.63278;-1007.353;-1500.102
78551;50.13031;-1005.987;-1497.189
78618;49.69638;-1002.277;-1494.532
78686;69.63828;-1002.225;-1491.907
78737;70.55141;-1001.533;-1488.214
78788;79.3894;-1002.451;-1482.656
78840;58.88869;-1001.972;-1482.272
78882;44.67204;-1002.186;-1480.516
78938;43.13088;-1004.493;-1478.129
78964;43.21792;-1006.246;-1479.74
78999;46.42743;-1006.774;-1474.946
79067;47.89756;-1006.875;-1472.119
79107;50.71611;-1007.122;-1469.147
79178;42.88705;-1005.302;-1465.256
79232;38.65304;-1004.977;-1462.011
79316;-1.869151;-997.0717;-1451.551
79389;-0.1082849;-998.1754;-1451.019
79426;-34.44168;-994.6978;-1464.283
79496;-30.51055;-996.5859;-1467.156
79530;-37.29317;-995.4783;-1469.698
79598;-49.27618;-993.824;-1473.062
79648;-53.18021;-993.1929;-1474.666
79702;-27.95765;-994.5912;-1455.98
79774;-41.72379;-993.5257;-1463.053
79842;-20.52359;-995.2396;-1452.189
79893;-10.83786;-996.7813;-1448.707
79909;-4.47856;-997.8747;-1446.913
79979;2.995985;-1000.187;-1446.982
80013;7.111793;-1000.782;-1445.887
80039;12.13248;-1002.843;-1447.033
80058;15.65694;-1004.095;-1448.048
80131;19.49131;-1005.363;-1448.684
80205;-28.57233;-1004.671;-1469.412
80260;-50.61234;-1006.277;-1487.169
80348;19.54242;-1010.27;-1457.898
80401;23.00068;-1010.773;-1457.181
80475;25.69834;-1011.925;-1457.914
80499;27.85114;-1012.788;-1458.32
80566;29.23929;-1013.887;-1458.947
80618;31.8424;-1014.154;-1458.417
80690;33.03366;-1014.332;-1458.068
80728;33.78058;-1015.131;-1458.497
80755;35.58153;-1015.855;-1458.851
80798;37.88844;-1016.218;-1458.783
80871;39.92338;-1016.694;-1458.919
80947;41.14992;-1017.383;-1459.256
81030;42.39311;-1017.571;-1459.22
81106;43.09403;-1018.316;-1459.891
81122;43.65733;-1018.528;-1459.987
81190;44.34405;-1019.043;-1460.368
81294;45.04185;-1019.513;-1460.78
81367;-64.45683;-1018.752;-1514.95
81474;-66.2299;-1019.28;-1516.519
81544;-66.00214;-1020.003;-1517.179
81576;-65.93443;-1020.698;-1517.576
81611;-66.6711;-1021.17;-1518.524
81695;-66.27099;-1021.871;-1518.802
81769;-65.52151;-1022.399;-1519.382
81826;-64.229;-1023.154;-1519.824
81895;-63.6643;-1023.55;-1519.518
81924;-66.49781;-1023.71;-1522.516
81963;-65.423;-1024.101;-1522.648
81988;-67.54799;-1023.679;-1522.861
82060;-69.07426;-1023.512;-1523.419
82079;-71.93501;-1023.466;-1525.126
82146;-72.24843;-1023.498;-1525.092
82213;-71.67694;-1023.58;-1524.579
82300;-72.08317;-1023.461;-1524.472
82528;109.045;-1021.68;-1459.873
82556;190.2764;-998.2285;-1443.475
82632;235.2366;-364.1484;-1537.336
82705;271.0643;-349.5988;-1585.963
82761;288.4227;-313.399;-1632.559
82829;304.3178;-169.9439;-1744.515
82867;274.0937;59.14381;-1733.541
82934;33.84993;189.2479;-416.8859
82985;38.8419;187.2657;-415.5211
84527;465.4546;-773.1823;-1139.284
84805;458.1587;-786.1371;-1232.79
84933;458.2675;-822.4459;-1370.614
85029;479.1108;-865.9414;-1461.046
85172;520.571;-905.0487;-1521.332
85265;547.4264;-916.523;-1548.313
85325;546.6208;-922.9789;-1568.2
85380;548.5705;-924.1221;-1567.515
85455;549.004;-927.4966;-1564.988
85576;551.0354;-926.2662;-1557.975
85685;546.8626;-921.2187;-1541.384
85715;536.4813;-933.6642;-1577.151
85760;521.787;-919.6401;-1521.945
85880;485.2286;-900.9456;-1456.844
85951;425.6977;-855.7955;-1364.626
86053;365.481;-772.9691;-1237.865
86097;333.2515;-743.4924;-1197.353
86199;324.5839;-742.5663;-1192.303
86335;311.1737;-767.1875;-1186.324
86445;281.7202;-768.2903;-1152.76
86553;207.7369;-768.5298;-1138.532
86666;198.3743;-774.6556;-1104.894
86749;130.3231;-770.5018;-1095.41
86810;154.1598;-780.171;-1077.628
86948;167.7877;-805.1386;-1100.186
87032;134.8576;-808.873;-1088.892
87081;138.1345;-818.1503;-1091.861
87129;137.7477;-821.9958;-1091.977
87216;135.3788;-822.5787;-1077.669
87307;186.628;-814.4122;-1029.407
87383;148.6282;-819.7804;-1034.793
87475;132.743;-805.0807;-1025.476
87576;168.8696;-806.0966;-998.4892
87657;207.9202;-796.1543;-935.8119
87762;259.414;-751.8721;-893.4995
87869;360.8027;-733.2307;-852.1157
88018;331.4039;-795.4369;-998.1986
88120;343.494;-790.8959;-1024.818
88191;345.3803;-781.9067;-1028.33
88294;321.8473;-796.2684;-1063.01
88401;393.7892;-749.8695;-925.2494
88438;375.8991;-727.2021;-917.2242
88673;373.2482;-730.1466;-928.694
88731;355.314;-740.7205;-1020.274
88809;350.0457;-751.6427;-1044.938
88916;357.6795;-786.0141;-1107.99
89006;429.762;-829.1765;-1173.681
89053;445.2109;-853.8207;-1222.906
89129;469.4672;-872.1906;-1250.938
89162;948.2249;-601.4203;-1499.32
89214;931.383;-521.3541;-1450.552
89333;923.6068;-514.3298;-1432.989
89436;612.1476;-933.4979;-1455.144
89556;614.7535;-942.6973;-1508.397
89657;621.4149;-946.4613;-1547.635
89776;612.0727;-955.3617;-1593.906
89803;615.8689;-967.5373;-1629.779
89834;622.6147;-962.7548;-1638.203
89883;628.0167;-961.1035;-1648.626
89941;632.3661;-960.3283;-1658.816
90027;635.8089;-958.9918;-1666.147
90119;637.2465;-967.7295;-1695.954
90222;632.547;-974.0699;-1714.377
90313;600.8625;-1007.664;-1801.206
90431;602.0606;-1028.991;-1846.171
90534;579.4079;-1036.222;-1910.127
90595;549.7221;-1041.427;-1954.85
90678;543.2213;-1057.54;-1976.404
90735;529.9528;-1064.578;-2016.84
90836;536.9099;-1067.429;-2015.058
90904;562.8092;-1054.928;-1969.185
91005;569.0009;-1055.414;-1966.641
91055;562.4523;-1061.342;-1983.45
91129;560.7288;-1065.518;-1996.37
91175;560.1061;-1066.292;-2001.76
91277;562.9003;-1059.384;-1996.609
91351;563.4705;-1053.144;-1995.562
91455;561.9929;-1050.815;-1991.649
91557;558.5695;-1053.245;-1979.403
91643;554.2101;-1048.861;-1968.101
91751;551.1931;-1046.94;-1955.056
91795;555.7584;-1041.956;-1939.111
91906;639.3918;-1061.738;-2001.184
91976;789.1548;-916.6926;-1861.729
92056;785.5386;-898.8542;-1839.873
92081;788.9712;-958.2286;-1911.255
92149;792.1477;-957.668;-1913.721
92200;795.8256;-956.2152;-1912.522
92279;797.897;-953.0585;-1909.684
92335;639.7101;-1013.324;-1876.283
92395;659.7824;-1010.945;-1887.142
92467;441.8468;-1002.67;-1847.251
92836;418.8301;-999.3615;-1848.354
92946;348.0711;-1039.134;-1903.962
93048;374.6028;-1074.861;-1998.706
93200;418.0289;-1085.663;-2069.453
93420;465.3674;-1053.613;-2057.961
93523;295.9448;-1045.325;-1913.575
93641;192.2879;-986.5149;-1760.812
93745;393.9126;-943.2282;-1812.792
93818;7.096505;-847.3295;-1609.028
94246;414.5126;-891.0386;-1773.336
94322;290.9748;-904.4463;-1700.355
94426;314.5612;-886.0353;-1689.949
94534;96.18893;-944.1985;-1638.861
94590;93.13165;-940.9979;-1623.166
95059;93.13866;-944.3311;-1619.808
95120;91.21754;-949.8221;-1618.125
95223;89.95699;-949.837;-1615.196
95293;103.7829;-947.2456;-1606.29
95381;103.1111;-946.2018;-1603.0
95449;175.5748;-938.9856;-1568.123
95507;160.5275;-942.1306;-1572.775
95584;187.4809;-937.5229;-1541.872
95607;182.2721;-934.9114;-1537.178
95699;221.9882;-930.2596;-1533.743
95756;259.8403;-921.1813;-1524.234
95861;274.5339;-909.6261;-1509.399
95939;299.4266;-889.2937;-1487.288
96011;325.8123;-883.7025;-1477.504
96080;328.7236;-882.137;-1479.54
96136;338.8499;-883.0041;-1484.023
96221;345.0153;-884.0145;-1486.921
96309;349.4748;-885.9785;-1490.781
96377;332.8336;-888.1054;-1507.857
96595;312.8523;-885.6416;-1524.634
96698;282.283;-893.2592;-1516.16
96803;282.4346;-900.1541;-1535.488
96891;281.3146;-902.7745;-1539.664
97009;279.7867;-905.4539;-1538.227
97053;283.7488;-905.2979;-1533.897
97119;283.3296;-904.6301;-1530.656
97234;276.3761;-904.3209;-1531.608
97270;280.4225;-903.6802;-1529.112
97380;282.4447;-902.7875;-1527.606
97459;284.8876;-901.7252;-1526.052
97545;288.6241;-899.0012;-1520.758
97600;289.9698;-896.3584;-1515.2
97660;291.2277;-891.6545;-1503.538
97745;296.6049;-887.733;-1492.763
97822;304.5337;-887.7247;-1487.915
97878;325.9004;-899.8385;-1491.771
98078;334.5419;-907.7943;-1499.79
98169;376.7726;-965.017;-1626.09
98240;386.0226;-985.1457;-1697.013
98311;386.5113;-1000.718;-1728.508
98382;403.5373;-1006.43;-1769.613
98449;404.9737;-1007.463;-1770.003
98479;399.7693;-1005.216;-1767.926
98507;681.5854;-827.9014;-1909.413
98596;674.1604;-836.7224;-1929.695
98697;361.9058;-1006.242;-1775.168
98798;381.5062;-1001.697;-1778.749
98903;696.1633;-839.8276;-1914.904
98942;527.4584;-913.6611;-1715.633
99011;610.283;-824.2076;-1687.793
99112;470.0873;-943.993;-1754.938
99242;487.2161;-928.0617;-1755.204
99314;472.6856;-935.5831;-1784.497
99432;463.3375;-959.6783;-1834.395
99502;461.2382;-958.0992;-1830.118
99539;462.7133;-953.1166;-1818.412
99599;463.0102;-948.9957;-1810.443
99701;476.0169;-940.0289;-1796.626
99773;477.7093;-939.7242;-1794.008
99864;440.315;-932.339;-1770.833
99918;376.9999;-938.9793;-1774.192
99994;370.8512;-937.8843;-1782.96
100080;383.8442;-958.9437;-1785.443
100273;429.7347;-972.5153;-1784.433
100342;407.0118;-1007.139;-1836.386
100444;315.0914;-1026.133;-1870.788
100577;320.9101;-1028.039;-1870.086
100631;347.6659;-1035.413;-1881.832
100686;244.9392;-1025.369;-1866.238
100746;241.9121;-1025.642;-1865.779
100893;195.9045;-1015.197;-1865.711
100961;212.0185;-1018.152;-1860.211
101082;236.4737;-1030.175;-1865.592
101154;378.282;-1002.964;-1853.196
101246;388.5925;-998.3087;-1852.673
101300;422.5626;-984.4802;-1859.847
101338;243.991;-1020.503;-1821.732
101386;250.1826;-1026.334;-1827.997
101423;256.2323;-1027.807;-1830.278
101501;259.1568;-1026.668;-1824.299
101573;255.8122;-1026.946;-1820.391
101648;256.138;-1031.271;-1806.05
101677;247.6022;-1023.963;-1770.503
101773;254.4293;-1019.222;-1733.31
101849;255.725;-1021.087;-1709.034
101950;244.1834;-1017.101;-1671.531
102024;271.3815;-1004.658;-1617.012
102094;266.0146;-995.3723;-1641.961
102189;264.4856;-981.3327;-1638.472
102267;259.3158;-956.6516;-1629.914
102368;257.9588;-941.0161;-1607.811
