
2;-347.9129;170.9695;-2138.69
34;-308.2829;179.9804;-2088.138
73;-309.1472;181.4265;-2085.298
96;-311.9818;174.3217;-2083.486
171;-311.6718;173.9251;-2084.091
208;-316.0477;171.7881;-2085.657
230;-320.5587;166.7852;-2088.252
278;-341.1565;153.7762;-2101.033
323;-352.2346;148.4621;-2101.198
408;-373.9464;128.7421;-2124.482
465;-377.3803;125.4017;-2126.969
493;-379.5163;125.8731;-2125.796
514;-381.3302;129.6256;-2128.225
540;-381.5698;126.95;-2131.629
592;-368.2023;78.57732;-2153.382
620;-369.4796;71.20082;-2152.17
641;-367.949;39.07685;-2145.109
669;-365.2014;20.22211;-2141.239
714;-343.4216;-52.47121;-2153.259
739;-337.4401;-70.69761;-2148.652
769;-310.3984;-130.0618;-2150.411
839;-303.3511;-141.0948;-2147.699
864;-280.0775;-159.2935;-2140.257
899;-228.3044;-213.0847;-2176.844
929;-188.6277;-241.9245;-2236.839
957;-173.6277;-272.3372;-2226.524
983;-159.2771;-243.2118;-2247.079
1011;-145.6934;-261.5928;-2237.615
1050;-134.3522;-267.5727;-2229.984
1089;-120.576;-270.1233;-2229.254
1112;-88.47118;-255.9135;-2219.961
1149;-75.35865;-257.4006;-2209.36
1174;-49.71735;-262.7205;-2183.083
1277;-30.89418;-265.6398;-2157.693
1301;-4.673128;-265.9891;-2128.025
1333;38.88145;-246.3599;-2085.128
1356;52.48404;-239.9372;-2073.55
1392;67.37451;-228.3712;-2059.256
1451;80.20385;-219.6101;-2042.88
1493;93.50822;-213.1373;-2022.277
1519;107.1208;-204.2302;-2000.013
1537;118.5424;-199.3936;-1969.28
1591;132.1863;-191.8145;-1933.366
1612;142.9707;-184.8289;-1899.16
1666;153.0087;-181.6872;-1858.944
1687;159.2997;-178.7077;-1821.333
1754;165.5524;-171.6297;-1785.143
1824;170.5172;-161.3254;-1749.747
1930;177.5601;-141.6425;-1663.225
1953;191.044;-112.208;-1541.459
1988;201.5144;-101.2456;-1511.624
2015;212.0211;-86.62728;-1467.028
2061;218.6967;-76.85238;-1431.75
2087;225.4789;-62.42957;-1383.601
2110;236.1599;-45.57613;-1342.915
2149;227.2439;-36.49473;-1308.693
2173;241.0646;-27.78617;-1279.284
2216;234.1065;-14.41135;-1237.043
2250;234.0792;-12.03443;-1222.1
2305;233.7068;-9.356514;-1212.477
2333;232.8971;-5.45159;-1199.896
2372;229.2469;0.7873774;-1185.308
2397;256.3121;15.72268;-1100.962
2469;259.1294;5.375072;-1071.933
2492;260.8401;5.056932;-1061.938
2529;264.7279;1.193658;-1049.686
2565;271.8864;-3.573775;-1044.215
2606;277.7997;-4.861966;-1046.847
2633;352.5842;9.527668;-990.331
2677;415.2527;-40.1048;-926.8094
2721;430.8893;-180.0006;-878.6746
2766;485.2499;-147.7648;-879.0181
2794;546.6306;-180.7275;-833.3754
2824;531.9316;-140.4978;-784.799
11515;8.958318;-253.2821;-1656.456
11546;2.804726;-260.0165;-1675.593
11598;-4.109275;-268.7112;-1702.516
11614;-5.765699;-277.8838;-1726.552
11648;-2.234176;-283.663;-1753.607
11669;-3.701702;-287.0132;-1780.617
11697;-5.366668;-289.7949;-1806.51
11737;-9.175591;-286.9119;-1839.129
11767;-7.671759;-288.9051;-1867.042
11800;-6.282926;-289.7533;-1895.829
11851;-4.430286;-292.5457;-1922.093
11875;-2.171412;-297.1718;-1946.533
11910;5.549781;-300.7469;-1975.588
11947;14.02354;-307.6268;-2000.874
11969;15.59356;-309.8647;-2019.222
12003;21.05896;-314.4199;-2037.848
12037;20.28517;-319.8369;-2049.506
12070;20.90015;-323.0149;-2056.562
12104;20.24646;-326.717;-2068.113
12147;18.39547;-328.2508;-2076.25
12209;15.51455;-330.5741;-2080.406
12231;13.14777;-333.5145;-2082.036
12299;5.231865;-338.0668;-2083.294
12318;-11.27168;-323.6274;-2093.193
12336;-12.41773;-321.8078;-2092.362
12370;-17.30557;-321.5078;-2091.489
12404;-24.98322;-321.9362;-2089.521
12438;-31.9668;-321.8617;-2088.571
12472;-39.74324;-321.9043;-2088.615
12508;-47.86597;-322.892;-2086.414
12559;-54.57001;-324.6499;-2082.753
12582;-62.73169;-325.2778;-2079.372
12599;-69.62968;-325.9783;-2075.171
12634;-76.71247;-325.8307;-2072.496
12699;-82.51262;-325.0682;-2069.729
12724;-88.69019;-324.2885;-2067.139
12745;-94.82569;-325.2903;-2064.272
12766;-100.8768;-325.0178;-2062.652
12800;-107.3401;-325.7923;-2061.476
12868;-114.9882;-326.8973;-2060.485
12884;-121.1758;-328.9408;-2059.659
12921;-126.6291;-328.9403;-2058.748
12959;-132.7146;-330.5625;-2058.813
12976;-136.7476;-331.5431;-2058.875
13011;-142.7159;-332.5428;-2059.789
13042;-146.818;-333.2126;-2062.364
13069;-149.1752;-333.5858;-2063.232
13110;-151.0477;-334.3388;-2063.96
13130;-151.858;-335.1754;-2064.942
13185;-153.2166;-335.5735;-2067.413
13232;-152.6522;-336.5878;-2070.194
13259;-151.1871;-338.6632;-2074.295
13324;-150.6532;-340.8997;-2079.475
13345;-149.8972;-343.4836;-2083.351
13369;-146.7921;-347.6951;-2088.266
13417;-140.1626;-352.7401;-2093.814
13436;-137.2935;-354.2059;-2094.753
13470;-135.0461;-355.3228;-2095.582
13503;-131.4131;-354.0825;-2096.015
13554;-129.042;-353.3708;-2096.384
13582;-127.0711;-352.7689;-2096.275
13600;-124.6031;-351.3301;-2096.589
13634;-122.5559;-351.105;-2095.932
13668;-121.2319;-350.2999;-2095.577
13701;-118.5652;-349.4761;-2094.825
13735;-114.8646;-348.3289;-2094.484
13775;-113.4907;-348.3288;-2094.41
13808;-110.7819;-347.1144;-2095.096
13842;-108.4501;-346.7657;-2096.173
13876;-106.5645;-346.0226;-2097.37
13911;-104.3275;-345.2327;-2098.95
13929;-102.7934;-344.779;-2099.849
13980;-102.3458;-345.0652;-2100.431
13999;-101.7459;-345.0418;-2101.277
14032;-100.6825;-345.007;-2102.921
14066;-100.3747;-346.1953;-2103.663
14100;-99.98428;-346.4631;-2104.167
14134;-99.79086;-346.9345;-2104.69
14171;-99.95239;-347.9015;-2105.189
14204;-100.4424;-348.7908;-2105.183
14238;-102.0765;-352.2452;-2105.378
14272;-103.1258;-353.9599;-2105.868
14306;-103.8021;-355.2775;-2106.534
14341;-103.9306;-356.2026;-2107.441
14394;-104.0078;-357.5108;-2108.73
14416;-104.023;-358.3912;-2109.764
14433;-103.3064;-359.1677;-2110.905
14479;-102.1984;-358.7842;-2112.94
14496;-99.64555;-356.5254;-2117.088
14564;-97.42123;-354.7982;-2120.666
14586;-96.58984;-354.6646;-2121.742
14602;-96.11481;-354.7212;-2122.812
14636;-95.05071;-354.1874;-2124.457
14669;-94.32491;-353.9659;-2125.33
14703;-93.73071;-353.3563;-2125.694
14737;-93.56396;-353.0764;-2125.813
14771;-93.36878;-353.0491;-2125.668
14806;-93.14257;-353.0233;-2125.593
14840;-92.58563;-352.6764;-2125.177
14891;-92.23706;-352.5741;-2124.734
14924;-91.70888;-352.5946;-2123.943
14943;-91.2236;-352.3813;-2122.24
14978;-91.22731;-353.3412;-2118.429
15028;-91.69048;-353.2701;-2114.27
15065;-92.10436;-353.1086;-2112.006
15116;-92.78529;-353.4036;-2109.288
15184;-93.67171;-353.6011;-2106.487
15208;-94.68085;-352.7856;-2103.315
15225;-95.3202;-352.2097;-2099.937
15241;-96.56454;-351.0696;-2096.889
15275;-98.0556;-348.8996;-2093.125
15326;-99.705;-346.8114;-2088.435
15368;-101.3504;-344.898;-2083.997
15390;-103.8478;-342.5989;-2080.336
15417;-105.0121;-339.582;-2077.992
15469;-106.861;-339.627;-2074.892
15486;-108.4756;-337.8679;-2072.541
15510;-109.6174;-337.3155;-2069.154
15550;-110.3565;-337.4022;-2066.9
15816;-116.6871;-339.3575;-2060.353
15883;-120.0957;-339.9758;-2057.678
15933;-126.3435;-341.9487;-2053.852
15967;-129.917;-341.4178;-2052.443
16001;-136.3309;-342.7343;-2049.589
16052;-140.1649;-343.8361;-2047.649
16069;-144.2669;-345.5739;-2044.542
16108;-148.0642;-346.5895;-2041.701
16145;-149.6587;-345.7728;-2040.594
16162;-150.7965;-344.9792;-2039.708
16197;-151.0416;-344.7321;-2039.326
16247;-151.718;-344.6283;-2038.718
16283;-152.0626;-344.3994;-2038.213
16314;-152.011;-344.3611;-2038.218
16348;-151.5763;-344.1541;-2038.736
16374;-150.1438;-343.5533;-2040.297
16458;-145.9686;-340.5551;-2043.004
16521;-142.0447;-341.4107;-2044.27
16585;-137.1206;-339.0957;-2047.588
16658;-133.0913;-337.7542;-2049.481
16728;-126.2836;-339.0162;-2052.925
16798;-123.8033;-338.9982;-2055.06
16828;-122.3199;-339.1767;-2056.828
16899;-121.9501;-339.6168;-2057.577
17011;-123.6133;-340.9858;-2059.662
17044;-123.7366;-340.9185;-2060.317
17066;-124.0138;-340.0036;-2061.572
17099;-124.2256;-340.0677;-2062.079
17150;-124.6394;-339.5293;-2063.333
17206;-124.8065;-339.5844;-2063.435
17242;-124.987;-339.6938;-2063.993
17267;-125.2616;-339.6319;-2064.298
17284;-125.6912;-339.7061;-2064.693
17334;-126.3205;-339.7075;-2065.236
17358;-127.1824;-339.7168;-2066.079
17410;-127.2973;-340.1471;-2066.578
17497;-127.263;-340.147;-2066.788
17553;-127.3492;-340.2978;-2067.117
17618;-127.2708;-339.8251;-2069.197
17658;-127.4948;-339.7661;-2070.48
17674;-127.3534;-339.812;-2071.065
17691;-127.4408;-340.0331;-2071.634
17741;-127.4773;-340.0077;-2072.067
17793;-127.5843;-340.0724;-2072.359
17809;-127.6787;-340.1467;-2072.476
17841;-127.8252;-339.8212;-2072.99
17892;-127.9453;-340.329;-2073.072
17925;-127.9894;-340.3392;-2073.067
17944;-128.0466;-340.9907;-2073.003
17978;-128.141;-341.1584;-2073.002
18007;-128.2624;-341.4924;-2072.804
18451;-128.4845;-342.2621;-2072.169
18467;-165.2814;-328.3862;-2036.187
18500;-166.9374;-327.1811;-2034.487
18534;-171.9174;-320.3786;-2031.729
18570;-176.2543;-308.9226;-2031.256
18595;-181.6429;-304.8722;-2030.247
18632;-186.2259;-294.5017;-2031.734
18683;-194.4144;-286.117;-2030.181
18735;-204.4287;-270.7022;-2028.183
18752;-210.14;-260.1547;-2027.427
18803;-229.6681;-228.0633;-2028.318
18842;-231.9309;-217.0463;-2031.355
18863;-238.0356;-201.9374;-2036.777
18904;-238.4377;-186.1668;-2046.347
18941;-240.2071;-175.1787;-2051.291
18998;-241.6614;-161.1475;-2059.897
19018;-241.0805;-150.5947;-2066.264
19060;-239.3604;-138.8414;-2071.251
19116;-238.7473;-98.94771;-2086.361
19169;-244.7663;-50.15564;-2098.872
19203;-242.1223;-40.05132;-2103.363
19237;-239.7496;6.223656;-2113.486
19270;-223.082;18.42913;-2122.041
19304;-172.6228;32.04652;-2139.616
19338;-202.2814;73.16192;-2152.492
19371;-171.0515;75.86111;-2162.273
19407;-161.4339;83.30178;-2165.432
19458;-164.7882;149.9798;-2189.254
19508;-159.5384;158.7986;-2200.376
19547;-153.1319;163.6211;-2207.157
19581;-142.9124;175.6656;-2219.522
19615;-138.2119;192.7045;-2231.51
19634;-118.8535;185.2751;-2236.809
19680;-116.6268;191.8413;-2242.654
19713;-112.1354;191.5508;-2244.579
19748;-106.8106;191.5883;-2248.692
19766;-102.3001;191.2619;-2252.389
19816;-100.086;191.5822;-2256.444
19851;-97.68331;190.3644;-2259.428
19871;-95.77876;189.2745;-2261.321
19905;-95.07005;187.4482;-2262.698
19945;-93.48709;185.1569;-2263.883
19962;-93.56295;184.8878;-2263.982
19996;-92.84898;183.1336;-2263.386
20031;-93.46024;178.6578;-2261.221
20082;-94.76566;174.5177;-2259.722
20101;-97.62786;168.0635;-2255.937
20134;-103.5153;165.0923;-2252.427
20212;-109.2384;160.4361;-2247.973
20228;-124.411;161.4609;-2244.309
20245;-133.9803;155.5885;-2239.349
20279;-145.0668;148.5143;-2230.476
20300;-149.4385;135.1525;-2221.303
20334;-145.6974;97.881;-2197.784
20371;-149.6645;96.47429;-2195.852
20405;-186.1873;97.05868;-2189.998
20457;-197.0393;93.36327;-2184.587
20472;-211.8503;83.70792;-2173.548
20506;-218.3572;75.90234;-2163.552
20540;-225.8863;65.31538;-2152.843
20575;-232.7696;52.61478;-2143.422
20600;-237.4427;34.1169;-2133.477
20635;-241.2651;24.2879;-2129.474
20684;-233.9344;-6.84777;-2119.955
20735;-241.2172;-18.45385;-2115.824
20755;-245.1239;-37.07589;-2109.217
20773;-256.3584;-62.2611;-2101.412
20807;-253.9885;-76.03644;-2097.288
20840;-251.2746;-85.63822;-2093.568
20874;-247.8456;-96.18069;-2086.969
20908;-243.1901;-108.9385;-2082.199
20941;-242.2146;-126.6568;-2079.525
20975;-241.0528;-150.1498;-2081.052
21009;-237.7839;-179.2552;-2081.082
21042;-236.5689;-212.2716;-2074.902
21082;-225.3633;-246.8445;-2063.572
21117;-206.3167;-271.5093;-2054.202
21138;-180.2807;-296.7158;-2049.933
21172;-158.9587;-310.8638;-2049.52
21240;-144.2387;-318.4846;-2045.282
21257;-116.8554;-338.9384;-2037.217
21275;-105.2145;-345.7998;-2037.835
21308;-92.19218;-343.2333;-2042.009
21342;-84.53934;-340.4407;-2044.468
21359;-79.55756;-338.7162;-2047.041
21401;-78.33768;-339.5723;-2048.802
21459;-77.72947;-340.0603;-2050.332
21513;-76.73497;-341.5413;-2053.463
21530;-75.56553;-341.9187;-2054.842
21564;-73.96554;-342.6368;-2056.7
21614;-72.43031;-344.4051;-2058.789
21631;-72.16049;-346.2018;-2060.481
21665;-72.4661;-346.9065;-2061.868
21733;-73.29398;-348.7101;-2063.601
21772;-79.14442;-353.2494;-2065.274
21788;-92.11299;-360.3139;-2067.544
21806;-103.8256;-364.5567;-2068.427
21839;-124.6134;-357.4021;-2073.5
21873;-144.1605;-340.3889;-2080.029
21907;-172.9029;-323.6914;-2087.599
21940;-207.1813;-301.697;-2095.258
21974;-227.7561;-257.1975;-2109.394
22008;-232.8253;-217.8877;-2122.564
22042;-241.6313;-169.5833;-2138.298
22075;-240.7843;-120.0219;-2150.827
22111;-213.5627;-84.62762;-2163.261
22131;-227.8769;-25.81684;-2180.512
22181;-222.1409;16.83375;-2195.393
22232;-160.6081;56.78991;-2208.854
22266;-151.8834;94.79735;-2224.862
22306;-158.6781;142.3513;-2243.923
22343;-154.3911;150.3922;-2246.852
22377;-136.6773;161.1922;-2253.115
22393;-124.1723;164.6641;-2256.213
22427;-113.2209;170.6523;-2261.16
22461;-108.1831;175.1675;-2265.446
22528;-102.887;177.1282;-2270.393
22562;-97.44894;177.1561;-2275.409
22589;-95.94583;178.3327;-2279.41
22607;-96.69543;184.3076;-2288.814
22641;-96.42732;184.7966;-2290.964
22694;-96.12119;182.4077;-2292.115
22711;-96.19678;177.0061;-2292.433
22729;-98.3128;175.3797;-2292.62
22762;-106.2889;140.1915;-2286.737
22796;-130.5537;152.8252;-2292.335
22830;-136.634;153.4888;-2293.716
22863;-144.4966;134.1522;-2287.812
22897;-148.3997;83.55556;-2272.353
22950;-158.2572;56.77438;-2265.324
22967;-176.755;7.464128;-2254.862
23014;-203.6674;-13.54897;-2255.653
23031;-223.8293;-62.25897;-2240.698
23065;-226.0754;-105.3609;-2228.474
23098;-220.6975;-158.4331;-2215.436
23132;-214.642;-194.0711;-2201.064
23184;-205.4243;-227.5776;-2182.163
23201;-188.7073;-265.3667;-2159.414
23234;-171.6966;-290.2226;-2153.228
23268;-158.4417;-308.3779;-2137.235
23319;-143.9545;-324.3543;-2123.888
23335;-133.4841;-334.1207;-2119.966
23369;-122.9272;-347.2765;-2112.1
23412;-112.5265;-356.1264;-2109.655
23470;-100.2811;-370.1102;-2103.513
23504;-87.76878;-368.2334;-2106.514
23538;-82.28268;-367.4779;-2106.036
23574;-78.61031;-366.8873;-2106.65
23624;-76.60203;-366.3725;-2107.067
23660;-76.16016;-365.8091;-2107.694
23696;-76.46702;-365.799;-2108.453
23720;-77.08049;-365.8889;-2109.657
23773;-77.58305;-365.5568;-2110.268
23790;-77.92245;-365.386;-2110.3
23824;-79.22977;-364.057;-2110.276
23842;-82.78558;-362.1119;-2109.765
23875;-85.99363;-360.9656;-2109.084
23905;-88.71854;-359.0658;-2108.541
23935;-95.84422;-358.244;-2108.178
23987;-112.5776;-364.2037;-2106.72
24021;-126.1349;-368.6918;-2109.188
24037;-140.7263;-357.7321;-2117.697
24073;-158.8509;-348.1534;-2123.357
24109;-179.2664;-329.0869;-2134.46
24139;-201.3686;-298.5247;-2147.92
24173;-218.9737;-269.9832;-2158.642
24206;-247.0594;-232.4991;-2170.979
24240;-268.2431;-185.3629;-2176.185
24270;-275.0724;-138.1016;-2187.01
24335;-285.3231;-86.97515;-2191.992
24352;-272.5125;-37.69724;-2199.591
24373;-283.6204;18.81029;-2210.519
24407;-271.744;47.65884;-2220.047
24440;-233.6994;73.97376;-2232.49
24474;-228.3624;107.3975;-2250.043
24508;-192.0794;106.2104;-2252.659
24542;-182.1223;117.9746;-2259.239
24576;-174.4989;135.8117;-2270.819
24610;-171.775;145.5026;-2277.615
24670;-166.6466;151.8574;-2285.766
24704;-164.8412;153.1584;-2289.916
24755;-164.0976;154.0573;-2295.105
24792;-164.0265;153.1758;-2298.437
24831;-165.6821;153.0687;-2300.657
24852;-168.5475;147.2945;-2304.823
24889;-172.119;131.7849;-2306.286
24940;-201.5928;96.10999;-2309.095
24976;-221.7373;64.57311;-2310.838
25009;-245.6382;18.01469;-2304.092
25043;-250.7044;-43.71566;-2291.203
25083;-267.507;-82.59932;-2277.406
25107;-273.5604;-127.1409;-2252.965
25151;-263.6508;-177.2414;-2230.533
25171;-246.1207;-227.8378;-2212.32
25222;-228.5584;-265.4959;-2186.335
25240;-211.6907;-288.3846;-2168.019
25274;-188.4904;-313.0198;-2146.272
25308;-175.6897;-325.4922;-2130.823
25339;-161.9397;-336.7216;-2120.181
25372;-150.1698;-343.2404;-2111.091
25406;-129.3387;-355.1578;-2092.279
25440;-118.8857;-360.2462;-2087.161
25473;-109.2359;-364.7367;-2084.122
25507;-90.96274;-362.4104;-2085.07
25541;-82.61921;-358.6745;-2085.657
25579;-76.84954;-356.2502;-2088.615
25630;-71.99462;-353.9414;-2090.342
25664;-69.86191;-353.6086;-2092.132
25681;-67.95552;-355.2519;-2095.385
25697;-67.07454;-355.412;-2097.258
25749;-65.89725;-355.8111;-2099.492
25801;-64.64424;-356.0795;-2101.466
25840;-64.04398;-356.0306;-2103.154
25879;-63.64904;-355.7123;-2104.385
25919;-63.61201;-356.131;-2105.9
25955;-64.38196;-356.3538;-2108.217
25988;-67.45229;-358.8005;-2110.646
26006;-80.12466;-364.017;-2112.866
26043;-118.3093;-371.0952;-2116.269
26076;-138.4097;-348.8926;-2122.154
26110;-157.5009;-333.4;-2129.198
26161;-191.0015;-314.8589;-2136.949
26195;-207.7415;-282.5226;-2152.587
26212;-218.2364;-244.5519;-2170.166
26250;-227.7403;-213.8427;-2181.021
26289;-232.294;-164.2497;-2200.684
26327;-198.8925;-67.05125;-2222.746
26379;-212.4927;-43.58971;-2229.661
26438;-170.6217;15.7048;-2246.898
26505;-169.1295;35.9767;-2255.185
26539;-163.556;77.34091;-2270.984
26560;-156.364;92.72102;-2276.814
26590;-160.0555;149.8779;-2298.827
26630;-158.5342;158.1232;-2302.901
26644;-148.0779;164.2923;-2304.592
26694;-136.9209;171.4644;-2307.87
26712;-127.1924;174.6889;-2310.407
26734;-119.7622;182.3093;-2314.506
26785;-115.548;188.0938;-2317.156
26825;-110.7947;190.9128;-2320.045
26842;-107.2729;194.9769;-2323.307
26875;-104.2165;195.3636;-2324.179
26909;-103.393;195.6582;-2324.72
26943;-103.5037;195.6437;-2324.837
26976;-103.1073;192.2427;-2324.232
27010;-105.1163;191.5858;-2324.588
27027;-110.0839;183.9452;-2323.57
27078;-116.2167;175.7086;-2319.3
27111;-124.0953;165.0442;-2314.833
27131;-131.7546;153.0757;-2313.732
27165;-148.4193;122.2839;-2309.989
27233;-161.1084;74.5246;-2308.116
27260;-172.9831;33.58338;-2306.446
27280;-210.9077;6.181933;-2305.542
27300;-212.5156;-69.32832;-2296.62
27345;-195.6348;-139.7331;-2284.703
27398;-194.1212;-171.742;-2258.222
27432;-182.9696;-225.6731;-2244.984
27448;-155.8553;-263.9621;-2227.911
27483;-143.4418;-285.5083;-2213.884
27504;-114.3522;-310.9412;-2201.673
27556;-113.7846;-329.0115;-2185.242
27576;-106.6815;-340.4896;-2168.317
27597;-103.5854;-345.4511;-2156.449
27632;-98.379;-351.3311;-2147.762
27666;-85.7981;-361.2184;-2140.687
27702;-79.92712;-366.3318;-2138.84
27736;-65.61383;-365.5426;-2138.33
27770;-53.29106;-359.5722;-2139.831
27804;-49.32619;-358.1284;-2140.321
27869;-45.28137;-358.0419;-2140.984
27920;-42.57059;-358.6222;-2141.796
27987;-41.43816;-358.634;-2141.405
28039;-40.46717;-358.3088;-2139.797
28078;-39.88915;-358.1356;-2138.734
28128;-42.32633;-358.6274;-2136.471
28162;-44.95856;-358.9443;-2135.82
28196;-81.05436;-370.2788;-2127.041
28229;-90.36529;-366.2917;-2128.452
28263;-120.1711;-345.4953;-2138.98
28313;-138.33;-322.9651;-2151.122
28332;-190.8062;-295.5199;-2150.156
28366;-204.2182;-252.8307;-2172.707
28399;-229.9677;-203.6962;-2186.361
28433;-235.8178;-153.9004;-2204.765
28483;-242.4668;-103.8595;-2213.222
28502;-241.3123;-55.32642;-2223.303
28552;-239.8872;-12.06408;-2229.318
28586;-246.1082;36.76813;-2234.876
28606;-235.981;59.81074;-2240.804
28657;-197.1117;91.07216;-2246.896
28675;-184.2046;97.27888;-2246.292
28726;-174.6134;142.1143;-2258.964
28768;-170.7437;150.16;-2260.852
28821;-165.3969;174.0561;-2268.042
28877;-155.1743;190.7534;-2272.635
28894;-152.3939;191.211;-2271.751
28927;-151.4839;196.463;-2272.357
28961;-151.213;196.573;-2272.322
29011;-151.1785;196.5421;-2272.241
29029;-151.5322;195.8102;-2271.619
29079;-152.8697;195.2432;-2271.198
29096;-156.9347;187.0141;-2269.524
29146;-164.1241;179.3522;-2269.647
29172;-176.2726;125.8256;-2263.333
29206;-199.4519;116.5836;-2266.27
29268;-223.5526;81.61551;-2265.948
29298;-234.6099;37.63395;-2252.613
29315;-232.5376;-30.38657;-2242.278
29332;-248.39;-71.95123;-2231.414
29383;-236.0643;-131.0076;-2215.329
29403;-246.7327;-155.0281;-2195.297
29439;-240.1933;-205.6867;-2166.223
29474;-220.3232;-242.4802;-2148.349
29543;-172.0206;-299.8603;-2117.645
29570;-160.7423;-321.008;-2103.63
29613;-145.2425;-330.0946;-2095.716
29664;-126.1558;-337.9091;-2088.998
29684;-111.3064;-350.7666;-2084.864
29738;-96.0752;-357.3971;-2086.41
29758;-87.31393;-358.2144;-2088.135
29778;-76.06453;-362.5245;-2090.712
29816;-64.76924;-357.9992;-2096.477
29833;-59.6415;-355.4343;-2100.503
29866;-57.07283;-354.8589;-2103.265
29907;-54.45934;-355.5303;-2106.041
29941;-53.17263;-355.4509;-2107.898
29957;-52.65332;-355.1446;-2108.889
29991;-52.65445;-355.2249;-2109.148
30025;-52.98263;-355.3097;-2109.266
30059;-54.46866;-355.6266;-2109.67
30109;-59.18369;-356.0266;-2108.806
30127;-72.25607;-360.4203;-2105.689
30166;-94.67201;-366.7424;-2102.615
30201;-109.2484;-357.3158;-2104.498
30235;-134.8137;-339.7178;-2109.494
30295;-158.1834;-322.5891;-2113.511
30307;-196.4468;-299.9077;-2121.931
30342;-208.1098;-268.5771;-2137.61
30393;-241.7838;-182.8497;-2162.568
30477;-234.8174;-101.2833;-2177.883
30659;-179.511;29.99857;-2206.415
30674;-198.2385;88.86406;-2230.555
30708;-186.3923;92.41537;-2230.626
30725;-177.7422;113.673;-2233.151
30758;-173.009;134.2591;-2240.36
30792;-171.1689;159.3682;-2246.345
30860;-166.7983;169.2264;-2251.628
30876;-162.3147;175.1683;-2254.441
30910;-156.394;186.9396;-2260.906
30927;-155.7887;199.2804;-2268.225
30960;-152.0054;194.6951;-2269.141
30994;-149.253;193.8007;-2269.559
31028;-148.0232;194.0501;-2269.866
31062;-147.0001;193.995;-2270.307
31124;-145.6557;192.9542;-2270.502
31138;-144.5696;191.3959;-2270.896
31172;-145.052;191.4931;-2270.997
31206;-145.9769;190.6132;-2270.91
31274;-151.3678;186.2248;-2271.618
31290;-163.2414;170.7838;-2271.385
31307;-176.27;123.7735;-2268.563
31325;-201.0467;103.9882;-2268.921
31376;-226.6939;52.59906;-2260.249
31680;-258.3197;-44.76253;-2227.072
31747;-100.2536;-338.2301;-2087.386
31798;-85.84525;-357.9424;-2075.789
31831;-77.84267;-360.1463;-2075.567
31865;-61.21284;-355.5992;-2078.879
31933;-54.98001;-353.7903;-2080.739
31950;-49.59589;-351.6019;-2083.937
31966;-47.321;-350.9188;-2085.775
32000;-46.39113;-350.5367;-2086.898
32034;-46.24207;-350.4671;-2087.417
32067;-46.51798;-350.6849;-2087.814
32104;-46.70493;-350.7179;-2087.93
32128;-47.11159;-350.8295;-2087.88
32162;-47.64689;-350.7062;-2087.913
32196;-49.17672;-350.4973;-2088.19
32229;-59.25632;-352.0345;-2088.781
32297;-93.17565;-351.2031;-2092.643
32331;-116.9425;-330.1172;-2106.14
32366;-130.1357;-318.1479;-2115.722
32418;-178.2853;-291.8509;-2118.459
32462;-209.2824;-206.6995;-2155.553
32512;-231.7801;-159.6588;-2162.626
32546;-233.4148;-115.0517;-2171.936
32580;-209.4513;-56.09765;-2180.48
32597;-225.9021;-28.5355;-2185.705
32631;-231.0614;19.77756;-2200.297
32665;-232.1688;49.43888;-2213.745
32698;-221.6457;77.02285;-2224.093
32749;-167.3605;80.80608;-2229.122
32765;-164.9283;91.71248;-2233.381
32799;-168.6318;138.8726;-2257.04
32833;-166.7709;149.6617;-2262.061
32867;-162.1197;156.3245;-2267.005
32900;-158.3833;159.7233;-2271.371
32934;-154.1579;159.5999;-2274.268
32968;-151.4593;158.1864;-2276.812
33001;-151.8151;160.426;-2281.747
33045;-151.4366;159.4141;-2282.683
33079;-151.8243;156.4521;-2283.443
33129;-153.0397;148.2455;-2282.246
33146;-160.6632;133.3407;-2282.257
33163;-168.7087;100.6698;-2275.79
33197;-183.8133;85.40221;-2276.57
33230;-206.8898;58.45551;-2276.056
33264;-231.1956;24.98995;-2271.191
33298;-242.2543;-26.51576;-2257.658
33331;-242.8875;-91.17739;-2239.587
33365;-238.4791;-150.7099;-2222.638
33433;-244.5168;-169.7731;-2205.264
33449;-228.6026;-223.6367;-2176.603
33483;-191.9395;-266.9392;-2162.642
33500;-184.376;-284.4073;-2145.583
33534;-159.701;-319.3716;-2118.695
33567;-150.9744;-331.8121;-2110.801
33635;-130.5435;-336.4896;-2102.293
33652;-116.4939;-346.7149;-2089.387
33674;-98.39162;-358.2629;-2082.84
33693;-87.83408;-360.3836;-2082.471
33727;-69.03352;-361.2991;-2088.271
33761;-58.23655;-355.7974;-2092.809
33794;-52.4589;-355.028;-2095.535
33828;-48.64587;-354.3471;-2097.706
33861;-46.41108;-353.9871;-2099.053
33895;-45.02639;-353.7937;-2100.907
33946;-44.20922;-353.3329;-2101.915
33980;-43.71921;-353.8172;-2103.083
33996;-43.28085;-354.279;-2103.858
34038;-43.28852;-355.3232;-2104.809
34072;-43.34687;-355.7899;-2105.443
34106;-43.85551;-355.8267;-2105.868
34123;-45.84599;-356.1726;-2107.005
34173;-63.47676;-363.3692;-2105.886
34207;-83.49486;-368.7898;-2103.257
34224;-104.575;-359.449;-2109.35
34258;-126.7926;-334.7926;-2121.729
34291;-150.4375;-315.558;-2129.035
34342;-184.3445;-278.2872;-2140.197
34375;-195.0668;-242.4478;-2155.802
34409;-210.9507;-196.6763;-2173.708
34426;-227.8827;-152.673;-2185.095
34476;-224.6369;-116.4816;-2198.669
34510;-236.7318;-54.93521;-2210.616
34527;-242.4292;-1.775415;-2219.222
34561;-233.5405;21.84497;-2225.479
34594;-223.6482;64.93585;-2226.274
34628;-211.8931;90.2538;-2232.483
34679;-168.2738;104.0802;-2236.767
34696;-172.3188;134.475;-2240.838
34730;-168.5146;168.0058;-2249.893
34764;-170.1459;194.2401;-2258.242
34797;-166.6435;196.6499;-2258.468
34831;-161.5965;199.7482;-2258.791
34865;-155.8018;206.6645;-2260.237
34898;-151.6083;209.963;-2261.966
34949;-147.8458;211.0399;-2262.294
34966;-144.7448;211.1753;-2262.71
35006;-144.2345;212.0741;-2263.619
35040;-144.1383;211.8889;-2263.944
35073;-144.6005;205.0151;-2264.528
35107;-152.568;194.3229;-2266.164
35141;-160.6486;173.0523;-2265.838
35175;-177.2494;140.0966;-2263.727
35195;-196.6424;115.1529;-2258.521
35229;-222.164;73.91937;-2247.077
35263;-238.2918;26.20527;-2238.45
35296;-217.266;-50.12162;-2223.21
35347;-226.3212;-92.78502;-2205.302
35364;-224.4181;-143.6539;-2186.43
35435;-226.4799;-169.6953;-2168.143
35472;-190.3775;-227.6301;-2157.375
35508;-145.1102;-290.8178;-2135.696
35557;-121.6363;-305.15;-2134.786
35607;-84.42593;-336.6643;-2119.023
35641;-75.53822;-350.2455;-2113.32
35675;-62.78561;-358.7202;-2109.021
35708;-54.16043;-357.7148;-2108.81
35742;-46.39936;-354.8595;-2110.105
35776;-41.48988;-353.349;-2110.945
35809;-38.47451;-352.1528;-2111.577
35827;-37.45338;-352.5147;-2112.197
35861;-37.15999;-352.549;-2113.282
35895;-37.23769;-352.6905;-2113.61
35929;-37.32716;-352.6277;-2113.783
35979;-38.04592;-353.2581;-2113.751
36013;-38.64135;-353.4978;-2113.434
36029;-40.33212;-353.338;-2112.988
36063;-44.77328;-353.7444;-2111.252
36097;-58.39862;-358.5742;-2106.638
36134;-75.17384;-356.0064;-2104.365
36200;-114.5394;-325.1382;-2120.963
36266;-150.9559;-305.919;-2118.533
36298;-207.2673;-235.8671;-2146.408
36350;-211.9587;-192.9807;-2165.103
36365;-219.8529;-158.428;-2179.482
36399;-230.4224;-104.3355;-2197.436
36449;-220.3035;-57.99564;-2215.975
36466;-232.8248;6.930076;-2231.119
36500;-216.5799;53.08215;-2238.461
36533;-196.5677;94.29175;-2249.442
36567;-153.6867;118.0441;-2249.96
36601;-151.8049;155.3717;-2260.718
36651;-144.8032;198.0509;-2276.232
36668;-130.1489;196.8349;-2276.964
36702;-114.8983;196.2772;-2276.405
36735;-109.3581;198.6254;-2277.367
36769;-103.7905;200.6506;-2277.816
36804;-100.5666;202.8842;-2278.681
36890;-99.70776;202.5522;-2278.984
36958;-107.6394;203.1678;-2283.194
37037;-159.6223;163.4988;-2279.647
37103;-160.5862;107.4804;-2263.123
37114;-192.2935;81.94816;-2259.922
37131;-212.9603;29.54272;-2244.01
37164;-228.2248;-15.02066;-2232.018
37198;-235.0356;-71.18953;-2217.955
37232;-208.9482;-129.303;-2204.359
37266;-216.7379;-161.2119;-2188.134
37317;-202.4227;-211.7773;-2167.264
37333;-187.8726;-243.7156;-2155.042
37367;-153.3367;-280.8452;-2142.209
37401;-145.5838;-306.9108;-2123.904
37451;-116.2256;-323.383;-2117.34
37468;-101.1081;-334.1779;-2112.521
37502;-82.80605;-339.1972;-2112.032
37541;-66.17168;-366.4159;-2098.39
37574;-62.33098;-370.8452;-2098.744
37592;-48.59222;-368.7052;-2103.983
37642;-38.01153;-364.4009;-2107.685
37661;-34.73367;-363.5599;-2109.237
37709;-31.97546;-363.4325;-2109.926
37727;-30.16946;-363.2342;-2110.386
37777;-29.40041;-364.3728;-2110.896
37811;-29.1056;-364.2779;-2111.355
37835;-28.9461;-364.5906;-2111.699
37868;-29.11086;-364.4966;-2111.906
37902;-29.94592;-364.2217;-2111.464
37935;-31.65034;-363.6125;-2110.667
37986;-33.38138;-362.9088;-2110.034
38003;-39.59224;-362.0238;-2107.346
38037;-63.13245;-365.1197;-2096.385
38104;-105.2638;-358.5693;-2082.692
38137;-129.3032;-320.4889;-2088.916
38171;-167.6842;-300.886;-2083.935
38205;-194.345;-257.3062;-2089.76
38239;-206.6111;-207.3246;-2105.864
38290;-207.3162;-158.5432;-2125.108
38326;-190.2069;-73.16069;-2160.689
38360;-215.1775;-3.409687;-2175.088
38393;-202.6059;39.29089;-2191.09
38427;-165.9153;56.99919;-2207.886
38478;-154.6113;91.43965;-2218.498
38511;-140.8986;134.3401;-2233.895
38562;-103.8479;155.2112;-2244.16
38595;-90.86388;202.089;-2267.955
38646;-84.39608;201.2274;-2267.856
38663;-74.97233;203.184;-2270.845
38714;-67.76402;203.0824;-2271.783
38771;-64.02919;206.1452;-2273.27
38805;-65.91819;216.2935;-2280.042
38872;-71.50754;211.2617;-2280.542
38923;-109.581;182.457;-2286.487
38973;-123.935;169.1986;-2285.952
39007;-147.9479;120.9776;-2279.282
39041;-145.6204;58.47426;-2266.627
39077;-154.4194;14.04732;-2259.134
39111;-182.8813;-23.50804;-2244.986
39145;-184.7509;-78.80039;-2225.216
39162;-178.0466;-131.7946;-2208.296
39212;-170.0253;-170.2281;-2189.9
39229;-121.4839;-217.5472;-2179.856
39263;-115.2136;-241.3956;-2165.052
39314;-94.87041;-283.0977;-2145.628
39347;-86.6366;-296.6986;-2135.981
39381;-60.15772;-315.8506;-2123.819
39415;-48.1136;-321.5458;-2117.548
39431;-27.16102;-353.4052;-2099.929
39465;-18.73983;-358.4562;-2098.17
39533;-6.31143;-354.2481;-2096.222
39550;4.238809;-350.826;-2094.153
39584;9.834062;-347.5996;-2093.35
39600;12.39699;-345.9712;-2093.03
39655;12.46146;-345.537;-2093.153
39684;12.1762;-345.53;-2093.188
39701;11.47567;-345.7163;-2093.386
39735;10.66085;-346.1537;-2094.001
39768;9.559947;-346.1064;-2094.259
39819;8.862264;-346.1124;-2094.01
39836;7.760851;-345.8933;-2094.065
39870;5.962091;-345.6675;-2093.965
39905;1.633971;-344.4594;-2094.352
39927;-1.897365;-344.8943;-2094.123
39965;-6.131081;-343.6833;-2093.41
39994;-9.945188;-342.957;-2092.387
40027;-13.44339;-342.4605;-2090.844
40082;-15.85043;-341.8922;-2089.475
40099;-19.90846;-342.5827;-2086.944
40133;-24.41381;-342.0981;-2085.636
40168;-28.07027;-341.6793;-2085.078
40206;-30.66004;-341.5333;-2084.944
40239;-32.43884;-341.0165;-2084.564
40273;-35.85541;-340.6425;-2084.23
40307;-40.29139;-340.753;-2084.244
40341;-43.17164;-340.4718;-2083.797
40374;-45.11826;-338.7042;-2084.161
40408;-46.71045;-338.8492;-2083.98
40425;-48.33904;-339.2646;-2083.935
40461;-50.94965;-339.3582;-2083.93
40509;-53.46775;-339.6802;-2084.206
40526;-55.38361;-339.7171;-2084.078
40562;-57.0147;-339.2042;-2083.559
40596;-60.1895;-340.6066;-2081.726
40630;-62.79364;-340.0479;-2080.298
40697;-67.08395;-340.6469;-2078.446
40714;-69.79723;-340.6136;-2076.424
40731;-73.02927;-341.0417;-2074.426
40766;-76.3773;-341.8958;-2071.996
40832;-78.77267;-341.5526;-2068.646
40900;-83.37819;-341.0437;-2063.121
40968;-87.82975;-339.7243;-2058.949
41002;-90.65054;-339.1397;-2056.506
41035;-92.16834;-338.6272;-2054.9
41086;-93.67683;-338.1498;-2053.599
41112;-94.612;-337.3684;-2052.758
41129;-95.36085;-336.8711;-2052.047
41163;-95.87322;-336.6585;-2051.839
41196;-96.32093;-335.9841;-2051.909
41230;-96.4297;-335.0527;-2052.091
41264;-96.40063;-334.5509;-2052.623
41298;-96.22133;-333.7137;-2054.287
41401;-95.96501;-334.0734;-2057.362
41418;-95.90136;-335.2315;-2059.296
41452;-95.8981;-336.0664;-2062.119
41488;-96.86779;-338.5601;-2066.075
41503;-98.27164;-340.5402;-2071.173
41537;-99.36917;-341.5541;-2072.893
41571;-101.3395;-342.3382;-2074.799
41605;-102.9505;-344.1637;-2077.042
41638;-106.6234;-346.3441;-2078.551
41672;-110.0816;-349.1978;-2079.066
41706;-112.2726;-350.8727;-2079.899
41740;-114.0062;-350.7769;-2080.455
41781;-117.6392;-351.3085;-2080.651
41798;-119.792;-350.7602;-2081.087
41866;-121.7471;-350.4696;-2080.937
41884;-123.9587;-349.5085;-2080.434
41918;-125.5234;-349.0849;-2079.301
41935;-127.8672;-347.4404;-2077.833
41968;-130.196;-345.1781;-2075.622
42002;-131.0056;-343.2572;-2073.263
42053;-132.1927;-343.4195;-2069.231
42069;-132.7836;-340.6119;-2066.555
42120;-132.46;-338.2363;-2061.505
42136;-130.6693;-335.5682;-2057.244
42170;-128.2036;-334.6724;-2053.201
42204;-124.8162;-332.63;-2050.681
42238;-118.6826;-327.5824;-2047.91
42272;-112.3806;-324.553;-2046.751
42305;-107.6479;-323.063;-2045.374
42339;-98.62576;-316.7785;-2044.426
42373;-94.55632;-315.5983;-2042.55
42406;-91.50061;-314.3317;-2041.307
42423;-89.58134;-314.7055;-2039.839
42457;-87.95254;-315.4233;-2036.767
42508;-86.4608;-316.6239;-2033.473
42559;-85.52281;-320.4974;-2028.674
42575;-85.22546;-326.0002;-2024.064
42608;-85.67651;-334.9279;-2020.268
42625;-85.77859;-339.9461;-2019.111
42693;-85.41357;-341.1021;-2019.113
42761;-84.14073;-341.6331;-2020.35
42784;-80.22285;-344.396;-2022.999
42820;-77.37773;-342.8467;-2024.85
42929;-67.93667;-340.647;-2028.725
43013;-58.42036;-334.0533;-2033.732
43064;-54.93899;-331.719;-2035.407
43099;-47.5246;-340.2166;-2035.343
43116;-43.12242;-345.0273;-2034.649
43150;-41.20896;-331.351;-2034.787
43171;-39.1373;-328.3336;-2035.005
43222;-38.49458;-328.725;-2035.672
43239;-34.92528;-336.418;-2038.606
43272;-34.46432;-334.8458;-2039.739
43306;-34.00953;-334.0285;-2041.202
43340;-33.66584;-337.0922;-2044.054
43390;-34.32557;-340.2451;-2047.188
43407;-34.95938;-340.7176;-2049.103
43441;-37.18156;-343.3145;-2052.721
43475;-39.83791;-345.9767;-2055.705
43509;-41.16882;-346.2468;-2057.184
43559;-43.40847;-347.617;-2058.334
43576;-46.71857;-347.6053;-2058.647
43610;-48.86683;-347.7491;-2058.809
43626;-52.31069;-347.1483;-2058.307
43660;-55.92753;-346.7586;-2057.21
43694;-59.13652;-347.3403;-2055.699
43744;-63.76658;-344.3889;-2053.536
43761;-66.51117;-343.6579;-2051.129
43796;-68.56871;-341.1832;-2048.719
43838;-69.28841;-337.2533;-2047.059
43872;-69.44511;-334.6066;-2045.286
43909;-69.38465;-330.3181;-2042.52
43942;-69.26311;-328.5809;-2040.745
43980;-69.39768;-326.7857;-2038.518
44014;-69.70108;-326.2516;-2037.362
44065;-70.07699;-325.764;-2035.839
44083;-70.06026;-325.3032;-2034.572
44123;-70.14153;-324.4693;-2033.676
44158;-70.33608;-323.6452;-2032.626
44174;-70.2022;-322.5145;-2031.497
44208;-70.2782;-323.2871;-2030.365
44242;-69.9639;-323.9702;-2029.47
44276;-68.83145;-324.5958;-2027.997
44310;-67.80534;-325.3212;-2027.496
44344;-66.36894;-325.6756;-2028.033
44378;-64.60857;-326.7476;-2028.913
44394;-61.73207;-328.8721;-2030.466
44428;-58.12489;-331.1743;-2032.753
44462;-55.45966;-331.7745;-2035.479
44513;-53.07203;-334.2556;-2038.175
44529;-51.81615;-334.7759;-2039.792
44563;-51.13276;-335.1702;-2041.151
44597;-50.13871;-337.2475;-2043.482
44648;-49.00095;-339.4431;-2046.481
44666;-47.68383;-342.085;-2050.522
44700;-46.56895;-342.5668;-2052.713
44734;-45.89584;-343.7827;-2054.441
44768;-43.67689;-344.63;-2056.066
44802;-41.95155;-345.6536;-2057.873
44839;-41.09278;-345.6544;-2059.405
44872;-39.67994;-345.2557;-2061.644
44889;-39.28067;-346.2653;-2063.993
44923;-37.94223;-344.8672;-2066.351
44990;-37.34931;-345.5882;-2068.655
45024;-36.58317;-347.1385;-2073.36
45074;-36.60832;-346.5565;-2074.336
45091;-36.45826;-348.4473;-2076.699
45141;-36.59327;-351.0475;-2078.861
45175;-37.347;-351.3006;-2080.287
45209;-38.90291;-349.2107;-2082.017
45226;-41.44002;-346.9453;-2084.442
45259;-44.98638;-353.4789;-2086.481
45310;-49.40695;-349.4731;-2087.578
45327;-53.77619;-347.4339;-2087.667
45411;-56.82454;-347.2754;-2088.062
45432;-69.48466;-348.635;-2087.48
45466;-76.67329;-350.8387;-2085.932
45500;-79.81765;-351.5375;-2084.55
45533;-85.56674;-353.1382;-2081.581
45567;-89.86826;-353.6561;-2078.976
45601;-93.00467;-352.7946;-2075.723
45634;-94.45918;-351.1339;-2073.267
45685;-96.03922;-348.79;-2070.46
45702;-97.11991;-347.2265;-2068.25
45733;-97.67024;-346.0836;-2065.869
45776;-98.46235;-344.3573;-2063.569
45808;-99.50596;-342.5071;-2061.228
45842;-100.1329;-341.0385;-2059.614
45893;-100.3478;-339.9429;-2058.63
45909;-100.5148;-339.6383;-2057.346
45943;-100.4964;-338.677;-2055.66
45960;-99.84938;-338.4099;-2054.705
45994;-99.1088;-338.0957;-2054.005
46027;-98.0015;-338.1707;-2052.893
46078;-96.69943;-337.5576;-2052.245
46095;-95.14594;-336.8783;-2052.063
46128;-93.30255;-336.0142;-2051.868
46162;-90.84322;-335.3364;-2052.052
46213;-87.62447;-334.9679;-2052.445
46229;-83.65609;-335.3656;-2052.285
46263;-81.03329;-335.5925;-2053.089
46297;-77.9325;-336.1225;-2054.058
46330;-75.63584;-337.2068;-2054.331
46364;-72.47832;-336.8073;-2054.994
46432;-70.33613;-337.5867;-2054.927
46464;-68.7085;-339.0813;-2055.064
46480;-67.18121;-339.8434;-2055.521
46523;-65.59389;-341.0855;-2056.088
46539;-65.31176;-341.4236;-2056.194
46573;-64.80038;-342.5155;-2056.835
46608;-64.26558;-343.2859;-2056.864
46642;-62.8237;-346.5156;-2056.013
46678;-62.38387;-349.0549;-2055.341
46711;-62.11304;-351.3775;-2054.801
46745;-61.38184;-354.205;-2054.061
46762;-61.66948;-358.266;-2052.822
46795;-61.69257;-359.0534;-2052.455
46829;-61.66057;-359.9237;-2052.221
46862;-61.50972;-360.4445;-2052.031
46905;-61.16032;-360.2443;-2051.962
46955;-60.92902;-359.954;-2052.07
46972;-60.87167;-360.6295;-2051.705
47006;-60.80607;-360.5701;-2051.704
47026;-60.58226;-361.2601;-2051.909
47073;-60.40211;-361.8878;-2052.229
47109;-60.40757;-363.4379;-2053.172
47135;-60.03602;-363.5244;-2054.375
47170;-59.71523;-364.2044;-2057.34
47215;-59.37429;-365.8826;-2060.197
47234;-59.59224;-365.1728;-2061.878
47268;-60.05106;-365.1912;-2063.158
47302;-60.50702;-366.5205;-2064.488
47335;-60.894;-365.8949;-2065.488
47369;-61.31823;-365.364;-2066.116
47403;-61.927;-367.4013;-2066.101
47436;-62.87958;-366.5575;-2066.624
47470;-64.81349;-364.9463;-2067.362
47504;-67.94437;-362.4554;-2067.826
47538;-70.56109;-360.7001;-2067.607
47571;-73.5778;-358.3388;-2067.352
47588;-76.68877;-356.3161;-2066.695
47622;-78.7686;-354.3771;-2065.854
47655;-80.96227;-351.1277;-2064.946
47689;-82.83318;-349.5943;-2063.842
47740;-84.4664;-348.2392;-2061.809
47773;-85.95997;-346.6458;-2059.026
47807;-87.00169;-345.2106;-2057.122
47828;-87.74622;-343.7422;-2054.481
47862;-88.37329;-342.8293;-2052.187
47895;-88.82001;-342.2858;-2050.021
47930;-89.07835;-341.7455;-2047.997
47962;-88.81623;-341.0258;-2045.976
47996;-88.4423;-340.1792;-2044.669
48030;-87.61659;-339.9042;-2043.038
48064;-86.24998;-339.2568;-2041.599
48098;-84.53831;-339.1073;-2039.901
48132;-80.99735;-339.3075;-2037.699
48172;-78.27702;-339.0445;-2036.372
48205;-75.84395;-338.7008;-2034.577
48239;-73.15543;-338.1723;-2032.746
48255;-70.70802;-337.9689;-2030.873
48306;-69.17025;-338.6068;-2029.419
48340;-68.84961;-339.0523;-2027.919
48373;-68.77477;-338.8754;-2026.655
48390;-70.30914;-340.9004;-2024.128
48441;-71.71387;-344.9768;-2021.805
48474;-73.27287;-347.6616;-2019.523
48508;-74.26814;-349.8403;-2018.741
48559;-75.93404;-355.6414;-2016.665
48609;-75.93074;-356.9196;-2016.236
48627;-76.20085;-358.4596;-2015.876
48672;-76.16674;-359.0935;-2015.929
48707;-78.31115;-366.8425;-2014.694
48741;-79.64519;-369.3085;-2014.915
48775;-80.80716;-371.8594;-2015.264
48809;-81.06237;-372.0787;-2016.241
48825;-79.66477;-364.536;-2023.415
48859;-79.3736;-362.2024;-2027.974
48910;-79.31329;-361.3826;-2030.958
48944;-78.75951;-361.648;-2033.467
48977;-78.35342;-362.0587;-2035.829
48994;-76.93938;-362.4467;-2040.997
49028;-73.92056;-361.2857;-2047.177
49062;-71.70003;-361.0974;-2051.56
49095;-69.31048;-357.6646;-2057.92
49129;-68.4326;-357.114;-2060.796
49162;-68.5499;-357.3748;-2062.288
49196;-69.08589;-357.6362;-2064.783
49230;-70.27374;-357.24;-2068.144
49263;-70.93702;-357.575;-2069.786
49315;-73.22138;-357.5185;-2072.536
49335;-76.86292;-357.5435;-2075.107
49386;-79.78905;-356.2758;-2077.89
49417;-81.59525;-356.5591;-2078.976
49464;-85.98062;-357.1122;-2083.345
49496;-88.72513;-357.8751;-2085.531
49530;-90.97272;-357.681;-2087.824
49563;-92.02205;-357.0921;-2089.104
49597;-92.72192;-357.0043;-2090.16
49631;-93.58677;-356.0114;-2091.932
49665;-93.90265;-355.609;-2092.628
49698;-94.36147;-355.5944;-2093.133
49732;-94.87627;-353.7871;-2095.489
49765;-95.25704;-353.4538;-2096.376
49799;-95.45348;-353.1979;-2096.815
49833;-96.29575;-352.8996;-2097.793
49884;-96.64923;-352.9108;-2098.156
49901;-96.75133;-352.9339;-2098.347
49934;-96.77969;-352.9312;-2098.571
49968;-96.73549;-352.9253;-2098.636
50002;-96.70192;-352.925;-2098.65
50035;-96.21136;-352.6219;-2098.778
50069;-95.6025;-352.3121;-2098.674
50103;-95.08228;-352.5721;-2097.963
50136;-94.15081;-352.6973;-2096.845
50170;-93.01491;-352.5112;-2095.762
50204;-92.04344;-353.2776;-2093.978
50238;-91.20345;-353.3309;-2092.724
50271;-90.358;-352.6387;-2091.126
50305;-91.30101;-354.6406;-2086.798
50339;-91.54148;-356.6092;-2083.556
50384;-91.66364;-359.5507;-2078.874
50410;-92.24815;-363.6154;-2072.681
50433;-91.89262;-365.8848;-2067.583
50467;-91.50207;-367.3337;-2064.784
50501;-90.32048;-367.9518;-2062.901
50534;-88.29809;-372.887;-2058.301
50568;-86.96529;-374.4442;-2055.781
50602;-84.29224;-371.7078;-2054.301
50635;-82.93595;-370.8373;-2053.299
50669;-81.98792;-374.8051;-2048.731
50703;-81.29699;-376.3798;-2046.12
50736;-80.96975;-377.1477;-2044.545
50771;-77.50278;-372.0841;-2045.182
50804;-77.18938;-371.6238;-2045.12
50838;-76.97704;-370.6893;-2045.213
50871;-76.7041;-369.6559;-2046.135
50905;-77.0418;-369.0797;-2046.864
50939;-78.55035;-371.0283;-2047.815
50974;-80.08502;-372.2709;-2049.003
51019;-80.51531;-372.403;-2050.399
51035;-81.43861;-373.6796;-2052.982
51069;-82.12725;-372.7602;-2055.593
51102;-84.0978;-368.3888;-2059.288
51136;-84.81995;-367.3175;-2061.326
51170;-86.07938;-364.8718;-2063.978
51204;-88.33689;-362.2619;-2066.015
51237;-91.2748;-360.3483;-2067.822
51271;-94.33016;-359.0204;-2069.687
51305;-95.95114;-358.3641;-2070.764
51338;-97.42033;-358.0437;-2071.669
51372;-98.91541;-357.2881;-2073.005
51423;-100.9232;-354.3391;-2075.144
51439;-101.8268;-354.0838;-2075.274
51491;-103.4777;-353.5836;-2075.952
51507;-104.7996;-352.5594;-2076.446
51541;-106.2527;-351.8956;-2077.04
51575;-108.1101;-352.2065;-2078.063
51592;-109.5422;-351.5561;-2079.085
51625;-111.1901;-351.3439;-2080.68
51676;-111.922;-351.5002;-2081.695
51710;-112.8544;-351.237;-2083.952
51743;-112.877;-351.0586;-2084.765
51777;-112.792;-351.7318;-2085.747
51794;-112.5228;-352.4385;-2086.625
51844;-111.8096;-352.7191;-2087.282
51861;-110.7309;-353.8429;-2087.998
51895;-109.7484;-354.3188;-2088.203
51929;-108.0336;-354.9308;-2088.16
51963;-106.5766;-355.8908;-2087.27
52013;-105.2992;-355.9493;-2086.239
52030;-103.1799;-354.6048;-2083.774
52063;-101.9;-355.2143;-2081.343
52115;-99.9352;-355.3096;-2078.351
52131;-99.04635;-355.6836;-2074.994
52165;-98.0039;-356.7075;-2070.952
52199;-97.3014;-360.0199;-2065.653
52233;-96.37021;-364.8904;-2058.635
52266;-96.97338;-368.3562;-2051.971
52318;-96.34397;-369.4488;-2047.419
52334;-95.90959;-380.9927;-2035.027
52385;-95.15791;-383.6405;-2030.802
52401;-94.19279;-384.0697;-2028.783
52434;-92.86858;-384.4948;-2026.102
52485;-91.33535;-383.3982;-2022.678
52502;-90.06259;-381.054;-2020.075
52536;-87.44817;-373.9094;-2019.496
52570;-86.19268;-370.4791;-2017.926
52603;-83.55103;-364.3755;-2017.987
52637;-83.2542;-368.6666;-2014.66
52671;-82.81529;-369.6658;-2013.587
52704;-81.98866;-370.4814;-2013.132
52738;-80.64863;-369.7693;-2013.888
52772;-78.79338;-369.5987;-2015.698
52805;-76.4218;-369.3067;-2018.333
52829;-74.75265;-367.0685;-2021.739
52863;-71.07464;-365.8449;-2027.349
52930;-69.2084;-362.2096;-2031.661
52947;-67.41526;-356.9614;-2036.454
52981;-65.35611;-353.4443;-2041.424
52998;-65.73542;-352.328;-2043.19
53031;-66.1425;-351.1472;-2045.271
53065;-67.24061;-350.4433;-2046.945
53099;-68.35332;-350.2007;-2048.102
53132;-70.25014;-350.3779;-2049.337
53166;-72.57353;-350.9415;-2050.795
53200;-74.62305;-349.4857;-2052.701
53234;-76.57361;-349.294;-2054.03
53268;-77.81917;-349.237;-2054.99
53318;-79.20186;-348.7141;-2055.698
53334;-80.62342;-348.2802;-2056.355
53369;-81.94846;-347.0386;-2057.169
53402;-83.04681;-346.7769;-2057.375
53436;-84.2842;-346.3637;-2057.487
53487;-85.00182;-346.2532;-2057.428
53503;-85.76923;-346.4142;-2057.155
53537;-86.41888;-346.3499;-2056.473
53570;-86.89548;-346.2583;-2056.109
53604;-87.10037;-345.9969;-2055.708
53638;-87.24466;-345.6493;-2054.747
53672;-87.27259;-345.325;-2053.764
53705;-86.80588;-344.2131;-2052.822
53741;-86.40912;-343.3553;-2051.508
53777;-85.5736;-342.5757;-2050.05
53829;-83.78372;-342.4903;-2046.965
53863;-81.9913;-343.6965;-2044.961
53897;-79.31979;-343.7139;-2042.71
53945;-77.8757;-343.6135;-2041.287
53983;-76.53699;-344.8248;-2039.204
54020;-75.86197;-347.0481;-2036.101
54034;-73.67443;-349.0415;-2032.23
54068;-72.22064;-353.7098;-2027.279
54101;-71.41227;-372.5904;-2016.478
54139;-70.29879;-372.5715;-2016.112
54171;-68.52406;-375.2686;-2014.052
54204;-65.80687;-378.7774;-2011.547
54238;-63.82128;-380.8401;-2010.54
54272;-62.87547;-382.5363;-2009.607
54305;-61.53946;-382.5773;-2009.808
54339;-60.88338;-382.5415;-2010.045
54372;-60.47869;-383.3216;-2010.125
54406;-58.74545;-382.9553;-2011.909
54440;-55.58982;-378.3237;-2017.091
54474;-54.29071;-376.677;-2020.335
54490;-53.39408;-375.3756;-2023.475
54524;-51.77482;-370.1512;-2029.88
54558;-50.39307;-365.6195;-2035.956
54591;-49.3594;-364.6724;-2038.703
54625;-48.96527;-361.0007;-2042.973
54659;-49.97386;-357.7139;-2046.828
54693;-51.88801;-355.4477;-2049.871
54743;-53.51923;-353.9201;-2052.51
54777;-54.99707;-353.79;-2054.461
54810;-57.68161;-353.1635;-2056.978
54844;-60.71885;-353.2899;-2058.771
54861;-63.77511;-352.4941;-2059.345
54911;-68.60317;-352.9172;-2059.973
54928;-71.67314;-352.5445;-2059.686
54962;-75.44945;-351.1756;-2060.111
54996;-78.40426;-349.6435;-2060.429
55031;-80.43012;-349.127;-2060.167
55081;-82.56355;-349.043;-2059.505
55098;-84.93569;-348.7973;-2057.666
55132;-87.63283;-348.533;-2055.354
55166;-89.54926;-347.3525;-2053.501
55199;-90.67648;-346.8833;-2052.114
55233;-91.76347;-345.9887;-2049.413
55283;-92.23933;-345.1471;-2048.253
55300;-92.52135;-344.4125;-2046.995
55353;-92.81904;-343.5445;-2045.867
55368;-92.54247;-343.0801;-2045.11
55401;-92.259;-343.009;-2044.614
55440;-92.11097;-343.0095;-2044.379
55473;-91.77049;-342.9293;-2044.302
55507;-91.02296;-343.013;-2044.273
55541;-89.98946;-342.3214;-2044.069
55574;-88.92393;-342.8087;-2043.532
55608;-88.33774;-342.9189;-2043.438
55659;-87.04163;-342.9179;-2043.409
55675;-85.6131;-343.7308;-2042.94
55709;-83.62817;-345.7321;-2041.992
55743;-82.78799;-348.9147;-2041.191
55776;-82.01565;-355.0407;-2039.274
55810;-80.57481;-360.6619;-2037.643
55828;-78.46333;-379.3673;-2029.445
55878;-77.67938;-381.6606;-2028.923
55911;-76.41256;-383.1481;-2028.824
55944;-73.35948;-386.8763;-2029.418
55961;-71.81772;-389.0948;-2030.197
55995;-66.03771;-382.6478;-2036.06
56040;-64.26783;-380.7155;-2038.298
56069;-63.08802;-379.1097;-2039.332
56103;-61.97478;-377.8878;-2040.631
56136;-61.75097;-381.0626;-2040.395
56170;-61.55002;-383.2654;-2040.335
56204;-61.11759;-385.3582;-2041.404
56237;-60.24689;-384.5106;-2043.176
56271;-59.5026;-382.8891;-2045.765
56305;-59.11081;-380.6123;-2048.829
56334;-59.35287;-376.7227;-2052.845
56378;-60.15344;-374.1956;-2055.723
56394;-61.12853;-368.6084;-2059.933
56428;-61.87924;-367.0859;-2061.3
56468;-64.15229;-364.1857;-2062.845
56495;-67.1461;-364.132;-2064.194
56529;-71.62465;-362.9027;-2065.562
56563;-75.95161;-361.4521;-2066.441
56597;-79.4788;-360.1267;-2067.359
56629;-83.92526;-359.9391;-2067.392
56663;-87.82784;-359.0159;-2066.585
56713;-91.09501;-357.4871;-2066.172
56730;-95.1104;-355.4422;-2065.842
56781;-98.16911;-355.3093;-2064.578
56814;-101.7817;-354.1358;-2063.129
56831;-105.2488;-353.1529;-2061.798
56882;-108.2512;-351.821;-2060.806
56915;-110.56;-351.5476;-2058.946
56932;-112.7096;-351.1334;-2056.354
56966;-114.48;-350.131;-2054.247
57000;-115.6108;-349.2954;-2052.633
57034;-116.1355;-348.8683;-2050.74
57067;-116.5207;-348.1187;-2049.905
57101;-116.576;-347.8245;-2049.19
57135;-115.9821;-347.4004;-2048.323
57168;-114.8649;-347.1057;-2047.026
57202;-113.3558;-346.1855;-2045.698
57235;-110.8851;-345.6343;-2043.637
57269;-108.3753;-345.3755;-2041.457
57303;-107.0536;-345.0594;-2039.758
57371;-105.8919;-346.9594;-2036.406
57404;-105.3083;-347.6697;-2032.395
57489;-104.2729;-359.9314;-2020.23
57505;-102.0497;-370.9395;-2011.049
57539;-100.5223;-374.0241;-2007.021
57572;-97.6787;-377.2828;-2004.352
57623;-93.91774;-377.708;-2003.047
57691;-86.16361;-379.4772;-2003.785
57707;-80.78556;-380.1657;-2004.93
57748;-76.57808;-380.5696;-2008.008
58111;-51.5947;-361.538;-2057.184
58127;-56.23082;-367.9001;-2035.184
58143;-58.21811;-359.0439;-2051.963
58177;-58.86748;-357.114;-2055.729
58211;-61.16557;-356.3;-2057.749
58245;-64.55842;-355.206;-2059.852
58278;-68.62261;-355.6613;-2061.91
58312;-75.26668;-353.9778;-2066.162
58329;-80.89241;-356.2105;-2067.905
58379;-85.64738;-357.185;-2069.108
58413;-92.7393;-356.5337;-2072.732
58430;-96.91993;-357.0139;-2074.485
58480;-100.8593;-358.021;-2075.862
58497;-105.0789;-359.1541;-2076.726
58531;-109.3441;-359.2475;-2077.243
58565;-113.5033;-359.4929;-2077.062
58615;-116.3021;-360.0938;-2076.736
58632;-119.3934;-360.4094;-2076.218
58666;-120.9868;-359.8233;-2075.468
58704;-122.7801;-359.7618;-2074.396
58738;-123.6235;-358.7497;-2073.294
58772;-124.2164;-357.5039;-2071.756
58805;-124.653;-356.8182;-2070.775
58842;-124.8008;-355.8293;-2068.932
58876;-123.8269;-353.5744;-2066.882
58893;-122.9337;-352.1978;-2065.041
58943;-120.8962;-349.5192;-2063.092
58960;-118.6042;-348.9153;-2060.029
59011;-115.5961;-348.5236;-2056.727
59066;-112.7724;-346.9158;-2053.263
59083;-110.0164;-346.0694;-2050.077
59182;-106.715;-345.7726;-2035.842
59198;-106.9016;-348.8668;-2029.152
59232;-107.0929;-353.1618;-2022.141
59266;-106.4285;-357.0402;-2016.402
59300;-104.982;-357.6928;-2014.279
59333;-102.348;-359.6197;-2010.221
59367;-99.22694;-360.2194;-2006.953
59400;-96.66482;-361.8232;-2004.139
59434;-93.64635;-361.2143;-2003.648
59468;-91.12175;-360.8236;-2003.029
59501;-88.64378;-360.1768;-2003.443
59586;-86.84762;-359.6669;-2003.937
59620;-85.40894;-359.5053;-2004.533
59704;-83.06097;-360.6971;-2006.497
59737;-78.31788;-363.1852;-2015.098
59771;-75.60567;-363.4149;-2021.386
59805;-74.97147;-366.4966;-2024.877
59838;-74.60126;-370.5103;-2028.47
59872;-74.49335;-371.2658;-2031.743
59906;-75.17046;-372.4897;-2035.141
59940;-76.6517;-370.787;-2041.297
59973;-77.89238;-370.8736;-2043.264
60007;-79.67603;-369.9103;-2046.486
60041;-82.23336;-367.0381;-2051.092
60074;-83.84843;-365.985;-2054.488
60108;-85.5455;-362.9058;-2059.762
60142;-86.74234;-361.2921;-2062.078
60159;-88.33934;-359.4964;-2063.861
60192;-89.52042;-358.8799;-2064.382
60226;-91.4027;-357.2904;-2065.78
60260;-94.57758;-357.075;-2065.973
60293;-98.07779;-356.9486;-2065.672
60344;-102.6574;-355.4162;-2066.386
60361;-106.2472;-355.3033;-2066.135
60411;-108.8312;-354.6542;-2065.834
60430;-111.5196;-354.0221;-2065.511
60463;-113.6936;-353.4675;-2065.23
60514;-115.0158;-352.8628;-2064.281
60582;-116.3646;-351.7227;-2063.706
60615;-117.2789;-351.3471;-2063.146
60666;-118.1411;-350.8242;-2062.74
60716;-118.7635;-350.3549;-2062.396
60733;-119.2982;-349.9003;-2061.929
60767;-119.5738;-349.4389;-2061.778
60801;-119.7554;-349.3742;-2061.569
60834;-119.9823;-349.4383;-2061.315
60868;-120.0441;-349.5502;-2061.008
60920;-119.7628;-350.1728;-2060.375
60935;-119.6086;-351.067;-2059.956
60969;-119.2378;-351.6275;-2059.964
61005;-119.0581;-351.8112;-2059.867
61035;-118.9796;-351.92;-2059.824
61073;-118.9505;-351.9103;-2059.81
61099;-118.7099;-352.0234;-2059.784
61142;-118.6035;-352.0379;-2059.774
61192;-118.3005;-352.106;-2059.898
61209;-117.8045;-352.1359;-2060.004
61260;-117.2477;-352.1225;-2060.16
61293;-116.813;-352.1217;-2060.561
61310;-116.3678;-352.357;-2060.832
61343;-115.869;-352.4549;-2061.26
61580;-115.5067;-352.6707;-2061.513
61596;-115.2247;-353.1485;-2061.944
61613;-114.9551;-353.5663;-2062.297
61630;-115.3;-354.3798;-2063.062
61647;-115.6293;-354.7079;-2063.22
61663;-115.8864;-354.8075;-2063.407
61697;-116.4426;-354.9696;-2063.558
61731;-117.4164;-355.1998;-2063.748
61765;-118.5984;-356.2816;-2063.502
61799;-120.3458;-359.0485;-2062.996
61832;-123.0696;-361.0263;-2063.013
61858;-124.7991;-361.9824;-2063.82
61909;-126.7115;-361.7838;-2064.61
61925;-128.3604;-362.014;-2065.103
61989;-131.1661;-362.2476;-2065.795
61998;-132.9064;-361.585;-2066.8
62031;-134.7751;-361.8583;-2067.331
62065;-136.4633;-361.5327;-2067.867
62099;-138.9929;-362.123;-2068.217
62132;-141.618;-363.3759;-2068.488
62183;-143.8737;-363.3944;-2068.825
62200;-147.9955;-364.9426;-2068.046
62275;-152.0572;-364.8437;-2066.601
62292;-154.441;-364.3066;-2066.216
62343;-155.8502;-363.3752;-2065.467
62376;-157.4604;-361.4992;-2064.294
62393;-159.2192;-358.7202;-2062.224
62428;-160.7242;-356.8355;-2058.741
62461;-161.8262;-354.9785;-2054.466
62494;-162.5394;-353.4775;-2047.61
62545;-162.9632;-351.0423;-2037.158
62579;-163.3681;-348.7614;-2032.637
62612;-163.6998;-347.2653;-2026.639
62642;-163.6072;-344.773;-2021.073
62808;-164.0912;-340.0389;-2014.029
62832;-163.7549;-338.606;-2008.714
62849;-159.7757;-326.9472;-1985.812
62865;-159.9356;-326.0942;-1983.153
62916;-159.2628;-325.7944;-1980.223
62933;-158.6899;-325.3803;-1978.693
62967;-158.4406;-324.7233;-1977.642
63000;-158.5012;-324.1823;-1976.858
63034;-157.9094;-324.1022;-1976.615
63067;-157.637;-324.0717;-1976.438
63101;-157.3214;-324.6159;-1976.2
63152;-156.9139;-325.3789;-1975.899
63185;-156.9666;-326.6241;-1976.03
63202;-157.1676;-327.2749;-1976.164
63236;-157.3987;-327.4409;-1976.298
63270;-158.5357;-328.388;-1976.593
63303;-159.1657;-329.0533;-1976.898
63337;-160.128;-329.4275;-1977.182
63371;-162.5408;-330.2852;-1977.268
63404;-165.9703;-331.1965;-1976.755
63438;-169.6146;-331.2302;-1975.562
63472;-173.6043;-330.9468;-1972.725
63506;-178.7728;-332.8011;-1966.633
63523;-183.427;-333.8112;-1955.793
63556;-185.8405;-333.3449;-1945.341
63607;-188.8574;-330.5358;-1931.935
63624;-191.5472;-330.2031;-1914.731
63657;-194.2885;-328.4045;-1899.05
63708;-199.5776;-325.6733;-1877.331
63741;-201.2806;-327.0852;-1862.611
63775;-202.8501;-330.0649;-1842.541
63809;-201.1792;-329.1471;-1825.369
63843;-197.1451;-325.2253;-1802.32
63876;-193.8234;-320.9568;-1782.48
63910;-188.9767;-310.4631;-1758.099
63927;-187.4817;-299.5396;-1738.319
63962;-185.9581;-284.1727;-1716.938
63994;-187.0105;-268.2463;-1698.313
64028;-187.8158;-257.7336;-1682.835
64062;-181.4247;-247.9781;-1655.646
64095;-40.96604;-355.5473;-1480.313
64133;62.11879;-528.5925;-1386.653
64163;64.13686;-683.4581;-1346.888
65165;-165.4399;25.38977;-886.3476
65200;-218.1402;38.56567;-890.4979
65215;-162.1553;2.86895;-870.9182
65248;-122.1845;38.81478;-878.8172
65300;-145.9087;-8.404464;-862.5381
65316;-141.3083;-8.169315;-861.1226
65350;8.007675;-107.1533;-971.9672
65384;-179.492;69.02792;-859.4828
65417;1.102641;-195.2102;-951.971
65451;-72.63556;-83.68279;-918.0834
65485;-55.06295;-69.11182;-908.0641
65507;-43.65164;-116.5524;-882.3223
65541;-46.57529;-114.8634;-880.7729
65575;-50.8213;-112.0174;-877.246
65609;-58.31066;-107.7638;-873.5098
65643;-57.30925;-95.42394;-867.5045
65676;-61.35748;-99.51224;-859.347
65693;-29.65353;-43.90629;-224.3419
65803;273.0439;26.54448;-1340.949
65837;291.7466;56.70276;-1351.472
65870;302.9117;84.86901;-1370.966
65904;326.9171;82.82231;-1393.597
65938;320.493;74.15956;-1419.598
65971;472.3138;124.2452;-1601.278
66005;462.0305;109.7885;-1612.636
66058;451.2603;96.28735;-1622.998
66073;441.5432;93.31252;-1633.062
66107;425.0268;82.21871;-1644.069
66141;416.9605;75.3427;-1652.998
66175;400.3226;56.13974;-1666.407
66191;390.8463;47.00747;-1676.819
66231;380.6623;34.45263;-1691.804
66265;371.3044;27.62128;-1704.216
66299;357.8629;15.30074;-1722.346
66332;350.4148;11.18569;-1735.517
66366;339.4369;3.57689;-1753.372
66416;334.8948;-0.2401546;-1767.685
66433;325.6719;-11.29063;-1794.333
66467;319.1557;-17.46405;-1812.519
66501;131.4737;-54.5594;-1901.425
66534;118.1329;-74.59292;-1926.035
66568;85.74447;-121.9692;-2034.37
66602;41.998;-169.7537;-2119.319
66635;13.76224;-218.0492;-2188.089
66669;5.317847;-232.9751;-2235.336
66703;-23.92053;-240.018;-2250.286
66754;-39.81057;-252.3932;-2264.666
66770;-61.88079;-265.8405;-2277.472
66804;-85.89999;-270.7152;-2294.073
66838;-100.0617;-280.615;-2305.482
66876;-117.173;-286.1093;-2317.031
66909;-129.7179;-291.5391;-2326.098
66926;-137.6864;-292.9275;-2332.215
66976;-140.7288;-291.0773;-2336.113
66993;-151.5219;-309.388;-2342.651
67027;-153.4658;-315.5832;-2346.767
67078;-153.4617;-317.7017;-2348.857
67094;-152.2555;-319.0678;-2351.161
67145;-151.3618;-321.6457;-2352.957
67162;-143.5549;-336.5421;-2356.535
67195;-137.3198;-338.2138;-2355.924
67246;-129.68;-338.222;-2353.409
67263;-117.0227;-334.556;-2348.055
67314;-106.2869;-329.0039;-2341.735
67330;-94.45758;-324.4217;-2333.014
67364;-83.14495;-319.9751;-2325.863
67414;-71.77962;-319.1888;-2317.048
67449;-56.707;-309.8162;-2302.896
67480;-43.0569;-310.005;-2285.889
67511;-29.04977;-307.7958;-2271.743
67549;-8.800819;-310.1642;-2250.738
67583;12.8268;-315.0666;-2234.696
67600;35.27692;-314.4377;-2212.296
67634;51.56519;-309.619;-2200.113
67668;77.33823;-307.3268;-2186.542
67712;101.848;-298.8567;-2175.135
67731;123.5601;-294.6095;-2162.921
67776;153.8507;-283.168;-2148.961
67810;163.7049;-275.2619;-2142.742
67844;186.8002;-259.2811;-2131.755
67878;202.1969;-252.3431;-2124.374
67911;216.0237;-245.4466;-2114.452
67934;226.5107;-242.5805;-2103.27
67968;234.4342;-239.5072;-2090.083
67999;240.6475;-235.1387;-2081.141
68030;247.3458;-228.9658;-2067.917
68062;253.812;-223.538;-2053.31
68120;257.6029;-221.3926;-2039.622
68137;260.6682;-219.9196;-2025.165
68170;262.9752;-220.0871;-2006.738
68204;264.4146;-219.0337;-1991.687
68246;265.6624;-217.2469;-1982.553
68269;267.1725;-212.896;-1974.153
68296;269.8198;-210.7049;-1967.343
68346;271.3259;-209.2257;-1962.178
68363;272.3261;-207.6981;-1959.961
68397;273.6138;-205.8424;-1958.74
68431;276.1949;-203.6708;-1959.611
68464;279.2913;-202.1725;-1962.437
68498;282.3238;-202.5026;-1966.233
68549;287.9289;-200.4848;-1975.206
68565;293.891;-196.4637;-1987.328
68599;298.5478;-194.0688;-2001.46
68633;306.763;-184.102;-2021.755
68667;311.4199;-183.6234;-2031.0
