
2;-509.3309;332.3855;-2007.354
34;-439.8842;378.9982;-1933.393
73;-438.5229;379.5726;-1933.18
96;-437.8224;380.577;-1933.005
171;-438.4475;383.9384;-1933.065
208;-441.4807;385.8967;-1934.947
231;-450.1782;383.5939;-1940.48
278;-475.6354;370.7258;-1954.49
323;-487.7533;364.6885;-1960.998
408;-539.4356;337.7623;-1989.605
465;-541.3376;335.1932;-1992.087
493;-545.6216;329.9315;-1996.006
515;-547.2991;316.5838;-2000.677
540;-544.1993;306.1407;-2003.406
592;-531.5252;287.1194;-2002.109
620;-517.6938;274.1548;-1999.262
641;-490.3508;245.8938;-1991.555
669;-460.3362;198.5193;-1994.736
714;-432.0653;148.4391;-1999.753
740;-405.1202;108.8643;-1996.126
769;-374.9901;57.76225;-1988.922
839;-329.0793;26.70655;-1974.815
864;-310.2979;-11.93252;-1922.496
899;-266.1407;-101.3684;-1962.607
929;-255.8429;-183.0727;-1962.962
957;-230.9843;-217.1395;-1925.51
983;-196.4527;-264.2896;-1938.348
1011;-172.0765;-316.6621;-1932.109
1050;-156.9124;-349.4977;-2013.073
1089;-135.4736;-377.0393;-2018.104
1112;-122.4614;-394.1804;-2026.373
1149;-104.3026;-419.3427;-2033.057
1174;-83.03054;-445.8754;-2039.1
1277;-67.43335;-465.0734;-2041.795
1301;-53.86427;-480.9547;-2044.691
1333;-21.62826;-480.5355;-2043.743
1356;0.4780339;-470.6956;-2029.962
1392;14.90817;-463.0044;-2015.615
1452;39.67393;-437.134;-1977.965
1494;45.1752;-435.5938;-1967.917
1519;62.65088;-426.6905;-1921.371
1537;84.46062;-426.2184;-1871.951
1591;94.4684;-414.3561;-1836.927
1613;108.3565;-399.2424;-1789.308
1666;116.9851;-384.8988;-1746.818
1688;123.3265;-370.6703;-1704.444
1755;131.2197;-358.123;-1658.193
1824;140.7133;-341.367;-1611.669
1930;154.5503;-327.5781;-1515.694
1953;178.7881;-280.8227;-1385.76
1988;194.5868;-264.5837;-1338.975
2015;203.2421;-256.3024;-1312.364
2061;213.5072;-226.0603;-1255.498
2087;226.8512;-211.9815;-1207.572
2110;247.1251;-183.0252;-1156.87
2149;262.7657;-153.8226;-1111.458
2173;267.0596;-138.5883;-1076.486
2216;293.114;-133.9671;-1047.448
2250;305.6438;-86.34541;-1013.364
2305;305.5683;-46.92198;-993.581
2333;310.2294;-21.27552;-980.1422
2372;315.377;-17.2571;-969.2164
2397;351.4572;-15.64828;-890.6443
2469;364.7786;10.39328;-864.5634
2492;370.1977;10.70456;-856.6896
2530;377.8859;14.87698;-847.1042
2565;379.0802;6.204296;-837.9623
2606;381.9032;4.356315;-838.9001
2633;504.2409;-89.75618;-850.7371
2677;573.9674;-179.362;-848.575
2721;468.7127;-394.1366;-826.6414
2766;575.3391;-357.7848;-825.1646
2794;664.4496;-366.4009;-745.9584
2824;653.7631;-323.0038;-696.0838
11515;110.7246;-434.9505;-1553.734
11546;70.30013;-425.9402;-1579.191
11598;57.79233;-426.2722;-1594.217
11615;46.84172;-444.6408;-1619.016
11648;22.39549;-475.683;-1630.407
11670;2.580634;-487.5033;-1658.049
11697;-17.37493;-456.5208;-1721.338
11737;-24.88963;-474.451;-1743.575
11767;-27.73861;-489.0045;-1780.742
11800;-29.79497;-512.7601;-1810.407
11851;-29.73339;-513.4888;-1834.835
11875;-25.16385;-516.9534;-1857.787
11910;-19.41156;-516.7191;-1878.79
11947;-12.50476;-519.3138;-1892.162
11969;-5.617125;-517.5945;-1900.458
12003;13.94821;-510.4346;-1896.328
12037;-17.75672;-539.1671;-1961.072
12070;-18.11569;-541.3389;-1965.026
12104;-19.52272;-542.4115;-1969.485
12147;-20.57162;-542.2639;-1972.81
12209;-23.53585;-544.418;-1976.123
12231;-25.78922;-547.3243;-1977.253
12299;-27.72211;-547.6302;-1977.317
12318;-31.54229;-536.9896;-1981.849
12336;-38.04006;-534.4783;-1981.343
12370;-52.2039;-513.6489;-1994.574
12404;-56.5381;-530.9949;-1973.689
12438;-60.86401;-529.2454;-1968.954
12472;-65.99557;-525.9645;-1962.599
12508;-81.72842;-477.1417;-1981.698
12559;-76.7924;-518.8511;-1940.943
12582;-78.40186;-520.322;-1938.407
12599;-94.15855;-468.1754;-1968.344
12634;-92.6539;-468.2948;-1964.863
12699;-93.69877;-467.7444;-1962.224
12724;-95.91007;-467.9953;-1961.568
12745;-99.52859;-469.4114;-1959.738
12766;-105.4701;-469.2042;-1958.924
12800;-111.9586;-469.1281;-1956.937
12868;-118.0212;-469.5253;-1955.195
12884;-125.6918;-470.7181;-1953.338
12921;-130.3036;-471.6076;-1953.939
12959;-134.9401;-473.2438;-1954.164
12976;-138.728;-474.6964;-1955.14
13011;-142.2016;-476.2328;-1957.0
13042;-145.2627;-476.8552;-1959.558
13069;-147.9925;-478.4697;-1962.411
13110;-150.5059;-480.3839;-1964.968
13130;-152.6506;-481.852;-1967.059
13186;-154.1223;-482.9826;-1970.62
13232;-154.471;-484.0943;-1972.465
13259;-154.7593;-487.045;-1973.913
13324;-153.8284;-493.4375;-1974.081
13345;-153.2783;-496.8709;-1975.494
13369;-152.709;-499.6437;-1978.242
13417;-147.7165;-508.556;-1979.059
13436;-146.1473;-509.9833;-1979.92
13470;-143.9988;-512.2841;-1980.898
13503;-140.7411;-514.8065;-1980.424
13555;-138.1933;-514.5109;-1981.321
13582;-136.19;-514.9686;-1981.724
13600;-132.2975;-517.1608;-1980.325
13634;-129.4059;-518.3642;-1978.973
13668;-126.0251;-515.6438;-1979.963
13701;-124.1237;-514.3989;-1980.305
13735;-121.1703;-511.8538;-1980.459
13775;-118.5002;-510.6515;-1980.062
13809;-114.7209;-509.256;-1979.106
13842;-111.7296;-507.642;-1978.629
13876;-109.6201;-506.3509;-1978.721
13911;-107.7785;-504.1141;-1979.246
13929;-106.7128;-503.1749;-1979.446
13980;-105.7251;-502.7573;-1979.776
13999;-105.0518;-502.4105;-1980.339
14033;-104.9759;-502.6118;-1980.431
14066;-105.1156;-504.0002;-1980.688
14100;-105.4772;-506.3325;-1980.678
14134;-105.7804;-517.8177;-1974.106
14171;-111.9985;-549.5523;-1953.291
14204;-118.1168;-538.8317;-1964.776
14238;-118.4195;-538.6373;-1966.584
14272;-120.5339;-557.2828;-1957.333
14306;-123.0098;-540.7852;-1967.488
14341;-123.2385;-540.9407;-1968.286
14394;-123.5832;-540.2731;-1969.2
14416;-123.4399;-540.037;-1971.635
14433;-122.6517;-539.1739;-1973.771
14479;-119.4883;-537.5896;-1978.635
14496;-110.4878;-560.8481;-1964.663
14564;-107.4537;-513.6603;-2002.658
14586;-107.4823;-513.6711;-2003.334
14602;-107.1761;-515.3648;-2003.561
14636;-106.5122;-516.2364;-2004.211
14669;-98.20152;-562.8441;-1975.851
14703;-102.9073;-508.0211;-2011.119
14737;-102.9096;-508.0184;-2011.119
14771;-102.9067;-508.014;-2011.094
14806;-102.8705;-507.9301;-2011.069
14840;-102.7823;-507.9218;-2010.68
14891;-102.6554;-507.4824;-2010.349
14924;-102.5729;-507.4174;-2008.71
14943;-102.7577;-507.2957;-2007.226
14978;-103.035;-508.8973;-2004.184
15028;-103.6204;-508.8826;-1999.439
15065;-101.2076;-557.5593;-1950.797
15116;-101.2824;-559.1868;-1949.406
15184;-108.9632;-506.9156;-1985.042
15208;-103.1933;-557.5797;-1941.2
15225;-103.1947;-558.8295;-1939.867
15241;-108.7849;-521.6656;-1961.215
15275;-109.1819;-520.7686;-1960.538
15326;-110.8477;-510.468;-1962.531
15368;-112.2127;-506.0112;-1961.775
15390;-112.4504;-504.2598;-1960.339
15417;-103.2615;-545.6908;-1914.655
15469;-114.4777;-500.1124;-1945.634
15486;-114.5549;-499.7627;-1945.77
15510;-114.804;-498.4784;-1946.257
15550;-114.9477;-498.2098;-1946.22
15816;-117.9519;-502.4168;-1944.345
15883;-123.2575;-504.3848;-1942.752
15933;-135.8835;-510.1657;-1933.46
15967;-142.9283;-512.1699;-1926.115
16001;-156.3831;-521.6885;-1907.276
16052;-158.8813;-522.6103;-1903.921
16069;-161.3441;-521.4656;-1900.852
16108;-169.5959;-524.6619;-1888.025
16145;-172.8234;-525.6044;-1882.144
16162;-174.5107;-524.4813;-1880.015
16197;-175.8383;-522.8;-1878.749
16247;-176.3552;-522.6244;-1877.524
16283;-176.3951;-522.3323;-1877.398
16314;-174.3199;-521.0934;-1878.166
16348;-172.99;-520.6867;-1879.091
16374;-169.832;-518.4958;-1883.532
16458;-160.4573;-531.1699;-1882.464
16521;-145.6308;-508.437;-1917.609
16585;-130.0367;-545.8266;-1898.932
16658;-132.1454;-502.3683;-1938.249
16728;-130.8978;-502.1067;-1939.189
16800;-128.3301;-501.7798;-1940.696
16828;-126.6648;-502.6927;-1941.203
16899;-126.3184;-503.083;-1941.568
17011;-127.9145;-503.6879;-1944.522
17045;-129.3086;-504.2382;-1946.07
17066;-129.8411;-503.6135;-1947.651
17099;-130.3471;-503.7585;-1948.138
17150;-130.4882;-503.0117;-1948.888
17206;-131.338;-503.4255;-1949.443
17242;-132.0383;-503.7428;-1950.203
17267;-132.3463;-503.7751;-1950.502
17284;-132.7583;-503.9639;-1950.917
17334;-127.2587;-559.1918;-1916.3
17358;-127.2755;-559.1579;-1916.319
17410;-127.4346;-559.1215;-1916.491
17497;-134.6481;-506.9381;-1951.574
17553;-128.8231;-550.9174;-1924.04
17618;-135.3652;-505.6483;-1957.078
17659;-134.9111;-505.1812;-1957.506
17674;-134.7748;-504.9973;-1957.592
17691;-134.7634;-504.9666;-1957.629
17741;-134.3536;-504.8273;-1957.74
17793;-134.0342;-504.7424;-1957.672
17809;-133.1871;-504.7926;-1957.62
17841;-132.7098;-504.2745;-1957.754
17892;-132.0156;-504.8482;-1957.871
17925;-131.5152;-504.9425;-1957.956
17944;-131.4141;-505.4233;-1957.602
17978;-130.7765;-505.619;-1957.614
18007;-129.6069;-505.689;-1956.968
18451;-128.2649;-505.9266;-1955.467
18467;-204.345;-525.1921;-1860.296
18500;-227.3646;-511.6877;-1850.299
18534;-245.8665;-494.9057;-1844.375
18571;-262.8965;-464.1453;-1850.304
18595;-274.5508;-450.527;-1846.857
18632;-287.5736;-431.0412;-1843.862
18683;-302.2779;-409.2669;-1844.741
18735;-320.0315;-393.6593;-1838.53
18752;-353.3491;-366.2635;-1826.624
18803;-391.7523;-311.6219;-1832.207
18842;-402.4011;-283.3663;-1849.518
18863;-392.8078;-243.0159;-1894.062
18904;-398.8006;-221.2019;-1908.656
18941;-410.9738;-191.3717;-1947.283
18998;-408.769;-186.9186;-1951.503
19018;-415.9119;-134.0128;-1970.244
19060;-416.1119;-119.4064;-1979.965
19116;-417.906;-45.14039;-2020.042
19169;-422.4242;11.63493;-2036.094
19203;-416.7875;38.12668;-2054.331
19237;-411.2316;95.13088;-2074.729
19270;-441.4978;157.0511;-2058.152
19304;-381.8407;142.5086;-2114.403
19338;-408.3186;237.7064;-2129.21
19371;-315.8422;206.0991;-2162.707
19407;-317.3103;294.7384;-2179.869
19458;-304.0071;360.4009;-2232.969
19508;-301.6278;368.2698;-2238.229
19547;-238.7572;333.8986;-2253.206
19581;-234.6586;340.7178;-2256.635
19615;-227.4004;359.5878;-2267.276
19634;-201.1325;359.2108;-2282.135
19680;-191.57;362.818;-2287.766
19713;-172.7406;363.8554;-2301.679
19748;-165.0686;363.7346;-2308.228
19766;-159.6181;362.8076;-2314.162
19816;-157.6063;362.9858;-2318.431
19851;-156.5401;361.3363;-2321.395
19871;-155.3416;359.6681;-2324.09
19905;-155.7742;356.9725;-2326.557
19945;-156.4227;354.0545;-2327.337
19963;-158.678;352.4016;-2328.699
19996;-161.981;348.8396;-2328.539
20031;-163.9639;343.6717;-2326.625
20082;-172.0987;338.1899;-2323.421
20101;-179.6758;334.6002;-2321.218
20134;-195.3397;338.9422;-2319.998
20212;-204.5765;329.1349;-2311.547
20228;-221.7093;324.4059;-2304.52
20246;-237.3928;315.365;-2294.662
20279;-243.6366;304.0497;-2284.376
20300;-304.5433;333.0002;-2291.013
20334;-297.9738;297.6449;-2268.143
20371;-316.1042;288.4126;-2256.778
20405;-345.0694;269.3002;-2240.785
20457;-359.1982;262.9163;-2226.503
20473;-402.5667;239.376;-2204.872
20506;-419.1213;234.5296;-2193.917
20540;-436.9686;219.4091;-2176.721
20575;-430.964;175.0291;-2141.033
20600;-427.3405;159.435;-2133.66
20635;-463.6588;148.9921;-2117.312
20684;-463.1109;122.827;-2092.69
20735;-473.009;104.7324;-2077.7
20755;-434.5312;3.777646;-2075.441
20773;-443.8089;-12.70294;-2068.191
20807;-438.781;-16.53702;-2065.795
20840;-439.175;-45.06115;-2048.252
20874;-435.4574;-84.78021;-2022.837
20908;-430.302;-92.21284;-2017.594
20942;-428.3286;-136.3603;-2009.81
20975;-424.9426;-162.9235;-2005.087
21009;-424.568;-202.8507;-1982.511
21042;-417.8765;-245.765;-1962.657
21082;-429.2066;-312.5887;-1915.432
21117;-398.0204;-387.2197;-1901.597
21138;-338.7877;-441.2757;-1895.854
21172;-256.5197;-461.3521;-1921.424
21240;-185.3652;-485.6284;-1939.02
21257;-166.5168;-534.0728;-1913.274
21275;-137.0833;-556.7734;-1913.668
21309;-105.7542;-520.4251;-1947.497
21342;-99.0885;-517.3995;-1949.501
21359;-95.0191;-515.0245;-1950.762
21401;-93.93578;-515.6506;-1951.966
21459;-93.34042;-516.4951;-1954.134
21513;-91.61964;-518.0743;-1957.151
21530;-89.94901;-518.364;-1958.183
21564;-88.59498;-518.9232;-1959.68
21614;-87.78571;-520.0732;-1960.572
21631;-87.8821;-521.6974;-1961.916
21665;-90.3343;-523.3463;-1965.578
21733;-96.00695;-525.9951;-1970.197
21772;-109.4655;-532.2893;-1970.753
21788;-140.4288;-558.4188;-1959.756
21806;-187.8523;-562.1473;-1952.151
21839;-230.3256;-551.5495;-1945.696
21873;-274.3808;-504.22;-1965.931
21907;-321.7278;-466.3427;-1977.646
21940;-362.0498;-416.7945;-1992.978
21974;-397.5914;-362.9824;-2015.052
22008;-412.6656;-285.2216;-2066.079
22042;-433.1248;-211.9187;-2105.119
22075;-438.1105;-122.989;-2135.75
22111;-404.029;-36.55651;-2171.461
22131;-419.8407;15.89795;-2189.153
22181;-407.3846;88.24342;-2224.291
22232;-352.8915;227.0769;-2270.731
22266;-320.2283;287.4604;-2290.218
22306;-305.8022;350.3851;-2312.949
22343;-243.5268;315.1655;-2298.183
22377;-228.5121;325.3093;-2306.177
22394;-210.5887;334.3475;-2311.028
22427;-201.468;343.3002;-2319.102
22461;-191.2614;346.1039;-2325.336
22528;-187.0931;349.1363;-2330.095
22562;-179.7667;346.7208;-2334.843
22589;-175.9114;344.6495;-2338.781
22607;-177.4996;350.5902;-2347.359
22641;-177.3255;350.0038;-2351.96
22694;-176.8227;347.3568;-2353.957
22711;-179.2745;343.3613;-2356.979
22729;-182.8856;340.8862;-2359.43
22762;-188.8506;329.2179;-2358.088
22796;-221.0157;326.2497;-2362.376
22830;-237.8571;319.1594;-2362.024
22863;-297.6593;331.5949;-2367.319
22897;-310.299;276.1146;-2352.105
22950;-327.9424;223.2217;-2334.583
22967;-328.2255;121.1359;-2300.684
23014;-385.9075;149.8104;-2294.731
23031;-418.2969;103.5872;-2262.363
23065;-439.6393;41.12809;-2234.005
23098;-407.16;-93.12816;-2191.964
23132;-403.8076;-142.6064;-2161.886
23184;-396.3832;-235.8463;-2118.838
23201;-372.1617;-303.0387;-2083.732
23235;-364.4909;-382.7495;-2033.293
23268;-347.5469;-441.7405;-1996.846
23319;-312.9463;-483.8713;-1978.505
23335;-248.0154;-505.9026;-1998.23
23369;-225.5989;-520.175;-1993.917
23412;-188.9887;-551.2388;-1990.609
23470;-139.0883;-572.2607;-2003.321
23504;-107.8214;-549.1205;-2015.404
23538;-102.6511;-548.1417;-2014.393
23574;-95.89346;-547.1733;-2013.358
23624;-91.04228;-546.9584;-2013.806
23660;-90.82006;-546.3251;-2014.245
23696;-91.35321;-546.3038;-2014.948
23720;-91.83943;-546.1191;-2015.459
23773;-92.62556;-545.5673;-2015.575
23790;-93.24274;-545.0756;-2014.901
23824;-95.11267;-543.5502;-2014.503
23842;-98.02995;-541.1551;-2012.873
23875;-103.4942;-539.4244;-2011.35
23905;-113.0268;-537.0917;-2011.51
23935;-127.235;-534.2813;-2009.308
23987;-165.1217;-578.4078;-1967.821
24021;-181.6387;-565.0028;-1961.957
24037;-214.5683;-539.4166;-1946.84
24073;-277.0419;-488.4911;-1949.387
24109;-302.6612;-432.6447;-1966.152
24139;-342.2935;-381.292;-1965.196
24173;-373.5264;-313.1476;-1996.864
24206;-404.688;-236.4117;-2037.74
24240;-447.6834;-151.0699;-2085.062
24270;-461.4203;-77.31968;-2139.065
24335;-461.073;4.948065;-2159.693
24352;-434.3141;78.98;-2189.785
24373;-489.065;156.72;-2203.396
24407;-438.4227;153.2916;-2238.11
24440;-417.8165;263.6796;-2275.956
24474;-365.192;276.6672;-2296.156
24508;-308.749;256.0827;-2302.865
24542;-324.0692;329.6247;-2337.493
24576;-308.2404;339.1146;-2345.862
24610;-260.386;319.9474;-2340.347
24670;-257.2681;321.2091;-2345.248
24704;-254.2077;318.1684;-2349.214
24755;-252.8781;318.1449;-2356.405
24792;-253.5035;315.4626;-2361.593
24831;-255.5909;313.6283;-2367.085
24852;-261.9088;310.4526;-2373.562
24889;-298.5283;320.4746;-2389.248
24940;-329.3507;282.7854;-2386.563
24976;-344.4521;216.0518;-2360.782
25009;-362.6141;190.6612;-2350.559
25043;-400.2849;151.0809;-2324.935
25083;-413.3143;75.09821;-2290.792
25107;-443.2033;29.48451;-2241.191
25151;-471.8286;-27.34802;-2204.28
25171;-426.0589;-147.7856;-2168.176
25222;-431.2842;-246.7396;-2110.53
25240;-433.967;-337.1528;-2052.344
25274;-386.8566;-413.0015;-2022.696
25308;-354.6138;-475.3976;-1984.144
25339;-287.0499;-495.45;-1995.33
25372;-245.4422;-523.8652;-1995.412
25406;-212.8118;-555.7212;-1984.031
25440;-186.5335;-574.7109;-1977.477
25473;-155.5382;-590.8889;-1975.096
25507;-111.6562;-544.7488;-1996.12
25541;-108.176;-540.9713;-1997.953
25579;-100.4676;-538.0146;-1998.964
25630;-94.32813;-536.1808;-2001.35
25664;-90.70054;-536.2643;-2003.637
25681;-88.13941;-537.4783;-2005.65
25697;-86.09545;-537.6177;-2007.125
25749;-84.57857;-537.5898;-2008.248
25801;-83.37929;-537.1472;-2008.595
25840;-82.47668;-536.6925;-2009.28
25879;-81.76318;-536.2644;-2010.165
25919;-81.46281;-536.5646;-2011.336
25955;-83.86697;-536.8744;-2014.177
25988;-93.99374;-540.3124;-2020.8
26006;-119.9423;-549.2328;-2020.337
26043;-215.8745;-555.8106;-1994.743
26076;-257.6423;-521.0821;-2005.011
26111;-304.676;-490.4737;-2007.405
26161;-347.1936;-450.0151;-2017.347
26195;-385.2746;-397.6563;-2031.52
26212;-394.3086;-319.1148;-2080.051
26250;-419.3817;-256.5357;-2132.727
26289;-429.5919;-175.6037;-2159.959
26327;-397.2092;-46.59268;-2224.472
26379;-399.806;18.98472;-2248.679
26438;-350.3734;113.5551;-2282.96
26505;-367.7029;202.8202;-2320.154
26539;-342.031;263.4224;-2340.979
26560;-304.1471;302.9632;-2349.449
26590;-298.6286;348.8185;-2373.572
26630;-281.6451;361.1888;-2374.519
26644;-256.2914;368.2486;-2385.22
26695;-206.6444;350.4627;-2374.617
26712;-200.3041;351.4659;-2377.092
26734;-190.0272;353.3682;-2378.984
26785;-182.5372;360.4521;-2381.658
26825;-175.3712;363.9109;-2385.178
26842;-171.1228;367.9557;-2389.087
26875;-167.6152;368.21;-2390.617
26909;-166.3748;368.5594;-2391.363
26943;-166.59;368.5707;-2391.325
26976;-167.343;365.1313;-2389.84
27010;-170.9157;364.3504;-2389.127
27027;-181.7468;354.8469;-2386.987
27078;-191.5475;345.1488;-2382.415
27111;-208.58;330.7232;-2376.545
27131;-220.4448;317.8538;-2372.388
27165;-260.4839;288.1571;-2363.387
27234;-273.5068;280.4526;-2358.029
27260;-297.2531;225.232;-2338.06
27281;-314.4716;175.1712;-2318.885
27300;-320.9862;116.2218;-2291.608
27345;-338.3437;59.51558;-2249.61
27398;-346.1418;-20.23182;-2207.039
27432;-341.8337;-120.0736;-2169.524
27448;-341.8415;-208.2147;-2133.708
27483;-359.1059;-297.5464;-2075.102
27505;-328.0458;-388.7209;-2044.807
27556;-299.0429;-448.3449;-2017.828
27576;-241.528;-474.5235;-2036.402
27597;-221.6359;-527.4987;-2016.504
27632;-183.5502;-544.3437;-2019.784
27667;-172.1201;-554.4348;-2017.043
27702;-132.4941;-553.5928;-2022.307
27736;-103.0486;-539.5566;-2037.058
27770;-93.60973;-533.1989;-2038.972
27804;-83.09146;-532.2189;-2037.599
27869;-76.92113;-531.387;-2036.05
27920;-73.83546;-531.5315;-2035.883
27987;-71.19688;-531.5936;-2035.056
28039;-69.26764;-531.3372;-2033.244
28078;-68.40944;-531.2156;-2032.164
28128;-72.12402;-531.4785;-2029.851
28162;-84.52979;-529.1063;-2027.901
28196;-133.2973;-531.8924;-2010.767
28229;-170.5539;-538.6823;-1981.317
28263;-239.3673;-505.7003;-1968.449
28313;-289.3325;-445.2656;-1982.748
28332;-360.0583;-399.149;-1966.433
28366;-368.2195;-297.6335;-2056.512
28399;-412.5563;-222.5419;-2096.186
28433;-427.0913;-137.5753;-2138.058
28484;-434.7286;-57.33474;-2174.089
28502;-429.0975;12.64519;-2210.327
28552;-471.5052;126.8747;-2209.442
28586;-463.7286;189.2379;-2242.471
28606;-424.111;249.9475;-2267.994
28657;-365.3065;280.0558;-2293.828
28675;-289.7766;257.557;-2290.407
28726;-321.146;357.271;-2320.336
28768;-264.494;326.9498;-2309.557
28821;-260.3645;340.5296;-2313.001
28877;-229.3429;366.2789;-2321.221
28894;-225.7919;366.9701;-2320.581
28927;-223.8629;372.5102;-2321.569
28961;-222.8223;373.0055;-2321.317
29012;-222.1361;373.1754;-2321.404
29029;-222.6893;372.3109;-2320.92
29079;-227.6051;370.43;-2319.992
29096;-237.9247;360.2591;-2315.763
29146;-256.8971;347.9934;-2311.576
29172;-291.1033;326.5901;-2304.716
29206;-303.3671;310.5258;-2297.079
29268;-327.4614;294.777;-2284.663
29298;-357.1719;269.8829;-2251.504
29315;-364.2413;205.2827;-2225.989
29332;-385.3423;150.403;-2183.86
29383;-385.8911;51.74459;-2151.742
29403;-402.5329;-1.408706;-2101.428
29439;-395.8902;-103.4903;-2083.396
29485;-409.7591;-199.5418;-2027.092
29543;-370.0296;-378.9496;-1960.563
29570;-333.6542;-444.9663;-1933.959
29613;-272.6485;-476.7652;-1948.012
29664;-233.1137;-517.0288;-1948.864
29684;-182.2328;-542.0346;-1954.569
29738;-161.6476;-544.8572;-1961.338
29759;-132.9788;-545.2409;-1979.285
29778;-108.3163;-572.4698;-1975.219
29816;-89.61655;-542.4354;-2007.314
29833;-87.17812;-540.6214;-2009.146
29867;-82.4632;-536.4457;-2011.982
29907;-77.26244;-535.9894;-2011.751
29941;-74.66751;-536.1834;-2011.495
29957;-74.49494;-536.1517;-2011.734
29991;-74.72891;-535.6031;-2012.342
30025;-75.61912;-535.9454;-2012.479
30059;-82.55843;-534.7863;-2014.061
30109;-88.0446;-534.7821;-2012.578
30127;-124.8593;-575.0003;-1973.644
30166;-143.0088;-561.4285;-1973.445
30201;-202.712;-541.7451;-1964.537
30235;-258.175;-517.502;-1955.508
30295;-300.7918;-466.3199;-1964.622
30308;-348.1406;-426.7058;-1961.691
30342;-381.8772;-363.5954;-1982.632
30393;-429.9513;-209.7951;-2088.506
30477;-431.3322;-64.86478;-2154.896
30659;-353.1132;124.1603;-2227.688
30674;-372.3082;284.9167;-2260.579
30708;-296.4956;251.3341;-2271.298
30725;-288.3921;270.7371;-2277.938
30758;-315.7515;355.1354;-2293.565
30792;-260.3788;329.9284;-2289.922
30860;-257.0294;339.5318;-2294.33
30876;-247.5918;347.3292;-2299.287
30910;-236.9725;360.4434;-2308.517
30927;-229.8076;375.3238;-2316.95
30961;-223.4792;371.9769;-2317.341
30994;-216.5792;371.9955;-2319.864
31028;-212.3765;372.5717;-2322.39
31062;-208.7889;373.3652;-2322.989
31124;-207.5849;372.1651;-2323.488
31138;-206.6841;370.501;-2323.986
31172;-207.6324;370.2954;-2324.465
31206;-211.9233;368.2155;-2324.33
31274;-222.6922;362.787;-2322.102
31290;-236.4382;348.4248;-2316.31
31307;-256.9344;313.1771;-2303.906
31326;-280.3455;304.3067;-2299.83
31376;-312.1511;268.5084;-2280.813
31680;-359.8824;177.1887;-2220.225
31747;-205.1287;-496.4305;-1950.132
31798;-136.1815;-576.7099;-1932.407
31832;-113.7319;-569.5623;-1942.667
31865;-81.23119;-532.6122;-1975.974
31933;-78.20177;-530.1918;-1977.378
31950;-70.28361;-527.9323;-1979.815
31966;-68.44255;-526.633;-1980.569
32000;-67.7841;-525.8126;-1980.92
32034;-67.90909;-525.5906;-1981.204
32068;-68.69695;-525.7092;-1981.523
32104;-69.76457;-525.9577;-1982.236
32128;-71.17374;-526.2388;-1982.742
32162;-73.32619;-525.8798;-1982.752
32196;-81.34789;-524.5311;-1982.898
32229;-116.2805;-538.4305;-1968.758
32297;-164.3186;-532.6408;-1935.799
32331;-241.9346;-486.7742;-1918.816
32367;-279.0937;-436.0878;-1929.04
32418;-332.4177;-383.3895;-1928.657
32462;-385.5984;-230.8373;-2051.964
32512;-421.6993;-141.3472;-2089.766
32546;-428.5959;-81.51231;-2129.322
32580;-408.2389;-30.331;-2164.491
32597;-430.4493;74.47064;-2179.752
32631;-406.8568;113.871;-2209.765
32665;-448.3116;209.0033;-2236.748
32699;-408.706;257.9182;-2262.731
32749;-344.537;274.6575;-2285.201
32765;-312.3786;306.4935;-2297.134
32799;-310.8211;354.2652;-2328.849
32833;-303.501;363.8409;-2337.942
32867;-245.7909;335.1854;-2333.694
32901;-243.8456;335.0474;-2335.359
32934;-237.4964;334.5449;-2338.387
32968;-232.8578;329.8294;-2339.612
33001;-229.9676;329.5675;-2344.251
33045;-230.1131;328.5661;-2344.591
33079;-229.8395;326.0197;-2345.084
33129;-233.4134;323.7544;-2346.534
33146;-242.3453;315.9948;-2345.876
33163;-265.0534;292.6688;-2335.706
33198;-282.2043;278.1533;-2331.259
33230;-303.4246;232.6286;-2312.431
33264;-324.8634;216.6657;-2300.132
33298;-356.8327;172.9788;-2263.384
33332;-382.0658;137.3537;-2226.255
33365;-388.7545;37.75521;-2185.245
33433;-392.3379;-43.06499;-2146.555
33449;-388.1349;-118.0828;-2105.565
33483;-393.0684;-210.4453;-2056.073
33500;-386.0208;-312.019;-2000.221
33534;-357.5714;-399.8634;-1962.426
33567;-319.415;-461.8806;-1931.317
33635;-247.9493;-488.0062;-1951.179
33652;-187.3203;-516.6046;-1956.198
33674;-166.5839;-530.9518;-1955.641
33693;-137.7717;-538.3215;-1965.11
33727;-92.26376;-532.899;-1975.673
33761;-86.12351;-526.8555;-1980.443
33794;-76.39648;-526.335;-1982.563
33828;-70.02334;-526.1498;-1984.991
33862;-67.08514;-526.0101;-1986.562
33895;-65.87055;-525.6791;-1988.214
33946;-64.99794;-525.8514;-1990.29
33980;-64.70694;-526.7327;-1992.185
33996;-64.31673;-527.4154;-1993.355
34038;-64.30776;-528.3511;-1994.114
34072;-64.52179;-528.7389;-1994.646
34106;-67.33243;-529.5151;-1996.894
34123;-77.25275;-529.1996;-1999.091
34173;-122.1017;-571.9298;-1961.309
34207;-146.1018;-553.5342;-1960.93
34224;-196.1088;-531.4442;-1949.933
34258;-253.0631;-483.0358;-1951.766
34291;-299.2728;-432.2195;-1956.248
34342;-345.4632;-380.8268;-1953.695
34375;-367.7248;-297.9826;-2001.828
34409;-381.688;-222.8506;-2060.298
34426;-408.4359;-136.8134;-2087.713
34476;-408.6421;-53.26506;-2138.307
34510;-419.3009;14.61736;-2153.591
34527;-412.737;101.0156;-2181.571
34561;-398.6042;135.9676;-2213.257
34594;-435.2289;234.9876;-2213.061
34628;-368.3217;252.0525;-2242.796
34680;-336.2957;314.5135;-2259.365
34696;-317.5611;356.7269;-2285.931
34730;-306.469;379.1801;-2293.857
34764;-243.9042;377.7672;-2291.325
34798;-230.6846;382.2979;-2288.079
34831;-222.8;385.9471;-2290.206
34865;-201.2452;396.3899;-2295.629
34898;-197.8481;399.0177;-2299.256
34949;-194.8195;400.045;-2299.056
34966;-193.9819;399.7364;-2298.928
35006;-194.1132;400.3246;-2300.38
35040;-196.3995;398.9215;-2302.869
35073;-201.4786;390.5364;-2304.033
35108;-219.0832;377.4352;-2302.608
35141;-239.787;353.4072;-2292.457
35175;-256.1958;325.3636;-2286.171
35195;-294.2777;315.8276;-2279.105
35229;-321.3772;294.1457;-2256.005
35263;-353.174;265.6053;-2226.27
35296;-355.3949;182.6686;-2194.046
35347;-389.3324;117.4652;-2152.165
35364;-377.7879;22.93924;-2131.243
35435;-401.7844;-25.62567;-2073.733
35472;-375.0849;-161.0038;-2046.654
35508;-346.9223;-363.0275;-1958.096
35558;-290.2686;-421.1405;-1945.401
35607;-181.8409;-487.6047;-1966.429
35641;-156.0507;-510.6494;-1964.415
35675;-112.385;-563.8996;-1936.029
35708;-80.0289;-526.3811;-1985.353
35742;-74.84899;-521.8731;-1991.335
35776;-70.49845;-521.4734;-1994.048
35810;-65.0845;-521.7587;-1996.415
35827;-64.15198;-522.5612;-1997.765
35861;-63.91017;-522.4825;-1998.666
35895;-63.72742;-522.924;-1999.411
35929;-63.76343;-522.854;-1999.549
35979;-64.48357;-523.2276;-1999.086
36013;-66.14784;-523.1114;-1998.459
36030;-70.7391;-520.9725;-1995.631
36064;-81.22365;-522.5527;-1988.69
36097;-121.3183;-558.0152;-1933.038
36134;-146.2175;-528.1392;-1936.216
36200;-242.7993;-430.7383;-1953.427
36267;-312.9457;-413.6773;-1917.791
36298;-372.1987;-258.3629;-2022.961
36351;-394.8986;-201.4817;-2071.64
36365;-408.2274;-109.8574;-2118.67
36399;-413.6931;-29.56358;-2152.64
36449;-400.8756;29.67977;-2200.86
36466;-452.4198;161.361;-2209.901
36500;-421.7593;229.8682;-2247.787
36534;-369.012;280.6109;-2285.855
36567;-324.7634;317.6328;-2306.906
36601;-295.2074;369.5594;-2335.012
36651;-266.7998;384.2407;-2337.391
36668;-215.8592;382.4481;-2332.057
36702;-186.4189;371.0121;-2333.338
36735;-167.8521;393.6441;-2335.214
36769;-161.9358;379.8962;-2335.677
36804;-161.6575;381.3464;-2335.986
36890;-160.8408;380.6924;-2337.043
36958;-174.8299;378.9381;-2341.659
37037;-292.0604;368.2338;-2338.477
37103;-312.9746;322.4831;-2316.936
37114;-338.4881;284.2898;-2289.805
37131;-372.9111;247.6664;-2255.659
37164;-379.1429;164.6078;-2217.969
37198;-423.5605;114.0068;-2175.22
37232;-405.5513;37.37811;-2138.068
37266;-393.1073;-81.71968;-2123.602
37317;-374.5167;-143.3452;-2078.76
37333;-377.5415;-243.1897;-2028.301
37367;-363.7294;-345.2601;-1984.381
37401;-330.407;-421.3569;-1949.891
37451;-251.3118;-449.2327;-1968.168
37468;-213.1985;-498.9681;-1959.367
37502;-161.0509;-512.5696;-1970.146
37541;-139.72;-567.2235;-1937.14
37574;-115.9479;-569.5297;-1943.192
37592;-78.22126;-540.1258;-1992.331
37642;-73.08305;-535.7416;-1997.636
37661;-66.86165;-536.2017;-2000.438
37709;-60.88132;-538.0983;-2003.741
37727;-57.09898;-539.7449;-2007.064
37777;-55.33007;-541.4011;-2008.276
37811;-54.97617;-541.5558;-2009.197
37835;-54.8525;-541.7618;-2009.337
37868;-54.64528;-541.4938;-2009.099
37902;-54.81637;-541.2017;-2008.439
37935;-56.56898;-539.5049;-2005.587
37986;-60.79984;-537.4269;-2003.105
38003;-73.35958;-533.2755;-1996.626
38037;-118.6879;-571.0742;-1949.334
38104;-150.248;-546.2264;-1951.576
38137;-256.9677;-469.2297;-1941.537
38171;-316.6185;-437.6329;-1924.422
38205;-368.8645;-381.2451;-1931.13
38239;-373.3861;-278.5992;-1991.148
38290;-390.7554;-197.3482;-2041.733
38326;-383.1855;-23.3724;-2124.481
38360;-403.7903;65.5434;-2160.062
38394;-381.8556;129.2644;-2189.958
38427;-380.906;222.3974;-2211.894
38478;-344.3231;282.3189;-2244.392
38512;-302.9497;344.7201;-2279.99
38562;-212.3711;385.11;-2320.115
38595;-177.3281;431.0656;-2330.667
38646;-135.9102;410.6459;-2324.718
38663;-129.6584;413.4315;-2324.266
38714;-120.3336;413.8771;-2324.383
38771;-100.6264;393.6131;-2323.59
38805;-108.7257;413.3491;-2328.438
38872;-150.9314;382.567;-2337.185
38923;-192.1593;356.4295;-2331.552
38973;-212.2571;341.7673;-2326.383
39007;-250.9879;308.2924;-2304.854
39041;-297.1151;281.0311;-2289.71
39077;-310.6658;212.8315;-2259.977
39111;-329.9005;128.595;-2229.746
39145;-389.9478;96.05467;-2182.985
39162;-347.9113;-7.393717;-2157.867
39212;-352.659;-99.94005;-2134.629
39229;-332.2032;-186.7932;-2088.009
39263;-330.8382;-289.7635;-2033.878
39314;-299.9807;-383.8903;-1988.009
39347;-227.6906;-413.7627;-1998.23
39381;-186.1452;-456.3643;-1996.069
39415;-138.6866;-480.3223;-1995.148
39432;-104.5755;-528.5093;-1968.217
39466;-69.78593;-520.0961;-1979.467
39533;-42.30745;-526.2654;-1983.883
39550;-31.03261;-522.6628;-1985.327
39584;-23.76566;-520.3743;-1985.575
39600;-20.98163;-518.9102;-1985.46
39655;-20.91498;-518.5277;-1985.665
39684;-21.16677;-518.5016;-1985.649
39701;-22.79136;-518.4765;-1985.789
39735;-23.47037;-518.6832;-1985.941
39768;-23.71426;-518.706;-1986.022
39819;-23.89739;-518.8695;-1985.873
39836;-24.3568;-518.8483;-1986.065
39870;-25.07874;-518.7018;-1985.754
39906;-27.48658;-517.5084;-1985.573
39927;-30.9347;-517.5267;-1984.583
39965;-36.31505;-516.6583;-1984.82
39994;-40.25562;-516.0655;-1984.072
40027;-42.6298;-516.007;-1982.965
40083;-47.06018;-515.0471;-1981.524
40099;-49.02968;-516.0994;-1978.988
40133;-52.22403;-515.2544;-1976.653
40168;-55.32119;-513.8709;-1974.252
40206;-59.51232;-512.7683;-1972.928
40239;-69.1286;-552.0667;-1932.969
40273;-75.88427;-509.6374;-1972.25
40307;-70.85765;-556.4062;-1932.707
40341;-71.06461;-556.3619;-1932.487
40374;-72.56416;-555.8585;-1932.882
40408;-73.31157;-555.6226;-1933.097
40425;-84.14443;-509.0265;-1969.614
40461;-84.09853;-508.8164;-1969.924
40509;-84.064;-509.1146;-1969.697
40526;-81.57242;-550.6851;-1932.382
40562;-89.78188;-507.4781;-1967.835
40596;-89.35236;-509.9113;-1966.606
40630;-89.56722;-510.4689;-1966.373
40697;-90.16097;-512.1562;-1965.445
40714;-91.10538;-512.861;-1964.292
40731;-92.11395;-513.8537;-1962.817
40766;-93.49412;-515.1041;-1960.718
40832;-94.69118;-514.8854;-1957.388
40900;-97.87473;-514.9679;-1952.679
40968;-100.7407;-514.0738;-1949.041
41002;-102.5994;-512.6385;-1944.994
41035;-103.7007;-511.9442;-1943.031
41086;-104.8849;-510.7946;-1940.55
41112;-105.8463;-509.2937;-1938.505
41130;-106.7535;-508.2436;-1936.896
41163;-107.5313;-507.6425;-1936.081
41196;-108.2396;-506.4698;-1935.373
41230;-108.463;-505.4368;-1935.404
41264;-108.4611;-504.7609;-1935.66
41298;-108.5237;-503.6622;-1936.935
41401;-106.1707;-503.3758;-1938.771
41419;-104.8802;-504.6205;-1940.736
41452;-103.704;-505.1873;-1943.052
41488;-103.4739;-506.672;-1945.371
41503;-103.6417;-507.1344;-1948.114
41537;-105.1069;-509.1149;-1951.312
41571;-107.7773;-511.3116;-1955.441
41605;-109.4043;-513.074;-1957.596
41638;-111.6497;-515.7363;-1959.796
41672;-113.4317;-518.9226;-1960.78
41706;-114.9707;-520.9542;-1962.17
41740;-116.2781;-521.3076;-1963.448
41781;-118.2414;-522.3194;-1964.407
41799;-122.2213;-522.0765;-1965.375
41866;-123.6127;-559.5638;-1937.564
41884;-131.92;-528.8145;-1958.272
41918;-132.174;-527.9991;-1958.503
41935;-132.7189;-526.7828;-1958.081
41968;-134.796;-522.1654;-1956.76
42002;-137.1449;-517.7527;-1954.585
42053;-139.8052;-514.6328;-1950.305
42069;-141.2574;-510.4697;-1945.15
42120;-143.4227;-515.0624;-1929.017
42136;-143.4227;-515.573;-1922.372
42170;-142.2695;-515.0651;-1916.494
42204;-140.8357;-510.9906;-1912.62
42238;-136.6243;-507.7776;-1904.722
42272;-130.7685;-500.4865;-1903.404
42305;-125.1473;-495.0378;-1901.661
42339;-114.1286;-483.204;-1906.4
42373;-89.08288;-531.236;-1866.346
42406;-92.2229;-475.7406;-1909.804
42423;-80.90228;-538.8349;-1875.513
42457;-85.94529;-481.7314;-1913.16
42508;-86.28139;-484.8068;-1912.68
42559;-86.83564;-491.8238;-1912.905
42575;-87.14043;-501.3757;-1915.285
42609;-87.48882;-514.9216;-1920.389
42625;-87.53157;-523.7415;-1927.494
42693;-86.40695;-528.5756;-1936.48
42761;-77.17642;-537.1882;-1964.864
42785;-75.7017;-540.8469;-1971.315
42820;-73.63129;-540.4073;-1978.901
42930;-66.90413;-539.6234;-1991.988
43013;-63.45715;-532.7894;-1995.926
43064;-61.77704;-530.5456;-1998.668
43099;-60.5158;-538.7866;-1998.946
43117;-56.97338;-543.6688;-1999.272
43150;-53.48361;-530.3572;-2001.683
43171;-49.10622;-527.5892;-2003.093
43222;-44.85753;-528.1222;-2003.792
43239;-43.52212;-535.3396;-2003.314
43272;-42.12249;-533.7465;-2004.022
43306;-41.36019;-532.8886;-2005.277
43340;-41.22184;-535.4609;-2004.694
43390;-41.25424;-538.0292;-2003.734
43407;-42.6041;-538.0818;-2003.245
43441;-45.25121;-539.9719;-2003.115
43475;-46.64867;-541.4172;-2000.083
43509;-49.08822;-540.7834;-1997.89
43559;-53.8038;-539.8423;-1990.872
43576;-59.16321;-537.5646;-1984.309
43610;-66.36359;-534.0751;-1975.465
43626;-68.79481;-530.9064;-1968.409
43660;-74.74831;-526.3558;-1958.672
43694;-79.34515;-522.6632;-1949.121
43744;-80.41878;-519.845;-1946.495
43761;-81.38132;-517.2881;-1940.514
43796;-83.72768;-512.7271;-1934.562
43838;-84.14256;-507.6742;-1930.983
43872;-83.68835;-504.0165;-1927.455
43909;-83.9648;-499.8842;-1924.946
43942;-83.86937;-498.5396;-1923.783
43980;-83.73405;-497.1429;-1922.149
44014;-84.05811;-496.2279;-1920.368
44065;-84.19645;-496.0976;-1919.383
44084;-79.50887;-546.7513;-1877.212
44123;-88.98675;-491.5443;-1912.818
44158;-87.47181;-542.5745;-1878.63
44175;-87.68689;-543.0549;-1878.715
44209;-88.09759;-543.6599;-1878.843
44242;-88.11439;-544.3806;-1879.638
44276;-86.8465;-545.571;-1881.987
44310;-83.535;-545.0459;-1888.448
44344;-78.6808;-505.541;-1928.482
44378;-76.09399;-506.8026;-1929.615
44395;-73.69326;-509.3868;-1932.152
44428;-70.443;-512.0848;-1935.292
44463;-66.67776;-513.7435;-1940.075
44513;-65.48866;-516.5209;-1943.552
44529;-64.72868;-517.7512;-1946.813
44563;-64.76157;-520.0417;-1952.686
44597;-63.45417;-523.1323;-1957.453
44648;-63.64124;-527.5002;-1966.371
44666;-64.36074;-531.4069;-1974.541
44700;-64.71915;-534.6381;-1985.848
44734;-64.2691;-536.3828;-1989.494
44768;-63.40469;-537.8912;-1994.04
44802;-62.01299;-539.9462;-2000.109
44839;-61.85122;-540.3993;-2003.877
44872;-61.85459;-541.3013;-2013.257
44889;-61.35928;-542.386;-2015.987
44923;-61.00562;-541.4625;-2021.707
44990;-59.97742;-542.2991;-2024.532
45024;-57.40602;-543.8763;-2028.236
45074;-56.4666;-543.3824;-2029.075
45091;-56.40217;-544.8765;-2029.216
45141;-56.12603;-546.9736;-2028.499
45175;-56.04588;-546.9797;-2028.268
45209;-56.45126;-544.7575;-2028.813
45226;-58.67299;-542.061;-2029.099
45260;-61.47016;-547.8294;-2027.655
45310;-67.14487;-543.4444;-2027.686
45327;-73.46465;-540.1448;-2023.705
45411;-77.10335;-538.6378;-2019.713
45432;-91.23486;-538.1298;-2013.802
45466;-96.71954;-539.8149;-2010.108
45500;-100.0236;-538.7891;-2004.014
45533;-105.4221;-537.9263;-1994.611
45567;-109.4455;-536.352;-1987.091
45601;-111.2276;-533.6707;-1979.494
45634;-112.5896;-529.2039;-1971.267
45685;-113.6551;-524.4832;-1963.819
45702;-113.9329;-521.2578;-1958.436
45733;-114.568;-518.6137;-1953.432
45776;-114.8698;-515.933;-1949.408
45808;-107.494;-556.933;-1909.182
45842;-117.2858;-509.9438;-1941.192
45893;-117.0643;-509.2752;-1940.792
45909;-115.9533;-509.1903;-1939.649
45943;-115.0308;-508.7193;-1938.606
45960;-114.2449;-508.4763;-1937.66
45994;-113.3416;-508.3435;-1937.22
46027;-111.2415;-508.6607;-1936.361
46078;-109.8343;-508.3803;-1936.234
46095;-105.9897;-507.617;-1935.647
46128;-103.8626;-507.1195;-1936.014
46162;-99.98795;-506.7059;-1936.493
46213;-80.94546;-547.375;-1905.994
46229;-85.54997;-508.5657;-1939.394
46263;-85.65746;-508.3487;-1939.526
46297;-74.15861;-565.6222;-1909.687
46331;-73.80785;-565.3931;-1909.837
46364;-73.19606;-561.7188;-1911.84
46432;-73.34122;-559.1313;-1915.282
46464;-73.5619;-558.3075;-1917.32
46480;-73.87738;-519.2056;-1954.072
46523;-73.90598;-519.9604;-1953.812
46539;-74.258;-520.4942;-1954.371
46573;-75.6511;-522.1867;-1956.413
46608;-78.84658;-524.4852;-1960.131
46642;-90.88385;-573.6073;-1922.781
46678;-91.25636;-573.8782;-1923.862
46711;-91.11021;-575.2222;-1925.21
46745;-91.34829;-575.73;-1926.159
46762;-91.72333;-577.1765;-1927.369
46795;-93.73148;-577.471;-1930.728
46829;-95.70444;-580.4752;-1931.61
46863;-95.67039;-580.35;-1932.248
46905;-96.70448;-581.72;-1931.283
46955;-96.70691;-581.5117;-1931.517
46972;-96.36369;-581.0077;-1932.263
47006;-96.14895;-581.0193;-1933.074
47026;-95.66631;-580.1786;-1934.379
47073;-92.1627;-581.394;-1938.015
47109;-87.27107;-585.6071;-1941.219
47135;-86.62057;-587.1304;-1941.597
47170;-83.65871;-586.4985;-1948.187
47215;-77.30278;-555.2141;-1984.075
47234;-77.83283;-555.0409;-1987.429
47268;-77.18914;-555.0915;-1988.48
47302;-76.61147;-556.414;-1989.484
47335;-75.79105;-556.7841;-1993.202
47369;-78.3478;-556.451;-1994.998
47403;-79.60252;-557.7982;-1992.978
47436;-82.19441;-554.3083;-1986.316
47470;-83.17874;-551.6033;-1983.88
47504;-85.26099;-547.9698;-1981.198
47538;-89.24287;-544.6021;-1977.447
47571;-93.75449;-540.4293;-1973.438
47588;-95.97756;-536.8402;-1969.197
47622;-100.911;-533.2949;-1965.719
47655;-102.9108;-528.6756;-1962.038
47689;-104.4363;-526.8466;-1960.258
47740;-105.8357;-568.6208;-1924.227
47774;-106.6705;-566.3173;-1924.725
47807;-106.6501;-560.0551;-1924.214
47828;-108.1662;-521.6067;-1940.863
47862;-108.1378;-521.4163;-1940.748
47895;-106.2964;-540.1446;-1924.225
47930;-106.7691;-523.0718;-1932.736
47962;-106.4377;-521.6541;-1932.908
47996;-104.179;-514.9905;-1935.272
48031;-101.5947;-515.1764;-1934.183
48064;-99.14599;-515.1171;-1933.643
48098;-97.7105;-515.6086;-1933.145
48132;-94.73265;-516.4332;-1932.172
48172;-92.26166;-516.6556;-1931.785
48205;-89.53206;-516.8556;-1930.97
48239;-83.96284;-516.8817;-1929.817
48255;-82.72248;-517.1471;-1928.984
48306;-81.97643;-518.0953;-1928.23
48340;-81.6537;-518.8356;-1927.315
48373;-81.79397;-518.4691;-1925.714
48390;-84.8206;-569.8969;-1871.521
48441;-87.11118;-567.4312;-1871.669
48474;-89.84389;-567.153;-1871.214
48508;-98.48833;-562.007;-1873.147
48559;-106.495;-561.7239;-1871.439
48609;-109.1223;-561.9622;-1871.068
48627;-114.2741;-564.7553;-1868.633
48672;-117.9551;-564.1652;-1868.819
48708;-124.933;-567.4962;-1866.979
48741;-128.8017;-569.0797;-1866.383
48775;-132.1403;-569.2866;-1866.482
48809;-135.3961;-570.0148;-1868.403
48826;-136.2623;-570.4254;-1869.025
48859;-137.5862;-569.2148;-1875.045
48910;-136.8714;-569.6353;-1878.16
48944;-132.7025;-570.624;-1892.368
48977;-123.3409;-568.7881;-1909.618
48994;-115.3555;-584.5353;-1909.264
49028;-109.6579;-586.6755;-1916.757
49062;-105.0008;-583.5228;-1925.682
49095;-91.49635;-544.119;-1974.618
49129;-90.45725;-543.1519;-1976.367
49162;-87.9149;-544.4526;-1979.774
49196;-85.92493;-545.1525;-1982.769
49230;-85.38427;-544.5714;-1985.252
49264;-86.73238;-544.7963;-1986.744
49315;-88.11832;-544.0354;-1987.499
49335;-89.71661;-543.1342;-1987.404
49386;-92.17832;-541.2172;-1988.547
49417;-94.7769;-541.0419;-1988.674
49464;-98.25939;-539.7426;-1988.705
49496;-99.29031;-539.6582;-1988.813
49530;-101.1073;-538.5677;-1989.166
49563;-103.0189;-537.2792;-1989.105
49597;-105.7295;-536.2833;-1988.594
49631;-107.4558;-534.3611;-1988.659
49665;-110.4918;-532.9495;-1987.856
49698;-110.4098;-531.9352;-1986.386
49732;-110.247;-529.0569;-1986.678
49765;-112.9476;-528.3854;-1987.351
49799;-113.388;-528.0098;-1987.619
49833;-110.7776;-564.9191;-1965.495
49884;-110.8996;-564.9662;-1965.318
49901;-111.018;-564.7842;-1965.22
49934;-110.971;-564.7803;-1964.683
49968;-110.1559;-563.6958;-1963.954
50002;-107.5087;-528.1135;-1981.964
50035;-107.1346;-527.8274;-1981.917
50069;-97.4752;-566.3185;-1949.619
50103;-98.81124;-570.0925;-1949.052
50136;-99.02133;-569.3525;-1949.775
50170;-98.98948;-569.3512;-1949.742
50204;-99.30658;-568.0796;-1950.534
50238;-104.9241;-525.1624;-1977.705
50271;-105.2041;-525.3829;-1977.808
50305;-117.3449;-570.2239;-1943.075
50339;-118.1186;-572.6599;-1939.937
50385;-121.3457;-573.1722;-1938.205
50410;-131.908;-580.1641;-1927.129
50433;-137.2183;-582.0673;-1923.462
50467;-140.2907;-582.4247;-1921.698
50501;-142.7999;-581.2189;-1921.699
50534;-146.5482;-576.2687;-1926.593
50568;-146.595;-575.6964;-1927.002
50602;-146.9012;-570.7621;-1930.045
50635;-147.1809;-571.1072;-1929.981
50669;-148.0583;-574.2523;-1927.806
50703;-148.6136;-578.4592;-1925.621
50736;-148.0061;-583.2303;-1923.841
50771;-147.4431;-583.2691;-1923.63
50804;-146.0268;-587.106;-1922.902
50838;-144.9553;-595.1037;-1919.457
50872;-142.4482;-593.5624;-1922.311
50905;-136.2489;-589.4084;-1934.839
50939;-133.0054;-589.1443;-1939.092
50974;-129.3627;-589.4056;-1943.262
51019;-127.225;-591.5088;-1944.704
51035;-124.1339;-588.8209;-1951.341
51069;-122.707;-587.2475;-1953.653
51102;-114.0191;-557.6427;-1986.714
51136;-113.0491;-556.0988;-1986.519
51170;-111.3267;-552.732;-1985.294
51204;-111.1697;-549.8132;-1985.629
51237;-111.6085;-546.9108;-1984.052
51271;-112.3165;-544.4951;-1982.581
51305;-113.3863;-542.3869;-1980.079
51338;-115.344;-540.0477;-1976.556
51373;-117.015;-536.8701;-1972.858
51423;-118.7156;-532.4842;-1972.083
51439;-123.3648;-531.0867;-1970.797
51491;-124.4826;-577.9572;-1934.229
51507;-125.5183;-576.4252;-1935.154
51541;-129.1405;-570.4442;-1938.849
51575;-130.2634;-568.2437;-1941.067
51592;-131.8967;-566.296;-1943.396
51625;-134.6797;-565.538;-1945.978
51676;-137.2157;-563.9208;-1950.247
51710;-137.1409;-563.5684;-1951.776
51743;-136.5436;-528.7324;-1982.043
51777;-130.4405;-561.6636;-1959.968
51794;-129.631;-543.6669;-1971.739
51844;-128.2067;-539.9962;-1974.613
51861;-125.0744;-538.0457;-1975.667
51895;-122.5555;-536.9657;-1976.097
51929;-120.6199;-536.944;-1976.152
51963;-120.1045;-537.1765;-1976.411
52013;-118.9689;-536.0477;-1976.99
52030;-117.1917;-533.1125;-1977.488
52063;-116.9438;-533.1408;-1977.214
52115;-116.1227;-534.1547;-1976.19
52131;-115.8019;-534.6754;-1973.248
52165;-117.617;-533.9927;-1966.461
52199;-119.8747;-536.3605;-1960.036
52233;-128.8096;-573.5495;-1916.568
52266;-131.1707;-574.8748;-1914.134
52318;-141.3989;-578.7581;-1899.543
52334;-142.8446;-578.7679;-1897.636
52385;-146.6696;-578.4949;-1895.267
52401;-147.7414;-577.1311;-1894.098
52434;-148.6408;-577.5872;-1893.032
52485;-150.5999;-581.3286;-1884.969
52502;-152.7306;-576.6481;-1878.909
52536;-152.6453;-572.9128;-1877.433
52570;-151.7881;-569.563;-1875.066
52603;-151.1185;-566.6801;-1873.324
52637;-148.7671;-569.113;-1868.626
52671;-146.2304;-571.8475;-1866.322
52704;-141.7523;-573.384;-1867.276
52738;-133.35;-576.6282;-1870.652
52772;-116.038;-569.4504;-1891.958
52805;-112.5439;-573.2205;-1893.225
52829;-107.3982;-569.9598;-1900.564
52863;-88.37566;-548.1396;-1932.418
52930;-87.89217;-543.7126;-1935.305
52947;-85.16968;-540.2333;-1943.773
52981;-83.80869;-536.4852;-1948.377
52998;-83.14237;-535.6445;-1950.535
53031;-82.87209;-534.2675;-1952.032
53065;-84.02;-533.5132;-1953.6
53099;-85.3093;-533.2042;-1954.67
53133;-88.79797;-533.3549;-1956.186
53166;-93.33137;-533.3809;-1956.977
53200;-96.3834;-531.4268;-1958.039
53234;-98.3721;-530.2968;-1957.346
53268;-100.6088;-529.3903;-1956.773
53318;-101.7661;-528.4395;-1956.53
53334;-111.2561;-526.684;-1956.927
53369;-112.578;-525.0236;-1956.888
53402;-108.8851;-551.8054;-1932.308
53436;-108.9449;-551.8129;-1932.178
53487;-111.9345;-528.6938;-1947.149
53503;-117.1265;-521.9203;-1952.296
53537;-111.7603;-521.2415;-1948.685
53571;-111.7262;-521.3528;-1948.552
53604;-110.6024;-521.079;-1947.79
53638;-110.4419;-520.8959;-1947.048
53672;-109.8388;-520.5291;-1945.834
53705;-108.5071;-519.3386;-1944.545
53741;-105.376;-521.0539;-1940.023
53777;-102.7611;-523.8243;-1936.011
53829;-100.298;-518.3615;-1936.594
53863;-99.83304;-518.78;-1935.767
53897;-99.41293;-519.3892;-1935.027
53945;-98.50833;-519.1898;-1933.54
53983;-97.92786;-520.2911;-1931.416
54020;-111.8757;-568.1818;-1886.751
54034;-112.5301;-568.2684;-1886.267
54068;-113.6232;-566.389;-1887.604
54101;-115.8757;-566.7604;-1886.899
54139;-116.6714;-566.8049;-1886.925
54171;-118.2566;-567.1904;-1886.797
54204;-125.3436;-584.8155;-1877.249
54238;-125.7318;-581.8361;-1879.003
54272;-125.2064;-578.8528;-1881.414
54305;-125.1851;-579.617;-1881.566
54339;-123.4809;-578.6708;-1882.135
54372;-121.3093;-578.341;-1881.439
54406;-117.3313;-576.9971;-1883.205
54440;-107.1854;-569.3698;-1896.363
54474;-102.4861;-571.6213;-1898.203
54490;-100.4292;-573.3157;-1900.149
54524;-98.4576;-574.2028;-1902.367
54558;-92.70435;-571.8764;-1912.507
54591;-86.4624;-574.2718;-1916.75
54625;-77.0431;-543.2004;-1950.603
54659;-77.15243;-539.84;-1953.991
54693;-78.03769;-538.2554;-1958.229
54743;-77.61961;-536.4142;-1959.526
54777;-77.39283;-536.1011;-1960.584
54810;-77.07483;-535.0974;-1961.521
54844;-78.80673;-534.6906;-1961.887
54861;-81.69683;-533.4012;-1961.397
54911;-88.07938;-532.9929;-1960.643
54928;-93.23071;-531.9687;-1959.518
54962;-98.71361;-529.049;-1957.29
54996;-106.756;-570.2932;-1921.506
55031;-108.0635;-567.9395;-1921.487
55081;-110.2999;-563.606;-1922.329
55098;-112.8304;-561.0233;-1921.524
55132;-119.1268;-540.6068;-1928.569
55166;-120.5277;-544.665;-1923.443
55199;-121.0386;-545.3289;-1921.621
55233;-120.8227;-546.1105;-1919.887
55283;-120.1982;-546.835;-1917.826
55300;-118.8377;-547.4509;-1915.848
55353;-115.2489;-524.4479;-1924.764
55368;-110.2652;-536.2819;-1916.027
55401;-108.4273;-524.1038;-1924.054
55440;-108.1646;-522.3923;-1925.599
55473;-107.7778;-520.4307;-1928.121
55507;-107.7267;-516.5391;-1932.025
55541;-107.2079;-516.3983;-1932.843
55574;-107.045;-517.1113;-1932.847
55608;-106.9424;-517.401;-1933.155
55659;-106.0283;-517.8156;-1933.941
55675;-105.9333;-518.6373;-1933.762
55709;-107.8326;-523.3639;-1931.955
55743;-107.9178;-523.5834;-1932.686
55777;-127.7526;-566.9346;-1906.379
55810;-130.026;-568.5924;-1905.85
55828;-132.3908;-572.8101;-1905.232
55878;-133.1459;-574.6221;-1905.828
55911;-133.6761;-574.9547;-1906.214
55945;-133.2913;-586.7836;-1909.053
55961;-132.9715;-587.6594;-1911.758
55995;-132.6871;-587.8856;-1911.896
56040;-129.9538;-588.1798;-1911.978
56069;-125.0943;-585.8043;-1918.015
56103;-124.7738;-586.1796;-1918.325
56136;-122.0455;-589.0457;-1920.557
56170;-117.2785;-589.2039;-1924.491
56204;-114.7091;-591.7112;-1924.763
56237;-111.4642;-590.4341;-1926.124
56271;-107.9753;-590.7402;-1928.378
56305;-107.2099;-590.6077;-1928.794
56334;-105.9501;-589.0956;-1932.479
56378;-102.45;-585.8196;-1937.548
56394;-97.1253;-551.0344;-1970.753
56428;-97.97584;-549.2933;-1971.649
56468;-97.39649;-546.729;-1972.697
56496;-98.19939;-546.6646;-1973.122
56529;-97.99464;-545.7582;-1973.54
56563;-98.60649;-544.3945;-1973.476
56597;-102.1183;-542.3877;-1972.875
56629;-105.5986;-541.6172;-1971.386
56663;-109.4157;-540.1813;-1969.448
56713;-113.5201;-538.0566;-1967.986
56730;-117.7609;-534.8658;-1965.353
56781;-123.5728;-535.8803;-1959.827
56814;-129.9005;-566.4484;-1939.362
56831;-135.5879;-534.963;-1955.664
56882;-135.8295;-535.0161;-1954.857
56915;-135.9785;-534.6394;-1953.884
56932;-138.7371;-551.465;-1938.91
56966;-139.3941;-540.7927;-1941.67
57000;-139.3094;-538.1003;-1941.84
57034;-138.9026;-534.5823;-1941.939
57067;-138.3623;-533.0734;-1941.582
57101;-137.4099;-532.799;-1940.492
57135;-136.3059;-531.6688;-1940.004
57168;-130.5359;-547.7778;-1928.139
57202;-129.751;-550.025;-1926.162
57235;-127.4924;-557.2291;-1923.038
57269;-126.8217;-552.7939;-1925.056
57303;-127.357;-536.8729;-1929.351
57371;-130.9503;-537.9651;-1921.44
57404;-141.3349;-562.1651;-1887.377
57489;-144.0138;-561.9083;-1881.345
57505;-148.5898;-562.9794;-1875.089
57539;-150.1258;-562.7624;-1873.961
57572;-150.9954;-562.3567;-1872.288
57623;-151.123;-562.2501;-1871.693
57691;-147.3817;-563.831;-1871.143
57707;-137.0027;-567.7343;-1874.043
57748;-129.7253;-568.8008;-1876.24
58111;-85.77848;-542.7615;-1964.152
58127;-111.2554;-561.0587;-1898.719
58143;-86.97144;-547.6231;-1975.043
58177;-86.46671;-544.6408;-1975.393
58211;-87.13799;-542.8756;-1974.286
58245;-87.83432;-541.0696;-1973.685
58278;-91.41145;-540.6896;-1973.553
58312;-94.70987;-537.7188;-1973.908
58329;-104.1106;-538.3769;-1973.139
58379;-109.9883;-538.3586;-1972.516
58413;-119.038;-537.0052;-1975.234
58430;-123.0454;-536.4797;-1974.848
58480;-126.0202;-537.0229;-1974.995
58497;-131.896;-545.559;-1970.5
58531;-135.4472;-545.77;-1970.171
58565;-141.5707;-545.8964;-1969.019
58615;-146.1091;-545.3629;-1969.483
58632;-148.7313;-544.7988;-1968.85
58666;-151.2113;-543.6613;-1967.441
58704;-152.9429;-550.1644;-1957.836
58738;-153.8626;-553.1523;-1953.441
58772;-154.0222;-555.2635;-1950.042
58805;-153.1526;-557.3383;-1945.68
58842;-151.3785;-559.8392;-1941.224
58876;-148.6751;-560.1497;-1938.369
58893;-139.4416;-527.5081;-1947.321
58943;-138.3805;-526.3253;-1946.719
58960;-136.8338;-525.9527;-1944.635
59011;-133.9394;-528.2433;-1938.142
59066;-132.5889;-526.5651;-1936.534
59083;-131.3117;-528.865;-1928.808
59182;-132.0967;-529.4948;-1901.265
59198;-135.7826;-513.6162;-1903.277
59232;-146.7457;-556.9313;-1854.422
59266;-149.2384;-554.8138;-1853.408
59300;-152.3432;-551.2338;-1853.829
59333;-156.5288;-548.7938;-1852.774
59367;-160.1875;-547.6064;-1850.67
59400;-161.8212;-548.4188;-1849.46
59434;-163.2261;-545.7188;-1850.798
59468;-164.2191;-544.3779;-1851.497
59502;-164.8077;-543.026;-1853.472
59586;-164.157;-541.5723;-1858.632
59620;-162.9079;-542.3436;-1862.42
59704;-160.1828;-547.2156;-1864.565
59737;-150.0307;-552.5065;-1873.788
59771;-142.222;-565.8062;-1874.477
59805;-132.6892;-568.905;-1880.474
59838;-126.6611;-565.3535;-1895.193
59872;-123.8524;-566.1994;-1901.833
59906;-121.1056;-570.0054;-1904.426
59940;-120.4396;-573.2416;-1909.815
59973;-119.6068;-574.0079;-1916.674
60007;-117.2702;-576.5803;-1925.163
60041;-116.7204;-576.9844;-1927.233
60074;-117.2756;-545.7442;-1957.483
60108;-116.8861;-541.5447;-1959.668
60142;-116.9037;-539.4403;-1960.59
60159;-116.4513;-537.6669;-1961.749
60192;-116.686;-537.0562;-1961.985
60226;-117.3393;-535.8193;-1962.61
60260;-120.9299;-539.3358;-1960.421
60293;-122.5168;-539.0018;-1960.064
60344;-124.2694;-538.3373;-1960.025
60361;-126.9852;-537.2825;-1959.997
60411;-129.2748;-535.3319;-1959.602
60430;-131.0345;-531.8442;-1959.265
60464;-132.3226;-530.4568;-1958.438
60514;-132.6732;-529.9035;-1957.397
60582;-133.399;-527.9302;-1955.185
60615;-133.904;-526.7348;-1953.087
60666;-134.0136;-525.5109;-1951.327
60716;-133.7785;-524.5411;-1949.987
60733;-133.1383;-523.6856;-1948.67
60767;-132.7749;-523.1745;-1948.356
60801;-132.2974;-523.026;-1947.928
60834;-131.9998;-522.9902;-1947.449
60868;-131.8851;-523.1768;-1947.255
60920;-131.232;-523.7809;-1946.556
60935;-130.5315;-524.7155;-1946.152
60969;-129.7864;-525.2534;-1946.09
61005;-128.9152;-525.4169;-1945.899
61035;-128.009;-525.6462;-1945.991
61073;-126.878;-525.7572;-1946.099
61099;-125.9472;-526.0678;-1946.367
61142;-125.3724;-526.2518;-1946.622
61192;-124.9536;-526.3193;-1946.745
61209;-124.1629;-526.4679;-1947.045
61260;-123.4681;-526.686;-1947.599
61293;-122.7038;-526.9791;-1948.497
61310;-122.3679;-527.0576;-1948.513
61343;-121.889;-527.0999;-1948.855
61580;-121.4952;-527.2974;-1949.084
61596;-121.2235;-527.7531;-1949.487
61613;-121.1347;-528.1575;-1949.837
61630;-120.9515;-529.2862;-1951.135
61647;-121.0404;-529.7025;-1951.443
61664;-121.212;-529.8322;-1951.688
61697;-121.586;-530.1371;-1952.088
61731;-122.5175;-530.3989;-1952.342
61765;-123.2398;-531.5074;-1952.13
61799;-125.8709;-533.8212;-1950.888
61832;-128.2787;-534.8851;-1949.328
61858;-130.6161;-535.2755;-1949.219
61909;-132.8649;-534.6763;-1949.365
61926;-137.1968;-534.5104;-1949.401
61989;-141.7283;-568.1858;-1921.074
61998;-155.5501;-534.4153;-1953.776
62031;-153.9558;-533.2589;-1951.233
62065;-157.2268;-533.2411;-1952.584
62099;-159.0829;-533.7646;-1952.698
62132;-161.3728;-534.8172;-1952.582
62183;-163.1105;-534.4739;-1952.239
62200;-165.3442;-535.7704;-1950.732
62275;-170.0014;-536.119;-1950.118
62292;-171.5991;-535.8221;-1949.998
62343;-173.6269;-535.0672;-1949.644
62376;-174.9566;-533.7378;-1949.329
62393;-175.7059;-531.7524;-1948.424
62428;-175.9283;-529.8577;-1944.729
62461;-175.9556;-528.0303;-1940.353
62494;-175.198;-526.8568;-1933.861
62545;-173.9426;-525.4325;-1924.946
62579;-172.6781;-521.6629;-1917.74
62612;-170.9637;-518.8491;-1909.422
62642;-169.8121;-514.8298;-1901.364
62808;-169.0087;-509.5701;-1893.442
62832;-169.0106;-507.0713;-1886.515
62849;-163.7659;-489.4365;-1854.998
62865;-163.5082;-488.9894;-1852.891
62916;-162.2079;-488.213;-1849.305
62933;-159.1864;-486.2855;-1845.725
62967;-157.1269;-485.1877;-1844.111
63000;-156.2934;-484.8932;-1843.675
63034;-155.732;-484.8282;-1843.463
63068;-155.0882;-484.9945;-1843.565
63101;-154.8504;-485.5999;-1843.419
63152;-154.3589;-486.7334;-1843.623
63185;-154.2953;-487.7838;-1843.509
63202;-155.0297;-489.1462;-1844.593
63236;-157.2004;-490.6009;-1846.47
63270;-157.9707;-491.9213;-1847.289
63303;-159.5159;-493.8846;-1849.418
63337;-162.1761;-496.1471;-1852.45
63371;-164.4137;-498.3899;-1854.601
63404;-169.5672;-501.9925;-1858.306
63438;-171.9028;-503.7668;-1859.904
63472;-173.2482;-505.3044;-1860.117
63506;-177.0869;-509.8125;-1858.749
63523;-180.7191;-514.967;-1855.986
63556;-184.4689;-517.4387;-1851.827
63607;-188.8583;-517.0189;-1843.975
63624;-193.4942;-520.2354;-1836.061
63657;-198.4017;-518.9207;-1821.915
63708;-207.0089;-514.4752;-1795.708
63741;-210.5516;-515.8657;-1770.047
63775;-215.5907;-516.5234;-1752.27
63809;-212.1978;-514.5897;-1735.726
63843;-219.8611;-504.5596;-1701.745
63876;-209.6505;-497.8429;-1675.743
63910;-207.7153;-490.4869;-1657.968
63927;-205.1356;-477.0261;-1633.006
63963;-202.2821;-462.0733;-1612.161
63994;-199.2586;-443.9233;-1588.825
64028;-199.3301;-429.5722;-1566.693
64062;-171.5553;-425.8963;-1549.979
64095;-51.53171;-556.3967;-1454.425
64133;31.16553;-719.7559;-1431.638
64163;33.18795;-874.5946;-1391.867
65165;-116.0896;-169.3425;-858.035
65200;-100.2422;-116.3678;-943.1447
65215;-41.69646;-161.7912;-856.3947
65248;-85.05538;-90.55727;-940.488
65300;-150.2977;147.1031;-851.3928
65316;-149.7695;164.8291;-850.7571
65350;-110.0012;46.54735;-856.4706
65384;-81.5942;214.2494;-902.5669
65417;-71.52728;9.999066;-900.6306
65451;-94.60888;134.7085;-875.2521
65485;-100.9494;142.5455;-863.6712
65507;-97.95849;90.42877;-865.0806
65541;-100.1481;88.31297;-861.541
65575;-102.8787;88.32252;-856.4261
65609;-105.219;91.69554;-851.4532
65643;-98.22844;103.7075;-849.3623
65676;-97.64149;99.2479;-847.9906
65693;-51.50245;-0.2861731;-410.5039
65803;230.1406;-158.287;-1286.526
65837;247.0198;-117.3187;-1293.397
65870;266.5565;-83.33954;-1307.804
65904;288.9616;-81.47462;-1320.305
65938;301.4913;-88.42928;-1337.461
65971;415.4974;-6.87354;-1486.048
66005;409.4652;-19.41489;-1495.04
66058;404.2053;-35.08425;-1505.156
66073;407.3944;-45.386;-1516.619
66107;397.5815;-59.18523;-1528.219
66141;396.4877;-71.56697;-1539.831
66175;387.3778;-91.61021;-1550.458
66192;382.0212;-108.2259;-1566.122
66231;374.6015;-124.5141;-1581.105
66265;366.0515;-133.1038;-1590.17
66299;352.0532;-147.8623;-1605.634
66332;343.5955;-154.3655;-1616.079
66366;331.9602;-163.5437;-1632.022
66416;326.4475;-169.3894;-1643.827
66433;316.3846;-182.1364;-1668.319
66467;309.0548;-189.8792;-1684.494
66501;104.7177;-261.1761;-1958.839
66534;90.81159;-290.7152;-1980.31
66568;61.24826;-348.7337;-2046.426
66602;19.78257;-398.6074;-2077.8
66635;-14.24376;-423.9707;-2094.893
66669;-29.29659;-452.1043;-2130.511
66703;-59.7294;-464.8335;-2147.952
66754;-81.35083;-478.7051;-2158.662
66770;-106.9622;-495.1681;-2170.599
66804;-131.9228;-503.1846;-2186.585
66838;-147.8646;-516.4469;-2199.514
66876;-173.1807;-527.8744;-2225.053
66909;-183.9124;-534.6312;-2231.579
66926;-194.3407;-539.6347;-2245.38
66976;-199.6211;-540.3064;-2254.933
66993;-205.3666;-560.7018;-2258.117
67027;-207.0171;-566.8842;-2263.395
67078;-201.3171;-555.2123;-2275.238
67094;-198.1306;-562.8777;-2276.123
67145;-187.5304;-571.9901;-2274.941
67162;-180.1716;-576.1166;-2273.201
67195;-167.1773;-579.014;-2269.963
67246;-154.0635;-574.2269;-2261.737
67263;-133.2738;-564.9536;-2251.82
67314;-119.7791;-563.519;-2240.148
67330;-102.7102;-555.2483;-2227.525
67364;-94.32066;-551.4208;-2220.125
67415;-74.29768;-550.69;-2203.49
67449;-65.58184;-546.17;-2193.015
67480;-50.55716;-536.1603;-2175.066
67511;-38.44556;-527.8137;-2159.779
67549;-23.63186;-522.5217;-2138.97
67583;-9.53376;-520.3505;-2117.961
67600;3.803271;-521.7205;-2095.594
67634;19.36864;-526.6706;-2069.293
67668;39.45843;-523.4963;-2051.256
67713;58.49945;-518.3035;-2032.478
67731;80.34643;-508.2279;-2021.942
67776;112.3381;-476.6877;-2021.543
67810;129.0219;-468.3948;-2016.32
67844;156.4099;-442.7893;-2009.252
67878;163.4881;-436.8469;-2005.494
67911;190.3953;-430.5127;-1991.988
67934;203.4536;-429.5331;-1982.806
67968;210.2282;-429.3476;-1974.415
67999;216.6317;-425.7625;-1965.716
68030;228.6189;-421.614;-1954.222
68062;235.5164;-418.1632;-1942.419
68120;238.1024;-417.8015;-1931.645
68137;242.8389;-416.4268;-1916.165
68170;248.3245;-423.1491;-1885.873
68204;247.4807;-415.8506;-1881.082
68247;247.8135;-416.8847;-1876.909
68269;252.6694;-411.3907;-1864.484
68296;253.8494;-411.1312;-1861.14
68346;255.1403;-411.3107;-1858.874
68363;257.5242;-410.6278;-1857.599
68397;259.7141;-409.6844;-1857.644
68431;263.2416;-410.3007;-1864.42
68464;263.7111;-409.329;-1868.43
68498;265.2653;-411.9526;-1877.723
68549;265.6143;-410.2051;-1887.908
68565;267.4845;-405.7549;-1899.282
68599;269.2988;-402.7838;-1912.319
68633;270.6335;-389.6459;-1926.807
68667;272.0024;-390.1774;-1939.783
