
2;63.77337;-269.5851;-2281.528
33;62.16309;-264.894;-2272.583
73;61.41028;-263.0225;-2265.832
96;61.175;-259.9574;-2261.316
171;60.56391;-256.3188;-2256.528
207;59.98728;-254.7851;-2252.295
230;59.821;-253.911;-2247.917
278;59.37333;-252.6357;-2243.494
323;58.87462;-252.0475;-2241.135
408;57.32699;-252.1908;-2239.145
465;55.80804;-252.3542;-2237.755
493;55.28027;-252.4574;-2237.465
514;54.08014;-252.6316;-2237.13
540;52.79253;-253.1297;-2236.891
592;51.4374;-255.1306;-2236.196
620;50.58794;-256.8955;-2235.546
641;49.58121;-259.7868;-2234.063
668;50.47583;-264.6387;-2231.628
714;51.64859;-269.2608;-2228.832
739;53.12573;-273.9652;-2225.011
769;55.81083;-275.6508;-2222.275
838;59.60907;-276.8884;-2217.096
864;63.56114;-276.5551;-2211.83
899;70.21039;-274.0913;-2201.729
929;76.03371;-273.7226;-2189.927
957;81.82108;-275.2758;-2178.173
983;88.68484;-274.0261;-2163.652
1011;95.74329;-274.8206;-2145.65
1050;104.4195;-275.3915;-2127.911
1089;120.3387;-274.1815;-2105.381
1112;132.566;-270.6318;-2087.171
1149;154.7833;-270.3914;-2057.352
1174;166.1158;-268.6955;-2038.227
1277;186.8092;-263.5317;-2011.651
1301;204.6848;-258.9668;-1990.094
1333;241.5788;-246.2779;-1946.289
1356;258.4518;-237.4905;-1925.957
1391;271.4797;-229.1591;-1906.712
1451;283.7328;-221.3217;-1887.276
1493;293.5176;-212.518;-1870.964
1518;308.6269;-206.1019;-1852.363
1537;319.3391;-201.7381;-1835.307
1591;330.2959;-196.499;-1816.643
1612;336.7992;-193.0803;-1798.488
1666;347.6115;-186.7961;-1774.781
1687;357.3137;-181.669;-1750.853
1754;366.1544;-181.4996;-1723.692
1824;374.5486;-176.5629;-1694.729
1930;384.5357;-170.6395;-1623.99
1952;410.6967;-148.5826;-1521.942
1988;419.5385;-130.06;-1495.638
2015;425.0623;-121.1602;-1460.824
2060;433.4859;-117.0473;-1427.839
2087;439.766;-106.6316;-1395.447
2110;448.2343;-100.6901;-1362.713
2149;451.8695;-98.69474;-1336.265
2172;457.9416;-102.6892;-1300.531
2216;459.0079;-100.1967;-1278.61
2250;451.4555;-94.45536;-1253.065
2305;448.4724;-73.04736;-1236.348
2333;441.9567;-58.81595;-1218.013
2371;436.5491;-50.65338;-1197.802
2397;424.8696;-43.69412;-1180.312
2469;412.4949;-46.7389;-1131.692
2492;414.0542;-47.12366;-1124.65
2529;413.4711;-50.73005;-1122.401
2565;441.7095;-46.79267;-1057.385
2606;409.731;-116.2729;-1043.833
2633;435.2044;43.0662;-1016.433
2677;447.9548;215.5623;-1014.534
2721;442.2866;207.5265;-1020.524
2765;315.746;72.27856;-702.268
2794;315.746;72.27856;-702.268
2824;315.746;72.27856;-702.268
11514;167.4599;-318.3238;-1789.068
11546;174.1502;-313.9616;-1803.791
11598;179.888;-309.7681;-1816.301
11614;186.0192;-307.2703;-1831.687
11648;192.1512;-305.1112;-1845.919
11669;194.3503;-316.0399;-1861.242
11697;198.2008;-309.8622;-1877.135
11737;203.9092;-334.0764;-1896.217
11766;222.0064;-348.1833;-1941.005
11800;222.1073;-347.9861;-1942.037
11851;224.2522;-349.912;-1949.919
11874;225.9664;-353.8008;-1959.143
11910;226.1519;-358.6612;-1969.06
11947;228.1487;-363.0494;-1978.379
11969;223.2795;-365.3093;-1983.606
12003;219.6367;-366.5124;-1989.171
12037;214.6572;-368.8048;-1993.771
12070;211.049;-369.9178;-1998.688
12104;209.2601;-371.462;-2001.52
12147;207.6589;-373.8273;-2003.791
12209;206.3125;-375.629;-2005.135
12231;201.541;-377.2491;-2006.679
12298;195.2537;-379.3386;-2008.439
12317;176.8206;-339.0005;-2013.707
12336;175.4869;-338.513;-2013.5
12370;172.1761;-338.1916;-2013.366
12404;165.2722;-336.4052;-2013.951
12437;158.0446;-335.2335;-2013.724
12472;151.5738;-335.0842;-2013.365
12507;142.9508;-334.5464;-2012.948
12558;137.9843;-334.1841;-2012.306
12581;132.4911;-332.3619;-2011.513
12599;125.969;-331.4579;-2010.82
12634;118.2584;-331.0081;-2009.51
12699;110.7692;-330.4576;-2008.533
12724;106.3684;-329.906;-2008.075
12745;99.03063;-329.9961;-2007.557
12766;92.64354;-329.5096;-2007.544
12799;86.96176;-327.6671;-2007.661
12868;78.96812;-328.1463;-2006.983
12884;75.4983;-328.2953;-2006.923
12920;66.97559;-329.6539;-2005.968
12959;61.68374;-331.3287;-2004.775
12976;60.49572;-331.622;-2004.779
13011;57.32936;-331.6093;-2003.996
13042;55.64491;-331.488;-2004.014
13069;53.19413;-329.8649;-2004.415
13110;50.08697;-328.3416;-2005.108
13129;47.82349;-327.5875;-2005.697
13185;45.11103;-328.317;-2005.872
13232;39.81367;-332.6933;-2005.37
13259;35.94925;-337.8136;-2005.097
13324;36.47066;-335.8119;-2006.468
13344;36.75939;-335.7151;-2006.876
13368;37.11577;-335.3744;-2007.085
13417;39.87566;-335.9326;-2008.339
13436;42.17979;-336.1224;-2009.685
13469;45.31748;-336.0182;-2011.312
13503;49.22493;-335.0172;-2013.769
13554;53.14622;-334.9621;-2015.728
13582;56.26905;-335.0514;-2016.994
13600;60.11701;-334.6218;-2018.922
13634;63.87194;-334.8232;-2020.396
13668;67.68586;-334.9184;-2021.907
13701;70.4621;-335.485;-2023.181
13735;74.16846;-335.8266;-2024.888
13775;76.34332;-336.4473;-2025.727
13808;78.31605;-336.4584;-2026.853
13842;80.34074;-336.3636;-2027.984
13876;82.03809;-335.984;-2029.038
13911;83.16261;-336.2823;-2029.795
13929;84.46601;-336.1577;-2030.837
13980;85.42326;-336.1166;-2031.885
13999;86.72786;-336.4339;-2033.187
14032;87.8588;-337.1686;-2034.557
14066;88.60989;-337.6946;-2035.74
14100;88.94926;-338.215;-2036.983
14134;89.32996;-338.6207;-2038.024
14171;89.88943;-339.192;-2039.113
14204;90.12373;-339.4805;-2039.832
14238;90.33737;-339.8532;-2040.651
14272;90.33763;-340.353;-2041.239
14306;90.43321;-340.695;-2041.739
14341;90.57901;-340.9885;-2042.413
14394;90.65012;-341.2286;-2042.879
14416;90.66985;-341.5901;-2043.352
14433;91.0804;-342.4455;-2043.923
14478;91.30755;-343.4204;-2044.506
14496;91.77251;-343.8582;-2044.982
14564;92.59108;-344.5338;-2045.467
14586;93.06059;-345.076;-2046.113
14602;93.11076;-345.4311;-2046.298
14636;92.8785;-345.7872;-2046.488
14669;92.33714;-346.2994;-2046.643
14703;92.15202;-346.3242;-2046.654
14737;92.0126;-346.4088;-2046.496
14770;91.68698;-346.2478;-2046.19
14806;91.01294;-345.7737;-2045.424
14839;90.39286;-345.0719;-2044.386
14891;89.78561;-344.7399;-2043.021
14924;89.18117;-344.0811;-2041.336
14943;88.59367;-343.6716;-2039.621
14978;87.74795;-343.026;-2037.178
15028;85.91916;-341.6089;-2032.347
15065;85.2161;-341.5058;-2030.255
15115;84.40495;-341.1779;-2027.922
15184;83.63897;-340.8416;-2026.095
15208;82.99446;-340.3956;-2024.167
15225;82.31592;-339.0853;-2022.102
15241;81.46272;-338.3731;-2019.79
15275;81.12967;-337.6897;-2017.929
15326;81.26065;-337.5397;-2015.926
15368;81.56274;-337.266;-2014.638
15390;82.30293;-336.8959;-2013.339
15416;82.76608;-336.3658;-2012.619
15469;82.60352;-336.17;-2011.849
15486;82.53217;-336.3231;-2011.149
15509;82.04421;-336.2237;-2010.638
15549;81.34443;-336.126;-2010.066
15816;74.63723;-334.8588;-2007.076
15882;73.41349;-334.2117;-2006.241
15933;72.89971;-333.9764;-2005.625
15967;72.86593;-333.8441;-2005.526
16001;72.837;-333.753;-2005.459
16052;72.81302;-333.5687;-2005.354
16069;72.90703;-333.5435;-2005.284
16107;73.60046;-333.4154;-2005.129
16145;73.99559;-333.4344;-2005.033
16162;74.2682;-333.4497;-2004.915
16196;74.69309;-333.4925;-2004.697
16246;74.92849;-333.6343;-2004.57
16268;75.10517;-333.8554;-2004.39
16314;75.26078;-334.1705;-2004.135
16348;75.14482;-334.3066;-2003.834
16374;74.98499;-334.6727;-2003.595
16458;74.8322;-334.8011;-2003.359
16521;74.76506;-334.9617;-2002.897
16585;74.6554;-334.8847;-2002.6
16658;74.23048;-334.7964;-2002.093
16727;73.96268;-334.6443;-2001.689
16798;73.61551;-334.6349;-2001.265
16828;73.20734;-334.5981;-2001.081
16899;72.45512;-334.5363;-2000.533
17010;70.38914;-336.3192;-1998.501
17044;69.07548;-336.2081;-1997.819
17066;67.85284;-336.0961;-1997.291
17099;66.8923;-336.2935;-1996.842
17150;65.61726;-336.2498;-1996.386
17206;64.44534;-336.1963;-1996.047
17241;63.37191;-336.2976;-1995.898
17267;62.30418;-336.3637;-1995.874
17283;61.52235;-336.1629;-1995.795
17334;60.85783;-336.2262;-1995.69
17358;59.39197;-336.5565;-1995.809
17410;58.92423;-336.6796;-1996.024
17497;58.54139;-336.9603;-1996.232
17553;58.13667;-337.3113;-1996.493
17617;57.98465;-337.2361;-1997.015
17658;57.96163;-337.141;-1997.496
17674;57.9576;-337.101;-1997.916
17691;58.04552;-337.0999;-1998.215
17741;58.06947;-337.0692;-1998.616
17793;58.42794;-336.9884;-1999.344
17809;58.80082;-336.7596;-2000.249
17840;59.06646;-336.6416;-2001.05
17891;59.26831;-336.5461;-2001.842
17925;59.35401;-336.6161;-2002.252
17944;59.5239;-336.6797;-2002.588
17978;59.81342;-336.6916;-2002.929
18007;60.02488;-336.7135;-2003.217
18450;60.86556;-336.1743;-2004.265
18467;84.27966;-337.7852;-2011.432
18500;87.41098;-338.3814;-2012.007
18534;88.97033;-338.6707;-2012.455
18570;91.00726;-338.6885;-2013.181
18595;92.40851;-338.979;-2013.831
18632;93.12788;-339.1403;-2014.095
18683;94.64149;-339.061;-2014.621
18735;95.76865;-338.9016;-2014.998
18752;96.62713;-339.1072;-2014.962
18803;97.40398;-338.7198;-2014.614
18842;98.93661;-338.6009;-2014.052
18863;100.2479;-338.3764;-2013.86
18904;101.9424;-338.8024;-2013.17
18941;103.6209;-338.0778;-2012.831
18998;105.6629;-337.7093;-2012.338
19018;107.942;-337.3221;-2011.788
19060;109.4495;-336.6009;-2011.463
19116;110.3949;-336.7042;-2010.707
19169;111.6615;-335.7876;-2009.948
19203;112.944;-334.8028;-2009.156
19236;113.7358;-333.0851;-2008.603
19270;114.8065;-329.891;-2008.322
19304;114.8442;-327.3604;-2007.931
19338;114.774;-325.4307;-2007.446
19371;115.4348;-323.4884;-2007.145
19407;116.1875;-319.3061;-2006.855
19458;116.2916;-312.872;-2006.887
19508;116.6983;-309.4224;-2007.073
19547;117.1167;-306.9402;-2007.042
19581;117.7601;-303.6306;-2007.216
19615;118.5376;-295.8839;-2008.823
19633;117.9086;-292.4037;-2008.872
19680;117.6365;-289.7093;-2008.895
19713;117.5626;-286.1789;-2008.6
19748;117.7926;-285.3956;-2008.056
19765;117.9767;-284.4336;-2007.382
19816;117.7322;-283.8512;-2006.465
19851;117.5585;-283.1584;-2005.637
19871;117.3821;-282.7521;-2004.878
19905;117.4005;-283.417;-2003.171
19945;117.2984;-283.3855;-2002.048
19962;117.0761;-283.0639;-2000.597
19996;117.0293;-283.3844;-1998.933
20031;116.7993;-283.7564;-1997.083
20082;116.8815;-283.5911;-1995.842
20101;117.4858;-283.9172;-1994.112
20134;118.2993;-284.9167;-1991.889
20211;119.0737;-288.1712;-1987.305
20228;119.3297;-289.4563;-1984.879
20245;120.3707;-293.2684;-1980.702
20279;120.0853;-294.9197;-1978.19
20300;120.298;-295.696;-1976.601
20334;120.8129;-297.7147;-1974.24
20371;120.8879;-298.5336;-1973.082
20405;120.9822;-299.2495;-1971.875
20457;120.8897;-300.4295;-1970.291
20472;120.7443;-303.1461;-1968.012
20506;120.4918;-304.1772;-1967.1
20540;120.3299;-305.2908;-1966.306
20575;119.7427;-306.6219;-1965.165
20600;119.6517;-307.4014;-1964.875
20635;119.1642;-309.3505;-1964.191
20684;118.5545;-310.9614;-1963.99
20735;117.8903;-312.338;-1963.768
20755;117.6882;-313.3445;-1964.0
20773;117.4659;-315.0063;-1964.284
20806;116.9149;-318.0402;-1964.568
20840;116.3649;-319.3394;-1964.86
20874;115.9037;-321.1333;-1965.189
20907;115.5134;-322.1338;-1965.901
20941;114.9246;-323.3213;-1966.934
20975;114.313;-324.1372;-1968.269
21009;114.0091;-324.5338;-1969.246
21042;113.3538;-325.8315;-1969.939
21082;112.6709;-326.6127;-1970.474
21117;112.62;-327.2835;-1971.48
21138;113.3171;-328.3269;-1973.263
21172;113.4511;-328.9682;-1974.088
21240;113.9682;-329.1117;-1975.069
21257;114.1822;-329.3574;-1975.885
21274;113.6942;-330.306;-1976.814
21308;111.8217;-330.8777;-1978.604
21342;111.2885;-332.1083;-1979.448
21359;111.0933;-332.5186;-1979.919
21401;110.6823;-332.9188;-1980.55
21459;109.7713;-333.3792;-1981.3
21513;109.0087;-334.0453;-1982.754
21530;109.0844;-333.9638;-1983.391
21564;109.0196;-334.4525;-1983.962
21614;109.1609;-334.6147;-1984.666
21631;109.1624;-335.0526;-1985.256
21665;108.7611;-335.8844;-1986.047
21733;108.3283;-336.1299;-1986.842
21772;108.3636;-336.2173;-1987.083
21788;108.957;-336.22;-1987.695
21805;109.6224;-336.4278;-1988.088
21839;110.453;-336.5145;-1988.569
21873;111.1832;-336.8852;-1988.924
21907;111.6304;-337.2896;-1989.134
21940;111.8313;-337.2603;-1989.27
21974;111.8024;-337.3145;-1989.273
22008;111.8065;-337.4137;-1989.327
22041;112.056;-336.8477;-1989.911
22075;112.8028;-335.5757;-1991.255
22110;113.1948;-335.0792;-1992.223
22131;114.0762;-332.4844;-1994.921
22181;114.7908;-330.1767;-1997.418
22232;116.2724;-322.8415;-2002.804
22266;116.7736;-317.8814;-2005.811
22306;115.9312;-309.5811;-2009.512
22343;115.739;-307.4556;-2010.218
22376;115.4913;-300.9056;-2012.738
22393;115.0773;-296.9465;-2014.304
22427;114.6395;-292.9382;-2015.785
22461;114.1645;-289.6294;-2016.866
22528;113.5979;-288.5895;-2017.056
22562;112.9204;-286.8627;-2017.179
22589;111.7266;-285.7971;-2017.29
22607;110.4832;-284.6649;-2017.625
22640;109.7566;-283.9397;-2017.845
22694;109.2455;-284.2585;-2017.797
22711;108.8452;-284.2223;-2017.932
22729;108.6484;-284.7268;-2017.924
22762;108.7357;-286.6906;-2017.587
22796;109.4652;-288.259;-2017.285
22830;111.8286;-295.0262;-2014.751
22863;115.9413;-303.3932;-2011.971
22897;119.9874;-307.97;-2009.953
22950;124.6868;-313.8288;-2007.547
22967;129.0272;-317.8708;-2005.802
23014;132.1829;-320.8796;-2004.36
23031;136.3398;-326.0618;-2002.153
23065;138.4007;-328.4114;-2000.899
23098;139.4064;-329.8123;-1999.901
23132;140.7018;-331.1955;-1999.312
23184;141.3148;-331.9924;-1998.945
23201;141.9428;-333.0375;-1998.285
23234;142.07;-333.8823;-1997.837
23268;141.8405;-334.8158;-1997.736
23319;141.4025;-334.9872;-1997.963
23335;140.6717;-335.5894;-1998.263
23369;138.8248;-336.9083;-1998.916
23411;136.8666;-337.538;-1999.76
23470;128.7834;-339.9807;-2002.817
23504;120.3832;-342.5776;-2005.73
23538;116.6375;-343.4273;-2007.547
23574;113.3006;-343.2422;-2009.269
23624;110.7593;-343.0036;-2010.487
23659;106.9045;-343.4386;-2011.207
23696;103.1262;-343.6645;-2012.067
23720;100.7872;-344.2267;-2012.121
23773;97.13985;-343.8016;-2011.555
23790;94.75893;-343.8267;-2010.943
23824;91.86401;-344.0102;-2010.35
23841;89.89715;-344.3136;-2009.451
23875;86.95797;-344.451;-2008.761
23905;84.04732;-344.4324;-2007.675
23935;81.89629;-344.6333;-2006.732
23986;81.1144;-344.6246;-2005.568
24021;81.0684;-344.383;-2004.34
24037;81.45143;-344.2346;-2002.72
24073;82.59756;-344.3358;-2000.712
24109;83.29929;-344.4618;-1998.889
24139;83.71291;-344.1257;-1997.816
24172;83.92121;-343.7028;-1996.321
24206;84.00029;-343.292;-1995.236
24240;84.42678;-342.3984;-1994.761
24270;85.03822;-341.1747;-1994.443
24335;85.6335;-339.5846;-1994.287
24352;85.67908;-337.5511;-1994.859
24373;85.98215;-334.6294;-1996.415
24407;86.63869;-331.2077;-1998.811
24440;86.40912;-327.5042;-2001.594
24474;85.6628;-324.8686;-2003.644
24508;84.55685;-318.8516;-2007.207
24542;83.68;-314.6711;-2009.816
24575;81.0238;-308.2598;-2014.763
24610;79.1;-306.3762;-2016.57
24670;75.71581;-304.0002;-2019.869
24704;74.07187;-303.6007;-2020.931
24755;70.93607;-301.3065;-2023.448
24792;69.41933;-300.9662;-2024.383
24831;67.69811;-298.8496;-2026.391
24852;67.22646;-298.7939;-2026.75
24889;66.38095;-299.6643;-2026.643
24940;67.79163;-312.1257;-2021.227
24976;71.33968;-317.8304;-2018.175
25009;75.79616;-324.7725;-2015.243
25043;78.61554;-329.05;-2012.853
25083;82.03979;-334.673;-2009.949
25107;85.34877;-336.9952;-2007.908
25151;90.0535;-338.9928;-2005.461
25171;93.73038;-341.206;-2003.188
25222;96.38597;-342.7156;-2001.268
25240;99.44418;-344.3983;-1999.085
25274;100.5613;-344.4103;-1998.425
25308;102.2999;-343.9629;-1997.988
25338;103.301;-344.0105;-1997.427
25372;104.2291;-343.8296;-1997.142
25406;105.1263;-343.441;-1997.105
25440;106.1178;-342.4931;-1997.308
25473;106.5549;-342.2426;-1997.643
25507;106.4624;-341.7595;-1998.274
25541;106.5492;-342.4088;-1999.008
25579;107.148;-342.6768;-1999.804
25630;107.6953;-343.1029;-2001.051
25664;107.8494;-343.1541;-2002.291
25680;107.9831;-343.4259;-2003.551
25697;108.124;-343.6272;-2004.647
25749;108.9877;-344.2619;-2006.483
25800;109.5455;-344.4718;-2007.901
25840;109.9693;-344.8419;-2009.128
25879;110.1649;-345.0431;-2010.176
25919;110.0775;-345.2155;-2010.864
25954;109.4413;-345.4731;-2011.778
25988;108.5227;-345.3764;-2012.932
26005;108.4938;-345.6501;-2013.231
26043;108.7324;-346.4459;-2013.705
26076;109.2492;-346.2636;-2014.309
26110;109.7051;-346.3679;-2014.613
26161;112.0556;-345.8199;-2016.515
26195;112.0757;-345.8657;-2016.824
26212;112.3526;-346.9711;-2017.253
26250;113.0307;-348.4144;-2018.362
26289;113.2612;-348.0273;-2020.095
26327;113.9736;-348.275;-2022.506
26379;113.9784;-348.8012;-2023.66
26438;113.4518;-347.4281;-2027.021
26505;112.7491;-345.4274;-2028.979
26539;110.9377;-340.0791;-2032.219
26560;109.5476;-336.0304;-2034.144
26590;108.064;-327.8308;-2037.439
26630;105.6291;-311.6122;-2043.693
26644;104.6647;-309.0835;-2044.543
26694;104.3448;-307.3411;-2044.781
26712;103.5659;-305.0785;-2045.433
26734;101.5982;-302.2785;-2045.91
26785;99.65233;-298.4759;-2046.848
26825;98.79374;-296.3489;-2047.319
26842;98.80915;-295.8134;-2047.369
26875;98.92059;-295.3362;-2047.216
26909;98.65524;-295.2582;-2047.06
26943;98.62412;-295.2239;-2046.937
26976;98.69981;-295.5078;-2046.785
27010;98.75347;-295.6253;-2046.724
27027;98.78569;-295.6849;-2046.737
27077;98.89764;-296.7627;-2046.783
27111;99.48207;-299.292;-2046.181
27131;101.4563;-302.2699;-2045.2
27165;106.1903;-315.5614;-2039.259
27233;110.3374;-324.2086;-2034.724
27260;112.7114;-328.7668;-2032.398
27280;116.2641;-335.4151;-2029.358
27300;119.5687;-340.9137;-2026.512
27345;122.58;-347.3487;-2023.038
27398;124.6688;-353.3268;-2019.766
27432;125.4324;-353.895;-2019.119
27448;126.1319;-354.6614;-2017.85
27483;126.7098;-354.9944;-2016.826
27504;127.5398;-355.2796;-2015.821
27556;128.2047;-355.458;-2014.894
27575;128.5209;-354.9149;-2014.173
27597;128.633;-354.4787;-2013.434
27632;128.537;-353.8799;-2012.936
27666;128.5057;-352.7293;-2012.708
27702;128.4861;-351.7659;-2012.902
27736;128.3695;-351.1635;-2013.173
27770;128.2458;-350.9569;-2013.309
27804;128.5281;-350.1714;-2013.899
27869;128.7775;-349.5708;-2014.584
27920;129.2629;-349.216;-2015.731
27987;129.6467;-348.4636;-2016.978
28039;129.8661;-348.527;-2017.701
28078;129.9989;-348.7383;-2018.235
28128;129.5541;-349.0225;-2019.042
28162;128.6278;-349.1695;-2019.862
28195;128.566;-349.2474;-2020.014
28229;128.5089;-349.4601;-2020.045
28263;128.5039;-349.5557;-2020.06
28313;128.4886;-349.5496;-2020.102
28332;128.3266;-349.5069;-2020.207
28366;127.5804;-349.1662;-2020.162
28399;125.8705;-348.9972;-2019.683
28433;124.391;-347.7451;-2019.606
28483;121.2101;-347.2898;-2019.518
28502;116.6614;-346.3578;-2020.323
28552;112.546;-345.3242;-2021.254
28586;108.2437;-342.7036;-2022.315
28606;102.4965;-339.2909;-2023.191
28657;95.06668;-332.7342;-2024.526
28675;91.26861;-328.8188;-2025.044
28726;88.06594;-321.9634;-2026.298
28768;80.9995;-309.8072;-2028.647
28820;78.91951;-304.6817;-2029.326
28876;77.89762;-301.3036;-2029.357
28894;77.42689;-299.8485;-2029.07
28927;75.72463;-298.4664;-2028.401
28961;74.21072;-297.1827;-2028.124
29011;73.13186;-296.5763;-2027.632
29029;72.49324;-296.1389;-2027.359
29079;72.36779;-296.1138;-2027.156
29095;71.98085;-296.0585;-2026.904
29146;71.78806;-296.246;-2026.435
29172;71.84007;-298.7691;-2024.886
29206;75.85263;-311.1005;-2018.53
29268;79.36526;-320.1947;-2014.646
29298;83.06461;-328.0067;-2011.247
29315;87.74135;-332.0589;-2009.758
29332;90.55779;-334.7694;-2008.836
29383;97.29713;-338.0957;-2007.31
29403;101.23;-339.1786;-2006.893
29439;106.6422;-342.2278;-2006.269
29474;111.9369;-344.5047;-2005.799
29543;119.9675;-349.6328;-2003.863
29570;122.9655;-350.1624;-2004.022
29613;126.1557;-349.7078;-2004.307
29664;128.1492;-349.4195;-2004.555
29684;130.1244;-348.7897;-2004.953
29738;130.6732;-348.6319;-2005.177
29758;131.0886;-348.4793;-2005.567
29778;131.185;-348.6499;-2005.95
29816;130.5975;-348.7844;-2006.583
29833;129.8475;-348.8751;-2007.205
29866;129.059;-349.2177;-2007.857
29907;128.1507;-349.2845;-2008.511
29941;127.3375;-349.1176;-2009.127
29957;125.8639;-349.4594;-2009.738
29991;124.5084;-349.5453;-2010.142
30025;123.0096;-349.5745;-2010.767
30058;120.7153;-350.187;-2011.447
30109;117.8776;-350.7133;-2012.378
30127;117.0029;-350.4214;-2012.48
30166;116.8753;-350.4731;-2012.356
30201;116.771;-350.5236;-2012.198
30235;116.6408;-350.4107;-2012.053
30295;116.2944;-350.3007;-2011.981
30307;116.2208;-350.2616;-2012.002
30342;115.5298;-349.8891;-2011.801
30393;114.473;-348.907;-2012.092
30476;114.2171;-348.6527;-2012.204
30659;110.2932;-337.6249;-2014.896
30674;107.2808;-332.894;-2015.528
30708;105.6967;-328.744;-2016.073
30725;103.9014;-323.1622;-2017.123
30758;102.1459;-318.9091;-2018.063
30792;98.48066;-307.6749;-2021.543
30860;95.81038;-304.2271;-2021.924
30876;93.93925;-301.6847;-2022.202
30910;92.54685;-299.934;-2022.255
30927;91.23293;-299.0945;-2022.205
30960;90.05213;-298.1184;-2022.204
30994;87.20407;-296.0813;-2022.061
31028;83.16551;-293.7824;-2022.15
31062;80.58991;-292.1121;-2021.904
31124;79.46103;-291.4684;-2021.624
31138;78.58977;-290.9035;-2021.55
31172;77.97807;-290.5215;-2021.23
31206;77.63164;-290.6347;-2020.792
31274;77.51808;-290.7901;-2020.62
31290;77.82227;-291.8868;-2019.893
31307;79.57986;-303.9244;-2013.239
31325;82.39724;-313.7014;-2008.68
31376;86.33244;-319.7316;-2006.49
31680;95.17631;-330.6802;-2002.907
31747;125.6845;-342.3507;-1994.313
31798;126.85;-342.91;-1993.88
31831;126.9405;-342.9839;-1993.833
31865;126.4409;-343.3519;-1993.866
31933;126.3857;-343.4346;-1993.823
31950;126.3457;-343.506;-1993.788
31966;126.205;-343.7464;-1993.715
32000;126.0874;-343.7695;-1993.704
32033;125.8406;-343.7545;-1993.755
32067;125.5333;-344.021;-1993.7
32104;125.3444;-344.1828;-1993.684
32128;125.0951;-344.2658;-1993.568
32162;124.6355;-344.3706;-1993.465
32196;123.4506;-344.4958;-1993.201
32229;122.7398;-344.773;-1992.725
32297;122.3427;-345.0759;-1991.723
32331;122.4172;-345.1539;-1991.056
32366;122.3953;-345.414;-1990.638
32417;122.4641;-345.4684;-1990.442
32462;122.0276;-345.0145;-1990.002
32512;121.7586;-344.446;-1989.849
32546;121.2382;-343.8316;-1989.888
32580;120.0972;-343.0405;-1990.196
32597;117.8591;-340.2451;-1991.809
32631;115.6168;-337.3998;-1993.349
32664;113.0567;-335.3429;-1994.421
32698;108.8918;-331.1808;-1995.927
32749;101.4547;-325.3544;-1998.025
32765;96.76292;-319.2966;-1999.754
32799;95.74187;-317.4476;-1999.956
32833;90.19864;-310.1149;-2001.834
32867;88.16072;-307.8711;-2001.88
32900;85.74036;-303.0106;-2002.915
32934;84.84425;-300.6035;-2003.355
32968;83.35592;-299.4077;-2003.053
33001;81.63312;-297.3999;-2003.133
33045;79.96327;-296.6811;-2002.629
33079;79.34111;-296.3942;-2002.467
33129;78.19115;-296.5393;-2001.735
33146;77.15401;-297.9388;-2000.564
33163;76.40302;-306.2676;-1996.032
33197;78.10963;-311.0949;-1993.09
33230;80.63931;-319.6463;-1989.203
33264;82.2718;-323.4668;-1987.286
33298;89.01566;-331.1064;-1983.926
33331;93.39698;-334.3148;-1982.628
33365;96.88342;-336.3437;-1981.869
33433;100.4845;-337.5562;-1981.332
33449;103.5583;-338.9414;-1980.77
33483;106.2737;-341.1505;-1980.001
33500;108.096;-342.5658;-1979.213
33534;110.922;-343.2847;-1978.942
33567;113.43;-343.123;-1979.583
33635;115.5281;-343.4195;-1979.834
33652;116.8017;-343.6425;-1980.415
33673;118.3994;-343.5708;-1981.441
33693;119.4662;-343.5488;-1983.224
33727;120.1526;-343.1011;-1985.551
33761;120.4938;-343.1377;-1987.516
33794;121.0561;-343.2651;-1989.511
33828;121.8349;-342.5445;-1992.606
33861;122.0636;-342.2309;-1995.056
33895;122.4688;-342.749;-1997.072
33946;122.9189;-342.6368;-2000.107
33980;123.368;-343.3752;-2002.301
33996;123.2695;-343.264;-2004.13
34038;123.3955;-344.1206;-2005.312
34072;123.2059;-344.4405;-2006.8
34106;122.2738;-345.2279;-2008.61
34123;121.1724;-345.9046;-2010.076
34173;120.9824;-346.0912;-2010.839
34207;121.0049;-346.2799;-2011.137
34224;120.939;-346.769;-2011.807
34258;120.569;-347.925;-2012.652
34291;119.6314;-348.2433;-2013.47
34341;118.7843;-348.5805;-2014.189
34375;116.9979;-348.5833;-2015.005
34409;115.4485;-348.7579;-2016.17
34426;112.5478;-347.7658;-2018.33
34476;109.8014;-347.1546;-2020.622
34510;106.9487;-347.1443;-2022.295
34527;102.9792;-344.948;-2025.491
34560;100.3422;-342.9445;-2027.444
34594;98.34827;-341.1162;-2029.346
34628;95.70959;-338.2776;-2031.074
34679;92.47707;-332.0611;-2033.559
34696;91.53539;-328.8823;-2034.382
34730;90.36073;-323.9543;-2035.098
34763;88.50626;-310.7393;-2037.665
34797;88.2056;-307.9985;-2037.9
34831;87.1234;-303.8849;-2037.665
34865;86.30063;-299.13;-2037.621
34898;84.55363;-294.2022;-2037.349
34949;84.15284;-292.1839;-2037.03
34966;83.51744;-290.7074;-2036.787
35005;83.21014;-290.0253;-2036.397
35040;82.91612;-290.0115;-2035.677
35073;82.90633;-290.5917;-2034.77
35107;83.15234;-292.9232;-2032.639
35141;83.18159;-294.3076;-2031.105
35175;87.53909;-306.3327;-2024.282
35195;92.01392;-315.3113;-2019.456
35229;95.1845;-321.125;-2015.661
35263;100.1519;-325.7699;-2012.438
35296;105.842;-330.5249;-2009.249
35347;108.5251;-333.5543;-2006.854
35364;113.3257;-338.5922;-2003.664
35435;118.2846;-340.6952;-2001.766
35471;122.6755;-342.4206;-2000.234
35507;126.5378;-343.5241;-1998.806
35557;130.0873;-344.1097;-1998.36
35607;132.1117;-344.9922;-1997.976
35641;134.095;-345.6359;-1997.817
35674;134.7861;-345.8598;-1998.138
35708;135.1768;-345.8695;-1998.752
35742;135.4771;-346.0029;-1999.514
35776;135.6379;-346.243;-2000.451
35809;135.6387;-346.7649;-2001.644
35827;135.3883;-346.9546;-2002.943
35861;134.9502;-346.7985;-2004.057
35894;134.5114;-346.7252;-2004.844
35928;134.0399;-346.6612;-2005.556
35979;133.5558;-346.6703;-2006.238
36013;132.6612;-346.6524;-2007.074
36029;131.7734;-347.0423;-2007.436
36063;130.2117;-347.0111;-2008.052
36097;129.4745;-347.4386;-2008.066
36133;129.3402;-347.3555;-2008.02
36200;129.0794;-347.0717;-2007.58
36266;129.0437;-347.0305;-2007.338
36297;127.6059;-346.1526;-2005.646
36350;127.0477;-345.3981;-2004.857
36365;125.8237;-343.8739;-2004.117
36398;124.6471;-343.0251;-2003.524
36449;123.3617;-342.2376;-2003.3
36466;120.9082;-340.1266;-2003.982
36500;116.6032;-335.3041;-2005.716
36533;110.8781;-328.2044;-2008.741
36567;107.3994;-323.6095;-2009.964
36601;104.7276;-317.1402;-2011.276
36651;102.2025;-308.4426;-2012.745
36668;99.84934;-301.4497;-2014.139
36702;96.18382;-295.295;-2015.091
36735;93.53233;-291.0938;-2015.59
36769;92.74419;-289.4947;-2015.514
36803;91.28665;-286.4877;-2015.511
36890;90.7789;-285.9117;-2015.119
36958;90.67302;-286.3695;-2014.225
37037;93.31627;-293.29;-2009.823
37103;95.11034;-298.7372;-2007.88
37114;105.1753;-315.1703;-2001.09
37131;110.1684;-322.1221;-1998.537
37164;114.3998;-326.3965;-1996.261
37198;119.3284;-330.2081;-1994.221
37232;124.2352;-333.8997;-1992.209
37266;127.1126;-334.7417;-1991.273
37317;129.8143;-336.0493;-1990.187
37333;132.2384;-337.9431;-1989.21
37367;133.3212;-338.1855;-1988.799
37401;136.246;-339.046;-1988.991
37451;139.0655;-339.3426;-1989.489
37468;141.789;-340.2696;-1989.708
37502;142.7443;-341.1826;-1989.963
37541;143.3266;-341.867;-1990.982
37574;143.3806;-342.7073;-1992.797
37591;143.1514;-343.6588;-1994.991
37642;141.7571;-344.983;-1998.037
37661;141.3217;-344.981;-1999.556
37709;140.6511;-344.6967;-2001.714
37727;139.8783;-344.5221;-2003.734
37776;139.2995;-344.106;-2005.481
37811;138.102;-344.5569;-2006.755
37835;136.4994;-344.5804;-2008.274
37868;134.5083;-344.8526;-2010.31
37902;133.5754;-344.7147;-2011.121
37935;132.123;-345.1159;-2011.905
37986;130.4907;-345.4777;-2012.696
38003;129.0568;-346.322;-2013.214
38036;128.4222;-346.7727;-2013.475
38104;128.0356;-347.084;-2013.309
38137;127.6171;-347.2586;-2013.311
38171;127.3886;-347.3833;-2013.35
38205;126.8795;-347.4769;-2013.16
38239;125.8839;-347.9918;-2012.713
38290;124.8794;-347.8236;-2012.303
38326;122.5253;-346.9584;-2011.625
38360;120.8397;-344.7031;-2011.257
38393;119.7646;-342.6219;-2011.191
38427;117.6454;-336.5093;-2011.623
38478;115.862;-331.6783;-2011.648
38511;113.2839;-324.3722;-2011.084
38562;108.2264;-301.9818;-2013.923
38595;107.5988;-299.3393;-2013.685
38646;104.2958;-291.0386;-2014.286
38663;103.043;-284.1118;-2013.77
38714;102.3475;-282.4384;-2013.206
38771;101.7505;-281.8246;-2012.64
38805;101.0397;-282.0111;-2011.69
38872;100.6345;-281.5379;-2011.363
38923;101.8765;-283.5589;-2009.178
38973;107.0737;-288.9471;-2005.943
39007;115.6257;-301.0702;-1999.933
39041;121.3577;-308.844;-1995.719
39077;129.3167;-316.5421;-1991.865
39111;133.8473;-321.5242;-1990.043
39145;138.4436;-325.1674;-1989.001
39161;147.1133;-329.5677;-1986.8
39212;154.6499;-332.4747;-1984.472
39229;159.7208;-332.4041;-1984.01
39263;164.6325;-335.1588;-1982.727
39314;170.7272;-337.5466;-1981.646
39347;173.4983;-338.2392;-1981.81
39381;175.4459;-338.9427;-1981.972
39415;176.6477;-339.3846;-1982.47
39431;179.3438;-340.2843;-1983.617
39465;180.1793;-341.1936;-1985.127
39533;180.6232;-341.6024;-1986.507
39550;181.002;-341.7966;-1987.844
39584;181.2859;-342.136;-1988.778
39600;181.3783;-342.2705;-1989.605
39655;181.2779;-342.2668;-1990.167
39684;180.8403;-341.9961;-1990.77
39701;180.2335;-341.748;-1991.165
39735;179.2287;-341.5823;-1991.668
39768;178.0932;-340.9669;-1991.871
39819;177.3464;-340.9974;-1991.989
39836;175.4113;-340.3281;-1992.009
39869;173.1824;-339.8256;-1992.05
39905;170.0923;-339.675;-1991.63
39926;167.1289;-339.5715;-1990.64
39965;163.6585;-339.2325;-1989.677
39994;160.7199;-338.8943;-1988.88
40027;156.2658;-338.9791;-1987.73
40082;153.2882;-338.456;-1986.987
40099;150.4117;-337.9207;-1986.229
40133;147.6503;-337.7586;-1985.64
40168;145.4852;-338.099;-1985.026
40206;143.4024;-338.0927;-1984.215
40239;140.7648;-338.2698;-1983.37
40273;137.3572;-339.0233;-1982.654
40307;134.4215;-339.8921;-1981.685
40340;132.6262;-339.952;-1981.105
40374;130.662;-339.8197;-1980.718
40408;127.6853;-339.7419;-1980.337
40425;125.4225;-339.6265;-1979.769
40461;122.7634;-339.742;-1979.279
40509;120.3283;-340.1676;-1979.061
40526;117.6942;-340.3552;-1978.964
40562;115.704;-340.1768;-1978.818
40596;113.905;-339.6678;-1978.945
40630;111.2776;-339.473;-1979.275
40697;108.9238;-339.7824;-1979.046
40714;106.7908;-339.4442;-1979.262
40731;104.275;-339.0921;-1979.459
40766;102.5708;-338.8818;-1979.561
40832;100.3946;-338.8508;-1979.774
40900;98.85253;-338.8506;-1980.102
40968;97.14172;-339.5056;-1981.084
41001;95.89002;-339.9066;-1982.082
41035;94.68668;-340.7492;-1983.486
41086;94.20426;-341.0314;-1984.651
41112;93.66029;-341.6448;-1986.405
41129;92.54076;-342.6701;-1988.424
41163;92.37359;-343.9625;-1990.554
41196;92.66558;-344.422;-1993.014
41230;92.59968;-345.3609;-1995.275
41264;92.30848;-345.9499;-1997.397
41298;92.41664;-346.7896;-1999.744
41401;92.24392;-347.8132;-2003.97
41418;92.2737;-348.0892;-2005.48
41452;92.22077;-348.1057;-2006.868
41488;91.4106;-347.9843;-2008.738
41503;90.5102;-348.1212;-2010.352
41537;89.09956;-347.9144;-2012.125
41571;86.79917;-348.0912;-2014.056
41604;84.22009;-347.8717;-2015.498
41638;79.61823;-347.6262;-2017.3
41672;76.28852;-348.4298;-2017.918
41706;73.79981;-348.9422;-2018.309
41740;71.14036;-349.5672;-2018.088
41781;68.58628;-349.4579;-2017.629
41798;65.22057;-348.9944;-2017.245
41866;62.71655;-349.1283;-2016.904
41884;61.79746;-349.1966;-2016.631
41918;61.26736;-349.1789;-2016.426
41934;60.61908;-348.986;-2015.948
41968;60.31234;-348.7057;-2015.688
42002;60.22058;-348.3243;-2015.651
42053;60.38726;-348.0618;-2015.516
42069;61.99544;-347.8504;-2015.204
42120;66.35336;-346.4048;-2015.471
42136;71.37665;-345.0568;-2015.649
42170;76.54283;-344.7265;-2015.827
42204;80.89629;-344.7371;-2015.841
42238;86.23419;-344.3124;-2015.755
42271;90.92159;-344.2459;-2015.168
42305;95.99239;-344.4644;-2014.619
42339;101.6879;-344.0987;-2014.254
42373;105.3592;-344.4496;-2013.216
42406;106.6729;-344.2964;-2012.242
42423;107.1817;-343.7446;-2010.653
42457;107.5766;-343.0547;-2009.225
42508;107.786;-341.7627;-2007.954
42559;109.5609;-340.7169;-2006.879
42575;110.7268;-340.019;-2005.84
42608;111.4728;-339.342;-2004.572
42625;111.9957;-337.113;-2002.465
42693;113.1743;-334.9692;-2001.123
42760;112.7294;-331.7785;-2000.322
42784;113.7345;-326.1412;-2000.458
42820;114.7225;-322.5708;-2000.568
42929;122.5089;-307.644;-2003.85
43013;127.6925;-303.6547;-2004.29
43064;130.8432;-300.3081;-2005.172
43099;135.3222;-296.394;-2006.574
43116;139.5053;-293.1893;-2008.521
43150;143.6136;-291.3186;-2010.445
43171;146.9251;-288.9739;-2012.551
43222;148.195;-288.2643;-2014.064
43239;150.3129;-288.2892;-2015.131
43272;151.4939;-288.3361;-2015.9
43306;152.8532;-294.5058;-2015.53
43340;153.1088;-297.0286;-2016.134
43390;153.1691;-297.9449;-2016.879
43407;151.4118;-303.7672;-2017.231
43441;148.3914;-308.5414;-2016.122
43474;143.22;-314.9606;-2014.611
43509;141.8051;-318.6987;-2014.442
43559;138.2404;-324.9169;-2012.552
43575;134.5436;-328.5352;-2011.522
43610;132.0369;-329.4772;-2011.274
43626;127.9155;-332.2691;-2009.959
43660;123.1934;-335.9438;-2008.104
43694;121.6013;-336.8875;-2006.828
43744;116.3983;-338.2151;-2003.576
43761;114.113;-339.1581;-2001.646
43796;113.0403;-339.1689;-2000.664
43838;112.3292;-339.1114;-1999.721
43872;111.3109;-338.8716;-1998.662
43909;110.7231;-338.857;-1997.642
43942;110.5826;-338.7917;-1996.622
43980;110.5921;-338.7434;-1995.628
44014;111.4315;-338.8755;-1994.8
44065;112.9275;-338.2607;-1994.226
44083;113.7115;-338.323;-1993.426
44123;114.7781;-338.3216;-1992.439
44158;115.7504;-338.078;-1991.877
44174;117.0741;-338.3251;-1991.42
44208;118.6704;-338.6639;-1990.902
44242;120.7354;-338.3361;-1990.509
44276;122.9737;-337.9848;-1990.326
44310;125.4965;-337.6683;-1990.134
44344;127.8605;-337.6253;-1989.978
44378;129.3429;-337.9911;-1989.745
44394;130.733;-338.7285;-1989.678
44428;130.7894;-338.7956;-1989.507
44462;130.8692;-338.6642;-1989.389
44513;131.8204;-338.5179;-1989.766
44529;132.4265;-338.5768;-1990.486
44563;132.3437;-338.5049;-1991.409
44597;132.9908;-338.3154;-1992.828
44648;133.9832;-337.4068;-1995.761
44666;135.425;-335.8799;-1999.331
44700;136.9419;-332.1422;-2004.448
44734;137.0882;-331.0265;-2006.569
44767;137.9774;-329.5178;-2010.395
44802;140.7085;-322.9335;-2016.628
44838;141.05;-321.8961;-2018.315
44872;142.5025;-320.3756;-2020.11
44889;144.511;-317.607;-2022.788
44923;145.9542;-315.1747;-2024.813
44990;146.4348;-314.992;-2025.182
45024;147.1434;-314.3063;-2026.797
45074;147.7457;-310.684;-2029.429
45091;147.1986;-311.265;-2029.774
45141;145.0137;-309.9724;-2031.026
45175;144.4574;-309.9207;-2031.159
45209;143.2186;-309.578;-2031.41
45226;140.3787;-309.0794;-2031.473
45259;135.0492;-311.3539;-2030.118
45310;129.5345;-313.7218;-2028.271
45327;121.1475;-316.3569;-2025.687
45411;115.4523;-319.1412;-2023.57
45432;99.90652;-327.3206;-2018.344
45466;95.66185;-331.3921;-2015.036
45499;92.11684;-333.2248;-2012.635
45533;88.40836;-335.1567;-2010.505
45567;86.68204;-336.7101;-2009.437
45601;85.81315;-337.1384;-2008.817
45634;84.49075;-337.6605;-2007.501
45685;83.61538;-337.9792;-2006.221
45702;81.7327;-337.4337;-2003.556
45732;80.79137;-337.7022;-2000.635
45776;80.26838;-337.7884;-1999.199
45808;79.87179;-337.792;-1997.887
45842;80.04575;-338.0748;-1997.093
45893;82.30097;-338.9284;-1996.323
45909;83.99503;-339.7629;-1995.336
45943;85.36649;-340.0655;-1994.814
45960;86.7136;-340.0244;-1994.343
45993;88.50365;-340.068;-1993.901
46027;90.92156;-340.1453;-1993.616
46078;93.51358;-340.172;-1993.641
46095;96.41264;-340.1228;-1993.78
46128;99.53113;-339.9611;-1994.202
46162;102.1659;-340.2378;-1994.623
46212;104.9555;-340.8779;-1994.747
46229;107.6823;-341.7242;-1995.0
46263;108.8281;-341.5658;-1995.24
46297;109.8259;-341.6767;-1995.554
46330;110.1433;-341.368;-1995.845
46364;110.9826;-341.2748;-1996.468
46432;112.1728;-341.6949;-1997.478
46464;113.1229;-341.5942;-1999.467
46480;115.2155;-341.7549;-2003.062
46522;116.586;-341.2253;-2006.351
46539;118.5428;-340.6857;-2009.937
46573;120.4009;-339.2403;-2013.05
46608;122.2998;-338.1778;-2016.005
46642;125.675;-336.4885;-2019.517
46677;127.0869;-334.9531;-2021.67
46711;130.2008;-331.8506;-2025.37
46744;133.2859;-327.2524;-2029.058
46762;136.2436;-322.7407;-2032.295
46795;139.0562;-318.1795;-2034.904
46829;140.2337;-316.4079;-2035.869
46862;143.0737;-313.2182;-2036.986
46905;143.8377;-311.9337;-2037.443
46955;144.4903;-311.0419;-2037.722
46972;145.1405;-309.9589;-2038.171
47006;145.7012;-308.5081;-2038.953
47026;146.5143;-309.2341;-2038.738
47073;146.831;-309.8514;-2038.356
47109;146.2017;-309.3377;-2038.735
47135;145.5721;-309.5719;-2038.973
47169;141.7646;-312.5697;-2037.88
47215;137.5195;-314.6521;-2037.016
47234;132.1478;-318.4326;-2035.201
47268;125.3321;-325.2964;-2033.638
47302;121.8783;-328.653;-2032.331
47335;121.2812;-330.019;-2032.017
47369;119.9713;-332.1044;-2031.251
47403;117.2839;-334.8184;-2029.675
47436;114.1298;-336.0845;-2027.998
47470;111.739;-338.4095;-2026.065
47504;109.5469;-339.929;-2024.165
47537;105.6707;-342.6061;-2021.123
47571;103.3845;-343.5405;-2019.594
47588;97.5675;-344.5941;-2014.756
47622;94.98536;-344.7025;-2011.59
47655;92.82616;-345.1442;-2008.737
47689;91.16617;-345.6423;-2004.951
47740;91.02752;-346.2602;-2001.925
47773;92.00148;-346.6923;-1999.726
47807;92.66087;-346.2662;-1997.356
47828;93.69675;-345.335;-1994.996
47862;95.07672;-343.725;-1992.669
47895;95.95742;-342.9889;-1990.961
47930;96.8103;-341.8909;-1989.669
47962;98.15575;-340.7858;-1988.262
47996;100.0153;-340.0713;-1986.913
48030;101.6946;-339.2709;-1985.796
48063;103.332;-339.0455;-1984.472
48098;105.0675;-338.7144;-1983.488
48132;107.4536;-338.8324;-1982.839
48172;110.0926;-339.6495;-1982.6
48205;110.488;-339.7881;-1982.44
48239;110.6539;-339.5854;-1982.558
48255;110.8034;-339.5374;-1982.809
48306;112.2073;-339.7734;-1984.064
48340;113.8381;-339.7999;-1986.669
48373;114.1664;-339.8279;-1987.792
48390;115.6806;-338.9217;-1990.016
48441;122.3222;-336.3976;-1995.954
48474;123.4009;-335.4068;-1997.495
48508;126.5354;-333.7041;-2001.308
48559;128.5891;-333.2736;-2004.755
48609;130.3624;-331.9577;-2008.071
48627;131.9849;-329.5654;-2011.435
48672;132.7292;-328.495;-2013.321
48707;136.3687;-325.7337;-2016.828
48741;137.2233;-325.0801;-2018.137
48775;138.587;-323.1075;-2020.221
48808;140.079;-320.9633;-2022.086
48825;141.9788;-313.8191;-2027.305
48859;144.4673;-309.0381;-2031.166
48910;144.7091;-306.5829;-2032.853
48944;144.4552;-306.0579;-2033.491
48977;142.9755;-305.4333;-2034.37
48994;141.4089;-307.3622;-2035.039
49028;135.7889;-312.733;-2036.137
49062;132.2956;-315.8476;-2036.82
49095;127.4581;-318.4674;-2037.718
49129;121.1635;-323.9411;-2037.243
49162;117.7586;-327.9318;-2037.845
49196;115.7598;-331.0352;-2037.76
49230;114.638;-332.0418;-2037.929
49263;112.467;-334.5069;-2037.853
49315;109.7101;-336.0248;-2037.893
49334;107.0327;-337.2057;-2038.592
49386;104.8208;-338.4016;-2039.208
49417;101.8648;-340.3319;-2039.443
49463;95.77412;-345.1436;-2039.197
49496;92.84439;-345.5724;-2039.251
49529;89.85271;-347.0786;-2038.952
49563;86.76702;-348.3323;-2038.925
49597;85.72976;-348.674;-2038.759
49631;85.33372;-348.5826;-2038.815
49664;85.34429;-348.5836;-2038.859
49698;85.73096;-349.009;-2038.979
49732;85.83486;-349.0228;-2039.076
49765;85.88698;-349.0197;-2039.13
49799;86.0101;-349.0639;-2039.238
49833;86.24297;-348.9886;-2039.391
49884;86.29415;-349.0511;-2039.494
49901;86.41927;-349.1746;-2039.582
49934;86.74065;-349.1997;-2039.66
49968;87.03102;-349.2735;-2039.779
50002;87.59774;-349.1409;-2039.659
50035;88.55776;-349.1022;-2039.699
50069;89.45138;-349.002;-2039.578
50103;89.3857;-349.0868;-2039.346
50136;89.421;-349.111;-2039.229
50170;89.22198;-349.3507;-2038.904
50204;89.16183;-349.418;-2038.828
50238;89.36583;-349.4668;-2039.012
50271;90.06361;-348.6924;-2039.481
50305;93.42523;-346.634;-2039.611
50339;97.51309;-344.2039;-2039.28
50384;104.3036;-340.5686;-2037.988
50410;109.5013;-338.3307;-2036.533
50433;115.3346;-334.9929;-2035.487
50467;118.2218;-333.8466;-2033.863
50501;123.0137;-330.6428;-2032.532
50534;127.5067;-327.9059;-2030.478
50568;133.5231;-324.2729;-2027.398
50602;139.0975;-321.6852;-2025.127
50635;144.1974;-318.9526;-2023.838
50669;150.598;-313.2619;-2025.13
50703;152.5017;-310.1925;-2024.978
50736;155.2951;-307.1961;-2025.371
50770;155.5842;-305.6645;-2025.1
50804;155.1724;-307.5829;-2023.325
50838;154.6151;-306.4207;-2023.222
50871;149.0739;-307.0254;-2020.901
50905;145.6465;-309.5906;-2019.126
50939;138.1987;-313.0666;-2016.487
50974;130.898;-318.2756;-2013.937
51019;124.0391;-321.8146;-2012.68
51035;117.9559;-324.3599;-2012.251
51069;111.4422;-328.366;-2012.305
51102;104.1856;-332.095;-2012.501
51136;97.08431;-335.6426;-2012.588
51170;92.7982;-338.1601;-2012.139
51203;88.68449;-338.7791;-2012.684
51237;85.19125;-338.3654;-2013.306
51271;82.52758;-338.8293;-2013.494
51305;78.68819;-339.8348;-2012.524
51338;76.16351;-340.6477;-2011.995
51372;73.8244;-341.9252;-2011.169
51423;71.4238;-342.8499;-2010.772
51439;68.84219;-343.8735;-2010.282
51490;67.16285;-344.6806;-2010.125
51507;66.43327;-346.0712;-2010.058
51541;66.61738;-346.3372;-2010.144
51575;66.78736;-346.6762;-2010.259
51592;66.9203;-346.9348;-2010.425
51625;66.89688;-347.0402;-2010.509
51676;66.87453;-347.1381;-2010.667
51709;66.90536;-347.4765;-2010.707
51743;66.85225;-347.7199;-2010.803
51777;67.04175;-348.0371;-2010.833
51794;67.65155;-348.4369;-2010.968
51844;68.10562;-348.6371;-2011.013
51861;68.82244;-348.9495;-2011.123
51895;70.68141;-349.6737;-2011.278
51928;72.52407;-350.0782;-2011.713
51962;72.79597;-350.0597;-2011.766
52013;73.45266;-349.9505;-2012.114
52030;74.30398;-349.677;-2012.601
52063;75.13045;-349.5264;-2013.446
52115;76.25783;-349.4676;-2014.359
52131;82.16763;-347.7795;-2017.092
52165;88.24413;-346.7371;-2018.594
52199;95.07261;-343.7018;-2019.869
52233;104.5117;-339.2915;-2020.978
52266;110.9522;-336.941;-2021.639
52318;113.9658;-334.9334;-2021.17
52333;119.1688;-333.1324;-2020.32
52384;123.908;-330.7295;-2019.869
52401;127.7882;-328.2022;-2019.095
52434;134.7087;-325.2921;-2017.465
52485;144.1012;-318.8965;-2017.228
52502;148.3583;-316.4603;-2016.653
52536;153.2134;-313.6316;-2016.716
52570;156.4771;-307.792;-2017.184
52603;158.2964;-306.0995;-2016.963
52637;160.7076;-304.2662;-2016.933
52671;161.4715;-303.9766;-2016.507
52704;161.2747;-304.8614;-2015.021
52738;160.6117;-307.783;-2013.151
52771;159.6981;-311.4325;-2011.122
52805;151.8091;-316.4372;-2007.39
52829;144.8204;-319.8313;-2005.932
52863;137.0667;-322.6973;-2004.383
52930;129.2519;-324.8299;-2003.524
52947;126.6308;-326.1289;-2003.505
52981;118.74;-329.4146;-2002.693
52998;116.1634;-330.6198;-2002.691
53031;113.9803;-331.4391;-2002.738
53065;112.3255;-332.5952;-2002.001
53099;109.9141;-334.4909;-2001.102
53132;105.3274;-335.6845;-1999.09
53166;100.7714;-338.0699;-1997.156
53200;97.11081;-339.9381;-1995.484
53233;94.45687;-341.7544;-1994.087
53267;93.50253;-342.7176;-1992.944
53318;94.03434;-343.3232;-1992.283
53334;94.03365;-343.6377;-1991.703
53368;93.67232;-343.824;-1990.863
53402;93.39359;-343.9305;-1990.181
53435;93.15167;-344.0122;-1989.465
53487;93.16214;-344.0688;-1988.79
53503;93.18346;-344.1214;-1988.085
53537;93.22205;-344.0236;-1987.703
53570;93.20795;-344.137;-1987.324
53604;93.1788;-344.0987;-1987.211
53638;93.16077;-344.0719;-1987.064
53671;93.28374;-344.0595;-1986.905
53705;93.50562;-344.0334;-1986.86
53741;93.55986;-343.8815;-1986.792
53777;93.5664;-343.7267;-1986.797
53829;94.11591;-343.1321;-1987.092
53863;95.05135;-342.6884;-1988.104
53897;96.15565;-341.6518;-1989.522
53945;102.6008;-338.9217;-1993.535
53983;105.6619;-338.0341;-1994.73
54020;116.0882;-333.8625;-1997.826
54034;120.4662;-330.5859;-1998.969
54068;126.6039;-328.984;-2000.091
54101;134.709;-326.9239;-2001.612
54138;140.3273;-324.1371;-2003.728
54170;145.3587;-321.4898;-2004.849
54204;151.1286;-313.6715;-2008.877
54238;153.0066;-313.9408;-2008.906
54272;162.0805;-312.7542;-2009.128
54305;166.5432;-311.4839;-2009.196
54339;171.2552;-310.3244;-2009.653
54372;173.3304;-310.3194;-2009.784
54406;173.7357;-310.4077;-2010.006
54440;174.0547;-308.2943;-2011.491
54474;174.0494;-307.3973;-2012.59
54490;168.1053;-306.8741;-2013.653
54524;160.848;-312.3397;-2013.078
54558;153.8578;-316.8492;-2012.725
54591;145.1992;-321.5419;-2012.234
54625;140.2513;-324.8604;-2012.008
54659;134.8817;-327.2686;-2012.169
54693;129.2147;-329.525;-2011.653
54743;123.5397;-332.3092;-2010.71
54777;119.084;-333.665;-2009.919
54810;115.0753;-334.8657;-2008.661
54844;110.022;-336.9393;-2006.964
54861;106.8711;-337.8199;-2005.786
54911;100.6647;-339.7315;-2002.976
54928;96.90556;-340.7747;-2001.119
54962;92.49727;-342.8628;-1998.806
54996;89.87345;-344.1555;-1996.734
55031;89.58618;-344.6179;-1995.763
55081;89.81225;-344.7368;-1995.176
55098;89.47321;-344.9837;-1994.198
55131;88.89523;-345.097;-1993.072
55165;88.4601;-345.1587;-1992.135
55199;88.25661;-345.241;-1991.643
55233;88.15608;-345.1158;-1991.244
55283;88.16759;-345.1388;-1990.863
55300;88.28693;-345.1613;-1990.562
55353;88.408;-345.001;-1990.362
55368;88.8676;-344.7252;-1990.22
55401;89.42956;-344.5982;-1990.154
55440;89.59167;-344.6814;-1990.058
55473;89.62991;-344.5921;-1990.012
55507;89.60265;-344.27;-1990.238
55541;89.76756;-343.9509;-1990.623
55574;90.00253;-343.5456;-1991.359
55608;90.82735;-343.1477;-1992.761
55659;91.6913;-342.6974;-1994.209
55675;94.57774;-340.9737;-1996.666
55709;103.0156;-337.9299;-2001.511
55743;107.3906;-336.9722;-2003.591
55776;116.543;-334.3279;-2007.21
55810;119.6551;-332.8311;-2008.573
55828;123.5904;-330.7769;-2010.023
55877;129.9002;-326.4121;-2012.693
55911;133.4626;-324.9536;-2013.968
55944;136.5445;-323.6451;-2014.242
55961;141.9014;-317.2092;-2016.246
55995;147.1664;-318.2525;-2015.589
56040;149.8808;-317.9557;-2015.639
56069;154.0641;-313.4919;-2017.074
56103;155.8498;-311.0296;-2018.195
56136;155.8319;-311.0923;-2018.226
56170;155.5979;-311.399;-2018.283
56204;154.5632;-312.4915;-2018.376
56237;153.0958;-313.3034;-2018.911
56271;149.8506;-313.4112;-2019.676
56305;143.5213;-316.667;-2019.849
56334;138.6966;-319.384;-2019.406
56378;131.8088;-324.5189;-2018.264
56394;129.1071;-326.4234;-2018.331
56428;124.3794;-329.293;-2018.103
56467;117.4388;-332.7994;-2017.443
56495;112.5639;-334.8108;-2016.577
56529;102.1682;-338.2061;-2014.562
56563;99.43507;-339.3324;-2014.465
56597;92.49617;-340.3892;-2012.642
56629;88.39516;-341.7625;-2011.115
56662;85.57076;-343.0431;-2009.758
56713;80.60098;-343.6908;-2007.401
56730;76.16981;-345.3409;-2005.292
56780;74.04593;-345.921;-2004.048
56814;72.35117;-346.1731;-2002.489
56831;72.54867;-346.4734;-2001.78
56881;72.46083;-346.8837;-2000.611
56915;72.25419;-347.0118;-1999.367
56932;72.2005;-346.9243;-1998.528
56966;72.1681;-346.8681;-1997.645
56999;72.27061;-346.5133;-1996.881
57034;72.28699;-346.2402;-1996.036
57067;72.53053;-345.9511;-1995.362
57101;72.76942;-345.9234;-1994.714
57134;73.35569;-345.5963;-1994.113
57168;74.11618;-345.6014;-1993.432
57202;75.54958;-345.3888;-1992.943
57235;76.03003;-345.0941;-1992.667
57269;76.13095;-345.085;-1992.59
57303;76.68206;-344.9436;-1992.573
57370;88.28375;-341.1654;-1995.066
57404;96.39631;-338.7847;-1997.4
57488;110.9397;-333.7859;-2001.475
57505;116.4672;-331.6428;-2002.984
57539;119.3139;-330.1071;-2003.729
57572;122.0353;-329.8965;-2004.268
57623;128.144;-327.8089;-2005.96
57691;136.4507;-325.5264;-2007.259
57707;141.6964;-324.179;-2008.107
57748;146.9722;-321.5993;-2009.032
58111;131.5708;-324.9105;-2017.389
58127;151.3536;-319.9327;-2012.869
58143;126.4925;-327.3085;-2019.735
58177;123.0222;-328.0905;-2020.332
58211;117.0433;-331.1607;-2020.093
58245;109.3021;-334.3661;-2018.75
58278;106.1111;-336.3728;-2019.121
58312;100.7571;-339.0121;-2019.495
58329;94.68972;-341.8548;-2019.752
58379;89.1661;-344.0274;-2019.175
58413;82.21171;-345.5319;-2017.379
58430;76.59016;-346.838;-2016.157
58480;71.69761;-347.9594;-2015.26
58497;68.72735;-348.8973;-2014.532
58531;68.49825;-349.0623;-2014.405
58564;68.52012;-349.0358;-2014.376
58615;68.61323;-349.1275;-2014.137
58632;68.09725;-349.405;-2013.676
58666;68.06089;-349.3805;-2013.542
58704;67.78617;-349.3969;-2013.272
58738;67.30624;-349.4784;-2012.936
58772;67.18864;-349.5318;-2012.785
58805;67.02138;-349.5233;-2012.637
58842;66.66545;-349.5693;-2012.262
58876;66.3828;-349.5454;-2011.947
58893;66.38169;-349.4608;-2011.746
58943;66.59338;-349.3563;-2011.365
58960;66.74745;-349.2649;-2011.191
59011;66.91661;-348.9121;-2010.767
59066;66.94379;-348.7034;-2010.593
59082;67.29484;-348.2916;-2010.633
59182;85.87739;-338.5224;-2013.874
59198;94.65234;-336.7491;-2013.627
59232;101.7268;-335.3891;-2012.956
59266;108.3162;-332.7392;-2012.771
59300;112.8651;-331.2486;-2011.617
59333;119.9495;-328.113;-2011.365
59367;128.0049;-326.2577;-2011.508
59400;135.9258;-321.0161;-2013.173
59434;141.6524;-319.9612;-2013.494
59468;144.8457;-319.1259;-2013.624
59501;154.3197;-311.6101;-2016.508
59586;161.4988;-310.604;-2017.657
59620;164.2782;-309.7923;-2018.587
59704;164.1929;-310.5745;-2019.351
59737;162.1559;-312.9886;-2020.468
59771;158.6823;-316.6937;-2021.971
59805;153.5048;-323.0389;-2023.208
59838;150.4937;-326.6308;-2023.23
59872;148.999;-329.1282;-2023.945
59906;141.59;-334.1096;-2023.493
59939;138.399;-335.7608;-2024.24
59973;133.6474;-337.8471;-2024.59
60007;125.8933;-340.2708;-2025.113
60041;118.5343;-342.771;-2024.702
60074;110.973;-344.8918;-2024.599
60108;99.69294;-348.3296;-2022.714
60142;94.24341;-349.2419;-2021.426
60158;89.09077;-350.426;-2020.359
60192;84.75269;-351.0743;-2019.607
60226;81.06664;-351.1064;-2018.632
60260;79.38481;-351.2478;-2018.234
60293;78.92152;-351.6732;-2017.631
60344;78.0306;-351.759;-2016.91
60361;76.37164;-351.2696;-2016.227
60411;74.11096;-350.7657;-2015.387
60430;72.43472;-350.0461;-2014.783
60463;71.24345;-349.7623;-2014.109
60514;69.6468;-349.6793;-2012.973
60582;67.51231;-348.1821;-2012.037
60615;66.06332;-346.959;-2011.613
60666;64.74823;-346.3753;-2011.084
60716;63.57235;-345.9224;-2010.687
60733;62.48523;-345.7206;-2010.208
60767;61.67218;-345.768;-2009.708
60800;61.00634;-345.683;-2009.459
60834;60.59721;-345.6905;-2009.161
60868;60.2838;-345.7652;-2008.89
60919;60.27336;-345.7084;-2008.766
60935;59.92455;-345.9615;-2008.54
60969;59.86918;-345.9821;-2008.457
61004;59.82554;-345.9635;-2008.436
61034;59.79886;-345.9535;-2008.417
61073;59.79008;-345.9613;-2008.415
61099;59.75367;-346.0265;-2008.352
61141;59.73304;-346.0664;-2008.354
61192;59.81216;-346.2495;-2008.328
61209;59.86904;-346.1721;-2008.412
61260;60.02608;-346.0978;-2008.565
61293;60.12286;-346.1895;-2008.66
61310;60.22552;-346.2027;-2008.771
61343;60.4062;-346.3502;-2008.814
61580;60.66777;-346.3;-2008.974
61596;60.78607;-346.2908;-2009.226
61613;60.82569;-346.2599;-2009.413
61630;60.6624;-346.1055;-2009.79
61647;60.46365;-346.029;-2009.941
61663;59.81816;-345.9893;-2010.369
61697;58.28407;-345.4859;-2010.945
61731;56.67806;-344.9181;-2011.25
61765;55.01484;-344.7808;-2011.182
61799;51.63892;-344.6365;-2010.98
61832;49.47367;-344.8613;-2010.352
61858;46.20226;-344.4015;-2009.842
61908;42.7564;-344.2474;-2008.938
61925;39.42569;-344.0135;-2007.722
61989;34.72625;-344.1857;-2005.928
61997;31.45407;-343.9963;-2004.678
62031;28.36787;-344.3179;-2002.661
62065;26.20392;-343.9948;-2001.396
62099;24.147;-343.814;-1999.042
62132;22.13113;-343.1187;-1996.88
62183;20.34948;-342.2529;-1994.406
62200;18.92767;-341.5471;-1991.485
62275;16.44935;-339.8896;-1985.645
62292;15.51542;-338.9752;-1982.674
62343;14.97352;-337.8952;-1980.157
62376;14.75367;-336.9014;-1977.795
62393;14.99642;-335.8055;-1974.529
62427;15.30644;-335.3147;-1970.942
62461;15.67629;-334.8105;-1967.267
62494;16.1666;-333.821;-1963.643
62545;16.18259;-332.5976;-1960.221
62579;16.2694;-331.4205;-1956.979
62612;16.72652;-330.6179;-1954.226
62642;16.84951;-329.4543;-1951.683
62808;17.10029;-329.1217;-1949.263
62832;17.70058;-328.5167;-1946.985
62848;18.63152;-327.8089;-1943.75
62865;19.49235;-327.0133;-1941.794
62916;20.1893;-326.466;-1940.304
62933;20.94513;-326.0176;-1939.057
62967;21.87154;-325.4754;-1937.883
63000;22.49369;-325.1018;-1936.97
63034;22.78432;-324.8606;-1936.4
63067;23.19516;-324.4042;-1935.902
63101;23.76987;-324.3609;-1935.028
63152;23.66357;-324.2574;-1933.925
63185;23.37352;-324.2907;-1932.899
63202;22.8078;-324.2849;-1931.333
63236;21.92279;-323.9193;-1929.443
63270;20.47233;-323.8205;-1926.89
63303;18.769;-323.3473;-1924.183
63337;16.81616;-322.8578;-1920.91
63371;14.003;-322.8034;-1917.008
63404;11.17254;-323.1688;-1912.982
63438;8.301291;-322.7512;-1908.645
63472;5.588438;-322.3517;-1903.513
63505;3.002521;-321.1284;-1897.56
63523;1.919206;-319.7227;-1890.513
63556;-0.6637216;-318.5057;-1878.978
63607;-3.162692;-317.9404;-1867.392
63623;-4.136695;-316.8163;-1855.01
63657;-4.916924;-315.5285;-1840.184
63708;-5.16853;-314.2336;-1821.871
63741;-4.873335;-313.0433;-1801.557
63775;-4.955679;-311.7936;-1780.482
63809;-5.037368;-308.7605;-1756.255
63842;-5.811021;-303.7197;-1730.15
63876;-6.87554;-296.6808;-1705.009
63910;-8.220445;-287.6835;-1676.4
63927;-10.13013;-276.8119;-1648.372
63962;-11.77849;-265.2299;-1620.973
63994;-14.41147;-256.7184;-1597.299
64028;-17.46916;-246.5511;-1569.68
64062;-5.686004;-242.2671;-1540.924
64095;68.75049;-378.6175;-1476.022
64133;116.2317;-476.5027;-1405.676
64163;101.9297;-392.7191;-1125.683
65164;-128.7497;3.05523;-1027.121
65199;-56.40665;46.21233;-1003.499
65214;-46.34735;33.50431;-999.0515
65248;-9.416735;67.82664;-998.9322
65299;-77.1115;63.4425;-607.8864
65316;-64.33905;61.75571;-583.209
65350;-46.93951;54.7251;-582.4153
65383;-259.0627;258.0574;-862.0347
65417;-259.0627;258.0574;-862.0347
65451;-82.21372;56.27637;-952.4808
65485;-100.5645;-0.466533;-943.7513
65507;-96.60232;6.465461;-935.5825
65541;-62.33167;50.51717;-921.572
65575;-69.29119;52.83276;-915.8395
65608;-65.51778;32.95887;-524.447
65642;-68.78908;1.074207;-530.6641
65676;-68.78908;1.074207;-530.6641
65693;-68.78908;1.074207;-530.6641
65803;413.3449;-207.878;-1357.01
65837;414.3167;-220.8563;-1373.406
65870;413.7361;-234.7165;-1393.115
65904;425.4944;-202.3451;-1427.487
65938;430.3062;-219.7625;-1436.264
65971;432.6841;-243.3456;-1453.682
66005;366.1235;-269.1117;-1508.997
66058;363.8758;-274.7795;-1518.045
66073;353.6146;-231.9855;-1581.227
66107;347.4731;-243.2738;-1589.339
66141;337.3761;-253.098;-1619.132
66174;319.7285;-256.8468;-1635.946
66191;258.3417;-254.8685;-1660.909
66231;269.1871;-255.6726;-1675.411
66265;251.934;-249.3615;-1728.191
66298;240.4538;-247.5737;-1747.366
66332;230.6135;-231.0612;-1770.046
66366;217.8271;-190.163;-1807.525
66416;215.629;-187.7942;-1813.592
66433;211.2673;-192.7426;-1826.224
66467;200.7544;-198.274;-1850.572
66500;196.6651;-200.8339;-1866.628
66534;193.8274;-208.6833;-1883.587
66568;188.555;-201.7431;-1907.345
66602;175.824;-202.198;-1943.976
66635;167.5451;-204.6103;-1966.351
66669;152.8516;-209.9983;-1999.87
66703;138.7405;-211.4437;-2029.7
66753;129.8465;-214.9213;-2054.351
66770;120.573;-212.8704;-2084.691
66804;115.3775;-213.3483;-2102.649
66838;113.0541;-216.0058;-2118.868
66876;109.9145;-218.266;-2132.403
66909;106.1827;-222.0948;-2145.272
66926;104.9212;-223.7845;-2156.53
66976;103.1414;-224.6746;-2168.396
66993;103.868;-236.7513;-2178.256
67027;105.7667;-240.2651;-2182.614
67078;105.7034;-242.0677;-2189.309
67094;105.6123;-243.0582;-2196.513
67145;106.1278;-242.9429;-2201.718
67162;111.4054;-257.667;-2207.291
67195;113.698;-260.9445;-2209.901
67246;119.7771;-260.6748;-2210.827
67263;124.2989;-260.1638;-2211.486
67313;129.5705;-258.8011;-2212.011
67330;139.0899;-259.0946;-2209.952
67364;148.8761;-256.8326;-2205.016
67414;155.9526;-257.1385;-2200.023
67449;166.0554;-256.8728;-2194.045
67480;178.3055;-254.9236;-2186.386
67511;195.243;-255.0606;-2173.798
67549;217.5727;-252.5898;-2159.939
67583;241.2292;-252.8701;-2143.823
67600;260.5619;-249.9921;-2129.631
67633;284.2963;-248.1124;-2114.16
67668;309.0508;-242.5183;-2098.536
67712;326.4421;-242.1169;-2088.023
67731;344.4857;-238.8722;-2077.167
67776;359.1758;-231.5673;-2072.149
67810;378.2277;-223.009;-2062.956
67844;388.4453;-218.7275;-2057.032
67878;395.8484;-217.724;-2051.25
67911;409.4807;-211.6494;-2044.26
67934;424.028;-207.9938;-2035.969
67968;434.0478;-205.852;-2029.76
67999;442.2095;-200.3136;-2023.416
68030;449.467;-196.5361;-2018.297
68062;455.1328;-193.8665;-2012.948
68119;462.8027;-190.762;-2006.887
68136;469.0643;-186.6669;-2002.177
68170;471.7791;-184.3905;-1997.629
68204;475.3767;-182.4593;-1992.691
68246;479.512;-180.8938;-1986.167
68269;480.9831;-180.3598;-1981.194
68296;482.4873;-179.8198;-1976.662
68346;484.6335;-179.0644;-1973.118
68363;486.8208;-175.9677;-1969.785
68397;487.9695;-174.7825;-1966.918
68431;489.583;-172.801;-1964.316
68464;490.6874;-171.7834;-1962.906
68498;491.1505;-170.6243;-1961.734
68549;491.534;-169.4502;-1961.012
68565;491.5398;-169.4346;-1960.928
68599;491.6205;-168.6424;-1961.061
68633;491.5142;-167.96;-1962.011
68667;491.7312;-167.4607;-1963.848
