
1;-586.2515;256.2641;-2252.985
30;-547.5637;218.752;-2277.334
66;-561.8442;260.4676;-2257.675
134;-530.4645;225.0634;-2285.146
169;-527.0056;222.9602;-2289.074
276;-493.7999;217.3258;-2325.33
316;-488.4273;219.8699;-2332.287
402;-470.8932;224.541;-2350.844
432;-460.1009;241.4941;-2361.985
449;-457.7981;289.7369;-2361.955
517;-456.5118;291.272;-2364.763
777;-416.7835;342.1416;-2422.282
808;-403.669;346.9487;-2427.145
837;-403.1384;347.0084;-2427.465
865;-396.0498;348.1909;-2428.683
887;-390.9543;345.8401;-2430.474
909;-387.0965;344.2533;-2431.417
932;-377.798;339.9743;-2430.085
985;-372.3883;333.7695;-2426.744
1003;-358.0058;320.9324;-2415.583
1024;-342.8708;297.8461;-2390.585
1047;-334.4351;253.5374;-2370.028
1077;-316.4734;198.6752;-2361.394
1121;-274.9437;154.6513;-2314.595
1141;-262.1154;78.49776;-2283.273
1191;-276.9107;-17.50784;-2281.093
1208;-215.1909;-78.06017;-2229.293
1244;-188.6913;-182.007;-2211.956
1286;-176.8428;-273.0137;-2188.53
1336;-195.4055;-339.6163;-2251.746
1374;-188.205;-439.6282;-2261.868
1460;-176.2965;-519.0562;-2332.725
1493;-178.1268;-530.2581;-2349.068
1516;-187.418;-545.8122;-2371.209
1550;-190.9085;-550.3272;-2378.412
1608;-198.5415;-550.1642;-2385.814
1648;-211.4021;-542.863;-2401.021
1689;-219.5072;-543.3997;-2400.863
1724;-237.7273;-532.4878;-2400.028
1759;-247.112;-529.4328;-2394.601
1783;-260.3921;-527.3665;-2378.906
1821;-265.7451;-523.7914;-2369.531
1851;-271.0619;-511.1039;-2356.431
1872;-273.0892;-499.6461;-2343.365
1906;-272.7711;-497.0594;-2337.563
1928;-268.0429;-489.2447;-2323.886
1965;-262.3619;-479.993;-2316.366
2005;-251.3781;-474.028;-2302.299
2053;-240.9211;-465.905;-2299.766
2088;-235.5364;-464.9745;-2299.018
2112;-229.6332;-465.5818;-2298.667
2151;-228.2299;-464.3722;-2299.366
2201;-227.3753;-464.7957;-2299.876
2228;-226.4948;-467.6483;-2301.146
2251;-230.8525;-476.29;-2305.117
2275;-233.5027;-482.2183;-2308.887
2298;-241.981;-487.4458;-2314.536
2347;-254.0221;-490.8288;-2316.391
2369;-297.2801;-493.7143;-2308.952
2391;-354.1612;-447.2384;-2327.044
2657;-421.9986;-398.521;-2338.096
2747;-589.5031;45.93278;-2476.262
2777;-533.7881;340.6621;-2536.085
2802;-488.5171;431.481;-2556.341
2828;-339.1884;532.3173;-2586.496
2885;-176.5102;558.5264;-2606.205
2924;-126.7789;565.3102;-2604.439
2959;-112.1475;548.4095;-2604.052
2998;-112.3177;516.7071;-2605.873
3049;-108.7969;569.9562;-2596.915
3070;-131.8472;577.0266;-2589.363
3112;-150.1333;636.0842;-2586.952
3136;-172.497;638.5817;-2582.669
3191;-208.9935;634.9129;-2574.62
3215;-244.2124;589.6198;-2566.536
3260;-311.3822;593.4648;-2534.63
3286;-358.5993;522.3607;-2531.202
3340;-410.3127;493.1402;-2516.979
3359;-465.5169;439.9068;-2488.37
3386;-491.1821;331.0008;-2473.068
3407;-524.8858;242.678;-2446.863
3445;-547.4352;140.1992;-2427.813
3499;-494.2644;-178.9935;-2393.241
3562;-484.2473;-259.3852;-2352.859
3664;-327.6907;-503.3396;-2342.271
3737;-284.4895;-526.7983;-2359.729
3823;-213.6146;-567.9333;-2386.597
3855;-198.7731;-555.2141;-2403.747
3881;-187.6387;-564.9014;-2398.309
3920;-183.6252;-568.4875;-2396.538
3960;-181.4279;-570.0465;-2396.283
3985;-184.8309;-558.2643;-2404.927
4009;-190.8743;-562.1492;-2398.869
4046;-211.0296;-568.2448;-2389.526
4106;-267.0923;-551.0058;-2359.81
4145;-334.0571;-503.1953;-2367.67
4406;-580.7297;240.7896;-2533.812
4497;-484.8943;385.3403;-2597.246
4554;-456.6249;472.9193;-2619.389
4590;-400.4979;509.832;-2635.382
4620;-355.7593;537.7772;-2639.401
4641;-320.9788;536.1896;-2644.256
4664;-300.3481;612.6846;-2652.078
4706;-293.8111;617.4265;-2653.473
4742;-287.8518;621.8433;-2657.548
4763;-286.5038;622.6873;-2656.04
4786;-285.7712;620.3706;-2653.057
4828;-294.399;614.7841;-2638.279
4850;-321.2741;602.6797;-2621.55
4881;-336.9947;551.9612;-2611.02
4909;-378.1429;497.4537;-2603.712
4966;-399.0208;488.0235;-2592.378
4985;-448.7018;459.0021;-2565.26
5015;-460.118;386.1364;-2556.519
5052;-513.4498;347.1017;-2520.137
5082;-550.2791;289.9423;-2483.755
5108;-538.9827;175.8193;-2474.28
5146;-587.1505;81.73285;-2424.871
5169;-528.1138;-36.02152;-2463.487
5238;-500.9751;-153.3639;-2446.298
5273;-489.6749;-257.5583;-2381.331
5292;-469.8471;-353.5939;-2341.817
5311;-399.3492;-424.5459;-2365.036
5379;-342.5223;-473.1593;-2375.61
5402;-303.2886;-532.998;-2353.604
5422;-251.8486;-547.6367;-2384.495
5464;-213.9763;-580.1176;-2388.395
5494;-189.376;-565.6866;-2411.396
5519;-180.5814;-566.6826;-2410.453
5549;-173.1116;-563.6797;-2410.985
5589;-170.593;-563.0118;-2412.174
5628;-171.7633;-559.1501;-2416.914
5678;-179.7731;-567.8046;-2419.831
5704;-213.9049;-605.9875;-2406.376
5739;-263.9056;-567.914;-2390.963
5797;-336.3312;-550.6481;-2379.626
5840;-388.5637;-450.5383;-2423.156
5868;-492.6197;-403.7513;-2396.157
5911;-541.2603;-184.4254;-2484.188
5950;-573.0627;-50.03292;-2520.488
5969;-564.881;61.65622;-2551.932
6011;-549.8;172.8168;-2568.364
6033;-516.5352;272.1736;-2608.147
6075;-486.2302;383.9827;-2638.087
6116;-376.4127;417.1899;-2675.334
6149;-363.9528;564.0427;-2704.307
6182;-310.0721;609.1022;-2721.863
6205;-202.3378;526.9783;-2718.754
6244;-181.677;604.9726;-2738.041
6285;-169.8271;606.9816;-2736.136
6446;-91.845;603.4212;-2730.205
6486;-90.62273;611.4139;-2735.214
6520;-99.39627;609.0524;-2736.692
6543;-115.1096;660.106;-2752.1
6595;-158.438;649.1876;-2749.674
6623;-193.836;671.7301;-2759.468
6653;-290.1172;553.7482;-2728.528
6678;-357.2526;547.5783;-2713.707
6725;-402.8026;478.0367;-2700.809
6762;-434.0125;383.9917;-2681.487
6794;-493.7898;318.6359;-2643.791
6846;-501.6165;201.203;-2623.463
6870;-537.1027;98.76041;-2607.532
6904;-523.2223;-16.80672;-2568.41
6941;-527.5924;-118.9772;-2533.109
6964;-499.828;-222.7215;-2489.264
6985;-510.2924;-334.7173;-2430.972
7024;-440.8882;-404.6997;-2428.509
7046;-372.7774;-457.7923;-2432.241
7098;-316.2547;-502.7348;-2420.334
7148;-217.0929;-589.6811;-2402.078
7177;-171.734;-568.584;-2415.017
7222;-165.5799;-557.1984;-2418.52
7257;-161.0578;-553.7662;-2424.684
7282;-160.1585;-549.5804;-2425.421
7320;-178.2612;-564.8049;-2425.415
7354;-221.1879;-593.921;-2404.253
7378;-268.9175;-571.3348;-2404.037
7406;-351.4678;-561.2369;-2388.336
7428;-414.0339;-476.4779;-2413.597
7449;-499.42;-417.0795;-2409.124
7503;-536.683;-320.0334;-2452.467
7547;-573.3494;-97.3711;-2494.111
7583;-552.3293;7.475156;-2532.156
7656;-613.7106;129.7655;-2555.181
7678;-591.254;248.0151;-2573.359
7702;-553.0018;361.7359;-2610.453
7741;-484.5381;463.8496;-2644.099
7764;-346.9103;459.9049;-2675.65
7786;-329.9191;586.665;-2694.065
7832;-242.6132;602.4629;-2716.827
7873;-166.7322;608.7874;-2725.175
7896;-114.3588;596.6579;-2724.598
7939;-84.47021;595.7068;-2724.863
7976;-63.81463;594.3464;-2724.796
7997;-54.84988;594.4385;-2721.714
8024;-57.61587;595.9209;-2718.012
8066;-65.93588;600.3515;-2707.207
8089;-85.36738;604.2666;-2702.516
8115;-124.5219;607.8162;-2697.287
8252;-274.7245;578.0154;-2666.291
8276;-349.0026;584.5497;-2639.371
8321;-396.1643;508.5735;-2620.852
8384;-486.7457;352.9164;-2567.811
8403;-522.2167;262.1364;-2538.183
8426;-526.2135;149.6315;-2537.951
8445;-551.6997;80.28995;-2504.927
8500;-556.7297;-5.685452;-2488.484
8518;-543.9108;-93.97903;-2464.939
8585;-535.1509;-185.0289;-2441.891
8606;-495.8782;-346.5465;-2388.357
8643;-437.3631;-413.7537;-2380.729
8677;-366.5699;-453.8855;-2403.794
8714;-328.5405;-538.6884;-2372.934
8757;-261.4579;-559.4029;-2385.116
8781;-211.104;-581.0038;-2397.628
8831;-194.6194;-574.9815;-2405.499
8880;-187.0091;-570.0548;-2410.993
8903;-186.7515;-570.9962;-2412.557
8941;-269.0776;-583.3798;-2386.224
8995;-343.831;-552.1839;-2391.764
9018;-399.5759;-457.4081;-2418.491
9037;-500.1074;-404.2682;-2402.081
9072;-532.0158;-311.2206;-2438.531
9124;-546.6831;-208.5358;-2475.415
9147;-568.5303;-88.59554;-2492.319
9179;-602.7614;17.01931;-2518.048
9222;-613.2719;114.1762;-2562.745
9250;-591.8976;218.803;-2560.48
9277;-556.9413;332.1024;-2601.592
9347;-479.32;387.649;-2630.225
9478;-227.685;497.7845;-2701.918
9503;-198.0607;561.5067;-2696.906
9540;-142.9245;600.3145;-2705.998
9582;-109.5725;604.5692;-2703.839
9625;-83.94617;606.5261;-2699.379
9648;-74.91383;606.2847;-2698.806
9686;-67.02776;606.9582;-2695.606
9707;-64.14162;607.278;-2690.545
9732;-65.34918;607.8147;-2688.721
9762;-78.74539;612.243;-2688.555
9790;-104.5208;618.2039;-2679.816
9823;-139.5526;619.1228;-2674.494
9861;-186.8155;616.5959;-2677.933
9886;-235.6422;652.8988;-2679.744
9932;-295.7664;612.9381;-2650.594
9986;-345.8034;547.7079;-2634.064
10038;-400.1844;494.8457;-2612.185
10064;-475.4061;439.0526;-2569.14
10089;-515.8506;326.369;-2536.063
10125;-558.8677;207.2697;-2496.621
10204;-532.3255;22.71097;-2499.43
10233;-514.3864;-77.48293;-2482.653
10263;-504.1299;-196.1528;-2440.424
10281;-502.9136;-305.2057;-2394.058
10402;-340.9143;-531.2919;-2378.474
10426;-236.0242;-577.8912;-2391.9
10472;-205.1879;-575.3696;-2409.618
10503;-187.0801;-580.5279;-2405.24
10530;-181.027;-579.1091;-2404.058
10572;-176.7995;-577.3877;-2402.308
10602;-175.4185;-570.8841;-2404.2
10641;-190.5152;-578.3259;-2393.884
10698;-249.2757;-555.021;-2377.594
10727;-379.9095;-448.4089;-2383.201
10751;-512.7183;-276.1095;-2418.663
10795;-527.4376;-163.0837;-2458.926
10830;-547.2297;-44.77074;-2490.057
10868;-557.9136;68.7711;-2518.4
10890;-555.0833;182.2277;-2536.835
10948;-542.723;328.2543;-2568.77
10970;-499.4319;452.8665;-2611.086
11038;-394.4352;480.9376;-2640.595
11146;-251.0423;591.8615;-2691.424
11164;-180.7171;605.5129;-2696.609
11238;-26.5867;596.8846;-2667.274
11263;-23.05537;592.4966;-2672.848
11307;-19.03908;587.7177;-2669.563
11346;-31.23527;593.8416;-2671.605
11382;-56.27726;601.4652;-2682.514
11457;-68.07917;610.5458;-2679.472
11479;-113.1953;614.9099;-2675.73
11518;-162.6928;616.2497;-2669.684
11533;-222.0311;642.511;-2667.612
11560;-290.5305;599.1819;-2639.467
11580;-344.0307;527.1514;-2615.795
11621;-405.8871;474.024;-2586.149
11642;-483.6826;413.3922;-2539.062
11694;-523.1907;289.0434;-2500.44
11724;-521.6681;130.5139;-2486.398
11774;-514.1327;-7.221169;-2460.004
11817;-484.499;-139.7606;-2456.98
11846;-491.1306;-255.7989;-2408.55
11873;-482.8409;-357.6739;-2368.258
11894;-410.858;-423.7116;-2381.434
11913;-352.6729;-468.6954;-2390.734
11976;-265.7764;-553.7895;-2375.797
12038;-228.1492;-568.8027;-2382.141
12110;-168.8454;-557.3102;-2399.693
12132;-187.6752;-572.3251;-2386.212
12159;-165.1376;-570.9539;-2385.43
12179;-162.6372;-572.649;-2382.989
12236;-182.5123;-585.9331;-2374.254
12266;-230.8294;-580.4024;-2353.688
12303;-290.7616;-545.1161;-2345.843
12325;-347.2002;-469.2848;-2369.966
12350;-436.0472;-411.8478;-2360.916
12380;-501.9681;-324.6964;-2379.485
12441;-513.7851;-222.3118;-2421.713
12477;-546.1479;18.1693;-2498.428
12504;-547.5425;124.2454;-2535.733
12561;-545.3278;250.5772;-2563.013
12583;-485.7766;348.2881;-2604.03
12662;-366.7659;556.6808;-2675.943
12728;-202.6667;602.9909;-2725.216
12770;-134.0043;612.0942;-2744.496
12793;-94.83064;583.6408;-2747.921
12834;-70.1546;582.364;-2751.993
12858;-63.34408;581.3937;-2751.877
12897;-55.40265;581.4039;-2749.146
12969;-18.94846;661.1228;-2747.0
13019;-72.02791;591.6895;-2717.454
13041;-106.6982;601.6339;-2713.921
13083;-139.1546;615.6485;-2710.106
13122;-185.067;607.4815;-2698.833
13174;-249.8106;585.2184;-2689.345
13196;-316.7997;538.0635;-2655.52
13218;-375.8398;488.2918;-2636.11
13242;-445.9825;432.0706;-2611.492
13292;-480.1646;333.2736;-2586.336
13317;-514.2529;220.8969;-2559.854
13355;-540.3434;121.4466;-2538.673
13385;-534.5217;7.399477;-2524.957
13439;-548.7076;-83.36668;-2492.915
13475;-527.9948;-184.7483;-2475.107
13496;-508.476;-263.8187;-2461.598
13513;-504.2047;-352.3961;-2415.672
13532;-440.6184;-420.5216;-2415.495
13582;-377.2552;-451.8895;-2427.397
13619;-344.0349;-518.3826;-2401.349
13656;-291.3689;-543.0447;-2407.71
13673;-246.4122;-570.065;-2403.198
13724;-220.321;-582.8447;-2412.237
13756;-187.3665;-579.7274;-2419.779
13783;-174.1687;-565.2684;-2421.488
13813;-172.7349;-552.5049;-2432.746
13871;-173.2509;-570.9272;-2420.674
13897;-207.9601;-592.6921;-2407.062
13924;-252.3454;-577.0345;-2402.936
13969;-320.6586;-558.5319;-2385.084
13996;-369.1242;-465.2088;-2427.945
14012;-487.3162;-427.717;-2397.623
14047;-525.2491;-319.4244;-2434.497
14088;-537.0433;-211.9805;-2483.556
14114;-559.9994;-73.25141;-2498.234
14175;-554.8655;22.32068;-2539.205
14205;-597.3375;153.0529;-2566.26
14276;-560.855;260.3265;-2591.279
14302;-498.2025;364.437;-2627.701
14333;-439.5057;474.4316;-2656.484
14402;-352.4122;549.3394;-2684.435
14455;-275.5446;597.3766;-2701.439
14493;-104.2232;617.2953;-2731.538
14538;-50.76941;604.2245;-2741.887
14612;-22.71102;598.1943;-2735.44
14631;6.098293;593.0938;-2718.243
14657;0.5939168;641.7168;-2731.847
14700;-33.92209;688.3076;-2747.364
14725;-55.97514;694.1069;-2747.121
14765;-117.5979;664.8661;-2726.579
14793;-166.8605;663.1797;-2717.927
14829;-240.0173;654.2546;-2717.342
14868;-282.9211;532.0394;-2696.507
14892;-353.3736;532.9096;-2677.928
14926;-421.4002;468.8222;-2658.329
14960;-450.3272;369.6874;-2637.719
14984;-507.436;277.3939;-2615.795
15010;-541.0393;173.6388;-2585.671
15083;-535.5569;59.71059;-2580.024
15105;-534.7739;-43.20067;-2551.996
15132;-520.2465;-159.9291;-2534.444
15172;-518.3505;-253.3546;-2496.787
15231;-445.1854;-425.0565;-2449.917
15276;-380.4902;-471.1418;-2461.744
15308;-335.6924;-546.6603;-2430.445
15340;-267.2909;-564.0233;-2433.606
15395;-188.6966;-585.1549;-2428.846
15411;-184.4162;-581.9418;-2430.136
15447;-186.8191;-583.2209;-2430.313
15481;-230.662;-589.7751;-2427.012
15539;-274.987;-551.1198;-2421.293
15576;-341.9379;-525.3878;-2416.688
15599;-402.2813;-454.4293;-2442.314
15681;-538.5772;-196.554;-2492.883
15704;-556.3687;-83.37407;-2512.057
15760;-600.0795;25.62069;-2529.258
15779;-580.4301;133.8573;-2566.314
15818;-549.0086;237.1334;-2590.338
15858;-505.6037;343.2657;-2616.535
15877;-459.7241;458.0226;-2641.49
15913;-370.4675;515.238;-2669.093
15949;-294.5831;559.4348;-2694.514
15992;-222.9101;599.7125;-2716.987
16022;-147.9128;656.9855;-2736.005
16046;-86.75292;687.3055;-2758.92
16083;-49.60614;681.0385;-2759.273
16111;-34.29095;670.8706;-2762.911
16171;-27.34065;673.8947;-2761.46
16196;-26.90792;674.2897;-2760.94
16224;-36.97475;682.0634;-2743.212
16279;-43.84168;682.619;-2741.105
16317;-91.09996;669.0186;-2729.199
16342;-131.055;661.0581;-2723.091
16388;-183.0757;662.3898;-2705.424
16429;-244.8898;650.5556;-2706.606
16452;-311.4802;604.6662;-2671.285
16496;-352.2721;527.5333;-2654.405
16518;-413.1022;488.9567;-2640.302
16546;-486.2842;451.4087;-2612.46
16577;-512.7011;345.4478;-2584.1
16633;-522.5466;220.7543;-2558.256
16655;-525.6794;125.0337;-2542.816
16678;-574.4585;48.26326;-2509.582
16705;-572.6286;-23.31067;-2492.87
16736;-549.7673;-134.1606;-2468.201
16783;-524.1359;-316.0453;-2413.852
16813;-493.6538;-394.3168;-2387.688
16836;-427.3669;-450.4909;-2392.631
16914;-312.6596;-553.4781;-2380.051
16938;-254.7416;-573.5132;-2390.842
16974;-205.9919;-589.7729;-2397.992
17015;-181.231;-577.3774;-2403.651
17062;-172.0779;-576.5698;-2400.897
17090;-168.9973;-573.6113;-2404.213
17157;-174.3703;-581.0594;-2402.325
17192;-222.2969;-592.4414;-2395.824
17219;-268.1889;-568.8846;-2387.326
17251;-399.3141;-447.5816;-2402.799
17273;-500.1423;-395.6517;-2390.119
17354;-511.0953;-282.5056;-2434.843
17384;-557.0054;-56.39028;-2494.99
17410;-559.0551;50.90258;-2513.61
17444;-538.9105;150.9774;-2541.878
17482;-507.5036;256.2842;-2572.136
17508;-485.4009;390.9447;-2601.622
17552;-413.8154;487.5924;-2631.991
17595;-350.453;575.0276;-2659.34
17617;-274.0266;623.0178;-2692.997
17642;-182.5539;654.6088;-2709.08
17677;-102.1264;664.8901;-2723.546
17727;-53.18965;678.1498;-2744.288
17783;-8.693628;628.5493;-2718.268
17838;10.07056;691.3551;-2727.971
17863;4.780121;707.7726;-2729.99
17883;-39.17295;686.7356;-2714.806
17917;-71.47088;724.4718;-2715.603
17940;-117.6599;667.9619;-2706.958
17978;-174.897;704.7775;-2719.47
18021;-228.9486;605.9129;-2687.947
18041;-278.5241;566.517;-2670.979
18076;-339.1454;530.9456;-2637.575
18101;-389.097;484.7416;-2625.257
18135;-472.9106;447.9135;-2591.014
18186;-500.7;340.4218;-2565.043
18223;-532.7599;224.8889;-2524.638
18257;-534.4757;107.9329;-2505.524
18278;-547.2802;2.241477;-2470.264
18312;-534.5043;-95.88939;-2453.223
18355;-517.6132;-212.4857;-2411.528
18378;-498.5966;-295.0678;-2382.237
18417;-469.2693;-380.6283;-2367.023
18442;-403.9567;-429.2338;-2372.494
18480;-351.7612;-463.5594;-2381.648
18511;-310.6015;-503.8879;-2365.704
18571;-236.1966;-540.0752;-2369.305
18608;-195.3134;-573.3629;-2361.071
18641;-180.2187;-566.8548;-2363.806
18691;-166.8669;-560.332;-2366.069
18717;-163.1891;-558.1814;-2365.724
18757;-162.5878;-557.7043;-2365.501
18788;-162.6195;-557.5605;-2365.29
18842;-188.157;-516.3397;-2384.72
18868;-190.0225;-512.1333;-2386.107
18913;-195.9211;-515.6627;-2378.188
18938;-208.3221;-503.3573;-2382.661
18972;-212.3613;-502.9672;-2380.035
19011;-213.0219;-511.0737;-2373.79
19043;-212.5976;-515.3594;-2371.996
19100;-212.4591;-518.4098;-2369.438
19146;-212.3599;-515.0297;-2368.635
19200;-211.3595;-510.9516;-2369.244
19230;-209.0804;-508.3935;-2370.305
19273;-206.4393;-509.8619;-2369.29
19312;-205.7339;-505.6863;-2369.267
19366;-205.1149;-502.5694;-2368.618
19388;-205.0615;-502.1637;-2367.842
19476;-204.3343;-500.3215;-2366.835
19524;-208.8188;-491.353;-2361.97
19549;-208.5286;-490.6998;-2361.73
19591;-207.2848;-488.702;-2362.981
19623;-204.0746;-488.5757;-2363.811
19658;-201.8458;-487.187;-2365.183
19698;-198.264;-488.9653;-2365.844
19731;-196.019;-492.3339;-2363.682
19792;-193.885;-496.4769;-2361.534
19838;-192.6736;-496.5634;-2361.215
19878;-192.2583;-496.41;-2361.339
19921;-191.9368;-487.9894;-2365.546
19989;-191.4183;-482.7917;-2368.187
20046;-191.8501;-498.0565;-2362.12
20099;-191.7852;-498.5307;-2361.826
20123;-191.6303;-497.2856;-2362.628
20175;-191.6359;-493.6544;-2363.912
20232;-191.7763;-490.65;-2365.475
20257;-192.9806;-489.7361;-2365.106
20286;-195.3117;-489.7788;-2364.2
20340;-197.3738;-489.9879;-2363.265
20361;-198.8519;-490.8569;-2362.546
20456;-199.9171;-494.9141;-2361.619
20589;-199.5717;-501.8292;-2365.795
20627;-197.4001;-504.0705;-2365.619
20709;-189.0741;-504.9357;-2364.204
20751;-188.5274;-504.8585;-2362.984
20772;-188.7204;-504.6826;-2362.422
20823;-188.5507;-504.4351;-2361.783
20885;-188.4199;-504.254;-2360.913
20961;-188.3381;-504.5546;-2357.744
21003;-188.4834;-504.4787;-2356.572
21024;-188.2852;-505.1163;-2355.071
21060;-190.1898;-503.7517;-2352.969
21093;-191.4512;-503.3616;-2351.49
21131;-192.4054;-501.0631;-2348.331
21152;-192.1431;-499.0452;-2346.808
21187;-192.2687;-498.1882;-2347.042
21227;-192.2834;-493.5581;-2349.596
21289;-188.0636;-498.2131;-2347.187
21313;-183.3386;-498.3901;-2350.095
21341;-181.6186;-499.4284;-2350.695
21401;-179.9401;-500.0655;-2350.459
21431;-179.3277;-499.8763;-2350.372
21453;-178.8525;-499.9219;-2349.492
21477;-177.7571;-499.7353;-2347.758
21544;-176.3367;-497.8198;-2346.779
21565;-175.828;-497.8058;-2345.174
21594;-175.7742;-499.0499;-2344.668
21636;-175.7598;-499.078;-2344.467
21662;-175.7745;-498.9003;-2344.861
21699;-176.4083;-500.3691;-2344.834
21747;-179.4285;-496.7885;-2352.174
21769;-181.9826;-493.3854;-2355.629
21819;-187.4625;-493.3665;-2361.441
21871;-189.3265;-490.8508;-2363.156
21944;-191.3728;-492.481;-2364.42
22047;-197.3506;-500.2621;-2368.311
22087;-197.718;-501.712;-2368.594
22142;-197.7688;-502.6622;-2368.125
22183;-196.2662;-504.6853;-2370.029
22208;-194.7841;-505.067;-2370.595
22235;-193.4075;-506.7297;-2371.984
22284;-188.5664;-508.6771;-2374.621
22312;-188.2974;-508.726;-2374.571
22339;-187.6713;-508.077;-2374.639
22378;-187.2024;-508.1609;-2374.241
22410;-186.9611;-507.3781;-2373.162
22439;-187.7004;-506.4331;-2370.387
22466;-187.5815;-504.6297;-2366.485
22503;-187.5672;-504.0008;-2365.062
22550;-187.4983;-502.973;-2364.603
22576;-187.957;-502.041;-2361.852
22622;-188.6124;-498.8295;-2358.231
22651;-189.3579;-497.8025;-2357.083
22689;-190.0267;-497.3633;-2354.497
22730;-191.1959;-496.2785;-2353.149
22755;-191.0892;-493.5603;-2351.061
22800;-190.9495;-492.6447;-2350.423
22825;-190.662;-491.0604;-2348.625
22853;-189.734;-487.7133;-2349.102
22879;-188.5999;-486.0597;-2350.225
22937;-186.3988;-486.1938;-2351.547
22971;-184.5706;-485.5021;-2350.801
23008;-183.3493;-486.933;-2350.313
23031;-182.1457;-491.7577;-2346.898
23055;-180.7403;-490.483;-2347.426
23083;-179.7827;-489.2587;-2346.159
23112;-179.188;-489.8334;-2344.688
23154;-177.1643;-487.3934;-2343.802
23198;-177.0598;-474.7152;-2350.988
23219;-175.6234;-491.7685;-2340.072
23240;-175.6036;-479.8496;-2346.965
23291;-175.5303;-484.0555;-2344.511
23333;-175.4064;-484.7112;-2343.925
23354;-175.9513;-486.9481;-2342.844
23381;-177.0095;-487.6628;-2343.53
23424;-177.4749;-488.3714;-2344.146
23485;-178.1279;-489.6459;-2345.13
23512;-179.1244;-485.8373;-2350.592
23553;-180.6143;-484.8826;-2353.081
23575;-181.821;-484.4518;-2355.301
23628;-183.2561;-484.1362;-2357.465
23649;-184.0634;-483.6248;-2358.758
23703;-184.5998;-484.6406;-2358.674
23724;-186.0695;-485.1551;-2358.678
23770;-187.5112;-485.1168;-2360.522
23806;-188.7489;-488.5809;-2361.412
23851;-189.9077;-489.7084;-2363.084
23871;-191.2703;-491.5524;-2362.513
23905;-191.4558;-492.2738;-2362.733
23956;-191.5696;-492.7453;-2362.736
23981;-191.1703;-492.9408;-2363.311
24008;-190.8247;-493.0418;-2363.684
24063;-190.4408;-494.1616;-2363.467
24085;-189.7932;-495.458;-2363.521
24113;-189.5897;-495.1215;-2364.014
24148;-188.4012;-496.5274;-2364.081
24175;-188.2986;-496.3725;-2363.55
24219;-188.218;-496.4777;-2363.503
24262;-188.1788;-496.4915;-2363.352
24284;-187.5621;-497.7798;-2362.103
24311;-187.3714;-497.5902;-2360.872
24380;-187.2089;-496.2527;-2358.661
24402;-186.9046;-495.4236;-2357.197
24425;-186.7705;-494.5723;-2355.383
24477;-186.9711;-493.6627;-2353.504
24517;-186.7806;-493.7408;-2351.761
24547;-186.6054;-492.309;-2351.291
24590;-187.5712;-491.0726;-2348.836
24609;-188.649;-490.0723;-2347.199
24635;-189.0642;-489.1026;-2346.259
24663;-189.7487;-485.8105;-2344.605
24701;-189.9325;-485.3879;-2344.296
24729;-190.052;-481.2343;-2346.666
24753;-189.8089;-479.8686;-2348.417
24822;-186.5583;-480.6207;-2349.707
24859;-184.8094;-481.6029;-2350.403
24897;-184.2686;-484.2365;-2348.661
24924;-182.7724;-486.2552;-2348.117
24975;-182.4078;-488.7255;-2346.241
25008;-181.0665;-488.4517;-2344.456
25031;-180.503;-481.7985;-2346.534
25073;-179.9311;-490.8044;-2339.605
25106;-179.2295;-489.7342;-2337.746
25132;-179.129;-487.2475;-2336.417
25154;-178.9929;-486.076;-2336.838
25196;-178.6852;-485.6943;-2336.281
25225;-179.4834;-485.4024;-2335.818
25249;-179.6057;-485.2547;-2335.7
25290;-180.232;-485.4188;-2335.743
25309;-180.8015;-485.9176;-2335.597
25361;-181.5333;-484.6449;-2337.165
25405;-182.5604;-483.3213;-2339.248
25427;-183.3794;-484.1418;-2341.44
25451;-183.9501;-481.9692;-2343.433
25515;-186.7961;-483.1981;-2346.439
25550;-193.5137;-484.8462;-2347.461
25591;-194.4942;-486.4837;-2345.759
25669;-195.0279;-487.3816;-2345.878
25707;-196.1276;-489.3658;-2345.635
25729;-197.1591;-491.064;-2345.679
25788;-198.0908;-491.9746;-2348.223
25810;-197.2074;-493.4273;-2352.425
25831;-195.5181;-493.7069;-2354.544
25855;-194.244;-494.754;-2356.805
25878;-193.5997;-495.5081;-2358.05
25912;-192.5498;-497.0698;-2358.36
25947;-191.7961;-497.7271;-2359.249
25982;-191.4562;-497.501;-2359.361
26017;-183.5468;-498.4865;-2359.824
26044;-184.5787;-496.3137;-2358.619
26083;-186.1313;-495.3543;-2357.016
26167;-187.8118;-493.5782;-2355.785
26246;-187.8475;-492.756;-2356.252
26284;-188.1001;-490.8141;-2356.802
26312;-188.3242;-490.0811;-2356.714
26404;-189.2295;-488.7638;-2355.781
26476;-194.538;-485.7834;-2351.655
26497;-195.0687;-485.1647;-2350.99
26550;-195.0069;-484.5489;-2351.014
26578;-194.8813;-482.8793;-2352.043
26609;-193.7454;-477.9405;-2355.676
26635;-192.9093;-478.2516;-2356.056
26678;-191.3808;-480.9387;-2355.533
26703;-189.6923;-483.3475;-2354.532
26732;-188.3402;-484.6801;-2353.836
26783;-185.9036;-485.5254;-2349.974
26824;-183.9293;-476.7289;-2350.472
26861;-182.2338;-483.7238;-2343.572
26924;-180.7609;-481.6844;-2342.158
26962;-179.9036;-487.3832;-2337.485
26986;-179.5573;-486.7064;-2337.908
27026;-179.6592;-486.7876;-2338.173
27068;-179.6994;-487.1176;-2338.818
27098;-180.5026;-486.9408;-2341.196
27116;-181.9677;-484.9631;-2344.68
27156;-183.1471;-484.8665;-2347.025
27181;-185.1894;-480.9735;-2351.144
27222;-187.9334;-481.4323;-2354.358
27264;-188.6806;-481.5617;-2355.84
27285;-189.4587;-482.598;-2357.135
27346;-190.7201;-482.9414;-2357.475
27387;-191.063;-483.0504;-2358.27
27408;-191.1315;-483.8278;-2358.211
27429;-191.3976;-486.1483;-2357.295
27483;-191.8378;-486.9121;-2357.472
27507;-192.0885;-487.0307;-2357.727
27538;-192.3322;-489.0268;-2359.957
27564;-191.9633;-489.1335;-2360.471
27587;-191.6779;-489.4405;-2360.524
27637;-191.7643;-489.3636;-2361.44
27685;-191.3853;-491.051;-2361.208
27720;-190.9951;-492.1224;-2361.159
27748;-190.2093;-493.0037;-2361.2
27775;-188.7483;-493.4355;-2361.531
27812;-187.9197;-493.4844;-2361.774
27863;-187.4155;-493.4688;-2362.014
27887;-187.0804;-493.2577;-2362.005
27922;-186.8633;-492.9417;-2361.208
27948;-187.1958;-492.785;-2360.19
27978;-187.3157;-491.5052;-2358.877
28015;-187.8445;-490.8312;-2358.277
28065;-188.0544;-490.5811;-2358.043
28089;-188.7737;-490.3653;-2357.465
28118;-189.7433;-489.7589;-2356.089
28174;-191.5125;-487.7129;-2354.808
28201;-193.0517;-486.0928;-2351.805
28259;-194.1727;-484.5258;-2350.021
28287;-194.725;-483.7788;-2349.613
28314;-195.2025;-483.3189;-2349.662
28339;-195.6066;-481.3272;-2350.775
28367;-195.8259;-481.3023;-2351.151
28388;-195.5263;-479.8145;-2352.93
28423;-194.4834;-477.5438;-2355.719
28459;-193.817;-477.4451;-2356.898
28500;-193.0641;-477.5946;-2357.842
28521;-192.656;-479.2815;-2356.904
28552;-192.471;-481.2997;-2355.49
28579;-191.5216;-485.4975;-2351.238
28632;-189.8559;-486.2916;-2347.543
28657;-186.8079;-483.4141;-2339.888
28699;-186.0203;-483.3519;-2337.167
28726;-184.4702;-483.3513;-2332.147
28752;-183.5176;-482.261;-2330.822
28787;-183.0108;-484.6666;-2327.265
28824;-183.059;-485.4099;-2325.914
28868;-183.1119;-485.3212;-2325.735
28930;-183.3232;-484.7987;-2326.386
28947;-183.9265;-484.5257;-2327.527
28976;-185.2888;-483.2707;-2328.907
29035;-186.817;-482.1927;-2332.431
29065;-188.5582;-480.9106;-2338.684
29108;-190.3533;-480.0979;-2342.23
29157;-191.8917;-479.8836;-2343.222
29186;-192.5424;-480.6749;-2343.46
29253;-195.3931;-483.7037;-2344.793
29279;-197.2529;-485.3756;-2346.813
29304;-197.2439;-486.2263;-2348.803
29327;-197.442;-486.5659;-2349.016
29353;-197.4344;-487.8278;-2349.336
29400;-197.0499;-489.3385;-2350.821
29426;-196.5066;-489.6323;-2352.714
29453;-195.4547;-490.5258;-2354.928
29491;-195.1582;-488.5537;-2357.037
29524;-193.8576;-488.6613;-2358.197
29546;-193.0159;-488.3673;-2358.883
29586;-191.6804;-488.3385;-2359.261
29616;-191.0197;-486.6179;-2360.229
29661;-190.9781;-483.6897;-2360.766
29683;-189.6629;-482.0629;-2358.498
29751;-189.4123;-481.7495;-2357.318
29789;-188.7738;-481.4767;-2356.947
29810;-188.1214;-481.9904;-2354.313
29844;-188.8553;-481.9757;-2353.354
29896;-189.1869;-482.5385;-2351.278
29934;-190.3418;-482.0774;-2349.295
29954;-191.187;-481.9081;-2348.052
29993;-191.8027;-482.8913;-2346.993
30035;-192.5156;-482.8883;-2347.0
30088;-193.5124;-482.0483;-2347.237
30141;-194.4281;-479.7298;-2350.431
30219;-193.3995;-478.3179;-2355.361
30292;-192.7196;-474.8834;-2359.88
30334;-192.3746;-475.1993;-2361.299
30359;-191.9583;-475.291;-2361.434
30390;-190.5686;-481.7903;-2357.528
30428;-189.3443;-481.9724;-2357.948
30455;-187.7993;-485.716;-2354.334
30493;-186.454;-487.3765;-2350.921
30515;-185.6686;-483.5894;-2348.424
30538;-183.5434;-481.7286;-2346.149
30563;-182.8053;-480.4145;-2344.039
30629;-182.5581;-479.0773;-2343.379
30653;-182.319;-481.3214;-2341.124
30698;-181.9719;-481.518;-2341.025
30728;-181.834;-481.364;-2341.135
30768;-181.8642;-481.4402;-2341.302
30801;-182.6986;-478.1465;-2344.833
30837;-184.7942;-477.1717;-2347.236
30859;-186.1855;-476.1466;-2349.535
30920;-189.8226;-478.0988;-2352.371
30948;-190.3035;-477.4435;-2353.508
30976;-190.743;-479.8164;-2353.481
31005;-191.1001;-480.6037;-2353.859
31040;-191.5317;-481.5967;-2353.859
31081;-192.1706;-482.3766;-2354.067
31121;-192.6699;-484.3533;-2353.268
31161;-193.3885;-485.4508;-2353.56
31193;-194.4158;-486.1961;-2354.001
31269;-193.9124;-487.1209;-2354.772
31305;-193.4602;-487.4818;-2355.528
31338;-193.1754;-487.3771;-2356.198
31381;-192.7714;-488.0073;-2356.351
31411;-191.6969;-487.8471;-2357.294
31455;-188.7778;-488.4664;-2358.936
31505;-187.3309;-488.5548;-2359.887
31533;-187.3439;-488.2931;-2359.695
31565;-187.3825;-488.3264;-2359.632
31622;-187.0499;-487.4943;-2358.585
31660;-187.3088;-487.8019;-2357.732
31702;-186.9803;-487.8697;-2357.327
31750;-186.9579;-486.0897;-2354.947
31783;-188.2559;-486.4832;-2353.293
31841;-190.1187;-485.8191;-2352.137
31870;-192.7151;-483.6779;-2348.948
31925;-193.1081;-483.1586;-2348.4
32006;-193.4337;-479.1922;-2351.38
32050;-192.7419;-477.4496;-2353.88
32076;-191.1947;-476.4703;-2356.966
32106;-190.2263;-477.5653;-2356.933
32144;-188.6105;-478.7345;-2357.386
32187;-185.6356;-480.2188;-2354.744
32245;-185.371;-480.3076;-2354.858
32288;-183.9636;-483.191;-2351.41
32313;-182.5224;-481.5379;-2348.065
32377;-181.2871;-483.897;-2343.196
32419;-181.1902;-484.0451;-2341.996
32444;-180.8219;-483.1197;-2340.775
32467;-180.6875;-483.9972;-2339.609
32514;-180.5117;-485.3082;-2338.725
32543;-180.9412;-486.4982;-2340.069
32580;-182.8879;-484.0382;-2343.037
32604;-184.5019;-474.8326;-2350.177
32634;-185.548;-475.6721;-2351.049
32667;-186.9115;-475.4738;-2352.112
32698;-187.9443;-474.9709;-2353.42
32720;-189.0384;-474.2298;-2354.643
32748;-190.2162;-473.3234;-2355.543
32827;-191.582;-476.3568;-2354.262
32850;-191.7245;-479.106;-2352.483
32908;-192.5952;-479.0183;-2351.781
32932;-192.8314;-482.2426;-2350.207
32964;-193.0001;-482.5003;-2350.575
32992;-192.8887;-482.649;-2351.106
33048;-192.0224;-484.2319;-2350.786
33085;-191.5478;-485.4726;-2351.437
33108;-190.9881;-485.3899;-2352.355
33160;-190.0595;-486.578;-2353.935
33197;-189.8267;-487.5552;-2354.298
33234;-187.8074;-488.9322;-2357.546
33264;-187.6001;-490.0392;-2360.657
33311;-187.3971;-489.5245;-2361.448
33344;-187.3468;-488.4292;-2362.085
33403;-186.9558;-489.1394;-2361.515
33457;-186.4978;-488.7048;-2361.054
33479;-186.4092;-488.8964;-2359.789
33545;-186.6602;-488.5513;-2357.514
33585;-186.7129;-487.7418;-2355.779
33604;-188.137;-485.8433;-2351.996
33633;-189.5852;-484.0609;-2349.286
33662;-192.1042;-481.3815;-2346.149
33698;-193.6432;-479.5272;-2342.467
33738;-193.8764;-478.91;-2342.469
33800;-194.7112;-478.6798;-2342.866
33823;-194.8906;-477.2077;-2344.459
33880;-195.466;-477.7172;-2347.12
33940;-195.3245;-477.0976;-2349.498
33966;-194.9927;-476.761;-2353.061
34006;-194.2891;-476.6909;-2353.973
34048;-193.5466;-477.745;-2354.463
34089;-191.5738;-479.3966;-2352.065
34120;-189.9553;-481.0844;-2349.422
34146;-188.6721;-483.6564;-2343.809
34202;-186.5823;-482.267;-2341.848
34244;-186.3555;-481.3629;-2340.338
34270;-186.5315;-480.9646;-2339.919
34295;-186.6396;-480.7244;-2339.992
34348;-187.0519;-481.3411;-2338.886
34392;-188.009;-480.1421;-2340.267
34433;-188.611;-478.8405;-2341.271
34458;-189.1547;-478.2102;-2342.5
34546;-191.4135;-472.9529;-2349.738
34566;-192.0039;-473.6672;-2349.64
34634;-194.6566;-476.8433;-2349.748
34661;-194.7559;-477.7917;-2350.598
34687;-195.2835;-479.0195;-2350.258
34744;-196.1066;-481.3778;-2349.634
34763;-196.1862;-482.5541;-2349.522
34804;-196.7621;-484.1097;-2350.043
34832;-196.9716;-484.4753;-2350.463
34865;-197.1494;-486.3258;-2351.669
34898;-196.9012;-486.5766;-2353.347
34923;-195.5962;-487.0973;-2357.452
34947;-194.886;-488.224;-2359.709
35008;-193.2553;-489.6395;-2363.029
35040;-192.0015;-488.4363;-2364.759
35121;-190.5341;-488.57;-2364.141
35148;-190.0265;-486.7032;-2363.378
35193;-189.8506;-486.1703;-2362.595
35248;-189.9035;-484.9031;-2361.326
35274;-189.4753;-485.5165;-2360.254
35296;-188.8042;-484.4778;-2359.824
35330;-188.911;-486.8394;-2357.411
35366;-190.457;-485.9237;-2356.035
35410;-192.0899;-484.1917;-2354.843
35474;-193.3577;-483.3915;-2352.84
35507;-194.1599;-482.8119;-2351.818
35529;-194.9813;-481.6055;-2350.477
35571;-195.1337;-480.7043;-2350.942
35604;-194.7771;-477.7876;-2353.667
35629;-193.87;-476.0984;-2357.166
35668;-193.3268;-475.1125;-2358.277
35709;-191.9117;-475.1713;-2359.352
35737;-189.4843;-477.363;-2358.713
35793;-187.6848;-482.8922;-2354.591
35820;-186.1138;-482.05;-2353.901
35840;-184.8283;-479.4809;-2354.99
35899;-182.5496;-479.2817;-2351.174
35926;-180.8676;-477.7613;-2350.636
35951;-180.6732;-478.26;-2349.966
35981;-180.8602;-478.9827;-2349.43
36010;-181.2474;-479.5889;-2349.123
36033;-181.254;-484.8147;-2345.905
36121;-184.8904;-486.3387;-2346.839
36186;-186.9601;-483.7481;-2350.158
36259;-188.5784;-483.7636;-2350.905
36281;-189.7507;-478.6721;-2355.194
36357;-192.7633;-479.8354;-2358.293
36385;-193.2778;-481.9409;-2357.29
36433;-195.762;-481.5258;-2356.817
36458;-196.5152;-481.2938;-2356.673
36524;-198.0706;-482.0963;-2356.181
36566;-199.2586;-482.6146;-2356.037
36591;-199.4757;-484.9094;-2354.691
36630;-200.7715;-486.3473;-2353.441
36688;-200.8517;-486.9654;-2352.915
36837;-202.5628;-488.9938;-2352.625
36856;-202.5128;-488.8318;-2352.884
36888;-201.7549;-485.2998;-2355.096
36914;-199.7918;-484.9035;-2356.783
36964;-199.8065;-484.6255;-2357.056
36992;-198.3255;-485.6283;-2357.985
37021;-197.5379;-485.1337;-2358.767
37061;-196.6882;-484.5969;-2359.304
37101;-195.7221;-485.0813;-2359.249
37125;-195.5533;-484.4642;-2359.592
37208;-193.0804;-482.4043;-2356.396
37239;-192.9144;-482.3539;-2355.272
37294;-191.7295;-482.0714;-2349.294
37333;-191.1406;-483.0723;-2348.038
37365;-190.8401;-484.0389;-2347.24
37407;-190.2542;-484.6254;-2346.495
37441;-189.642;-485.6409;-2345.569
37484;-188.7923;-488.5732;-2343.069
37524;-182.916;-497.881;-2341.07
37564;-180.0755;-502.2529;-2339.49
37611;-179.616;-503.6178;-2339.881
37649;-179.4168;-504.2673;-2339.601
37676;-179.4527;-504.8501;-2338.991
37698;-179.9129;-506.3033;-2338.249
37728;-182.4501;-508.2431;-2332.997
37782;-183.796;-510.3593;-2331.441
37808;-188.4126;-514.9518;-2324.629
37833;-191.08;-516.8829;-2320.442
37860;-193.5776;-517.4428;-2317.085
37908;-196.0214;-517.1841;-2315.886
37933;-200.7897;-515.7958;-2312.487
37963;-201.2775;-515.3962;-2312.28
37987;-203.6541;-514.0809;-2311.514
38051;-209.2715;-498.904;-2322.393
38088;-209.7624;-502.051;-2319.56
38112;-209.9753;-503.0019;-2319.488
38136;-209.2025;-510.5979;-2317.052
38181;-208.703;-510.5838;-2319.152
38210;-207.517;-511.5538;-2321.837
38239;-206.3013;-511.351;-2325.861
38267;-205.7631;-512.0435;-2326.663
38313;-204.3222;-507.8765;-2334.672
38339;-202.1645;-514.4139;-2333.2
38374;-201.7551;-515.01;-2333.586
38448;-201.2488;-515.3444;-2334.124
38511;-191.8323;-505.7455;-2349.37
38539;-191.3089;-506.6339;-2347.65
38568;-188.3995;-510.7747;-2346.051
38603;-186.2842;-509.2785;-2345.874
38630;-181.1746;-504.9545;-2345.832
38663;-174.4397;-503.5142;-2343.798
38691;-165.7169;-499.6901;-2343.601
38739;-160.4787;-497.1028;-2339.483
38786;-148.6701;-491.4963;-2339.194
38817;-138.218;-490.1192;-2335.77
38867;-132.2306;-490.5056;-2332.563
38931;-124.8389;-487.8782;-2334.211
38951;-112.2198;-487.4023;-2333.562
38979;-108.1085;-485.4312;-2333.794
39021;-106.5248;-484.4359;-2333.194
39059;-105.3707;-484.7776;-2330.735
39085;-104.9747;-484.5105;-2325.49
39136;-106.1238;-484.2702;-2322.488
39158;-108.7639;-494.9236;-2309.617
39190;-109.4761;-499.4542;-2301.568
39217;-112.7967;-504.6497;-2290.904
39247;-115.1011;-505.6478;-2284.008
39279;-122.8736;-502.5411;-2272.492
39361;-129.734;-501.5845;-2259.525
39386;-136.1301;-497.8111;-2249.844
39432;-141.8407;-490.219;-2244.571
39455;-147.1012;-479.6951;-2240.569
39477;-146.7031;-474.3685;-2235.906
39518;-147.7475;-469.5689;-2232.069
39566;-147.4484;-463.9061;-2225.817
39611;-145.7696;-460.3011;-2217.307
39641;-143.3117;-457.3372;-2212.518
39684;-127.114;-455.3016;-2194.078
39769;-120.166;-453.6616;-2190.753
39813;-92.58595;-453.367;-2179.505
39844;-83.10048;-452.4531;-2176.781
39896;-33.71355;-442.773;-2175.361
39923;-29.27355;-442.4888;-2173.078
39978;-17.12706;-443.9525;-2169.234
40190;33.35144;-425.0251;-2147.108
40220;39.7897;-420.9297;-2145.112
40258;43.55159;-420.666;-2141.984
40317;45.00261;-419.3213;-2141.429
40356;45.2898;-418.7465;-2141.581
40386;45.69551;-417.8221;-2142.175
40429;46.02642;-417.3133;-2142.777
40460;48.69385;-415.078;-2145.572
40483;50.81482;-411.3225;-2150.451
40526;54.36546;-407.5977;-2156.198
40592;60.2475;-406.6013;-2162.431
40613;63.28689;-406.7768;-2163.576
40639;69.01702;-412.6606;-2163.807
40680;72.18663;-413.7042;-2164.37
40706;75.23804;-413.8389;-2165.59
40753;87.32874;-416.4073;-2166.521
40813;91.54188;-416.2914;-2167.016
40840;96.15707;-415.6951;-2166.977
40864;98.6642;-415.5514;-2166.149
40909;102.046;-416.54;-2164.075
40946;105.8392;-417.5561;-2161.311
41001;109.4253;-414.0215;-2155.287
41076;109.4364;-412.3947;-2152.712
41121;103.6612;-405.0244;-2141.495
41146;98.30486;-404.6977;-2134.931
41178;93.22276;-405.2469;-2130.102
41230;89.01691;-409.7605;-2120.209
41254;83.54261;-408.9534;-2116.509
41280;81.30564;-406.1663;-2112.084
41330;77.05968;-403.7113;-2105.951
41363;72.98544;-404.0657;-2093.798
41406;63.05137;-402.0366;-2082.82
41437;61.86168;-401.4641;-2075.728
41470;57.99315;-404.2404;-2056.737
41500;52.28362;-404.7059;-2042.367
41539;45.90825;-402.996;-2032.691
41573;37.20411;-399.8585;-2021.155
41601;33.1021;-393.874;-2010.478
41641;27.54745;-388.9368;-1995.67
41677;25.86974;-378.2621;-1982.209
41728;25.78298;-368.2467;-1969.689
41752;25.816;-361.0573;-1950.72
41812;28.65821;-350.2859;-1937.426
41837;31.59729;-345.3502;-1923.395
41864;46.37295;-331.9063;-1902.224
41922;51.53469;-331.3096;-1896.677
41964;61.9023;-333.3963;-1888.844
41999;72.02898;-338.3237;-1878.596
42022;82.2215;-341.6068;-1873.735
42062;93.27337;-344.4145;-1871.131
42090;110.664;-343.8134;-1872.918
42133;117.6112;-343.918;-1872.883
42180;124.7488;-345.8611;-1872.032
42207;127.5066;-346.4121;-1871.238
42236;133.1619;-342.9911;-1873.126
42261;139.8209;-343.4294;-1873.166
42282;140.6004;-344.0258;-1872.164
42320;141.1435;-343.17;-1871.975
42358;141.2855;-342.7839;-1871.862
42408;141.2408;-341.7126;-1871.242
42482;141.4861;-338.7155;-1868.639
42507;141.0148;-338.1588;-1867.252
42564;141.3909;-334.0326;-1865.786
42630;141.7412;-333.8147;-1861.338
42712;142.7348;-333.0903;-1855.545
42772;143.481;-332.5977;-1847.103
42798;143.3219;-331.6113;-1840.383
42864;140.1924;-329.5865;-1826.374
42936;128.8946;-302.6736;-1786.733
42967;127.2378;-293.8558;-1775.355
42996;126.9553;-284.845;-1761.976
43022;124.3134;-277.3007;-1747.807
43079;123.1962;-267.6684;-1737.66
43114;124.6756;-264.1147;-1727.046
43142;126.2556;-259.3058;-1718.254
43179;128.4552;-254.8647;-1711.41
43211;131.6529;-251.5411;-1706.862
43242;137.3044;-249.9332;-1699.604
43279;141.9747;-249.5794;-1696.164
43310;145.6383;-248.2731;-1695.812
43375;154.7937;-250.2104;-1696.311
43399;166.0208;-255.6765;-1704.119
43443;169.5399;-257.3991;-1708.057
43472;174.2301;-262.0873;-1713.359
43495;176.2296;-265.5243;-1715.9
43524;177.5296;-267.7855;-1719.511
43561;178.2635;-271.077;-1723.398
43592;178.1507;-273.6768;-1725.885
43623;177.6822;-277.4485;-1727.995
43651;176.5997;-281.3596;-1729.667
43710;173.1737;-282.5213;-1733.39
43733;170.2906;-283.6895;-1738.765
43789;167.7059;-284.9962;-1744.787
43865;165.4709;-287.7051;-1751.27
43892;162.1546;-288.0985;-1758.954
43936;159.0509;-291.3751;-1768.189
43960;157.0451;-295.4424;-1777.913
43991;153.4696;-301.7858;-1792.436
44022;148.9377;-325.1188;-1833.399
44050;146.5535;-330.9744;-1845.317
44082;146.4156;-352.3182;-1861.249
44129;140.5026;-383.1347;-1917.748
44217;136.2751;-394.0151;-1949.259
44266;134.5362;-396.7028;-1968.052
44311;132.1465;-406.4794;-1998.395
44356;128.6586;-415.7181;-2053.671
44383;129.5087;-415.8213;-2062.505
44416;126.8036;-416.2732;-2094.51
44447;127.9627;-417.2072;-2103.62
44491;129.3733;-419.1169;-2111.964
44582;133.8673;-422.4356;-2121.513
44626;150.6666;-427.9443;-2121.352
44663;163.5683;-428.9637;-2114.558
44687;181.7812;-426.1531;-2107.47
44727;215.3077;-418.7492;-2092.292
44757;227.7618;-414.9874;-2088.872
44798;238.3463;-401.36;-2092.238
44830;245.1199;-389.7677;-2092.938
44889;250.3797;-381.4231;-2095.112
44911;254.717;-374.1593;-2099.978
44998;255.9714;-372.7668;-2101.072
45039;255.8359;-372.7711;-2101.058
45066;253.5654;-380.1335;-2100.054
45118;225.7874;-410.6927;-2104.817
45146;222.0026;-413.5994;-2108.127
45184;214.1602;-421.3708;-2114.051
45214;204.0684;-427.3273;-2124.054
45244;197.9063;-429.6372;-2133.241
45269;192.9802;-433.6137;-2138.837
45315;188.3928;-433.2264;-2146.743
45347;187.0905;-433.4486;-2151.321
45369;186.5005;-433.7943;-2155.86
45386;187.0709;-433.6552;-2157.364
45450;187.9501;-432.3101;-2159.339
45486;191.5188;-431.7598;-2160.499
45539;195.5884;-430.9692;-2160.912
45561;204.9152;-427.0431;-2161.257
45586;210.0857;-423.4194;-2159.556
45620;213.8535;-421.8782;-2159.363
45673;218.803;-422.4182;-2156.452
45692;220.1073;-421.7743;-2155.171
45724;222.2261;-421.8528;-2152.886
45773;222.8365;-421.77;-2152.328
45846;222.7257;-420.8121;-2151.588
45870;222.2279;-420.4412;-2151.58
45927;221.7077;-420.7275;-2151.393
45961;220.3962;-421.1105;-2151.622
45999;215.9728;-423.0681;-2149.52
46024;213.9024;-423.349;-2149.72
46088;209.893;-422.4308;-2148.661
46146;202.0306;-418.5538;-2155.122
46186;202.0087;-418.5975;-2155.847
46289;203.3936;-420.4445;-2159.003
46308;204.2499;-421.3851;-2159.664
46346;205.3333;-421.9926;-2160.051
46375;208.8031;-423.4325;-2158.447
46402;211.2474;-423.1177;-2158.398
46432;213.1089;-423.6386;-2158.29
46476;215.0615;-422.0286;-2157.389
46504;217.929;-421.0119;-2155.833
46535;220.0528;-421.4013;-2153.343
46566;221.6988;-422.1945;-2151.498
46611;222.1128;-423.7491;-2150.008
46663;220.3446;-427.2505;-2143.914
46685;214.6977;-429.9498;-2131.411
46712;210.7635;-430.5925;-2123.48
46770;208.6306;-429.4028;-2116.509
46791;204.7317;-425.4644;-2106.98
46830;199.0995;-415.5412;-2089.899
46872;194.8949;-411.6378;-2069.907
46931;194.8852;-404.7949;-2059.916
46982;191.915;-383.4395;-2038.593
47020;191.9913;-375.6027;-2040.108
47048;193.224;-372.6877;-2039.51
47078;201.6162;-359.6448;-2059.061
47134;206.0273;-360.5538;-2064.508
47162;225.2564;-361.8752;-2108.035
47187;231.2436;-366.1583;-2126.205
47226;265.3443;-416.7149;-2175.99
47254;252.0237;-398.6463;-2157.852
47288;270.8548;-434.6459;-2202.32
47343;284.8489;-443.3026;-2235.392
47375;290.3519;-451.2605;-2266.921
47396;302.3931;-464.4979;-2309.778
47435;306.3664;-482.0053;-2375.959
47469;304.7282;-478.8955;-2358.958
47505;301.4192;-492.9606;-2414.172
47529;299.9367;-495.0656;-2413.781
47568;296.1488;-494.17;-2412.714
47592;286.876;-496.8812;-2403.371
47648;270.6675;-494.5502;-2379.217
47684;255.4337;-497.9154;-2346.765
47712;239.6687;-500.3325;-2303.154
