
1;-624.2403;317.7619;-2234.839
30;-617.2441;316.709;-2237.672
66;-598.466;318.9805;-2243.278
134;-591.7383;318.7673;-2249.124
169;-579.8726;314.3659;-2261.133
276;-534.6899;301.6761;-2300.815
316;-528.7106;302.5946;-2308.185
403;-517.4797;311.9407;-2322.163
432;-504.2357;326.4844;-2335.513
449;-502.9296;346.7198;-2340.781
517;-491.6643;357.0417;-2351.814
777;-434.9337;442.305;-2411.807
808;-412.7907;448.2099;-2415.395
837;-412.7766;448.2136;-2415.501
866;-409.2061;449.0233;-2416.683
887;-404.8333;446.6678;-2419.008
909;-396.4749;445.4915;-2418.759
932;-380.8857;440.9635;-2412.911
985;-366.1507;414.2584;-2404.991
1003;-346.3598;391.9434;-2386.587
1024;-327.1388;345.6085;-2360.745
1047;-315.8895;316.0838;-2344.67
1077;-288.2209;263.777;-2321.55
1121;-254.4453;202.9248;-2283.038
1142;-242.8636;127.764;-2260.249
1191;-219.187;37.59616;-2216.636
1209;-200.3256;-55.09415;-2158.565
1245;-166.1896;-188.0546;-2139.834
1286;-124.6674;-312.8136;-2150.684
1336;-165.3331;-392.758;-2169.371
1374;-175.9793;-504.8204;-2185.214
1460;-180.4438;-609.6146;-2284.877
1493;-183.419;-620.7288;-2301.189
1516;-190.1836;-632.9868;-2325.663
1550;-194.9644;-630.401;-2335.988
1608;-199.4512;-623.1691;-2344.871
1648;-204.2356;-621.1014;-2352.136
1689;-209.9644;-621.2701;-2355.172
1724;-219.493;-618.9103;-2353.162
1759;-234.2683;-615.2915;-2350.672
1783;-252.6873;-612.0753;-2341.521
1821;-263.6701;-605.231;-2326.191
1851;-272.9252;-592.8556;-2301.638
1872;-272.5035;-585.7793;-2292.697
1906;-268.0586;-575.4233;-2277.239
1928;-259.1552;-567.9891;-2265.339
1965;-249.6477;-553.7248;-2247.038
2005;-238.8638;-547.5435;-2235.438
2054;-231.0887;-538.9417;-2232.89
2088;-224.3745;-535.7347;-2231.236
2112;-217.8979;-536.078;-2231.089
2151;-215.9652;-535.7396;-2230.809
2201;-214.0377;-538.0875;-2231.133
2228;-212.0549;-542.9158;-2236.119
2251;-218.5099;-553.3017;-2247.584
2275;-225.4246;-561.2762;-2252.184
2298;-236.2437;-568.5107;-2261.279
2347;-248.9505;-577.2479;-2264.201
2369;-305.5188;-567.2723;-2260.753
2391;-375.1519;-501.5833;-2272.264
2657;-458.4026;-433.5809;-2273.459
2747;-596.1575;59.60149;-2478.391
2777;-597.5681;417.5907;-2510.337
2802;-530.2802;486.4651;-2523.95
2828;-370.0575;600.0341;-2569.877
2885;-144.7923;626.9096;-2617.561
2924;-84.66325;655.217;-2632.328
2959;-71.55658;641.1195;-2623.804
2999;-76.12047;612.0688;-2620.938
3049;-71.51332;664.6277;-2613.464
3071;-97.3091;672.3018;-2608.185
3112;-128.8447;708.7969;-2594.973
3136;-157.5899;722.048;-2599.65
3191;-202.1992;711.2094;-2587.499
3215;-244.9255;665.6351;-2561.217
3260;-309.55;669.6487;-2534.024
3286;-368.236;593.2988;-2505.084
3340;-440.6115;589.2222;-2504.101
3359;-490.8612;515.9651;-2470.654
3386;-544.1953;413.2503;-2441.043
3407;-583.3403;313.0081;-2399.158
3445;-611.1714;201.2536;-2374.46
3499;-546.1314;-181.9125;-2337.495
3562;-531.3307;-283.3262;-2283.939
3664;-341.6582;-567.2841;-2303.383
3738;-300.4551;-608.4243;-2307.95
3823;-218.0085;-660.2389;-2347.583
3855;-209.6372;-646.0764;-2356.378
3881;-197.142;-655.2778;-2349.705
3920;-187.9146;-652.0276;-2350.541
3960;-185.3275;-652.1724;-2351.842
3985;-185.6563;-647.5331;-2353.355
4009;-191.8204;-651.9451;-2348.159
4047;-223.664;-658.1159;-2340.471
4106;-282.2381;-630.7298;-2316.278
4145;-359.386;-570.7614;-2322.706
4406;-664.0439;297.8389;-2512.424
4497;-552.0031;457.0516;-2565.372
4554;-520.2563;554.1932;-2615.981
4590;-441.2606;595.8192;-2637.045
4620;-395.7682;632.7112;-2647.195
4641;-343.6612;636.5694;-2653.325
4664;-323.6947;698.2952;-2659.31
4706;-303.6078;694.3513;-2657.642
4742;-259.5694;685.2076;-2625.654
4763;-286.3813;698.4479;-2646.417
4786;-288.0757;696.3543;-2645.722
4828;-319.3416;700.9785;-2632.974
4850;-333.1518;678.0648;-2625.071
4882;-359.4338;652.8189;-2613.561
4909;-415.2452;593.7543;-2597.99
4966;-458.7509;572.0571;-2585.1
4985;-503.3102;546.5866;-2559.916
5015;-519.6967;453.1757;-2505.173
5052;-576.2582;426.1725;-2497.97
5082;-606.0222;349.1159;-2457.154
5108;-608.0815;235.5052;-2425.656
5146;-636.1826;124.5213;-2384.734
5169;-603.6475;-27.7319;-2393.312
5238;-556.1059;-166.9466;-2395.111
5273;-531.5367;-284.851;-2320.783
5292;-528.3584;-385.5531;-2286.787
5311;-444.9633;-464.4625;-2300.984
5380;-368.0704;-522.0418;-2320.074
5402;-312.9322;-610.8404;-2313.039
5423;-270.1371;-610.4468;-2339.5
5465;-210.5963;-663.8405;-2350.642
5494;-198.7009;-654.2866;-2358.851
5519;-167.423;-632.0828;-2373.137
5549;-165.784;-630.0702;-2373.848
5589;-167.0959;-629.0607;-2373.912
5628;-175.7865;-637.614;-2376.265
5678;-186.4225;-663.1178;-2380.373
5704;-203.418;-688.5131;-2376.581
5739;-274.6222;-662.5494;-2351.77
5797;-361.5271;-628.6481;-2352.209
5840;-439.4948;-495.4817;-2366.704
5868;-553.4957;-430.2791;-2358.362
5911;-613.9651;-197.4246;-2464.681
5950;-572.8802;-40.21709;-2511.664
5970;-636.1056;87.80949;-2543.139
6011;-617.8907;206.7794;-2574.885
6033;-584.6153;306.1309;-2614.667
6075;-561.1533;453.335;-2622.056
6116;-438.4446;499.7351;-2671.143
6149;-398.1509;643.5033;-2701.865
6182;-337.3811;705.4344;-2747.441
6205;-221.7612;626.6934;-2737.656
6244;-187.649;707.1472;-2752.204
6286;-156.7511;708.4008;-2750.885
6446;-71.53443;765.3681;-2764.509
6486;-71.23292;764.6139;-2765.639
6520;-82.33789;763.7781;-2765.607
6543;-105.636;761.8912;-2769.835
6595;-154.4933;739.7955;-2762.579
6623;-199.4716;747.245;-2769.435
6653;-324.897;650.8483;-2722.253
6678;-392.9319;637.276;-2709.963
6725;-459.9776;580.2916;-2688.028
6762;-498.4297;459.2547;-2651.886
6794;-549.5803;386.0554;-2609.19
6846;-578.093;261.1382;-2588.074
6870;-561.8152;122.9354;-2579.9
6904;-531.3988;1.854177;-2551.745
6941;-595.5861;-113.1552;-2498.677
6964;-558.5427;-242.8708;-2444.677
6985;-561.6537;-372.4006;-2388.11
7024;-498.2191;-444.3994;-2373.003
7046;-412.4068;-510.4754;-2373.096
7098;-346.6157;-569.8282;-2370.91
7148;-217.9164;-673.3351;-2363.62
7178;-193.8915;-660.3922;-2372.823
7222;-174.4975;-651.3705;-2376.621
7257;-169.203;-643.7529;-2374.307
7282;-167.6591;-639.2559;-2374.41
7321;-183.4274;-656.9789;-2378.771
7354;-217.7148;-683.5891;-2372.291
7378;-294.9006;-663.6546;-2365.23
7406;-370.5278;-632.1015;-2366.879
7428;-464.6473;-522.2965;-2374.251
7449;-560.349;-452.1453;-2379.103
7503;-619.7509;-354.1279;-2401.111
7547;-631.7735;-110.3406;-2465.989
7583;-621.658;-6.623972;-2500.683
7656;-637.66;96.82654;-2526.182
7678;-659.3189;282.4038;-2568.216
7702;-619.4916;440.9212;-2612.585
7741;-534.4629;545.9101;-2650.24
7765;-398.0436;549.361;-2684.5
7786;-344.8756;660.6678;-2705.923
7832;-249.1678;702.34;-2742.727
7873;-164.0697;710.2985;-2744.561
7897;-137.8026;654.0056;-2769.288
7940;-53.63329;664.7567;-2735.609
7977;-84.36266;667.4784;-2732.564
7997;-49.26628;668.1343;-2740.901
8024;-66.69251;652.389;-2768.575
8066;-42.87983;670.1352;-2727.844
8089;-59.8888;672.0684;-2726.574
8115;-111.2038;786.8044;-2742.107
8252;-285.648;679.8359;-2653.04
8276;-373.8784;656.5704;-2643.713
8321;-442.5719;600.842;-2622.057
8384;-553.2919;430.6725;-2553.822
8403;-593.2005;333.5764;-2515.228
8426;-607.2613;207.7725;-2511.139
8445;-623.5069;114.0449;-2469.019
8500;-648.6069;10.23263;-2444.058
8518;-632.232;-91.63409;-2411.449
8585;-600.6584;-203.2131;-2407.241
8606;-550.3219;-378.0481;-2337.15
8643;-488.781;-459.1057;-2328.981
8678;-412.3229;-502.5268;-2342.135
8714;-361.5815;-600.4945;-2342.867
8757;-291.2026;-615.2505;-2342.58
8781;-240.152;-661.8926;-2354.502
8831;-208.8394;-667.2458;-2361.606
8881;-203.8504;-660.6396;-2364.564
8903;-203.5299;-661.3978;-2365.7
8941;-301.7411;-667.4888;-2360.419
8995;-378.6902;-615.5809;-2367.532
9018;-455.2924;-492.867;-2367.84
9037;-562.2318;-437.4877;-2371.672
9072;-599.1379;-331.0828;-2401.475
9125;-619.218;-216.6969;-2453.245
9147;-641.0574;-96.75578;-2470.151
9179;-677.106;32.27648;-2510.22
9222;-687.5501;129.9836;-2555.815
9250;-675.8662;278.4939;-2555.042
9277;-625.4232;409.245;-2599.116
9347;-541.7689;468.9952;-2618.652
9478;-241.7734;598.3684;-2720.308
9503;-184.8271;663.6417;-2703.649
9541;-129.3401;734.7594;-2734.411
9582;-97.89431;678.4655;-2718.792
9625;-97.96491;675.3046;-2729.242
9648;-41.48977;672.8943;-2715.033
9686;-39.62701;674.8196;-2717.043
9707;-36.14186;674.6119;-2712.809
9732;-35.28685;672.8474;-2714.757
9762;-77.12394;685.4952;-2709.564
9790;-90.82543;687.5462;-2708.338
9823;-149.7789;688.5255;-2704.249
9861;-177.8509;735.289;-2695.696
9886;-239.8441;728.7465;-2685.809
9933;-300.4734;688.5044;-2659.222
9986;-368.5408;637.181;-2641.474
10038;-436.0298;591.4711;-2609.286
10064;-511.0778;506.3226;-2566.156
10089;-570.8911;412.2556;-2521.011
10125;-627.567;275.6453;-2461.456
10204;-596.1531;58.35808;-2477.913
10233;-523.3816;-72.84038;-2467.76
10263;-565.1402;-202.7256;-2395.247
10281;-552.8025;-333.7657;-2340.318
10402;-371.7603;-596.9973;-2346.231
10427;-261.8134;-643.9658;-2364.192
10472;-209.7026;-666.7405;-2362.191
10503;-198.7583;-674.8527;-2365.39
10530;-193.6601;-674.2156;-2366.382
10572;-174.8777;-651.5066;-2362.577
10602;-178.7155;-662.5096;-2357.086
10641;-194.5139;-663.3876;-2351.135
10699;-264.7201;-647.5286;-2334.792
10727;-430.0008;-488.2253;-2330.946
10751;-568.1669;-298.223;-2370.174
10795;-595.4912;-154.2194;-2425.856
10830;-570.8763;-32.16015;-2479.398
10868;-627.1471;96.993;-2503.842
10890;-624.3059;210.4452;-2522.279
10948;-606.6235;408.447;-2558.447
10970;-552.8029;506.2582;-2601.01
11038;-435.127;575.6132;-2641.612
11146;-257.2813;692.835;-2711.052
11164;-181.1721;706.396;-2717.601
11238;-10.53491;661.5882;-2704.047
11263;-5.616548;664.5024;-2690.363
11307;-12.31705;656.1161;-2702.261
11346;9.480119;657.7402;-2664.452
11382;-12.06413;661.3425;-2698.277
11457;-23.26472;671.7083;-2685.488
11479;-98.17222;730.8134;-2692.954
11518;-157.1061;712.8588;-2685.725
11533;-222.188;717.5017;-2680.398
11560;-322.1149;668.1307;-2645.385
11580;-370.6119;624.9424;-2624.423
11621;-436.5715;572.2921;-2585.439
11642;-525.9451;476.3913;-2533.349
11695;-571.922;343.5255;-2479.373
11724;-582.1554;194.618;-2438.002
11774;-588.0903;34.6066;-2407.539
11818;-549.4968;-138.8319;-2417.457
11846;-544.382;-270.5142;-2356.258
11873;-539.0082;-379.5692;-2321.872
11894;-462.1884;-459.1891;-2324.416
11913;-399.418;-524.0206;-2333.612
11976;-286.3591;-613.7685;-2333.828
12038;-242.4849;-637.458;-2352.813
12110;-188.5289;-624.1556;-2369.347
12132;-201.9469;-668.0101;-2351.316
12159;-157.7634;-636.1563;-2347.08
12179;-159.4226;-635.2538;-2340.034
12236;-189.5657;-680.9012;-2338.605
12266;-241.2435;-671.038;-2331.793
12303;-307.0761;-625.696;-2316.097
12325;-383.0779;-518.2338;-2324.233
12350;-489.6509;-462.3374;-2320.5
12380;-550.4371;-363.997;-2336.129
12442;-600.4668;-251.0759;-2374.489
12477;-562.9395;33.349;-2500.698
12504;-613.5003;159.6851;-2522.825
12561;-625.0963;310.7249;-2538.819
12583;-558.2859;420.0633;-2591.535
12662;-397.8534;625.1097;-2687.015
12728;-201.0187;686.4662;-2742.62
12770;-131.6013;711.2755;-2771.306
12793;-78.07564;653.929;-2771.333
12835;-46.74159;653.0393;-2767.003
12859;-44.94357;652.8631;-2769.817
12897;-41.16963;652.8376;-2770.659
12969;-4.959943;731.5187;-2771.838
13019;-64.26891;667.08;-2713.274
13041;-92.0568;674.7687;-2728.013
13083;-140.5672;689.6943;-2726.756
13122;-181.5481;683.2147;-2702.522
13174;-255.7539;678.8737;-2684.235
13196;-324.7942;611.7733;-2639.194
13218;-411.7672;584.376;-2641.236
13242;-493.8391;478.7924;-2575.581
13293;-543.2878;413.5507;-2575.419
13317;-583.825;290.5508;-2530.603
13355;-614.3446;176.8281;-2493.867
13385;-545.2831;17.31325;-2517.333
13439;-608.4019;-36.50318;-2494.538
13475;-594.4286;-186.3402;-2431.002
13496;-580.4178;-279.4948;-2401.229
13513;-560.3802;-386.2662;-2372.392
13532;-498.9694;-460.7559;-2365.031
13582;-429.1636;-512.1038;-2361.282
13619;-378.0693;-598.4919;-2362.574
13656;-318.2771;-634.7164;-2369.957
13674;-267.6156;-664.2028;-2367.898
13724;-224.8116;-674.7181;-2380.267
13757;-199.9848;-673.9891;-2380.8
13783;-164.5899;-629.9587;-2372.918
13813;-213.6337;-616.4946;-2431.708
13871;-183.9443;-668.3348;-2389.77
13897;-202.1985;-687.7805;-2383.584
13925;-269.4319;-664.4739;-2378.447
13969;-356.6969;-634.249;-2367.209
13996;-416.5736;-519.3794;-2375.053
14012;-546.6104;-463.6745;-2366.589
14047;-596.948;-355.3726;-2394.66
14088;-625.7352;-223.6488;-2432.898
14114;-597.0497;-138.0619;-2484.169
14175;-591.9063;-42.47313;-2525.144
14205;-634.3687;88.27602;-2552.202
14276;-620.2059;308.5992;-2589.475
14302;-549.2032;421.4966;-2627.98
14334;-481.0206;544.438;-2664.272
14403;-378.8466;632.4507;-2695.746
14455;-287.7748;671.9674;-2707.578
14493;-116.4526;691.881;-2737.676
14538;-36.49131;704.0433;-2760.882
14612;24.99517;688.9247;-2731.01
14631;14.97898;667.0181;-2732.618
14657;47.40322;727.8356;-2740.841
14701;-14.42616;787.5942;-2769.046
14725;-40.49691;794.2139;-2768.228
14765;-110.201;737.8428;-2745.744
14793;-182.3561;732.365;-2744.78
14829;-250.6575;729.2519;-2720.114
14868;-317.8206;627.4955;-2710.157
14892;-384.7314;612.2279;-2686.828
14926;-465.4701;568.5877;-2657.655
14960;-516.5484;445.8423;-2619.249
14984;-575.765;353.1378;-2604.593
15011;-618.0312;237.9141;-2563.821
15083;-583.1461;118.6711;-2583.658
15105;-630.2313;-24.66465;-2519.189
15132;-592.5858;-162.8623;-2511.854
15172;-586.0308;-266.9434;-2447.951
15231;-505.412;-466.6865;-2406.992
15276;-425.0002;-517.7346;-2413.966
15308;-370.4215;-606.27;-2399.0
15340;-296.3687;-646.7397;-2389.52
15395;-199.369;-681.1827;-2394.284
15411;-197.52;-677.0203;-2393.784
15447;-204.8094;-676.7736;-2392.095
15481;-256.8925;-674.9785;-2385.588
15539;-303.3655;-641.9814;-2382.868
15576;-377.1898;-599.8221;-2383.63
15599;-460.6633;-496.287;-2384.693
15681;-610.4913;-207.4569;-2471.302
15704;-578.3406;-82.30779;-2506.717
15760;-674.6143;39.29459;-2518.154
15779;-594.3124;152.627;-2555.467
15818;-548.7758;253.7142;-2592.876
15858;-573.1606;418.5675;-2599.196
15877;-508.1125;515.5528;-2631.33
15913;-416.2411;607.0239;-2673.143
15949;-328.046;656.1781;-2702.029
15992;-226.4894;682.4374;-2725.346
16022;-151.9532;730.486;-2754.36
16046;-40.59689;746.4708;-2769.947
16083;-31.40446;754.4536;-2764.609
16112;-29.25158;745.3228;-2776.358
16172;-14.66954;745.4083;-2783.248
16196;-12.71412;745.8855;-2781.489
16224;-5.942043;728.9077;-2794.109
16280;-13.67766;743.1777;-2775.285
16317;-80.45629;741.9996;-2746.696
16342;-136.8554;735.6699;-2735.147
16388;-181.0415;737.3441;-2716.543
16429;-253.3933;725.7977;-2709.917
16452;-331.0788;677.4448;-2689.358
16497;-387.5204;623.0817;-2666.596
16518;-453.2271;583.3397;-2635.127
16546;-526.8221;515.4155;-2609.49
16577;-575.3873;426.2689;-2575.975
16634;-593.5644;292.4323;-2539.664
16656;-606.1087;183.2814;-2517.038
16678;-656.5706;89.1704;-2463.61
16706;-665.5292;-6.575613;-2452.648
16736;-613.4355;-116.2606;-2423.058
16783;-591.0145;-342.5844;-2365.033
16813;-553.873;-429.8573;-2350.863
16836;-486.4983;-497.3389;-2349.278
16915;-341.884;-618.684;-2354.692
16938;-285.0363;-628.5192;-2348.373
16974;-215.131;-678.2424;-2367.284
17015;-199.8828;-669.8199;-2363.285
17062;-160.6034;-634.9374;-2353.901
17090;-166.4474;-636.2892;-2361.661
17157;-193.119;-676.5331;-2369.868
17192;-243.6161;-677.0518;-2365.843
17219;-297.8827;-659.6126;-2353.347
17251;-454.3903;-487.5274;-2355.624
17273;-558.0479;-429.6168;-2354.866
17354;-561.7313;-296.577;-2398.034
17384;-570.0322;-40.06717;-2487.681
17410;-569.9584;59.51062;-2508.131
17444;-589.6152;200.558;-2536.046
17482;-568.1318;301.7529;-2573.571
17508;-559.5209;460.1991;-2586.435
17552;-483.814;587.0356;-2633.303
17595;-386.5263;653.4791;-2674.108
17617;-291.337;696.4768;-2700.165
17642;-177.3188;729.2932;-2720.949
17677;-100.6675;738.4448;-2746.704
17727;-43.62873;752.1747;-2757.486
17783;24.85974;696.3328;-2723.307
17838;46.54174;757.7023;-2731.617
17863;21.96531;778.4053;-2751.466
17883;-23.59952;758.963;-2731.714
17917;-70.71658;795.1147;-2743.049
17940;-109.7678;744.5798;-2720.909
17978;-187.1827;774.0139;-2756.38
18021;-239.0589;704.2968;-2715.025
18041;-313.6602;661.8494;-2684.818
18076;-372.3317;626.1783;-2656.238
18101;-430.4991;578.5037;-2629.472
18135;-512.9402;512.0469;-2585.275
18186;-559.8181;422.9488;-2551.273
18223;-596.6081;299.9023;-2495.92
18257;-607.5862;161.5073;-2457.385
18278;-630.4421;37.60742;-2421.584
18312;-617.2625;-92.66281;-2392.593
18355;-583.9897;-211.6732;-2347.876
18378;-551.8136;-318.3814;-2333.465
18429;-523.3882;-403.5477;-2319.624
18442;-451.7371;-466.6117;-2317.152
18480;-388.94;-514.3833;-2322.896
18512;-337.7226;-576.0353;-2324.671
18571;-258.9398;-603.3719;-2334.269
18608;-211.5877;-635.4282;-2320.669
18641;-183.3073;-631.5728;-2324.439
18691;-178.9971;-625.1285;-2328.637
18717;-173.2723;-624.4451;-2330.316
18757;-169.5841;-624.3848;-2330.13
18788;-168.773;-624.3837;-2330.022
18842;-175.0839;-606.0497;-2336.764
18868;-175.3378;-602.0179;-2338.962
18913;-175.8918;-602.9796;-2336.137
18938;-184.9888;-592.2772;-2337.224
18972;-188.2158;-592.675;-2336.627
19011;-188.6978;-597.0127;-2333.957
19043;-190.1207;-596.76;-2332.412
19101;-191.1134;-597.1616;-2331.31
19147;-192.0286;-595.6247;-2329.593
19200;-191.5558;-594.3445;-2328.407
19230;-189.9245;-593.2088;-2326.833
19273;-189.9752;-589.7386;-2328.14
19312;-190.0529;-588.4217;-2328.715
19366;-189.3407;-583.7759;-2329.991
19389;-189.3685;-583.4279;-2330.166
19476;-188.9446;-582.8194;-2329.145
19524;-188.7244;-582.7082;-2319.874
19549;-188.6886;-578.2617;-2321.462
19591;-187.9732;-577.3381;-2321.775
19623;-186.57;-576.559;-2323.69
19658;-183.5741;-576.5676;-2324.15
19698;-181.4814;-574.9853;-2325.646
19731;-182.9513;-555.5272;-2333.759
19793;-180.7199;-562.3934;-2326.457
19838;-180.2218;-562.6857;-2326.253
19878;-181.3624;-563.4097;-2327.577
19921;-182.5586;-554.5793;-2330.567
19993;-183.2519;-548.9872;-2332.185
20046;-183.8766;-565.0923;-2327.708
20099;-179.9951;-563.5656;-2324.771
20123;-180.1691;-562.2647;-2325.385
20176;-170.7281;-583.4329;-2319.065
20232;-171.9164;-580.8397;-2320.97
20257;-188.6467;-554.6106;-2326.183
20286;-189.234;-555.0824;-2326.244
20340;-189.9269;-555.4025;-2325.761
20361;-187.386;-557.5916;-2328.718
20456;-184.1123;-566.5858;-2327.753
20589;-183.8358;-572.3666;-2331.014
20628;-179.9126;-577.1112;-2331.031
20709;-176.5004;-575.6871;-2330.992
20751;-174.7589;-573.6326;-2330.283
20772;-174.4516;-573.0086;-2329.935
20823;-173.6123;-573.149;-2328.974
20887;-173.5442;-573.0737;-2328.708
20961;-169.8793;-574.5733;-2321.968
21003;-169.6833;-574.0566;-2320.414
21024;-169.1502;-562.6287;-2316.644
21060;-171.9043;-565.0177;-2317.136
21093;-173.2409;-567.5752;-2315.884
21131;-174.0094;-569.1474;-2312.794
21152;-174.5143;-569.739;-2311.4
21187;-182.4194;-559.6927;-2303.954
21227;-173.0537;-565.4894;-2309.795
21289;-170.2645;-546.5139;-2315.585
21313;-167.7722;-547.0853;-2316.144
21341;-166.0874;-560.8021;-2309.152
21401;-165.7604;-561.7841;-2308.947
21431;-166.1309;-561.9734;-2309.107
21453;-166.4469;-562.5137;-2308.74
21477;-167.397;-563.0422;-2307.551
21544;-167.7427;-561.9169;-2307.405
21565;-165.2847;-539.6974;-2312.093
21594;-165.4346;-541.3547;-2311.734
21637;-165.4427;-541.445;-2311.628
21662;-164.496;-561.7581;-2304.211
21699;-165.3924;-563.3665;-2304.347
21747;-168.055;-559.0228;-2310.64
21769;-171.319;-556.1791;-2314.777
21819;-173.9956;-558.453;-2327.104
21871;-174.0558;-563.6697;-2326.385
21944;-173.0142;-569.1269;-2326.641
22047;-180.2559;-567.8131;-2332.048
22087;-180.6044;-568.4572;-2332.984
22142;-180.5108;-568.5391;-2333.318
22183;-179.1137;-568.2959;-2333.582
22208;-178.0356;-567.7659;-2334.111
22235;-176.1651;-569.712;-2335.763
22285;-170.5507;-576.7707;-2335.526
22312;-167.3754;-577.7803;-2333.613
22339;-166.4797;-578.502;-2333.279
22378;-167.4458;-575.5179;-2334.607
22410;-167.3995;-575.5231;-2334.422
22439;-168.1086;-575.0085;-2333.265
22466;-169.0086;-572.1832;-2328.934
22503;-167.8799;-573.333;-2325.411
22550;-168.3303;-573.0178;-2322.504
22576;-175.1852;-547.6432;-2325.454
22622;-171.5038;-559.4527;-2316.304
22651;-172.673;-560.9982;-2316.654
22689;-179.3146;-544.8072;-2316.77
22730;-181.3669;-543.0051;-2316.905
22755;-184.0318;-555.9014;-2308.565
22801;-182.3422;-547.5748;-2313.944
22825;-176.3986;-560.0166;-2307.875
22853;-173.807;-563.4253;-2306.571
22879;-172.5353;-564.5913;-2306.437
22937;-172.3358;-559.4606;-2309.26
22971;-168.0208;-548.3777;-2303.414
23008;-164.8312;-541.3907;-2311.915
23031;-165.2477;-552.1791;-2304.373
23056;-165.5178;-551.2535;-2304.764
23083;-163.4101;-540.0864;-2307.752
23112;-165.4814;-536.6516;-2308.794
23154;-166.2603;-549.1064;-2301.215
23199;-168.1393;-537.9003;-2310.157
23219;-166.7096;-554.5148;-2298.592
23240;-165.6873;-539.0767;-2306.549
23291;-167.7461;-548.3293;-2305.245
23333;-167.6042;-548.8689;-2304.497
23356;-167.1481;-541.3963;-2311.746
23381;-167.5548;-541.7428;-2311.938
23424;-167.5565;-541.6793;-2311.982
23485;-167.8481;-542.3967;-2311.939
23513;-163.6004;-544.6349;-2310.912
23553;-166.9224;-542.1682;-2315.065
23575;-169.045;-540.3216;-2318.929
23628;-171.411;-539.2092;-2321.864
23649;-173.4699;-538.5076;-2324.139
23703;-174.0004;-538.2912;-2324.214
23724;-175.8587;-537.1715;-2323.599
23770;-169.7674;-574.6249;-2314.165
23806;-170.3413;-577.126;-2313.46
23851;-173.0528;-565.0157;-2322.237
23871;-173.4915;-565.2227;-2322.713
23905;-174.2258;-564.4804;-2323.245
23956;-172.8754;-567.2532;-2322.756
23981;-171.2446;-581.4273;-2315.822
24008;-171.0515;-581.3667;-2315.83
24064;-170.633;-582.3749;-2315.419
24085;-169.7511;-584.0492;-2316.265
24113;-169.56;-571.2582;-2325.044
24148;-168.7547;-571.7624;-2325.034
24175;-168.9435;-571.3959;-2325.347
24219;-169.1479;-568.4332;-2325.677
24262;-169.0054;-567.2448;-2325.606
24285;-168.9459;-567.395;-2325.596
24311;-168.4459;-566.3693;-2324.843
24380;-172.4179;-545.2059;-2322.849
24402;-171.8246;-547.978;-2320.773
24425;-169.5206;-557.2111;-2318.029
24477;-168.4399;-564.0068;-2314.476
24517;-175.4087;-544.2695;-2314.423
24547;-169.0904;-561.4777;-2307.146
24590;-171.6832;-558.2963;-2306.757
24610;-179.9011;-546.6223;-2310.024
24635;-172.9143;-556.4763;-2305.152
24663;-175.6415;-541.7203;-2302.96
24701;-176.6197;-538.5875;-2304.217
24729;-177.1584;-541.7019;-2303.066
24753;-177.1165;-540.7098;-2305.302
24822;-167.3677;-558.6634;-2307.332
24859;-166.4005;-553.8635;-2309.571
24897;-167.0708;-547.3818;-2307.996
24924;-166.4837;-546.0677;-2307.401
24975;-166.9651;-541.5166;-2307.34
25008;-166.015;-542.8679;-2304.281
25031;-165.5683;-543.1876;-2301.539
25073;-167.3375;-539.8382;-2302.722
25106;-165.5708;-541.7396;-2295.675
25132;-165.0859;-541.7371;-2294.122
25154;-167.6373;-535.5948;-2298.502
25196;-167.9227;-535.3987;-2298.601
25225;-169.0377;-534.0253;-2298.275
25249;-167.1737;-535.7025;-2295.424
25290;-168.6181;-535.7664;-2297.268
25309;-169.0997;-535.6649;-2297.839
25361;-171.6848;-536.1346;-2300.36
25406;-173.2939;-534.575;-2302.236
25427;-173.4302;-534.2585;-2302.436
25452;-174.9612;-534.5035;-2303.743
25515;-171.2572;-542.1727;-2303.067
25551;-178.7526;-539.1765;-2310.827
25591;-178.2497;-547.1938;-2306.42
25669;-173.2872;-574.7348;-2297.443
25707;-173.5487;-576.721;-2297.599
25729;-173.852;-578.5171;-2298.181
25788;-174.4601;-579.3232;-2300.677
25810;-175.9196;-565.5335;-2316.105
25831;-175.7275;-565.7566;-2317.131
25855;-176.3946;-564.6157;-2320.491
25878;-175.2688;-565.0435;-2322.584
25912;-172.7815;-566.6459;-2323.804
25947;-169.3906;-568.5366;-2322.685
25982;-169.3935;-568.6125;-2323.151
26017;-169.4428;-568.3865;-2323.2
26044;-169.4555;-568.41;-2323.161
26083;-169.7548;-568.3151;-2322.425
26167;-170.0558;-567.2875;-2320.164
26246;-171.3968;-565.6903;-2319.984
26285;-172.5316;-564.4173;-2319.765
26312;-172.6507;-565.241;-2318.75
26404;-173.5389;-563.8582;-2318.794
26476;-175.9624;-563.4553;-2317.129
26497;-176.7647;-563.5114;-2316.82
26550;-176.9443;-563.3787;-2316.703
26578;-177.9118;-562.1931;-2315.717
26609;-178.3547;-560.8624;-2315.79
26635;-176.445;-562.2596;-2315.549
26678;-177.254;-552.8726;-2317.509
26703;-172.7054;-556.119;-2315.782
26732;-168.7944;-557.7053;-2313.884
26783;-173.8418;-540.4124;-2303.99
26824;-171.922;-539.9116;-2298.709
26861;-171.1571;-539.737;-2297.489
26924;-169.7858;-539.3377;-2295.948
26962;-160.4687;-571.2593;-2282.479
26986;-161.4592;-553.4611;-2289.273
27026;-167.3349;-542.8452;-2295.493
27069;-164.7142;-547.2554;-2296.126
27098;-163.5241;-552.6627;-2297.47
27116;-172.8938;-541.7236;-2310.37
27156;-174.0736;-540.5397;-2311.559
27181;-175.703;-539.489;-2312.653
27222;-178.4846;-543.759;-2312.854
27264;-178.2867;-543.6882;-2316.437
27285;-176.6389;-556.7466;-2317.047
27346;-177.1894;-556.3494;-2317.524
27387;-177.1415;-556.6991;-2317.833
27408;-176.8475;-556.9283;-2317.918
27429;-176.0431;-558.699;-2318.741
27484;-175.2478;-561.7534;-2319.332
27507;-174.8537;-562.3794;-2319.52
27538;-174.9361;-562.7793;-2320.418
27564;-175.1663;-562.6247;-2320.926
27587;-175.7225;-561.419;-2320.682
27637;-176.737;-559.5552;-2323.867
27685;-179.8753;-548.0033;-2327.699
27720;-176.5211;-553.0231;-2327.741
27748;-174.6609;-553.5981;-2327.415
27775;-171.5962;-557.0947;-2327.943
27813;-168.7558;-562.0532;-2328.553
27863;-168.1913;-561.803;-2328.532
27887;-168.3255;-563.0153;-2328.659
27922;-166.9314;-564.722;-2327.024
27949;-166.3749;-566.9702;-2325.773
27979;-177.0821;-545.8921;-2322.295
28015;-178.7616;-552.8354;-2316.225
28066;-180.5036;-552.3262;-2315.325
28089;-182.5237;-550.5082;-2312.33
28118;-183.1417;-550.4178;-2311.71
28174;-183.5056;-543.3043;-2319.531
28201;-180.7211;-549.8278;-2316.583
28259;-179.6759;-552.4199;-2314.242
28287;-177.3008;-558.1113;-2313.652
28314;-177.4062;-558.2897;-2313.809
28339;-177.6847;-558.3571;-2314.031
28367;-178.7155;-559.0056;-2314.467
28388;-184.3792;-542.3132;-2317.581
28423;-185.0501;-542.1125;-2317.919
28459;-183.9314;-541.1779;-2317.811
28500;-184.4443;-540.7961;-2317.611
28521;-183.79;-542.2137;-2316.326
28552;-183.4682;-543.7728;-2314.249
28579;-174.8542;-549.4355;-2309.607
28632;-175.9586;-542.8912;-2307.612
28657;-176.1484;-547.3355;-2301.386
28699;-172.7868;-542.9749;-2296.939
28726;-171.8296;-544.291;-2296.707
28752;-168.3204;-544.8282;-2292.673
28787;-172.0353;-538.1769;-2288.548
28824;-172.4128;-537.0602;-2289.038
28868;-172.3575;-536.5546;-2288.729
28931;-172.4866;-545.834;-2283.578
28947;-173.6443;-545.6082;-2284.676
28976;-177.4701;-544.6255;-2285.945
29035;-180.224;-543.2672;-2288.871
29065;-184.7551;-543.6119;-2297.155
29108;-183.1128;-545.8955;-2305.646
29157;-183.0643;-548.3561;-2305.988
29186;-183.1112;-550.2017;-2306.58
29253;-182.3626;-552.3043;-2307.931
29279;-182.3;-553.158;-2310.279
29304;-181.9021;-554.8142;-2311.221
29327;-178.5998;-561.387;-2312.803
29353;-176.4763;-565.8682;-2313.474
29400;-175.4267;-566.6509;-2315.687
29426;-176.3591;-563.5402;-2317.774
29453;-185.078;-555.2267;-2317.748
29491;-184.8513;-553.2482;-2319.861
29525;-178.9925;-553.5527;-2330.559
29546;-178.4252;-545.9528;-2330.521
29586;-177.1574;-553.2869;-2323.967
29616;-177.7187;-551.0543;-2323.541
29661;-177.8954;-547.8881;-2323.583
29684;-177.2039;-547.0746;-2322.539
29751;-177.1738;-546.9307;-2321.614
29789;-177.2209;-547.0226;-2321.672
29810;-170.4763;-550.7592;-2320.182
29844;-175.5095;-545.5989;-2315.311
29896;-176.8019;-546.0518;-2312.746
29934;-177.6321;-542.7767;-2315.573
29954;-176.2399;-555.8934;-2311.841
29993;-176.4621;-555.9273;-2312.111
30035;-181.0231;-546.0656;-2312.556
30088;-180.8871;-546.5117;-2312.303
30141;-183.4475;-540.8849;-2313.304
30219;-179.6841;-549.8002;-2319.921
30292;-174.3764;-558.4424;-2321.59
30334;-174.0937;-558.9814;-2323.074
30359;-177.6875;-545.4089;-2322.856
30390;-176.9219;-544.0911;-2322.754
30429;-175.9544;-542.8022;-2322.951
30455;-175.9503;-550.215;-2317.354
30493;-174.4694;-550.9346;-2312.393
30515;-175.6139;-547.35;-2309.681
30538;-173.1223;-545.3901;-2312.505
30563;-173.1059;-542.1004;-2309.416
30629;-173.0286;-544.3239;-2307.113
30653;-172.7143;-546.7485;-2305.21
30698;-172.1745;-546.7764;-2304.881
30728;-172.39;-544.545;-2301.377
30768;-162.2022;-561.4432;-2300.876
30801;-170.2882;-547.6738;-2309.711
30837;-173.346;-543.3148;-2311.842
30859;-173.7873;-543.7822;-2311.713
30920;-175.2599;-547.1884;-2313.979
30948;-176.1266;-548.0334;-2314.264
30976;-175.5082;-551.2855;-2315.452
31005;-176.3227;-553.9984;-2317.496
31040;-176.3798;-554.4806;-2317.541
31082;-176.7248;-555.0298;-2317.86
31121;-176.8809;-555.1659;-2317.956
31161;-177.4831;-555.8764;-2319.131
31193;-178.1764;-556.5837;-2319.503
31269;-178.2138;-556.7349;-2319.597
31305;-178.5576;-555.7977;-2319.603
31338;-181.1707;-549.2808;-2321.322
31381;-177.8175;-552.5239;-2322.994
31411;-174.7386;-554.2979;-2323.281
31455;-173.7038;-547.9992;-2326.283
31505;-164.0563;-561.8305;-2323.559
31533;-174.9587;-546.2687;-2329.095
31565;-176.9414;-543.9084;-2330.12
31622;-177.2592;-551.1025;-2319.617
31660;-177.5819;-551.9174;-2319.61
31702;-177.6533;-552.1671;-2319.436
31750;-178.1112;-550.929;-2317.889
31783;-178.3591;-543.9854;-2322.647
31841;-178.4302;-545.6632;-2320.707
31870;-176.0497;-553.673;-2316.519
31926;-174.8023;-558.9766;-2314.894
32006;-172.0044;-563.5956;-2317.337
32050;-177.6405;-546.6324;-2323.298
32076;-176.7753;-544.6088;-2322.979
32106;-176.4648;-543.5502;-2323.217
32144;-176.0175;-542.2645;-2323.253
32187;-175.3366;-546.1636;-2320.076
32246;-175.7819;-546.3646;-2320.2
32288;-176.0487;-548.2267;-2314.468
32313;-170.7169;-538.3378;-2306.025
32377;-172.1772;-537.3167;-2302.354
32419;-172.2642;-537.3775;-2302.477
32444;-161.7442;-553.4439;-2296.41
32467;-160.6403;-557.9009;-2297.127
32515;-162.2086;-551.5026;-2298.723
32543;-167.858;-538.7738;-2307.49
32580;-172.2922;-547.134;-2303.526
32604;-174.2366;-537.9265;-2310.566
32634;-176.4022;-541.7065;-2311.896
32667;-176.9262;-544.1348;-2312.257
32698;-179.4056;-541.1293;-2314.02
32720;-179.2494;-542.8425;-2313.865
32748;-179.2466;-546.0723;-2314.166
32827;-181.3237;-543.1039;-2313.401
32850;-181.9038;-541.4161;-2314.116
32908;-182.21;-540.1796;-2313.63
32933;-181.0337;-545.0452;-2314.665
32964;-180.4579;-546.7459;-2314.835
32992;-182.1871;-544.4542;-2315.702
33048;-181.2948;-545.3312;-2316.394
33085;-181.1868;-543.9774;-2317.925
33108;-177.888;-548.2676;-2320.191
33160;-180.1912;-554.0941;-2322.312
33197;-177.6769;-548.0981;-2328.851
33234;-171.8517;-556.0583;-2329.427
33264;-169.0064;-562.0278;-2330.373
33311;-167.8199;-565.1609;-2331.768
33344;-174.9429;-554.6152;-2328.575
33403;-175.1497;-554.9046;-2326.978
33457;-175.9785;-553.9119;-2325.076
33479;-176.9399;-553.171;-2321.916
33546;-176.8107;-553.3711;-2320.71
33585;-176.3026;-551.8324;-2317.887
33604;-176.7102;-551.1608;-2316.567
33633;-176.764;-548.9479;-2313.55
33662;-177.6009;-543.1501;-2314.948
33698;-178.1776;-545.4778;-2312.895
33738;-177.9124;-547.3998;-2312.422
33800;-178.1918;-549.165;-2313.002
33823;-178.4414;-549.9123;-2313.51
33880;-182.7222;-540.7973;-2315.504
33940;-182.9065;-539.4067;-2315.032
33966;-181.1131;-543.8754;-2317.091
34006;-182.1039;-541.787;-2317.679
34048;-182.2968;-538.815;-2318.376
34089;-179.7836;-542.0964;-2312.295
34120;-179.0276;-544.2134;-2310.092
34146;-178.2706;-546.3657;-2303.677
34202;-177.0857;-544.7101;-2301.103
34244;-176.898;-544.4136;-2300.532
34271;-177.132;-544.4461;-2300.793
34295;-177.0647;-544.0024;-2300.603
34348;-176.8069;-544.8849;-2300.104
34392;-179.2912;-542.9734;-2299.986
34433;-178.7439;-539.0367;-2304.207
34458;-179.4727;-537.7855;-2304.506
34546;-176.824;-544.4166;-2304.78
34566;-176.4204;-547.0323;-2304.791
34634;-176.7969;-547.5318;-2304.946
34661;-177.2232;-548.2927;-2305.843
34687;-177.4369;-550.0419;-2306.371
34744;-176.5349;-551.7682;-2307.585
34763;-176.3924;-553.1593;-2308.812
34804;-176.3514;-554.7997;-2309.888
34832;-176.8468;-555.5479;-2311.656
34865;-178.0134;-556.1573;-2315.268
34898;-182.5255;-547.6545;-2321.385
34924;-181.7463;-548.4391;-2322.594
34947;-182.995;-545.9221;-2326.073
35008;-183.5362;-556.507;-2330.195
35040;-184.1149;-554.3716;-2329.638
35121;-182.8115;-553.811;-2327.758
35148;-182.194;-551.0771;-2325.498
35193;-181.2465;-549.8254;-2323.675
35248;-180.2897;-548.8471;-2323.145
35274;-180.0041;-549.4268;-2322.003
35296;-171.3314;-541.7354;-2324.214
35330;-174.5085;-539.076;-2324.075
35366;-175.9295;-548.9088;-2317.834
35410;-177.2661;-542.9418;-2321.821
35474;-177.6151;-545.579;-2320.611
35507;-178.3159;-550.4595;-2320.806
35529;-178.2415;-550.8987;-2320.597
35571;-176.3871;-559.1227;-2320.748
35604;-181.3828;-546.3353;-2321.078
35629;-181.259;-544.5123;-2321.889
35668;-180.8148;-541.2684;-2323.27
35709;-174.9117;-547.7153;-2322.006
35737;-173.8181;-542.556;-2323.225
35793;-173.7679;-541.7572;-2323.349
35820;-173.7072;-547.6351;-2319.533
35840;-173.0375;-544.6514;-2319.646
35899;-169.4491;-538.817;-2308.873
35926;-169.6765;-537.2246;-2307.635
35951;-165.5164;-548.015;-2304.086
35981;-166.2484;-550.3451;-2305.483
36010;-166.64;-550.4568;-2305.556
36033;-175.0083;-550.7361;-2310.623
36121;-176.3924;-550.6338;-2309.124
36186;-178.0443;-540.4559;-2318.203
36259;-178.4508;-539.9084;-2318.165
36281;-179.7127;-539.3652;-2318.222
36357;-177.8238;-544.3199;-2317.291
36385;-177.8323;-546.4061;-2317.745
36433;-177.7587;-547.3567;-2317.518
36458;-178.6341;-548.4888;-2317.454
36524;-178.814;-551.7721;-2318.054
36566;-179.4414;-555.2537;-2319.03
36591;-179.3018;-556.3391;-2319.122
36630;-179.7688;-557.2217;-2318.813
36688;-179.6083;-557.9375;-2318.133
36837;-179.937;-560.9306;-2319.656
36856;-179.9145;-562.7316;-2320.945
36888;-180.0714;-561.9531;-2321.067
36914;-179.6755;-561.7183;-2322.451
36964;-179.3546;-561.5623;-2324.257
36992;-179.2552;-561.7288;-2326.175
37022;-178.384;-561.4335;-2327.346
37061;-177.3982;-561.2755;-2327.479
37101;-177.046;-561.5667;-2327.65
37125;-176.8729;-561.449;-2327.8
37208;-174.3102;-561.7133;-2321.853
37239;-174.0472;-562.1266;-2320.907
37294;-172.7008;-560.0945;-2312.639
37333;-171.3426;-560.1896;-2310.453
37365;-171.1322;-560.7527;-2310.174
37407;-168.5683;-564.053;-2307.731
37441;-166.8827;-567.1453;-2304.605
37484;-164.8916;-576.7369;-2298.761
37524;-162.5432;-576.1261;-2298.999
37564;-161.1055;-580.7437;-2296.008
37611;-160.8197;-582.5259;-2295.984
37649;-160.9185;-583.1583;-2294.568
37676;-161.4814;-587.0118;-2290.826
37698;-162.5237;-587.5883;-2290.418
37728;-166.1692;-589.2583;-2285.178
37782;-168.0266;-591.8421;-2283.297
37809;-172.3732;-594.5076;-2281.091
37833;-174.8585;-596.4581;-2279.686
37860;-177.8116;-598.4235;-2278.693
37908;-180.0595;-597.451;-2275.52
37933;-182.2925;-597.4113;-2273.171
37963;-184.1576;-596.336;-2271.901
37987;-186.7822;-595.6441;-2269.481
38051;-191.1623;-585.6103;-2272.766
38088;-190.8472;-589.0302;-2270.72
38112;-190.9274;-589.6875;-2270.183
38136;-189.8428;-594.3765;-2268.968
38181;-189.7275;-595.1599;-2274.266
38210;-188.9516;-595.3859;-2277.903
38239;-188.3043;-594.8444;-2279.76
38267;-188.4216;-594.4052;-2281.287
38314;-188.0961;-594.386;-2284.745
38339;-187.0629;-594.8504;-2288.542
38374;-187.3892;-594.6953;-2290.712
38448;-187.122;-594.3063;-2291.377
38511;-181.8203;-591.8913;-2298.933
38539;-179.5742;-591.2447;-2298.924
38568;-175.9664;-590.8762;-2300.39
38603;-173.5937;-589.7726;-2301.19
38630;-167.4735;-585.9821;-2300.122
38663;-159.2999;-584.7069;-2297.868
38691;-152.938;-583.957;-2295.466
38740;-143.9697;-582.0114;-2293.796
38786;-126.7373;-577.3536;-2289.599
38817;-119.2744;-577.5417;-2287.702
38867;-110.5738;-578.6584;-2287.233
38931;-103.1233;-575.9499;-2288.568
38951;-95.42134;-572.5341;-2287.946
38979;-89.64701;-573.098;-2286.0
39021;-87.84486;-571.8214;-2284.973
39059;-84.52499;-572.1403;-2283.371
39085;-84.57833;-573.3939;-2280.838
39136;-86.3634;-573.4185;-2278.08
39158;-91.56644;-579.2029;-2270.171
39190;-97.51498;-582.1358;-2260.957
39218;-101.7642;-583.8533;-2250.34
39247;-106.6827;-584.3715;-2239.814
39279;-109.6125;-581.3602;-2232.355
39361;-115.7399;-576.5342;-2223.9
39386;-123.3581;-575.0419;-2211.747
39432;-128.4058;-568.0393;-2202.401
39455;-134.6057;-555.7061;-2192.57
39477;-138.1602;-549.6038;-2183.8
39518;-138.0756;-545.6031;-2179.435
39566;-137.8149;-541.9449;-2176.363
39611;-136.084;-538.7075;-2171.041
39641;-134.5658;-537.7034;-2166.876
39684;-118.5339;-536.8748;-2154.584
39769;-111.3508;-534.4255;-2151.056
39813;-80.65845;-531.7708;-2136.214
39844;-71.38194;-529.7533;-2136.421
39897;-20.5568;-524.7671;-2127.255
39923;-15.77763;-525.3539;-2127.446
39978;-3.011516;-527.7372;-2122.289
40190;47.29091;-506.0416;-2103.687
40221;49.85373;-502.7568;-2102.457
40258;52.64537;-503.1818;-2101.985
40317;53.94152;-500.897;-2100.819
40356;54.89827;-500.2575;-2101.299
40386;55.80418;-498.3413;-2101.663
40429;56.21988;-496.601;-2103.603
40460;57.50287;-488.4867;-2106.99
40483;58.02628;-487.7048;-2108.883
40526;58.70518;-480.5056;-2117.428
40592;62.18954;-481.3275;-2122.421
40613;62.82666;-480.947;-2122.917
40639;68.71042;-487.2163;-2126.039
40680;70.79507;-486.4033;-2126.911
40706;74.19788;-484.6522;-2127.571
40753;80.02048;-482.3716;-2128.933
40813;85.68665;-484.412;-2128.733
40840;87.82185;-484.1111;-2129.123
40864;91.55706;-484.7368;-2128.053
40924;94.89227;-485.6793;-2126.905
40946;101.8988;-486.0001;-2123.781
41001;108.9935;-481.7847;-2116.966
41076;109.5846;-479.4263;-2115.323
41121;103.8433;-473.7299;-2101.469
41146;100.568;-474.0729;-2098.771
41178;97.13047;-475.7635;-2094.126
41230;89.38166;-482.5683;-2082.487
41254;83.5863;-484.1651;-2077.415
41280;77.87991;-480.0334;-2070.817
41330;74.33912;-479.5368;-2063.494
41363;70.02862;-481.0572;-2054.206
41406;65.62859;-480.4397;-2046.024
41437;61.13873;-478.1215;-2034.902
41470;58.39298;-477.8073;-2026.588
41500;55.85301;-480.9416;-2011.275
41539;51.30464;-479.2429;-1993.989
41573;46.99301;-475.6305;-1984.03
41601;41.27444;-469.2966;-1968.891
41642;37.56206;-464.8804;-1954.103
41677;32.89576;-452.9158;-1935.07
41728;31.7417;-445.6338;-1921.966
41752;30.46079;-433.7986;-1905.136
41813;32.27096;-426.4405;-1889.604
41837;34.87562;-418.5421;-1871.667
41864;44.20102;-403.3556;-1845.491
41922;50.56413;-403.8244;-1838.772
41964;62.35271;-405.3152;-1832.083
41999;76.08024;-408.7595;-1829.022
42022;91.16929;-411.3159;-1827.01
42063;102.8167;-414.7136;-1827.152
42090;117.7591;-422.2343;-1826.507
42133;124.8036;-422.5393;-1825.707
42180;130.1017;-424.9985;-1825.676
42207;135.5019;-425.9392;-1824.896
42236;138.687;-426.1023;-1825.326
42261;140.4138;-425.8929;-1825.664
42282;141.4969;-425.8582;-1825.835
42320;142.3327;-425.5679;-1825.907
42359;142.6578;-425.4164;-1826.076
42409;143.1736;-423.9954;-1826.403
42482;143.1776;-420.2265;-1825.845
42507;142.4727;-418.0127;-1824.625
42564;141.2423;-412.9153;-1822.072
42630;141.6262;-410.0453;-1820.456
42712;144.348;-408.0779;-1817.925
42772;146.0721;-408.0237;-1815.382
42798;146.248;-406.9558;-1810.576
42864;144.969;-405.1367;-1801.588
42936;131.1733;-381.1534;-1754.976
42967;127.5011;-365.7661;-1738.089
42997;126.3408;-358.6932;-1724.021
43022;126.3062;-350.2267;-1707.154
43079;126.1532;-341.6756;-1695.559
43114;128.7238;-335.9249;-1682.966
43142;130.8378;-328.5669;-1672.985
43179;134.3403;-325.7345;-1664.764
43211;138.6135;-321.7029;-1659.181
43242;144.4779;-320.6062;-1654.409
43280;149.6011;-320.8409;-1651.436
43310;155.9906;-321.2393;-1649.642
43375;167.0628;-325.1982;-1650.321
43400;176.9552;-330.3552;-1657.434
43443;181.8637;-334.6892;-1662.155
43472;186.755;-339.9953;-1668.116
43495;189.5326;-341.8286;-1673.852
43524;190.7029;-345.5443;-1681.034
43561;190.3272;-349.3403;-1685.648
43592;188.8909;-352.9394;-1689.232
43623;187.7167;-354.3225;-1691.751
43652;186.2391;-356.1408;-1694.429
43710;184.8629;-356.5505;-1696.39
43733;182.2845;-357.1405;-1698.874
43789;178.885;-358.9101;-1702.546
43865;176.0492;-360.3599;-1707.652
43892;172.1183;-361.9863;-1716.242
43937;169.003;-363.7895;-1724.385
43960;165.6836;-368.1742;-1736.538
43991;165.5149;-375.528;-1747.307
44023;161.4091;-401.5973;-1791.831
44050;161.1546;-407.9496;-1800.758
44082;159.9851;-430.4784;-1825.374
44129;154.6336;-458.5017;-1884.786
44217;152.7883;-475.7484;-1915.305
44266;148.9619;-481.6897;-1934.911
44311;144.0707;-489.3897;-1971.656
44356;137.8495;-499.6412;-2031.858
44383;136.8312;-498.8308;-2041.122
44416;134.2154;-493.9963;-2072.948
44447;135.1366;-498.1194;-2080.406
44491;135.562;-501.2114;-2090.19
44582;137.5205;-504.8928;-2095.599
44626;153.4253;-508.3166;-2092.681
44663;170.6171;-507.9324;-2084.244
44687;187.4902;-505.4096;-2075.081
44727;227.1174;-494.618;-2058.96
44757;239.1717;-489.991;-2053.159
44798;250.3079;-478.2608;-2047.927
44830;260.6875;-460.2163;-2043.424
44889;267.1019;-455.4589;-2039.486
44911;269.1339;-451.6264;-2036.45
44999;269.9954;-449.398;-2036.465
45039;269.3366;-449.7377;-2036.752
45066;266.1312;-458.1835;-2043.014
45118;232.6478;-489.022;-2069.809
45146;229.5509;-492.3641;-2072.278
45184;218.2335;-500.1857;-2080.276
45214;201.8995;-503.9162;-2093.541
45245;198.2115;-506.271;-2097.023
45269;191.9076;-513.7248;-2109.059
45315;187.9037;-514.0808;-2114.781
45348;185.5731;-515.3816;-2121.136
45369;184.8571;-514.9044;-2123.901
45386;186.077;-514.5253;-2125.111
45450;187.502;-513.5621;-2126.215
45486;193.9344;-511.0583;-2126.546
45539;201.3719;-509.35;-2125.579
45561;208.5463;-507.405;-2123.264
45586;217.8009;-503.2565;-2119.148
45620;220.8843;-500.5637;-2117.345
45673;230.6892;-500.6316;-2113.597
45693;234.2424;-499.0236;-2111.884
45724;235.8035;-498.8794;-2111.17
45773;236.8861;-498.3768;-2109.773
45846;234.5203;-496.581;-2108.622
45870;233.5708;-496.4893;-2108.424
45927;231.6359;-497.1124;-2108.828
45961;229.1644;-498.0034;-2108.767
45999;221.1535;-502.0617;-2107.122
46024;219.4722;-501.8678;-2107.546
46092;217.4921;-501.3989;-2108.228
46146;207.4717;-497.2879;-2114.589
46186;207.3228;-499.2315;-2117.386
46289;208.6028;-501.3425;-2123.601
46308;209.2589;-502.0919;-2124.484
46346;210.715;-502.7935;-2125.456
46375;213.1441;-502.2837;-2124.724
46402;218.0002;-501.6511;-2120.923
46432;219.8843;-499.7352;-2119.534
46476;222.8735;-498.1723;-2117.175
46504;228.6587;-494.8342;-2113.819
46535;230.8537;-496.5431;-2112.163
46566;233.3051;-499.1523;-2110.361
46611;234.5699;-502.78;-2108.539
46663;232.3765;-506.8868;-2106.112
46685;229.5538;-510.7275;-2101.244
46712;224.9442;-512.5651;-2093.395
46770;220.5436;-511.794;-2085.066
46791;214.4272;-506.3152;-2074.669
46830;208.9991;-496.3848;-2057.287
46872;208.4128;-486.4445;-2040.879
46931;207.0222;-477.4431;-2023.097
46982;202.6183;-446.6425;-1995.048
47021;202.7315;-439.7518;-1990.192
47048;203.7444;-432.7542;-1988.287
47079;205.2892;-427.2841;-1989.741
47134;210.167;-423.9363;-1993.099
47162;222.6449;-425.403;-2010.829
47187;235.1085;-432.4288;-2049.339
47226;267.5734;-487.5935;-2111.367
47254;247.0487;-457.9944;-2081.399
47288;279.1235;-507.4799;-2147.725
47343;290.6573;-515.5199;-2187.277
47375;297.8361;-540.0313;-2234.748
47396;304.349;-556.4616;-2275.824
47435;313.6379;-582.6395;-2364.017
47469;308.6191;-573.3121;-2321.613
47506;311.2508;-593.3388;-2410.223
47529;308.7272;-595.8874;-2411.846
47569;306.2847;-595.2734;-2412.16
47593;293.8138;-598.1841;-2399.675
47649;280.7604;-595.6218;-2376.803
47684;255.1329;-585.7465;-2330.259
47712;243.8234;-578.6603;-2292.957
