
1;330.084;-426.9621;-2158.792
30;326.3316;-428.3027;-2163.941
66;324.2509;-431.1225;-2172.339
135;327.2299;-432.4391;-2176.281
169;328.9123;-434.3688;-2177.852
276;367.4426;-443.6656;-2204.597
317;377.968;-449.4718;-2211.73
403;408.6645;-453.0193;-2241.016
432;424.0615;-468.9356;-2252.421
449;433.1176;-472.6493;-2265.048
517;438.8002;-473.8202;-2278.981
777;431.3167;-495.4395;-2314.345
808;415.9464;-498.3844;-2320.467
838;415.6276;-498.3243;-2320.957
866;402.438;-493.2389;-2324.275
887;391.8111;-492.4174;-2322.439
909;382.8659;-488.3713;-2325.991
932;377.119;-486.3589;-2325.23
986;369.6877;-486.6936;-2321.782
1003;360.535;-483.8871;-2319.543
1025;354.3236;-481.7483;-2316.513
1048;349.3609;-478.9387;-2314.676
1077;345.73;-475.903;-2313.614
1121;341.9503;-475.0855;-2311.652
1142;337.9153;-474.3324;-2308.942
1191;334.3176;-475.0265;-2306.767
1209;330.9483;-475.6877;-2304.73
1245;329.9598;-475.2757;-2304.953
1286;329.3702;-475.3944;-2305.39
1336;329.166;-475.9581;-2306.235
1374;328.8409;-476.9261;-2307.947
1460;327.8306;-482.0663;-2315.509
1493;327.8095;-484.387;-2322.645
1516;327.2413;-493.7656;-2328.533
1550;329.3714;-491.0372;-2333.536
1608;330.1698;-490.7876;-2335.047
1649;331.3324;-490.0941;-2337.769
1690;333.2624;-486.786;-2343.172
1724;334.1231;-486.3203;-2345.205
1760;332.0844;-492.9803;-2346.52
1783;332.4301;-492.7453;-2346.668
1821;332.7895;-490.5298;-2347.113
1852;332.936;-489.5315;-2346.307
1872;332.9074;-487.5585;-2345.045
1907;332.5891;-486.6279;-2340.509
1928;332.4062;-486.3151;-2335.972
1965;332.4298;-483.4838;-2330.94
2005;333.0239;-480.6084;-2326.96
2054;331.9618;-481.3125;-2323.552
2088;332.4727;-481.317;-2322.363
2113;332.3829;-480.4678;-2321.197
2152;331.6002;-480.3366;-2319.184
2201;331.1694;-480.3655;-2318.944
2228;331.2062;-480.3303;-2318.894
2252;330.6308;-480.3441;-2319.423
2275;330.4591;-480.5613;-2319.787
2298;330.1411;-480.9739;-2320.128
2348;329.3185;-481.9006;-2321.613
2370;328.6717;-483.2826;-2322.941
2391;328.498;-483.6925;-2325.67
2659;328.4917;-482.6925;-2329.612
2747;332.0201;-489.1499;-2323.175
2778;335.7159;-478.831;-2311.181
2803;337.1182;-476.5156;-2306.936
2828;337.2349;-474.8353;-2302.249
2885;335.2334;-474.3846;-2299.011
2925;332.6138;-474.2885;-2297.275
2959;330.2032;-474.7005;-2295.885
2999;327.0753;-474.3347;-2295.942
3049;322.0678;-471.8758;-2297.241
3071;319.4324;-469.9836;-2299.183
3113;317.6054;-469.0244;-2301.998
3136;316.5876;-468.7659;-2303.114
3191;316.1133;-468.5857;-2304.575
3215;316.0098;-468.9546;-2306.603
3260;319.2833;-469.4009;-2312.545
3286;321.3246;-473.6216;-2313.041
3340;323.6197;-474.224;-2314.479
3359;329.2708;-476.3352;-2315.095
3387;335.3861;-479.2154;-2316.049
3407;344.3021;-479.9951;-2316.04
3445;351.779;-481.4103;-2315.957
3499;368.5672;-485.8218;-2311.297
3562;370.549;-486.3436;-2309.944
3665;369.6188;-483.1021;-2308.277
3741;366.3578;-481.5888;-2307.349
3824;342.965;-480.6706;-2306.966
3855;338.1103;-480.0172;-2307.544
3882;333.7633;-478.2486;-2309.778
3920;330.3902;-476.9754;-2310.849
3961;327.9035;-475.0312;-2312.515
3986;326.3188;-474.6039;-2313.415
4009;325.5099;-474.5429;-2313.842
4047;325.1884;-474.3731;-2314.06
4106;325.0564;-474.186;-2314.477
4145;324.9848;-474.2664;-2314.167
4407;335.9752;-492.5857;-2312.291
4498;335.5878;-496.8001;-2312.231
4554;334.5608;-496.9738;-2312.843
4590;332.9026;-496.5776;-2312.972
4620;331.7267;-496.868;-2312.588
4642;328.1465;-492.925;-2314.7
4664;325.3054;-491.2398;-2315.586
4707;322.6104;-490.3813;-2315.714
4743;318.8018;-489.5707;-2315.149
4763;315.6852;-486.2795;-2315.616
4786;312.8022;-482.0153;-2314.347
4828;311.5006;-479.1366;-2313.481
4850;310.6598;-479.2317;-2312.319
4883;310.7085;-477.3954;-2311.144
4910;311.4277;-474.6981;-2310.28
4966;312.3269;-474.3531;-2309.703
4986;314.7219;-473.8864;-2309.266
5015;316.1897;-475.1425;-2308.948
5052;318.5635;-476.2878;-2308.578
5082;321.5218;-477.482;-2308.769
5108;326.5436;-485.6632;-2309.987
5147;328.6364;-487.7469;-2312.092
5170;331.4881;-495.6206;-2313.17
5238;332.8269;-498.0037;-2313.505
5273;334.45;-502.3446;-2313.686
5292;335.6942;-502.7332;-2315.636
5311;336.3832;-503.1541;-2317.904
5381;337.9183;-494.5768;-2324.37
5402;338.971;-491.4381;-2325.669
5423;339.1663;-491.0732;-2326.37
5465;339.1785;-490.9648;-2326.569
5494;338.3537;-490.5249;-2326.147
5519;337.1862;-487.8543;-2325.852
5549;335.914;-485.6117;-2325.483
5589;333.8963;-484.6656;-2323.648
5628;331.8536;-482.5027;-2320.95
5678;330.5311;-482.0921;-2317.563
5704;330.0821;-479.5657;-2313.703
5739;329.2993;-479.421;-2311.903
5797;328.8346;-478.9664;-2310.043
5840;328.6524;-479.3584;-2308.532
5869;328.8426;-478.8709;-2307.98
5911;330.7969;-477.6725;-2306.413
5950;331.7414;-477.6588;-2305.506
5970;332.6509;-478.4884;-2305.221
6012;333.0182;-478.7503;-2305.486
6034;333.6918;-478.6653;-2306.062
6076;334.0027;-480.7276;-2306.759
6116;333.3969;-477.901;-2313.943
6149;332.3956;-479.057;-2315.925
6183;330.236;-482.5493;-2318.645
6205;326.8737;-487.4952;-2326.156
6244;324.3225;-489.4861;-2332.256
6286;320.7763;-495.152;-2335.701
6447;307.3959;-503.3163;-2336.354
6486;305.6687;-501.6724;-2333.534
6520;307.8351;-497.7449;-2329.128
6543;309.0668;-490.3398;-2324.3
6595;311.6821;-484.3619;-2315.358
6623;315.9135;-478.1415;-2309.682
6653;320.4595;-474.725;-2297.108
6679;325.7095;-475.7456;-2289.567
6725;327.8046;-476.9912;-2286.571
6762;328.9604;-477.9868;-2286.707
6794;331.5349;-478.5346;-2285.697
6846;335.7451;-478.9601;-2283.656
6870;337.7565;-480.6757;-2283.808
6904;340.2523;-483.0444;-2284.234
6942;342.5803;-484.9339;-2286.138
6964;344.8309;-488.6662;-2288.35
6986;345.1351;-492.8193;-2294.037
7024;346.524;-493.7207;-2299.583
7046;346.1266;-494.1549;-2304.743
7098;346.0281;-491.066;-2315.149
7149;344.8868;-493.5046;-2325.415
7178;343.663;-495.7964;-2327.546
7222;343.877;-492.038;-2332.088
7258;343.0857;-492.7843;-2332.6
7283;342.8198;-494.3992;-2331.874
7321;342.5657;-493.6504;-2331.534
7354;342.3606;-492.1117;-2330.892
7378;342.574;-491.6283;-2330.62
7406;342.2481;-491.9838;-2330.289
7428;342.7837;-490.7403;-2328.218
7450;343.2522;-489.5806;-2327.361
7503;345.0067;-489.5083;-2324.71
7547;349.1287;-490.5906;-2320.612
7583;350.5577;-489.9732;-2319.445
7657;354.1161;-485.8437;-2321.605
7678;356.7321;-485.2951;-2321.123
7703;357.69;-485.5747;-2320.57
7741;358.3941;-487.2934;-2319.428
7765;358.2708;-487.0856;-2319.799
7786;357.3511;-486.7113;-2323.472
7832;354.4236;-487.0248;-2326.351
7873;349.4508;-489.4937;-2329.348
7897;344.2606;-488.2576;-2334.87
7940;336.4327;-487.2436;-2339.021
7977;330.3472;-491.6008;-2338.558
7997;326.0234;-487.4254;-2339.668
8024;323.1526;-484.7669;-2337.57
8067;319.1509;-481.8029;-2332.962
8089;317.1167;-479.7311;-2326.304
8115;314.8821;-477.0442;-2316.099
8252;318.8072;-473.9878;-2297.019
8276;321.7927;-470.5798;-2292.614
8321;324.1031;-470.1255;-2289.49
8385;330.4794;-473.3512;-2290.541
8404;334.2563;-475.5172;-2289.959
8426;339.3024;-480.8143;-2290.047
8445;344.9139;-486.6251;-2294.063
8500;349.0592;-495.7614;-2296.348
8519;352.3023;-496.9127;-2299.28
8585;355.1537;-499.2544;-2303.736
8606;356.9885;-512.0264;-2319.147
8643;355.9475;-512.704;-2324.579
8678;352.3269;-512.3897;-2328.093
8715;350.3627;-512.2125;-2330.119
8758;348.3881;-513.2739;-2330.166
8782;344.5072;-514.5093;-2331.762
8831;340.6217;-512.2277;-2332.877
8881;337.6694;-508.3778;-2333.932
8904;335.164;-500.7109;-2335.622
8941;333.6141;-490.6008;-2333.522
8996;333.9848;-493.0467;-2328.517
9018;335.3088;-490.9413;-2323.831
9038;336.9005;-489.69;-2321.291
9072;340.8758;-486.56;-2316.392
9125;343.2132;-487.1508;-2311.519
9147;346.7462;-486.2865;-2306.211
9179;350.5395;-484.0956;-2303.157
9223;353.6588;-484.2154;-2299.808
9250;355.8417;-483.7013;-2298.92
9277;357.6741;-482.8422;-2298.175
9347;358.0193;-480.6544;-2301.071
9478;336.4579;-499.5863;-2322.327
9503;331.2528;-501.5504;-2328.169
9541;326.4233;-494.5686;-2339.765
9582;322.992;-499.0518;-2340.556
9626;318.7137;-498.4909;-2341.721
9648;318.131;-498.5462;-2340.98
9687;317.4557;-498.7156;-2339.835
9707;317.4669;-497.7217;-2337.821
9732;316.668;-495.2636;-2333.675
9762;317.1193;-493.2236;-2332.226
9790;318.1235;-490.4744;-2330.549
9823;319.7838;-486.8867;-2331.0
9861;321.1328;-486.527;-2330.392
9887;324.9365;-494.946;-2323.487
9933;325.352;-495.9576;-2323.458
9986;325.8969;-496.3846;-2323.789
10039;326.642;-496.835;-2323.951
10064;327.757;-497.7643;-2324.254
10090;329.3977;-499.0721;-2324.992
10125;331.4612;-501.7787;-2325.935
10204;332.8767;-503.221;-2326.583
10233;334.3852;-506.0659;-2327.248
10264;335.731;-511.1573;-2326.306
10282;337.2886;-520.5472;-2324.546
10402;343.0947;-498.6935;-2337.683
10427;342.9747;-496.2752;-2338.597
10473;343.5267;-494.5302;-2339.06
10504;343.47;-493.637;-2339.529
10531;342.8217;-495.5698;-2338.824
10573;341.7092;-497.6308;-2337.027
10602;340.9883;-499.4688;-2334.893
10641;340.3023;-501.2345;-2332.679
10701;339.7024;-501.5299;-2332.161
10727;336.7326;-502.8748;-2328.753
10751;336.9167;-502.7987;-2328.346
10796;337.3193;-503.0716;-2327.85
10830;337.715;-502.8878;-2327.448
10868;338.8421;-502.5467;-2327.291
10891;340.1067;-503.3825;-2326.522
10948;341.3595;-502.2725;-2326.707
10970;341.932;-502.3576;-2327.179
11038;341.915;-502.2206;-2327.351
11147;341.4738;-502.6977;-2327.434
11164;340.127;-498.9176;-2329.657
11239;330.1027;-488.4506;-2330.234
11263;326.9759;-486.4211;-2325.369
11307;322.7624;-477.611;-2316.202
11346;323.0991;-476.5035;-2313.087
11383;323.3842;-474.9713;-2307.957
11458;324.5424;-474.6388;-2304.832
11479;325.7839;-474.4413;-2302.499
11518;327.1114;-476.0555;-2301.025
11533;328.8671;-476.1005;-2302.503
11560;331.4002;-485.0754;-2302.963
11581;333.7705;-490.1727;-2304.943
11622;336.3637;-494.3625;-2308.203
11643;338.3924;-498.8133;-2313.066
11695;340.3542;-500.6002;-2317.512
11724;343.067;-505.952;-2323.404
11775;344.244;-509.4488;-2325.494
11818;344.6953;-512.3208;-2328.927
11847;346.4961;-515.2207;-2334.566
11874;346.4792;-515.7979;-2336.407
11895;346.4633;-523.7692;-2336.648
11913;345.9273;-523.1064;-2339.534
11977;349.0362;-516.2573;-2343.369
12038;349.3562;-515.5048;-2343.98
12110;352.1527;-504.9023;-2343.526
12133;352.9385;-503.362;-2343.307
12160;352.4015;-504.1027;-2342.142
12179;351.3424;-498.8092;-2336.9
12236;347.5109;-502.254;-2333.399
12266;346.7943;-499.0698;-2331.12
12303;346.4029;-497.3396;-2330.248
12325;345.2764;-498.8992;-2329.118
12350;345.3636;-499.6773;-2328.743
12380;345.3154;-499.8084;-2328.004
12443;345.1595;-501.8982;-2326.802
12477;346.9375;-504.1765;-2325.634
12504;347.5304;-504.1873;-2325.124
12561;352.4687;-496.3223;-2326.53
12583;354.4449;-494.5415;-2325.493
12662;355.4432;-494.3089;-2325.792
12728;349.8121;-499.1447;-2327.604
12770;346.8486;-501.1768;-2327.951
12793;341.4747;-500.4566;-2329.659
12835;337.8131;-501.2862;-2329.936
12859;329.1502;-489.2502;-2333.419
12897;326.743;-486.6827;-2331.271
12969;322.2356;-484.3326;-2326.715
13020;314.7672;-479.7947;-2307.364
13042;315.1405;-477.2643;-2302.872
13084;316.2942;-475.5629;-2298.811
13122;319.0461;-474.5533;-2294.631
13174;319.9424;-474.8366;-2292.817
13196;321.1442;-475.0191;-2291.829
13218;322.799;-475.1857;-2292.468
13242;325.4587;-476.9025;-2294.803
13293;331.138;-487.3838;-2301.614
13317;333.9003;-492.3123;-2305.848
13355;337.3079;-499.3607;-2309.994
13385;339.7822;-504.6315;-2315.25
13440;340.7633;-511.519;-2321.511
13475;342.953;-517.0579;-2325.227
13496;343.7151;-520.1348;-2327.362
13513;345.832;-518.2433;-2334.561
13532;346.3419;-516.6497;-2340.757
13583;346.7307;-516.7227;-2343.632
13619;346.7139;-516.6396;-2344.537
13656;346.2832;-514.8181;-2346.184
13674;349.2874;-500.5888;-2349.227
13724;348.9206;-498.151;-2348.71
13757;346.3845;-500.0538;-2345.82
13783;346.2326;-496.7632;-2344.248
13813;345.7272;-494.09;-2342.498
13873;344.5782;-491.9499;-2339.997
13898;343.5587;-489.9018;-2338.443
13925;343.3054;-489.7643;-2335.968
13969;342.8992;-489.5517;-2333.232
13997;342.114;-491.7696;-2330.97
14012;342.278;-492.3394;-2329.685
14048;343.6536;-495.7964;-2326.335
14089;345.0831;-495.2586;-2326.565
14114;347.549;-495.8268;-2326.669
14176;349.6367;-500.791;-2325.494
14206;351.4713;-500.2199;-2325.128
14276;352.9419;-499.9752;-2324.987
14303;353.3744;-501.1783;-2325.421
14334;352.3553;-499.4857;-2328.612
14403;349.9602;-502.5513;-2332.191
14455;346.0867;-505.6017;-2334.469
14493;338.0369;-505.756;-2341.119
14539;332.0544;-505.3146;-2345.952
14612;326.6859;-500.4524;-2350.281
14631;324.4505;-499.5848;-2350.267
14657;321.911;-497.7704;-2342.185
14701;319.1934;-491.1421;-2336.787
14726;318.271;-494.6213;-2324.655
14766;319.5672;-494.3438;-2322.123
14793;322.8869;-490.7848;-2319.614
14830;324.7428;-492.8074;-2315.456
14869;328.2683;-490.6971;-2315.115
14892;330.5073;-494.2311;-2315.24
14926;333.57;-496.4467;-2317.227
14961;336.2706;-500.2871;-2320.157
14985;338.1952;-504.2236;-2321.318
15011;340.0483;-509.1114;-2324.315
15083;341.0608;-512.3851;-2326.647
15105;342.9152;-513.9389;-2330.073
15132;344.1425;-522.3013;-2331.166
15173;343.0171;-524.6036;-2335.593
15231;344.4648;-522.8483;-2345.678
15276;343.7817;-522.8733;-2346.514
15308;342.5378;-521.967;-2348.894
15342;342.0105;-521.0417;-2350.057
15396;339.3368;-516.6201;-2350.6
15412;337.6674;-515.0115;-2348.903
15448;336.2339;-506.3987;-2345.687
15481;335.2815;-501.871;-2343.245
15540;335.7792;-499.4691;-2339.991
15576;335.4095;-500.5718;-2338.274
15599;335.4568;-501.1227;-2336.209
15681;341.666;-496.5043;-2329.438
15704;343.4066;-494.9059;-2327.694
15760;344.0717;-499.8118;-2323.903
15779;344.137;-500.7763;-2323.139
15819;344.9063;-499.2856;-2323.282
15859;346.0453;-494.0382;-2325.227
15877;346.0669;-494.0358;-2325.803
15914;345.326;-493.7458;-2327.018
15949;341.04;-497.7656;-2329.91
15993;339.204;-495.4121;-2334.118
16022;335.7241;-499.5574;-2337.3
16046;331.1472;-501.6147;-2341.719
16083;327.2961;-501.771;-2344.791
16112;324.7891;-499.2119;-2346.026
16172;322.1524;-497.5231;-2345.866
16196;320.6151;-495.0797;-2344.804
16225;318.9409;-493.336;-2341.698
16280;317.3885;-492.0546;-2336.21
16317;316.6215;-492.8506;-2329.898
16342;317.9259;-487.9022;-2327.851
16389;319.4691;-484.9243;-2325.875
16429;322.0035;-485.3304;-2321.681
16452;322.9176;-486.7911;-2319.814
16497;324.7759;-486.2284;-2319.654
16518;328.6112;-485.9324;-2320.528
16546;332.2001;-490.5391;-2321.672
16578;336.0762;-497.0995;-2325.284
16634;337.479;-499.1181;-2326.878
16656;338.5251;-504.0395;-2330.078
16679;339.5267;-509.4515;-2332.811
16706;339.9822;-512.0851;-2335.061
16737;340.2571;-514.5923;-2337.343
16783;340.371;-517.965;-2340.061
16814;340.2422;-518.1042;-2341.141
16837;339.8428;-518.3376;-2341.394
16915;339.056;-518.2836;-2342.541
16938;338.2006;-516.4694;-2343.322
16975;335.3136;-516.3223;-2342.929
17015;334.5435;-514.8157;-2342.829
17063;336.098;-503.9171;-2343.238
17090;335.0238;-505.0273;-2342.407
17158;334.2482;-505.1942;-2342.485
17193;334.33;-495.9775;-2345.591
17220;334.0898;-495.1583;-2345.538
17252;333.6592;-497.8945;-2344.894
17274;334.8893;-511.8919;-2340.644
17354;336.8988;-511.4006;-2341.216
17384;339.7352;-516.9344;-2339.279
17410;340.8761;-519.4401;-2338.172
17445;341.3878;-518.8785;-2338.443
17483;344.0886;-513.4307;-2339.687
17509;344.147;-513.4256;-2339.572
17553;344.2135;-512.5266;-2339.656
17596;343.9807;-512.942;-2339.386
17617;343.0308;-512.7468;-2338.638
17642;341.5301;-512.042;-2337.716
17678;335.9089;-501.0341;-2341.831
17728;332.6479;-496.5925;-2342.063
17783;327.5853;-490.8313;-2340.939
17838;324.5706;-491.0703;-2337.941
17863;321.8551;-493.1516;-2331.485
17883;321.0229;-494.01;-2325.887
17917;319.9406;-497.1332;-2316.925
17940;320.7679;-495.9785;-2313.774
17979;323.5609;-490.9448;-2311.861
18021;325.3806;-489.7623;-2311.412
18041;329.3005;-486.0663;-2312.47
18077;331.7598;-491.9555;-2310.897
18102;334.2472;-495.8808;-2310.994
18136;337.6148;-497.1214;-2312.365
18186;342.3733;-500.2495;-2314.416
18223;345.9973;-507.4819;-2317.899
18257;348.4229;-507.3458;-2322.351
18278;350.2263;-512.4821;-2325.268
18313;351.3571;-515.1688;-2328.561
18355;350.4815;-525.3005;-2330.215
18378;348.9188;-524.1543;-2334.334
18430;347.3326;-524.2137;-2337.5
18442;344.7199;-524.847;-2343.061
18480;343.2384;-523.0855;-2347.619
18512;341.0718;-523.1177;-2349.161
18572;336.1333;-521.4242;-2352.171
18608;332.8019;-516.0606;-2353.779
18641;331.6134;-514.3081;-2353.477
18692;328.6364;-511.0266;-2353.925
18718;326.5879;-509.3581;-2354.005
18758;323.9883;-500.6332;-2358.389
18788;321.6772;-501.4752;-2358.714
18843;319.415;-501.3571;-2360.261
18868;316.5225;-502.4828;-2361.999
18914;311.7611;-502.5255;-2364.653
18938;310.6039;-504.1484;-2367.721
18972;310.3304;-504.7309;-2369.143
19011;315.0067;-505.907;-2370.239
19043;320.0624;-510.4513;-2369.208
19101;341.1255;-526.4295;-2361.16
19147;423.1311;-499.3201;-2368.776
19200;450.5529;-486.2373;-2365.104
19230;500.0381;-471.6872;-2362.446
19274;543.6384;-428.9779;-2365.924
19312;586.7516;-355.6168;-2380.187
19366;643.8713;-294.8195;-2391.967
19389;665.1609;-191.0325;-2428.655
19477;688.2677;-83.10742;-2459.077
19525;601.7167;364.244;-2621.665
19549;582.368;478.0843;-2662.057
19591;516.8704;512.3114;-2694.768
19624;447.1571;469.6656;-2691.241
19658;385.9552;524.5111;-2707.392
19699;346.6942;598.5677;-2743.821
19732;275.9657;588.728;-2737.047
19793;201.5852;585.6237;-2741.614
19838;138.5094;611.303;-2748.582
19878;65.82002;651.3063;-2755.855
19921;58.9326;647.0551;-2762.536
19993;-0.6701052;648.1938;-2768.908
20046;80.63776;643.4882;-2749.011
20099;172.6487;622.2899;-2750.173
20123;218.728;609.0906;-2723.762
20176;334.1092;599.3465;-2668.487
20232;410.7869;576.0959;-2630.309
20257;483.6087;500.4399;-2601.097
20287;562.1652;466.1247;-2546.77
20340;597.3265;336.1482;-2511.396
20361;625.3918;215.6181;-2476.004
20456;644.6453;3.389165;-2415.163
20589;473.9557;-484.7421;-2326.426
20628;353.6581;-537.0603;-2360.33
20710;308.3563;-553.7114;-2372.695
20752;309.7623;-554.3262;-2375.188
20773;316.4491;-542.4442;-2384.425
20823;335.8301;-544.5172;-2381.296
20888;394.7631;-516.0014;-2378.315
20964;568.0428;-376.3158;-2351.062
21003;646.2018;-306.4064;-2344.762
21025;642.7203;-171.8773;-2397.104
21060;650.7426;-53.61501;-2433.182
21094;661.8598;42.51328;-2459.152
21132;658.5972;178.9177;-2503.195
21153;640.1165;270.5619;-2529.445
21187;593.4772;388.6755;-2584.378
21228;550.1264;498.6236;-2628.523
21289;397.5961;571.0614;-2708.007
21313;299.4151;636.8416;-2748.469
21341;242.7369;661.0867;-2780.323
21401;212.0377;661.392;-2798.646
21432;129.7273;661.4399;-2792.635
21453;128.5762;661.4432;-2792.423
21477;124.6889;660.3328;-2789.438
21544;114.9343;602.517;-2767.552
21566;127.165;652.4164;-2749.695
21594;166.7392;700.5323;-2780.49
21637;214.0259;648.6617;-2742.174
21662;256.6985;680.616;-2743.419
21699;313.7403;683.5146;-2730.466
21748;376.2593;641.462;-2698.25
21769;427.3253;523.9119;-2645.471
21819;562.5626;468.8756;-2591.994
21872;595.8835;365.2161;-2551.595
21945;659.2958;285.846;-2512.697
22048;655.0102;-143.6112;-2385.042
22087;644.4446;-259.5064;-2355.944
22142;612.0467;-350.0066;-2335.596
22184;549.1978;-435.8502;-2332.634
22209;483.2626;-488.0482;-2341.062
22235;419.125;-508.5995;-2367.509
22285;326.324;-523.7815;-2397.299
22313;319.8684;-524.5842;-2404.66
22340;319.1679;-522.4387;-2406.513
22379;319.0655;-527.349;-2396.076
22411;344.8654;-539.6901;-2376.329
22439;396.2782;-508.7632;-2381.236
22467;465.4507;-502.7734;-2348.15
22503;520.6324;-467.6355;-2337.238
22551;579.5005;-391.8824;-2338.922
22577;641.601;-307.967;-2349.89
22623;648.4332;-194.4047;-2390.982
22652;678.6134;-83.95532;-2421.815
22690;697.8747;7.000456;-2438.79
22730;676.343;101.0553;-2482.091
22755;667.3487;194.1757;-2512.127
22801;667.8083;290.4245;-2541.864
22826;621.9747;369.7289;-2584.091
22853;533.4217;507.2643;-2664.263
22879;486.7848;534.9489;-2696.737
22938;424.0281;524.7396;-2705.091
22972;390.6045;609.0704;-2749.649
23008;319.3887;570.5838;-2752.942
23031;267.4469;654.0882;-2790.366
23056;251.788;647.305;-2792.152
23083;193.9897;654.3499;-2801.274
23112;175.8193;676.3146;-2813.571
23154;159.313;699.1713;-2820.031
23199;143.4631;702.1296;-2815.127
23219;138.826;703.142;-2811.319
23240;138.1975;703.7106;-2810.082
23292;141.9066;710.482;-2813.57
23333;154.7801;714.1143;-2810.451
23361;166.4756;716.1466;-2806.103
23381;199.8961;726.1159;-2793.365
23424;211.958;632.5341;-2744.0
23485;247.559;674.4725;-2749.201
23513;339.7503;680.9138;-2711.346
23553;393.226;623.6661;-2654.667
23576;423.4343;521.7205;-2614.982
23628;510.9167;579.8838;-2582.463
23650;547.4053;499.0062;-2533.359
23703;564.5759;390.7856;-2489.117
23724;608.2628;312.9444;-2439.976
23771;638.5837;116.1807;-2369.24
23806;633.0554;11.64162;-2337.095
23851;622.4081;-79.89201;-2316.637
23871;611.0865;-180.9242;-2291.516
23905;613.6672;-287.2919;-2236.419
23956;568.655;-356.8061;-2250.513
23981;523.6533;-424.2737;-2259.872
24009;480.5594;-466.9739;-2282.911
24064;446.8154;-510.2181;-2295.376
24085;400.3178;-535.9489;-2312.304
24132;362.6601;-523.8841;-2343.112
24149;331.3208;-541.8747;-2355.091
24175;322.1504;-525.3046;-2373.015
24219;312.5375;-542.8929;-2364.078
24263;311.3237;-546.9095;-2362.592
24285;314.1514;-532.0327;-2369.529
24312;322.8404;-535.9063;-2362.47
24380;377.0656;-524.6913;-2338.037
24402;430.6207;-509.1902;-2318.584
24425;487.909;-473.6329;-2298.066
24498;554.3572;-406.1129;-2281.401
24517;626.2721;-316.1361;-2278.616
24548;629.9969;-188.9233;-2322.294
24590;633.2151;-70.21968;-2362.933
24610;652.1312;35.81167;-2389.459
24635;653.2756;158.5317;-2424.142
24663;639.9661;259.0688;-2455.478
24701;607.7532;375.5535;-2508.083
24729;568.2394;482.7549;-2550.166
24753;526.3985;584.8639;-2608.172
24822;371.2194;561.9227;-2697.168
24860;303.8695;576.0653;-2715.972
24898;255.7318;635.4898;-2757.478
24924;222.4801;632.0787;-2767.247
24975;190.9628;643.0339;-2789.201
25008;169.5858;642.4931;-2797.411
25031;165.019;641.7479;-2795.005
25073;154.0311;641.0071;-2791.346
25107;145.1753;643.4547;-2781.165
25132;135.7771;646.2117;-2769.263
25154;149.5832;649.4647;-2770.218
25196;152.2417;653.8066;-2769.893
25225;176.0118;661.9146;-2761.452
25249;198.4863;665.8925;-2754.413
25291;234.0085;671.5762;-2732.185
25310;268.308;667.3094;-2718.962
25361;311.7173;661.3953;-2702.49
25406;362.5159;608.6012;-2670.135
25427;435.1555;626.7807;-2659.803
25452;503.693;585.9108;-2621.026
25515;576.7004;397.8966;-2533.746
25551;595.6689;275.1093;-2500.816
25591;631.1198;186.1297;-2450.252
25670;636.664;59.85363;-2418.816
25707;652.1627;-54.41491;-2372.467
25729;618.1859;-166.808;-2355.882
25788;568.6502;-392.1467;-2288.516
25810;511.4914;-463.908;-2294.366
25832;454.2912;-492.6468;-2315.145
25855;394.0516;-528.2891;-2330.557
25878;352.5837;-529.4935;-2346.902
25913;324.9871;-528.8311;-2360.141
25947;313.9684;-544.1395;-2357.051
25982;310.9099;-546.5767;-2357.03
26017;307.9357;-527.963;-2365.986
26044;309.839;-526.048;-2366.199
26084;335.0041;-536.1419;-2349.866
26178;441.7526;-526.1349;-2311.486
26246;495.3425;-480.6512;-2303.351
26285;559.1356;-432.0124;-2299.846
26313;622.6335;-345.1888;-2307.217
26405;633.7473;-231.6333;-2350.815
26477;679.6866;202.6001;-2463.866
26498;625.0629;272.0204;-2512.374
26550;595.6465;381.1218;-2544.818
26578;563.7553;500.8445;-2597.442
26609;522.3926;594.1262;-2648.318
26636;428.3597;548.4043;-2657.825
26679;343.376;568.4391;-2692.721
26704;276.4895;667.8381;-2728.715
26733;226.2355;590.0533;-2722.035
26783;194.9234;649.7201;-2751.451
26824;101.5992;632.0253;-2728.142
26861;92.66553;634.296;-2714.745
26924;119.8938;642.4567;-2721.581
26963;126.7505;644.1029;-2719.546
26986;159.2588;691.7471;-2736.759
27027;200.0318;683.9712;-2727.812
27072;240.0225;691.723;-2723.431
27098;297.177;672.4124;-2711.371
27116;346.6591;661.4047;-2698.973
27156;389.2401;576.5115;-2671.414
27181;444.6846;532.1901;-2646.145
27222;488.2839;504.8156;-2628.66
27265;564.1713;493.7885;-2604.459
27286;597.0851;407.1046;-2573.167
27347;676.7064;246.6783;-2512.071
27387;655.2313;340.3392;-2537.122
27409;680.7318;159.655;-2482.081
27429;694.8289;59.25782;-2451.563
27484;698.0469;-15.84436;-2422.516
27507;679.301;-120.4387;-2398.773
27539;664.7163;-203.6479;-2374.11
27564;656.4573;-298.546;-2337.173
27587;621.1232;-372.163;-2327.732
27638;506.162;-489.8584;-2328.827
27685;458.6164;-520.6406;-2339.471
27721;406.8349;-566.1786;-2334.417
27749;356.836;-577.0905;-2341.08
27775;323.8181;-546.6327;-2372.93
27813;319.1596;-552.3462;-2371.68
27864;316.3063;-560.4187;-2370.897
27887;317.2531;-553.3892;-2372.446
27922;335.9537;-569.1337;-2351.107
27949;376.7004;-550.4286;-2346.761
27979;435.3651;-546.3867;-2328.86
28016;481.273;-499.1073;-2312.409
28066;543.23;-451.566;-2295.579
28089;590.2463;-357.0962;-2304.666
28118;652.4653;-285.2157;-2290.911
28174;648.6267;-150.7875;-2339.859
28201;645.2521;-36.43624;-2377.886
28259;647.2643;63.07367;-2403.917
28287;661.3426;182.0377;-2428.065
28315;637.9972;265.2758;-2458.223
28339;633.1268;378.1907;-2494.708
28367;572.5218;458.2886;-2537.684
28388;558.2662;568.1111;-2580.324
28423;481.1512;601.5231;-2624.913
28459;418.3107;587.5969;-2652.427
28501;346.1699;628.4454;-2696.989
28521;281.4298;635.5458;-2715.94
28552;259.1795;669.3425;-2738.753
28579;226.8628;680.3099;-2774.347
28633;212.6611;681.2257;-2780.237
28658;172.0241;675.9975;-2781.395
28699;166.0866;673.6438;-2776.871
28727;157.1172;674.6057;-2773.211
28752;158.2076;668.5573;-2767.947
28788;164.9473;677.4395;-2765.238
28824;190.6894;683.7376;-2756.809
28868;206.1574;689.0552;-2749.264
28931;244.9344;691.0291;-2739.292
28948;269.8125;690.6552;-2717.249
28976;321.5471;683.6071;-2697.828
29035;377.2698;623.6428;-2663.445
29065;418.7716;533.3356;-2630.905
29109;460.5514;516.4086;-2607.22
29158;520.3908;493.0555;-2580.68
29187;560.8316;411.1331;-2537.013
29253;641.8775;132.4123;-2437.758
29280;648.8337;24.01445;-2408.59
29304;633.9699;-71.08704;-2383.272
29327;627.7311;-177.3586;-2357.178
29353;636.2219;-306.1005;-2306.683
29400;584.5776;-401.1613;-2296.629
29426;525.4547;-471.4492;-2300.541
29454;471.3485;-516.8777;-2310.529
29491;418.0506;-558.1028;-2320.649
29525;365.3218;-558.6804;-2336.252
29546;341.2635;-562.5983;-2346.569
29586;327.1327;-554.0033;-2355.847
29617;319.5771;-565.0592;-2353.57
29661;319.8828;-565.8345;-2352.639
29684;335.5135;-567.3906;-2342.443
29751;435.449;-547.0787;-2316.156
29789;376.0457;-541.0319;-2341.757
29810;529.343;-458.1766;-2291.205
29844;585.5778;-391.6805;-2281.297
29896;641.7479;-310.35;-2278.898
29935;634.8253;-195.468;-2319.26
29955;653.4769;-84.87849;-2347.268
29993;671.6789;0.8060075;-2364.489
30036;669.9562;86.74834;-2390.769
30089;661.8582;180.925;-2426.267
30142;634.429;345.9959;-2488.548
30219;556.4669;506.1233;-2570.014
30292;465.0709;606.7012;-2645.697
30334;530.0736;590.5878;-2609.825
30360;400.506;584.3705;-2666.117
30391;346.7438;607.874;-2688.132
30429;270.2423;621.0462;-2710.446
30455;258.2573;727.371;-2743.741
30494;217.907;723.0189;-2752.607
30515;178.801;716.3102;-2751.335
30538;161.9265;709.9327;-2747.667
30564;157.0814;707.5443;-2740.382
30629;160.8741;709.106;-2735.854
30653;194.5643;708.943;-2721.162
30698;257.8435;729.9341;-2697.163
30729;276.796;619.6866;-2679.952
30768;340.2594;662.4246;-2663.382
30802;392.2776;590.3821;-2638.594
30838;443.1698;614.7421;-2626.774
30859;502.5717;586.6462;-2608.954
30920;569.1282;453.6056;-2541.219
30949;633.253;395.2985;-2518.145
30976;658.8798;310.4451;-2491.943
31005;654.0645;203.9984;-2458.115
31040;677.1239;140.3152;-2437.962
31083;726.5872;81.54116;-2399.795
31121;688.6443;-43.72678;-2377.546
31162;670.8724;-131.106;-2352.542
31194;649.8694;-228.3644;-2328.813
31269;639.3733;-320.5665;-2303.806
31305;581.954;-400.4488;-2299.141
31339;531.0187;-475.763;-2296.584
31381;418.7309;-559.624;-2313.784
31411;365.3838;-574.8322;-2326.096
31456;341.8946;-577.718;-2337.503
31505;316.6192;-539.8642;-2370.297
31533;319.13;-542.2508;-2369.141
31566;344.6221;-563.909;-2345.223
31622;397.8134;-565.3502;-2326.77
31661;449.4464;-539.4017;-2310.568
31703;502.5423;-496.9088;-2299.905
31751;568.1832;-440.9017;-2287.808
31783;637.605;-228.4678;-2324.303
31842;637.9251;-104.092;-2361.983
31870;682.0116;3.255986;-2380.045
31926;649.0739;200.1154;-2454.987
32006;553.6346;500.9563;-2586.533
32050;512.8022;600.1501;-2628.593
32076;435.6988;589.42;-2661.213
32107;346.0159;656.6003;-2709.821
32144;263.1423;637.3979;-2723.893
32188;213.3714;649.3824;-2738.965
32247;180.9427;654.8945;-2760.621
32288;130.2042;652.2896;-2741.96
32314;127.5742;651.6398;-2740.619
32377;129.1208;650.8064;-2739.21
32419;137.0076;650.2738;-2738.017
32444;170.5731;702.3796;-2755.048
32468;200.5663;710.0284;-2748.714
32515;236.8698;714.5923;-2745.41
32543;267.5425;683.6672;-2722.583
32580;355.8363;661.0274;-2706.676
32605;406.4095;598.7999;-2678.687
32634;448.6379;542.027;-2658.808
32668;517.5939;600.9313;-2667.924
32698;562.3708;555.7797;-2634.914
32721;581.2391;487.0898;-2597.586
32749;587.1896;382.7076;-2565.528
32828;692.7603;273.6579;-2503.621
32851;693.8227;189.9032;-2468.073
32908;696.6584;125.5993;-2448.899
32933;709.1247;22.00987;-2415.648
32964;702.167;-44.97734;-2386.897
32993;680.8752;-131.8488;-2359.769
33048;666.8053;-211.7146;-2338.407
33085;648.0331;-304.4607;-2311.25
33108;604.2278;-381.9168;-2294.769
33160;552.0684;-456.7286;-2293.673
33197;490.3794;-502.5999;-2306.446
33235;375.6096;-551.3348;-2349.15
33289;357.9477;-565.4297;-2350.002
33311;336.4189;-550.5635;-2370.299
33344;330.9875;-544.7356;-2374.583
33403;330.2371;-566.2083;-2363.718
33457;336.7405;-566.1458;-2361.32
33479;439.2219;-547.1315;-2325.596
33546;494.3504;-500.4135;-2307.206
33586;557.9775;-448.6413;-2293.332
33605;653.9308;-265.3584;-2308.385
33634;636.3418;-135.7578;-2359.045
33663;684.8029;-37.16726;-2367.224
33699;658.5231;60.27439;-2416.332
33738;671.3512;177.7625;-2433.615
33801;642.278;256.4318;-2464.978
33824;617.2966;357.347;-2509.664
33880;582.327;458.4899;-2541.641
33940;561.7706;576.2545;-2583.988
33966;411.0694;561.1323;-2639.039
34006;343.4102;600.0448;-2673.718
34049;290.2105;647.0557;-2695.098
34090;225.215;671.1273;-2718.795
34120;209.1905;687.9425;-2729.623
34146;194.415;723.3928;-2741.64
34202;179.4704;697.9398;-2730.87
34244;165.102;723.0001;-2728.703
34271;171.7711;682.0515;-2716.495
34296;197.657;682.4643;-2697.216
34348;216.8367;680.1522;-2694.034
34392;279.872;686.1545;-2678.684
34433;341.8983;656.1022;-2671.778
34458;394.3442;643.5003;-2656.134
34546;508.3731;583.105;-2615.669
34566;538.3747;496.7127;-2581.243
34634;570.0902;401.4704;-2538.35
34661;644.1935;332.5391;-2495.037
34687;634.3129;204.4144;-2458.025
34744;664.2495;108.0766;-2420.101
34763;667.0112;1.491636;-2382.041
34804;643.8746;-128.9335;-2353.51
34833;638.674;-267.5192;-2301.676
34865;592.2305;-374.4632;-2289.766
34898;524.1281;-459.4398;-2298.265
34924;464.32;-517.1241;-2303.753
34947;395.5948;-544.77;-2327.471
35008;339.3574;-568.5486;-2334.6
35041;318.94;-527.0409;-2378.01
35121;316.8076;-539.7772;-2375.529
35149;327.0686;-543.2632;-2369.802
35193;382.8905;-542.0616;-2351.358
35249;432.4253;-533.4617;-2340.79
35274;488.0685;-492.3243;-2328.601
35297;551.3065;-442.1574;-2322.574
35331;605.9894;-353.3958;-2337.675
35367;670.6351;-284.1771;-2336.554
35410;652.503;-145.8771;-2392.67
35475;669.1476;-36.40898;-2431.561
35507;668.5715;68.8739;-2457.395
35529;633.1381;274.8388;-2529.739
35571;607.0942;385.9504;-2571.552
35605;573.8137;501.7868;-2609.415
35629;488.9002;534.3336;-2644.368
35669;436.9527;593.3423;-2679.095
35709;335.6331;608.4717;-2707.354
35738;268.6785;682.7094;-2739.076
35793;213.9166;647.6603;-2736.129
35820;166.1065;684.7836;-2759.686
35841;146.6406;672.8467;-2749.153
35899;110.0714;668.9968;-2730.433
35927;106.7565;668.8195;-2727.194
35952;110.1577;673.6993;-2728.617
35981;119.2238;674.9667;-2728.12
36010;137.511;679.8023;-2725.985
36033;153.1608;684.002;-2726.544
36121;203.0365;692.4219;-2719.453
36186;258.0742;696.9656;-2710.935
36260;305.8223;696.2123;-2708.255
36282;370.6135;656.8458;-2681.882
36357;536.4688;594.8456;-2634.68
36385;548.5469;499.6344;-2606.373
36433;571.426;415.863;-2582.811
36458;648.7899;376.65;-2540.434
36524;652.6139;186.5869;-2496.243
36566;687.4323;113.9619;-2457.995
36591;691.526;20.79234;-2432.275
36631;694.4507;-55.95918;-2408.411
36688;666.6213;-140.4913;-2378.367
36837;620.9968;-319.3203;-2328.897
36856;581.5966;-393.1295;-2314.194
36888;490.0285;-489.8715;-2318.488
36915;409.723;-552.639;-2333.887
36964;369.7805;-550.9753;-2341.951
36992;337.899;-539.4861;-2365.49
37022;327.0852;-526.2126;-2379.26
37062;317.8198;-540.1511;-2376.299
37101;314.7318;-543.7445;-2375.585
37125;314.0196;-545.5883;-2375.697
37209;322.2068;-529.7095;-2384.834
37240;324.7841;-526.1203;-2386.795
37294;328.4385;-527.3849;-2386.405
37333;331.6941;-529.2318;-2385.676
37365;341.2751;-537.4715;-2379.15
37408;347.993;-535.0019;-2376.948
37441;358.2322;-532.7963;-2375.278
37484;388.2353;-526.1646;-2374.344
37525;415.512;-521.5458;-2372.765
37564;471.5951;-518.7952;-2354.301
37611;504.9602;-501.5793;-2354.149
37649;554.2624;-472.1679;-2362.57
37676;597.3027;-431.2878;-2369.782
37698;631.9196;-369.5496;-2386.937
37728;669.3707;-325.176;-2394.382
37783;693.1291;-270.9059;-2407.216
37809;699.0829;-204.3459;-2424.613
37834;714.8907;-159.5564;-2436.687
37860;718.9759;-103.8295;-2448.744
37908;718.3281;-62.50301;-2459.954
37933;721.4386;-26.0958;-2466.939
37963;725.1135;-5.799178;-2473.465
37988;729.4158;7.300366;-2480.612
38052;727.5658;39.00018;-2496.767
38089;754.4185;77.23976;-2495.07
38113;765.1347;113.0047;-2494.419
38136;765.0451;120.0581;-2495.402
38181;764.3539;125.2094;-2497.051
38210;761.2735;128.3142;-2498.991
38240;760.8195;133.2267;-2501.385
38267;758.1917;135.7269;-2502.318
38314;761.6019;150.5019;-2503.253
38339;762.695;154.9454;-2504.743
38375;764.3838;160.6311;-2506.156
38449;762.612;160.0551;-2507.423
38511;761.3661;157.726;-2506.447
38539;765.2676;162.3592;-2505.291
38568;766.8918;162.8586;-2504.858
38604;771.9549;164.9644;-2504.479
38630;780.5593;169.0822;-2503.267
38663;782.4605;166.3481;-2496.08
38692;786.0372;170.8425;-2492.554
38740;788.4753;174.1128;-2491.661
38787;795.2664;176.4635;-2471.798
38818;790.7613;226.8826;-2485.013
38868;817.6792;227.0076;-2470.444
38931;783.2105;202.8996;-2454.728
38951;817.6835;233.2664;-2447.182
38979;818.999;235.0788;-2446.712
39021;818.3936;235.458;-2445.755
39059;818.8888;238.9596;-2442.459
39089;821.1572;253.2574;-2437.834
39136;817.7799;250.837;-2435.235
39158;780.2005;243.053;-2433.487
39190;836.9622;271.4631;-2426.858
39218;814.241;254.7151;-2424.185
39248;769.1049;244.66;-2432.245
39279;768.9656;244.7888;-2432.016
39361;768.2117;244.7189;-2431.299
39387;766.3673;244.132;-2427.937
39433;763.9922;244.1032;-2422.175
39455;760.1208;242.209;-2417.089
39477;749.6012;230.5092;-2391.661
39518;796.6939;269.3232;-2383.709
39566;823.9251;289.2485;-2369.622
39612;830.9594;293.5505;-2367.041
39641;867.1494;317.4708;-2360.62
39685;874.8521;313.31;-2336.084
39770;875.8789;313.6209;-2324.726
39814;883.4249;309.1169;-2300.75
39848;885.2838;307.8752;-2294.689
39897;890.828;310.7811;-2271.688
39923;889.1588;309.4658;-2260.334
39979;890.4913;310.2925;-2250.07
40191;925.4371;331.9645;-2168.933
40221;928.9646;335.9399;-2138.844
40259;923.3091;330.5667;-2128.707
40318;918.7393;331.4205;-2107.836
40356;953.806;384.1338;-2072.186
40387;952.2368;383.8668;-2070.741
40430;937.1229;377.6163;-2065.448
40461;932.3395;377.1214;-2059.915
40484;973.6083;446.3335;-2021.507
40526;934.8041;402.1561;-2032.687
40592;935.7828;415.9297;-2022.936
40613;922.6443;409.9954;-2017.971
40639;925.6006;424.9644;-2005.294
40681;909.1547;427.4585;-1990.541
40707;901.1027;432.1012;-1984.24
40753;908.8679;471.1791;-1948.541
40813;891.1376;469.9231;-1926.283
40840;887.7459;472.9781;-1911.316
40865;882.0402;471.7175;-1898.125
40925;877.2814;468.2793;-1885.778
40946;874.9454;467.6569;-1872.201
41001;873.5073;464.8546;-1859.106
41076;873.239;463.5651;-1856.274
41122;873.3846;458.9959;-1850.003
41147;881.0925;460.5625;-1843.599
41178;883.4636;460.5481;-1842.248
41230;885.4967;460.8127;-1841.479
41254;886.0841;459.2607;-1842.495
41282;889.1724;459.687;-1841.328
41331;888.9071;456.6824;-1843.6
41363;888.0242;454.5955;-1844.898
41406;887.6039;453.7528;-1845.615
41437;891.3491;456.4888;-1844.135
41471;883.4051;451.8386;-1849.233
41500;878.5525;449.8935;-1851.362
41539;876.5505;449.9205;-1851.714
41573;855.3586;437.5266;-1856.847
41602;862.313;442.6991;-1850.489
41642;870.3929;453.3301;-1844.002
41677;872.5905;454.907;-1839.052
41728;876.9409;457.2593;-1830.812
41753;880.2448;458.9371;-1821.627
41813;876.5539;451.643;-1814.308
41837;872.717;444.0681;-1806.651
41865;878.452;437.5839;-1775.95
41923;881.3201;440.704;-1768.929
41964;882.2885;440.2929;-1757.301
42000;879.5477;434.7032;-1750.558
42023;880.1677;434.7162;-1741.911
42063;879.5987;433.6836;-1729.297
42090;884.4897;439.0424;-1712.533
42134;882.0546;435.2287;-1707.058
42180;881.5278;435.4117;-1697.08
42207;882.2988;437.205;-1688.421
42236;883.4136;438.1864;-1679.644
42261;884.7092;439.7427;-1671.286
42282;885.5785;438.9892;-1660.097
42321;886.9958;439.308;-1652.741
42359;889.6341;438.5049;-1643.688
42412;893.0405;438.2195;-1637.748
42483;900.3589;438.9416;-1629.423
42507;904.2258;438.7546;-1627.79
42564;910.1213;438.297;-1629.721
42630;968.5816;473.7533;-1629.527
42712;1054.899;399.5997;-1693.825
42773;1077.708;378.776;-1730.829
42799;1084.645;371.9778;-1747.652
42868;1093.433;362.71;-1767.373
42936;1119.55;342.4988;-1807.525
42967;1125.533;333.8405;-1821.525
42997;1136.556;325.7422;-1833.321
43022;1145.368;321.8786;-1839.705
43079;1151.038;319.9605;-1843.007
43115;1157.929;315.4399;-1849.664
43142;1162.487;311.1548;-1860.482
43179;1166.226;306.7045;-1868.924
43212;1170.599;303.4169;-1878.528
43242;1172.868;304.1697;-1885.244
43280;1173.848;306.332;-1892.434
43311;1173.128;314.6781;-1899.985
43376;1167.19;335.3604;-1918.017
43400;1065.546;403.0396;-1910.503
43444;1069.434;401.1292;-1906.391
43472;1067.28;406.4317;-1910.408
43495;1068.04;408.8356;-1911.866
43524;1066.315;412.9374;-1918.396
43561;1066.626;414.1859;-1919.744
43593;1065.82;413.0691;-1927.396
43623;1066.124;413.122;-1934.581
43652;1064.353;408.5248;-1945.482
43710;1065.41;403.8101;-1956.027
43734;1061.2;396.0228;-1970.406
43789;1061.521;392.0578;-1988.837
43866;1068.271;394.6093;-2005.404
43893;1069.894;393.457;-2026.083
43937;1070.771;394.2749;-2055.096
43960;1072.42;396.3763;-2073.15
43991;1082.413;403.0517;-2097.897
44023;1076.269;407.7962;-2149.033
44051;1077.124;408.5717;-2156.771
44082;1084.949;414.9387;-2181.588
44129;1093.016;424.047;-2217.967
44218;1088.291;423.6865;-2225.039
44267;1091.696;428.8768;-2235.984
44311;1092.092;432.1704;-2245.861
44357;1092.644;430.5698;-2258.174
44383;1092.881;430.5866;-2263.062
44417;1084.637;420.3714;-2263.685
44447;1051.602;389.8311;-2257.65
44492;1049.768;388.7098;-2256.997
44583;1047.908;396.8193;-2246.338
44626;1036.822;399.7181;-2215.782
44663;1113.848;494.4475;-2186.328
44688;1065.373;435.0991;-2195.455
44728;1076.104;447.2757;-2192.396
44758;1077.712;449.2616;-2191.924
44798;1076.349;446.6729;-2191.861
44830;1076.998;447.4391;-2191.735
44889;1109.722;493.6352;-2183.296
44911;1109.495;494.0625;-2182.535
44999;1109.081;494.2831;-2182.501
45039;1108.787;495.4077;-2182.18
45067;1107.363;496.4665;-2182.067
45119;1104.106;498.8837;-2184.443
45147;1102.589;500.9474;-2187.889
45185;1100.749;502.79;-2190.275
45215;1098.659;505.0894;-2193.477
45245;1097.507;505.9644;-2196.672
45270;1055.021;463.8755;-2209.034
45316;1052.121;471.5452;-2206.315
45348;1085.335;526.0703;-2196.056
45369;1075.889;521.8513;-2191.036
45386;1056.874;508.903;-2178.536
45451;1028.514;482.3152;-2173.05
45486;1051.869;517.0018;-2153.177
45539;1052.753;517.3945;-2152.697
45562;1053.574;517.616;-2152.39
45586;1055.352;517.9022;-2152.947
45620;1056.106;517.4862;-2153.941
45673;1056.393;515.2092;-2156.311
45693;1055.087;512.2543;-2158.596
45724;1053.002;509.1358;-2159.831
45774;1052.674;509.042;-2160.189
45846;1050.693;508.7161;-2158.824
45870;1046.422;506.3978;-2154.908
45927;1047.471;507.5203;-2151.44
45961;1048.512;508.101;-2150.405
46000;1049.546;507.9581;-2149.831
46024;1050.088;506.9335;-2149.615
46092;1050.057;505.3117;-2149.521
46146;1041.666;500.4885;-2132.696
46186;1030.526;509.0482;-2100.407
46289;992.3509;510.0622;-2024.932
46309;979.1285;502.2634;-2000.494
46347;970.2119;497.8575;-1981.095
46375;967.9413;494.6952;-1977.189
46402;969.5388;494.0771;-1975.506
46432;977.854;492.4256;-1979.704
46477;1006.88;494.9692;-2009.07
46504;1007.205;451.2918;-2072.703
46536;1053.67;498.4083;-2094.722
46567;1076.58;495.1367;-2141.396
46611;1061.697;443.3235;-2201.816
46663;1150.645;506.5869;-2299.587
46685;1111.631;435.0632;-2342.609
46712;1119.071;423.6858;-2387.655
46771;1147.669;438.4754;-2439.987
46791;1147.611;438.8785;-2471.856
46830;1102.189;365.6154;-2472.1
46872;1099.948;363.8594;-2477.227
46931;1093.464;360.356;-2477.625
46982;1086.495;371.4919;-2457.949
47021;1098.141;408.2881;-2404.363
47048;1077.858;439.1174;-2361.95
47079;1096.158;518.5555;-2315.117
47134;1060.128;532.3313;-2209.286
47163;973.0638;482.7019;-2112.68
47188;972.6497;544.6139;-1987.676
47226;839.4913;471.7138;-1795.779
47254;900.8287;512.4409;-1886.859
47289;786.889;410.4673;-1762.971
47343;753.4563;366.6054;-1757.669
47375;740.6915;363.9417;-1743.126
47396;738.865;363.4552;-1742.084
47436;742.2717;408.1534;-1740.201
47470;739.001;389.577;-1740.831
47506;780.7009;444.8211;-1806.242
47529;797.8939;494.8881;-1818.558
47569;815.2251;524.5847;-1852.552
47593;845.9535;579.0562;-1882.832
47649;867.936;609.2769;-1926.965
47685;892.1365;622.1269;-1982.101
47713;907.3395;606.3755;-2042.238
