
0;-157.5345;-658.1158;-2385.402
30;-157.1578;-659.2623;-2387.45
50;-155.6275;-659.7045;-2388.423
90;-155.2024;-662.1682;-2391.766
130;-154.9396;-664.6215;-2392.282
150;-154.795;-665.4086;-2393.398
180;-154.6738;-665.8662;-2393.95
220;-154.6887;-666.5095;-2393.996
250;-154.4477;-668.1993;-2392.775
300;-155.2762;-668.3031;-2391.868
320;-156.4772;-667.3234;-2390.977
340;-157.5964;-666.7394;-2388.25
380;-159.94;-668.0148;-2384.423
410;-161.3246;-668.6028;-2381.199
450;-163.5365;-668.4146;-2375.872
500;-165.686;-668.8726;-2372.009
520;-165.6602;-668.2048;-2369.227
540;-166.2264;-667.4093;-2364.175
580;-166.3094;-668.1378;-2359.943
610;-167.6857;-667.7101;-2356.22
650;-166.1249;-666.9687;-2351.35
680;-165.5001;-666.1442;-2348.46
710;-163.8554;-665.9583;-2345.892
750;-175.4869;-640.7308;-2342.557
780;-178.0932;-630.7542;-2343.238
810;-178.2914;-630.913;-2342.747
850;-177.9072;-631.34;-2342.073
880;-164.0253;-650.7441;-2331.701
910;-162.0935;-647.5018;-2331.434
950;-157.9835;-644.38;-2332.151
980;-152.4465;-643.694;-2331.484
1010;-144.9151;-644.0819;-2331.492
1050;-138.8809;-633.4953;-2337.003
1090;-134.3176;-636.9329;-2336.125
1110;-127.2944;-635.5715;-2338.878
1140;-119.0476;-634.0217;-2342.011
1180;-110.4535;-636.9877;-2346.341
1210;-95.79409;-644.9448;-2350.035
1240;-88.51234;-646.6393;-2353.612
1280;-73.20879;-645.6479;-2362.262
1310;-65.07276;-648.8126;-2366.167
1360;-41.76306;-648.0181;-2376.039
1370;-26.71176;-649.8403;-2381.796
1410;-11.90062;-655.0513;-2385.512
1444;0.05458994;-657.3914;-2389.579
1475;26.00035;-662.2709;-2396.941
1505;34.78873;-659.5778;-2400.425
1545;60.84291;-663.2308;-2404.875
1585;73.55995;-661.8176;-2408.754
1615;88.98515;-672.2724;-2414.971
1645;97.55974;-670.4166;-2419.836
1685;107.5204;-668.2667;-2424.452
1715;115.4583;-668.3267;-2429.073
1745;120.077;-667.3399;-2432.051
1785;122.207;-666.8511;-2433.118
1815;123.5085;-665.7274;-2433.859
1845;125.8294;-663.8656;-2434.354
1875;127.675;-662.7879;-2434.237
1915;129.3938;-662.5219;-2434.257
1955;132.5945;-661.359;-2434.089
1985;134.5188;-660.8445;-2433.21
2025;137.7494;-658.9885;-2432.053
2045;140.5808;-658.2637;-2429.417
2085;142.3482;-657.2236;-2426.904
2125;143.951;-656.9032;-2424.166
2155;145.4273;-657.0215;-2420.708
2185;146.9812;-657.8035;-2418.95
2225;148.1691;-657.7767;-2417.566
2245;148.6115;-657.8282;-2416.344
2285;148.9361;-658.0439;-2415.638
2325;149.4892;-669.7346;-2412.103
2345;150.2724;-667.2195;-2410.929
2375;150.3692;-665.9174;-2409.831
2415;150.5374;-664.7602;-2408.39
2455;150.4999;-663.9224;-2407.146
2475;151.1672;-673.6312;-2405.107
2525;151.2659;-670.9413;-2403.917
2555;150.3993;-669.2546;-2402.636
2575;150.2007;-668.0522;-2401.938
2625;150.5399;-666.9785;-2401.688
2655;150.5319;-666.851;-2401.524
2675;151.0132;-666.4847;-2400.93
2715;151.4082;-665.8704;-2400.759
2745;151.5255;-665.6733;-2400.486
2775;151.6415;-665.6349;-2400.298
2825;151.676;-665.4688;-2400.058
2845;151.823;-664.5417;-2399.585
2875;151.8723;-664.4333;-2399.192
2915;151.8308;-663.9365;-2398.476
2935;151.4576;-663.3729;-2398.003
2975;151.4858;-661.7457;-2397.256
3005;151.4449;-661.6536;-2396.888
3045;151.5644;-662.0225;-2396.47
3075;151.5372;-662.0107;-2396.271
3105;151.5669;-662.0879;-2396.063
3145;152.2369;-663.1593;-2395.871
3175;152.3197;-663.3356;-2395.817
3205;152.4778;-663.3954;-2395.887
3245;152.3914;-663.4855;-2395.948
3295;152.6059;-664.2581;-2396.33
3315;152.7781;-664.3353;-2396.75
3345;152.8469;-664.317;-2396.938
3385;153.1373;-664.3235;-2397.555
3415;153.0993;-664.1453;-2397.889
3445;153.557;-664.0043;-2398.78
3475;153.4425;-663.7732;-2399.235
3515;153.4143;-663.8204;-2399.747
3545;153.4109;-662.5544;-2401.033
3585;153.5988;-661.4651;-2401.627
3615;153.6512;-660.5434;-2402.152
3655;153.334;-658.9463;-2402.549
3675;153.2418;-658.7591;-2402.603
3715;152.5802;-658.1176;-2402.668
3755;152.1057;-657.7876;-2402.771
3785;151.2437;-657.1432;-2402.96
3805;149.8646;-655.5861;-2403.272
3855;149.2842;-655.1143;-2403.635
3895;148.891;-654.9993;-2403.906
3915;146.8947;-653.1894;-2403.77
3935;144.9577;-649.9685;-2404.298
3995;144.6893;-646.9566;-2404.896
4015;144.2119;-646.2976;-2405.25
4055;144.1227;-643.6144;-2406.251
4075;144.2293;-641.3587;-2407.031
4125;143.6025;-637.7165;-2407.474
4155;143.1089;-636.7998;-2407.791
4175;143.6396;-633.416;-2409.093
4225;143.7938;-632.2085;-2409.746
4255;143.5839;-631.8985;-2409.786
4265;144.3747;-629.2277;-2410.877
4325;144.144;-628.4003;-2411.038
4355;144.0267;-627.9092;-2411.182
4375;143.7128;-627.3177;-2411.325
4425;143.202;-621.5604;-2413.325
4465;142.6588;-617.2354;-2415.015
4475;143.1055;-625.9694;-2412.189
4515;142.9961;-625.8821;-2412.307
4565;143.4247;-621.0955;-2414.152
4575;143.1147;-624.0112;-2413.363
4615;143.2942;-624.1066;-2413.698
4645;143.4055;-623.9913;-2413.819
4675;143.5039;-623.9669;-2413.941
4725;143.5414;-623.975;-2414.008
4745;143.4149;-624.2178;-2414.056
4795;142.8528;-625.7341;-2414.413
4805;142.6132;-629.5869;-2414.69
4865;142.5734;-629.8378;-2414.77
4895;142.6139;-630.3351;-2414.692
4925;141.9206;-635.6146;-2414.662
4945;142.1184;-638.6607;-2414.432
4975;142.0717;-641.2384;-2413.992
5015;141.8192;-644.436;-2413.736
5045;142.1322;-645.3528;-2413.553
5085;142.1488;-645.5706;-2413.508
5125;143.078;-648.6053;-2413.499
5135;143.3564;-650.4755;-2413.49
5185;143.6277;-652.5945;-2413.488
5205;143.859;-653.1946;-2413.461
5256;144.3311;-655.6592;-2412.949
5276;144.2637;-655.8478;-2412.837
5326;144.2268;-656.3497;-2412.515
5356;144.3128;-656.5851;-2412.375
5396;144.5073;-657.5496;-2412.256
5406;144.4802;-658.2789;-2412.083
5446;145.1141;-659.7058;-2412.071
5496;145.2516;-660.2199;-2412.168
5516;145.2705;-661.4622;-2411.966
5546;145.3245;-663.3432;-2411.571
5586;145.262;-663.7802;-2411.394
5616;144.7466;-663.6223;-2411.111
5646;144.1955;-663.6503;-2410.896
5696;144.0251;-664.0188;-2410.722
5716;144.0225;-664.113;-2410.7
5746;144.0496;-663.8301;-2410.666
5776;144.0234;-664.0164;-2410.58
5816;144.1558;-663.9666;-2410.481
5846;144.7475;-663.5393;-2410.299
5886;145.223;-663.441;-2410.068
5906;146.0074;-663.2526;-2409.903
5946;146.0517;-663.2574;-2409.734
5986;146.0521;-662.911;-2409.734
6016;146.1037;-662.617;-2409.736
6046;146.0389;-662.3539;-2409.694
6076;145.9953;-662.2559;-2409.708
6116;146.1563;-661.9302;-2409.724
6166;145.9816;-662.5275;-2409.72
6176;145.8076;-663.2321;-2409.762
6216;145.9153;-663.7702;-2410.144
6246;145.8678;-664.1432;-2410.613
6296;145.6244;-664.165;-2410.8
6326;145.3957;-663.9869;-2411.036
6346;144.9726;-663.1552;-2411.727
6376;144.8753;-663.1104;-2412.333
6416;144.8896;-662.8547;-2412.804
6446;144.7652;-662.5804;-2413.169
6478;144.8168;-662.5973;-2413.834
6508;144.5436;-662.358;-2414.314
6548;144.5551;-662.2507;-2414.81
6578;144.2229;-661.7368;-2415.166
6608;144.0;-661.503;-2415.646
6648;143.8278;-661.4437;-2416.216
6678;143.6231;-661.3447;-2416.875
6708;143.5234;-661.0313;-2417.212
6748;143.2953;-660.5671;-2417.663
6768;143.011;-660.201;-2418.08
6828;143.0041;-659.7896;-2418.687
6838;142.8592;-658.9666;-2419.191
6878;142.8463;-658.2628;-2419.827
6908;141.3539;-656.6174;-2420.373
6958;139.6676;-652.6915;-2421.129
6978;138.1291;-650.0723;-2421.346
7028;137.454;-648.9307;-2421.488
7048;137.0838;-648.4669;-2421.759
7078;136.7067;-648.1703;-2422.015
7118;136.4957;-647.0095;-2422.488
7138;136.222;-646.884;-2422.475
7178;134.9627;-645.5217;-2422.712
7218;134.7116;-644.9186;-2422.754
7248;134.65;-644.8427;-2422.818
7278;134.5425;-643.9701;-2423.211
7308;134.5635;-643.9604;-2423.242
7348;134.7329;-643.0956;-2423.462
7398;134.8731;-642.9519;-2423.592
7408;135.4655;-641.6243;-2423.996
7448;135.8344;-640.4387;-2424.361
7478;135.9695;-640.1146;-2424.271
7528;136.3434;-639.3265;-2424.453
7548;137.4484;-635.2868;-2425.214
7578;138.0902;-634.2811;-2425.541
7608;138.1053;-634.2432;-2425.491
7648;138.8336;-631.8301;-2425.888
7678;138.0873;-624.4601;-2425.912
7708;137.4089;-622.2239;-2425.347
7748;137.6514;-622.9442;-2425.265
7778;137.6973;-623.3959;-2424.993
7818;137.2722;-621.5829;-2425.016
7848;137.4573;-622.4124;-2424.908
7888;137.3781;-622.744;-2424.762
7908;137.4004;-623.7925;-2424.564
7948;137.5412;-623.7813;-2424.62
7988;137.5019;-623.8584;-2424.58
8018;137.5862;-623.6766;-2424.583
8048;137.6528;-624.2281;-2424.677
8078;137.8051;-624.6622;-2424.499
8118;137.7002;-626.4799;-2423.866
8148;137.7443;-627.9355;-2423.393
8188;137.6826;-629.8412;-2422.314
8208;137.6506;-630.9633;-2421.867
8248;138.2424;-633.9633;-2421.125
8278;138.2537;-637.6991;-2421.008
8318;137.6413;-639.9746;-2420.794
8348;137.2474;-643.4202;-2419.921
8378;137.317;-643.9522;-2419.943
8418;137.0826;-647.0338;-2419.996
8448;137.58;-648.1539;-2420.041
8478;137.9124;-650.3976;-2419.626
8508;139.7172;-654.9286;-2419.01
8548;140.1451;-654.9178;-2418.787
8588;141.1379;-655.4802;-2418.325
8628;141.9458;-656.0989;-2417.834
8648;142.8607;-656.9146;-2417.371
8688;143.8276;-657.4386;-2417.358
8718;144.2153;-657.3655;-2417.409
8758;144.4634;-658.7272;-2417.36
8778;144.6833;-659.1196;-2417.271
8818;144.8528;-659.8474;-2417.32
8848;145.1788;-659.5933;-2417.454
8878;145.73;-660.1633;-2417.512
8908;145.9609;-661.1198;-2417.443
8948;146.1695;-661.6378;-2417.537
8978;146.1522;-663.3346;-2416.97
9008;146.857;-663.195;-2416.978
9058;146.9367;-663.3781;-2416.743
9078;147.1568;-692.692;-2412.49
9128;146.0228;-685.5188;-2411.918
9138;145.1817;-690.5392;-2411.095
9178;145.0963;-680.7234;-2409.383
9208;144.9893;-678.4699;-2409.015
9248;145.1006;-676.7625;-2408.594
9278;145.3457;-675.4697;-2408.038
9308;145.549;-674.8251;-2407.773
9338;145.5699;-674.5643;-2407.501
9378;145.584;-673.9525;-2406.975
9408;145.899;-673.6238;-2406.757
9458;145.9956;-671.755;-2405.857
9498;146.603;-680.0447;-2403.092
9528;146.9706;-674.3687;-2402.092
9558;146.9031;-670.8782;-2401.746
9588;146.6894;-670.5942;-2401.472
9628;146.6972;-670.5313;-2401.446
9638;146.7207;-670.4775;-2401.428
9678;148.5043;-651.0643;-2403.478
9728;148.3487;-659.4051;-2403.06
9748;148.7358;-679.8321;-2402.771
9778;148.2494;-677.2575;-2402.79
9808;148.3753;-675.0963;-2403.031
9848;148.7211;-673.649;-2403.474
9878;148.9412;-673.337;-2403.639
9908;149.3442;-672.4092;-2403.975
9958;149.4466;-671.8026;-2404.251
9988;149.3177;-671.3247;-2404.301
10008;149.642;-671.05;-2404.569
10038;149.5738;-670.1215;-2405.028
10078;149.6007;-668.8311;-2405.142
10108;149.4049;-667.7698;-2405.648
10148;149.4794;-666.2654;-2406.036
10198;149.0441;-664.3123;-2406.77
10218;148.8846;-664.0331;-2407.041
10258;148.1859;-662.4103;-2408.131
10288;148.0516;-661.5728;-2408.761
10308;147.7741;-661.2313;-2408.995
10338;146.4762;-657.6262;-2410.551
10378;145.7089;-656.3872;-2411.545
10418;144.7929;-654.9514;-2412.186
10458;143.6398;-653.2057;-2412.801
10488;143.2471;-652.5422;-2413.405
10528;143.0582;-653.0586;-2413.701
10558;142.193;-652.3876;-2413.837
10578;141.811;-651.9823;-2414.091
10628;141.6851;-651.5756;-2414.415
10648;140.8667;-648.8472;-2415.052
10688;141.3063;-647.9755;-2415.5
10718;141.2868;-648.0775;-2415.588
10758;141.0328;-646.1866;-2415.876
10788;140.9981;-644.8833;-2416.251
10818;140.6681;-643.7143;-2416.368
10848;140.6194;-643.3681;-2416.388
10888;140.7541;-640.1181;-2416.77
10928;140.6768;-638.8582;-2416.839
10938;140.5702;-638.601;-2416.91
10978;140.4156;-638.4386;-2417.063
11028;140.3842;-638.2963;-2417.146
11058;140.7282;-636.9299;-2417.843
11078;140.0022;-624.9532;-2420.454
11128;140.5731;-624.903;-2420.866
11158;140.6779;-625.3244;-2420.956
11178;140.7388;-627.7866;-2420.951
11228;141.2168;-627.247;-2421.555
11249;141.4737;-631.1768;-2421.85
11269;141.5537;-631.2029;-2422.14
11329;141.6098;-631.0661;-2422.345
11339;141.1827;-632.3711;-2422.548
11379;141.0443;-633.2582;-2422.902
11429;140.6991;-633.6212;-2423.061
11449;140.6891;-633.7122;-2423.165
11469;140.4045;-633.728;-2423.399
11511;139.7556;-635.5643;-2423.41
11561;139.6277;-635.7032;-2423.49
11591;138.3988;-638.7101;-2423.235
11611;138.3646;-639.698;-2423.047
11661;137.5193;-642.7698;-2422.11
11681;137.5825;-645.3146;-2421.743
11721;138.402;-649.2912;-2420.985
11751;138.9534;-650.1216;-2420.743
11791;140.2436;-654.9303;-2419.538
11821;140.4524;-654.822;-2419.01
11851;141.3911;-655.9092;-2418.139
11871;143.8704;-657.8581;-2417.502
11911;144.4427;-658.7165;-2416.998
11941;144.6734;-659.359;-2416.357
11971;145.1093;-660.1431;-2415.934
12011;145.5828;-660.537;-2415.716
12061;145.8556;-660.8284;-2415.524
12081;146.2798;-661.1655;-2415.456
12121;146.6354;-661.4819;-2415.329
12141;146.9791;-662.1384;-2415.212
12171;147.6259;-662.9554;-2415.364
12211;147.7226;-663.1062;-2415.396
12261;148.8281;-665.199;-2415.519
12271;149.0563;-666.1357;-2415.265
12311;149.5928;-667.2712;-2415.004
12341;149.4446;-667.608;-2414.431
12371;149.4213;-667.6725;-2414.109
12411;147.8269;-683.5231;-2410.773
12441;149.4274;-679.9194;-2411.275
12481;149.9192;-678.2377;-2411.22
12511;149.763;-677.442;-2411.207
12551;150.2184;-676.6442;-2411.731
12571;149.5104;-673.2036;-2411.085
12611;149.215;-671.8646;-2410.885
12651;149.001;-671.0408;-2410.699
12681;148.6592;-670.7606;-2410.538
12711;148.1544;-669.8858;-2410.399
12741;148.0256;-669.8244;-2410.339
12781;147.8217;-669.719;-2410.322
12811;147.8275;-669.986;-2410.256
12841;147.7481;-669.3622;-2410.209
12881;147.5386;-669.0411;-2410.119
12911;147.0105;-668.0333;-2410.066
12941;146.5895;-666.3273;-2410.046
12981;146.999;-664.6311;-2410.563
13011;146.9538;-664.5596;-2410.608
13041;147.1399;-664.6163;-2410.845
13081;147.3447;-665.7773;-2411.338
13111;147.2119;-665.9533;-2411.516
13161;147.2413;-666.1899;-2411.752
13191;147.1554;-666.2523;-2411.889
13201;146.8858;-666.0059;-2412.05
13241;146.8458;-665.9344;-2412.145
13291;146.8621;-665.7721;-2412.408
13321;146.9335;-665.561;-2412.727
13341;147.1045;-665.376;-2412.883
13391;147.525;-665.3646;-2413.543
13421;148.2902;-665.184;-2414.251
13441;148.3415;-665.1172;-2414.436
13491;148.9867;-664.5848;-2415.075
13501;149.1731;-664.3364;-2415.406
13561;149.2134;-663.8978;-2415.727
13591;148.3612;-661.9502;-2415.858
13621;148.1395;-661.5976;-2415.796
13661;147.9734;-661.4174;-2415.678
13691;146.5819;-659.1396;-2415.346
13721;145.7987;-657.8099;-2415.304
13761;145.4384;-658.0014;-2415.416
13781;144.959;-657.1313;-2415.389
13821;144.2519;-656.0046;-2415.529
13851;143.1453;-654.5631;-2415.472
13891;142.6562;-654.1678;-2415.354
13921;141.4004;-651.8806;-2415.568
13951;140.6938;-650.5866;-2415.7
13981;140.2005;-649.8711;-2415.747
14021;140.8648;-648.8296;-2416.56
14051;140.9407;-648.1245;-2416.713
14091;141.34;-646.016;-2417.676
14121;141.804;-643.841;-2418.089
14151;141.2084;-641.3146;-2418.033
14191;142.6469;-635.1335;-2419.485
14221;142.7182;-634.0997;-2419.737
14262;142.2256;-634.1954;-2419.307
14272;141.9223;-633.6198;-2419.191
14312;141.8087;-633.5015;-2419.151
14342;141.5835;-633.7875;-2419.123
14372;137.5374;-595.7;-2428.99
14412;138.2049;-595.488;-2429.488
14442;138.3408;-596.5759;-2429.33
14472;138.3059;-598.0266;-2429.116
14522;138.6583;-597.7198;-2429.302
14542;139.7035;-608.058;-2426.805
14592;139.8078;-609.4165;-2426.525
14622;140.6243;-616.7013;-2425.16
14652;142.6105;-632.5342;-2421.575
14692;142.6714;-633.7667;-2421.453
14722;142.7759;-634.0327;-2421.476
14762;142.722;-635.8998;-2421.401
14792;142.0867;-639.3334;-2421.261
14822;141.0219;-640.735;-2420.527
14862;140.6278;-642.589;-2420.26
14892;140.3603;-644.4311;-2420.133
14922;140.5198;-647.7386;-2419.571
14962;141.0221;-651.0366;-2419.67
14982;141.1655;-651.5485;-2419.76
15022;141.2147;-651.6266;-2419.789
15062;141.9546;-652.7291;-2419.895
15092;142.5989;-654.0693;-2419.667
15112;143.0864;-654.3677;-2419.512
15162;143.0809;-654.5887;-2419.337
15182;143.9575;-655.4518;-2419.378
15222;144.4103;-656.103;-2419.22
15232;144.2366;-656.7208;-2418.794
15292;144.1586;-657.2299;-2418.593
15322;144.0941;-657.3163;-2418.57
15352;144.0962;-657.4589;-2418.53
15392;144.4403;-657.9402;-2418.636
15422;144.8314;-658.9774;-2418.784
15452;144.8277;-659.9608;-2418.82
15472;145.1071;-660.4931;-2418.887
15522;147.2189;-687.3781;-2418.609
15552;146.5438;-690.4123;-2418.33
15592;145.4484;-679.3422;-2418.015
15622;144.7826;-676.097;-2418.035
15652;145.0595;-675.1476;-2418.191
15692;145.0007;-674.5522;-2418.002
15712;145.3092;-673.5378;-2417.689
15752;145.384;-672.4975;-2417.067
15772;145.5303;-671.8135;-2416.859
15822;145.6012;-671.6913;-2416.769
15852;146.0176;-671.6338;-2416.663
15892;146.2389;-670.1722;-2416.024
15912;146.6246;-669.2935;-2415.009
15952;146.5692;-669.1902;-2414.216
15982;149.2677;-674.7814;-2412.731
16022;149.4996;-672.4475;-2412.361
16042;149.3364;-671.4274;-2412.318
16092;148.6387;-670.0526;-2412.184
16112;148.8876;-668.974;-2412.172
16152;148.7708;-668.266;-2412.186
16182;148.8325;-667.9232;-2412.231
16222;148.8633;-667.8351;-2412.25
16272;148.9442;-667.1763;-2412.356
16282;149.282;-666.7042;-2412.58
16322;149.246;-666.5615;-2412.635
16352;148.9308;-665.1165;-2412.544
16382;148.7451;-663.8754;-2412.613
16422;148.4146;-662.5721;-2412.765
16442;148.1339;-660.8056;-2413.092
16482;147.6235;-659.9698;-2413.124
16523;147.5235;-659.3951;-2413.207
16553;147.5784;-658.7654;-2413.498
16573;147.1104;-658.2331;-2413.557
16603;146.6807;-657.8221;-2413.667
16643;146.2913;-657.2879;-2413.871
16673;145.4248;-656.2625;-2414.407
16703;145.1804;-655.5894;-2414.818
16743;145.1628;-655.4938;-2415.255
16793;145.1395;-655.4807;-2415.331
16823;145.0705;-655.5134;-2415.433
16843;144.4526;-654.4554;-2415.882
16873;143.5236;-653.2658;-2416.233
16913;143.6756;-653.0411;-2416.57
16943;144.0186;-652.2082;-2417.34
16983;144.0697;-649.5513;-2418.314
17023;144.1207;-649.4264;-2418.375
17043;144.3598;-646.7036;-2418.727
17093;144.3374;-646.1618;-2418.794
17103;144.8434;-638.7054;-2419.924
17143;144.5389;-637.7678;-2420.089
17193;144.465;-637.1022;-2420.443
17213;141.3113;-614.0966;-2426.231
17243;140.663;-609.5189;-2427.674
17284;139.9529;-609.7039;-2428.04
17314;134.2848;-575.532;-2440.97
17344;133.9815;-575.1943;-2441.792
17374;134.0678;-576.5073;-2441.528
17414;134.3472;-577.3141;-2442.07
17444;134.6391;-578.5106;-2441.783
17474;137.3925;-599.5259;-2434.906
17514;143.1099;-632.4401;-2426.517
17564;143.4778;-632.7059;-2427.121
17574;143.9197;-632.876;-2427.57
17614;143.897;-633.009;-2427.628
17644;144.1655;-634.4291;-2427.554
17674;143.6902;-637.0478;-2426.985
17714;143.987;-637.7369;-2426.95
17744;143.8365;-638.8356;-2426.407
17774;143.9955;-639.0583;-2426.178
17814;144.1905;-640.2175;-2425.406
17844;144.4932;-644.2895;-2424.043
17874;144.8183;-649.9316;-2422.372
17914;145.3543;-653.4054;-2421.803
17964;145.02;-654.3198;-2421.132
17974;145.4281;-655.2289;-2420.915
18024;145.5892;-656.5226;-2420.403
18044;146.1081;-657.9815;-2420.102
18094;146.4078;-658.6235;-2419.89
18104;146.3865;-659.2095;-2419.746
18154;146.7235;-660.447;-2419.625
18174;146.8216;-661.2525;-2419.321
18224;146.8735;-661.5018;-2419.233
18254;146.8569;-661.7407;-2419.154
18294;146.7617;-661.8152;-2419.076
18324;146.9089;-662.0958;-2419.108
18354;147.4357;-662.8867;-2418.897
18374;147.7;-663.6347;-2418.741
18414;147.7625;-663.6898;-2418.726
18454;148.0802;-663.817;-2418.623
18474;148.4061;-665.0276;-2418.063
18524;152.4803;-685.0534;-2417.056
18554;151.899;-688.432;-2416.398
18594;152.2835;-679.9702;-2414.793
18624;152.6615;-687.3753;-2413.213
18654;152.2943;-679.9221;-2412.526
18684;152.4157;-675.6389;-2412.599
18714;151.3166;-672.6415;-2412.513
18754;151.3778;-670.819;-2413.086
18784;151.0844;-669.4011;-2413.489
18814;150.9197;-669.2916;-2413.573
18854;150.5818;-668.6346;-2413.527
18884;150.2402;-668.007;-2413.514
18914;149.1722;-666.8307;-2412.966
18944;148.7884;-666.3831;-2412.886
18974;148.0002;-665.6185;-2412.882
19014;147.6454;-664.7137;-2412.952
19044;147.6112;-664.7343;-2412.953
19084;147.4112;-664.4092;-2413.205
19114;147.2798;-664.3345;-2413.329
19144;146.8608;-663.9397;-2413.273
19184;146.4938;-663.8525;-2413.275
19214;145.8134;-662.7795;-2413.433
19244;145.2978;-662.2322;-2413.409
19284;145.3239;-662.4702;-2413.504
19314;145.1513;-662.4105;-2413.66
19344;145.1731;-663.0618;-2414.011
19394;145.1511;-663.3923;-2414.186
19414;145.2492;-664.5697;-2414.552
19444;145.1781;-665.1467;-2414.742
19484;145.068;-665.2094;-2414.73
19514;144.8928;-664.9681;-2414.877
19544;144.8603;-664.9532;-2414.894
19584;144.6504;-664.6716;-2414.926
19614;144.4741;-663.4517;-2415.125
19644;144.5745;-663.2454;-2415.266
19674;144.3432;-663.1146;-2415.211
19714;144.2326;-662.1876;-2414.988
19744;144.2212;-661.8928;-2415.03
19794;144.1719;-661.8369;-2415.005
19824;143.495;-661.2816;-2414.942
19844;142.245;-658.3175;-2414.81
19884;140.9537;-657.2733;-2414.187
19904;138.3691;-653.1123;-2413.345
19964;136.7576;-652.3079;-2412.21
19994;133.931;-648.6403;-2411.657
20004;132.5789;-647.1796;-2411.368
20044;130.1873;-644.5749;-2410.947
20074;129.622;-644.1895;-2410.818
20114;129.4677;-644.1189;-2410.963
20154;129.4924;-644.0425;-2411.123
20174;129.0264;-643.4644;-2411.384
20214;128.7878;-642.6212;-2412.026
20244;129.0449;-642.546;-2412.292
20294;129.3037;-642.3984;-2412.538
20324;129.7311;-641.2902;-2413.242
20364;129.9161;-640.7601;-2413.719
20374;130.0478;-639.3028;-2414.002
20414;130.1546;-638.3711;-2414.124
20464;130.4127;-635.631;-2414.64
20474;130.5811;-635.3646;-2414.659
20514;129.9747;-625.8773;-2415.552
20554;130.2528;-625.7132;-2415.623
20574;130.9942;-618.48;-2417.337
20614;130.7449;-616.5364;-2417.676
20664;130.6487;-615.4326;-2417.903
20674;131.0353;-617.4587;-2417.701
20714;131.8183;-621.1785;-2417.168
20744;132.3705;-622.029;-2417.289
20784;132.3701;-621.6651;-2417.389
20814;132.7137;-621.7245;-2417.437
20864;133.2041;-622.8021;-2417.066
20904;133.4963;-623.4291;-2417.111
20924;133.9088;-625.3933;-2417.035
20964;134.2691;-626.9131;-2416.813
20994;134.7552;-629.4534;-2416.32
21014;135.612;-630.9696;-2416.166
21044;136.3926;-633.5598;-2416.062
21084;136.1403;-635.5297;-2415.583
21114;135.0661;-640.1326;-2414.487
21144;134.433;-642.2755;-2414.203
21184;134.127;-643.2217;-2413.845
21214;134.1225;-643.801;-2413.87
21244;134.3184;-646.2418;-2413.831
21284;134.7815;-649.0237;-2413.509
21314;134.9249;-649.4058;-2413.368
21364;135.0778;-650.3766;-2413.205
21384;135.3665;-651.2301;-2412.983
21414;135.4954;-652.3503;-2412.865
21444;135.6109;-653.7457;-2412.661
21484;134.97;-655.86;-2412.635
21514;134.6186;-656.3969;-2412.593
21568;134.508;-657.1882;-2412.384
21578;134.4188;-658.0089;-2412.619
21618;134.6002;-658.9564;-2413.042
21648;134.1241;-659.7944;-2413.418
21678;134.0162;-660.8868;-2413.798
21718;133.9313;-660.9144;-2413.806
21748;133.3337;-661.4106;-2413.776
21778;133.2763;-662.5632;-2414.006
21808;132.9329;-663.2306;-2413.864
21848;132.8011;-663.2525;-2413.831
21898;130.8767;-663.4547;-2413.434
21918;130.726;-663.4131;-2413.393
21938;130.7282;-663.7644;-2413.3
21998;130.6552;-663.7888;-2413.18
22018;130.3816;-664.1254;-2413.037
22048;130.2124;-664.176;-2412.742
22068;130.3782;-664.5466;-2412.392
22118;130.4935;-664.4569;-2412.125
22148;130.3427;-664.0974;-2412.052
22188;130.2989;-664.1231;-2412.016
22218;130.2111;-664.1332;-2411.976
22248;129.9964;-664.0154;-2411.921
22278;129.2095;-662.7337;-2411.921
22318;129.2217;-662.7132;-2411.905
22348;129.2052;-662.7737;-2411.865
22388;129.2215;-662.7567;-2411.862
22408;129.6841;-663.3574;-2412.086
22448;129.6471;-663.5734;-2412.108
22478;129.7598;-663.7671;-2412.145
22518;129.7813;-663.8248;-2412.175
22548;130.3957;-665.1733;-2412.13
22578;130.4442;-665.1073;-2412.105
22618;130.6557;-664.9362;-2411.987
22648;130.7427;-665.0046;-2411.946
22698;130.7953;-664.9583;-2411.885
22718;131.088;-664.4145;-2411.687
22748;131.0;-664.1031;-2411.513
22778;130.6831;-662.6345;-2411.065
22818;130.6365;-662.5287;-2410.949
22838;130.4542;-662.2214;-2410.774
22878;130.2441;-661.3761;-2410.638
22918;130.0479;-660.5337;-2410.528
22948;130.0993;-659.989;-2410.419
22988;130.1253;-659.5887;-2410.354
23018;129.8081;-659.0504;-2410.102
23048;129.3188;-657.4781;-2410.035
23088;129.2167;-657.0392;-2409.836
23118;128.9874;-656.8535;-2409.518
23148;129.1408;-654.4678;-2409.354
23188;128.4016;-653.7739;-2409.243
23218;127.9111;-653.66;-2409.083
23248;127.6239;-653.4481;-2408.978
23289;126.951;-652.03;-2409.065
23309;126.0357;-649.41;-2409.011
23349;126.1427;-648.3953;-2409.05
23379;126.2881;-647.7701;-2409.125
23419;126.9232;-645.7728;-2409.032
23469;127.12;-643.8109;-2409.038
23489;127.6169;-639.887;-2409.882
23509;127.7901;-637.4096;-2410.344
23549;128.1857;-635.4376;-2410.49
23579;128.4231;-633.244;-2410.618
23619;128.3258;-632.8651;-2410.502
23649;128.3439;-632.801;-2410.477
23679;128.7368;-631.4306;-2410.845
23719;128.7399;-631.3903;-2410.813
23739;128.6354;-631.3252;-2410.692
23779;129.027;-630.2652;-2410.953
23819;129.0283;-629.6606;-2411.193
23859;129.31;-629.3844;-2411.26
23879;130.056;-627.7267;-2411.704
23909;128.7438;-627.2437;-2411.48
23949;129.1887;-626.4685;-2411.777
23979;129.3829;-626.0084;-2411.882
24009;129.5317;-626.6589;-2411.893
24049;129.6935;-626.9131;-2412.042
24079;129.7597;-626.9208;-2412.131
24109;129.7892;-627.5165;-2412.067
24149;129.8812;-627.6797;-2412.129
24179;130.0532;-628.8533;-2412.321
24209;130.2233;-634.5419;-2412.29
24249;129.3162;-635.9388;-2412.038
24279;129.2505;-637.549;-2412.141
24309;128.7475;-641.9237;-2411.801
24339;128.2491;-644.0232;-2411.39
24379;128.364;-645.7048;-2411.087
24409;128.4596;-646.8429;-2410.786
24449;128.696;-649.1795;-2410.376
24479;128.9792;-649.4857;-2410.313
24509;129.659;-650.5394;-2410.053
24559;129.8988;-650.6147;-2409.653
24589;130.3509;-651.1638;-2409.094
24609;131.2031;-651.6824;-2408.708
24659;131.6153;-652.0433;-2408.013
24689;132.0571;-652.5644;-2407.621
24709;132.3016;-652.9667;-2407.211
24759;132.9295;-653.6469;-2407.044
24779;133.7665;-654.6312;-2407.099
24799;134.2666;-655.0268;-2407.013
24859;136.1797;-657.2888;-2407.479
24889;136.6851;-657.8715;-2407.534
24919;138.0491;-658.5005;-2407.345
24959;138.6511;-658.752;-2406.997
24989;139.1229;-659.4371;-2406.322
25019;141.9919;-669.0469;-2403.472
25059;142.4086;-669.4828;-2402.903
25089;142.6129;-666.1736;-2402.965
25119;141.0874;-664.6024;-2402.324
25159;141.073;-664.3613;-2402.235
25189;140.6038;-664.282;-2402.03
25209;140.5775;-664.1352;-2402.029
25259;140.4294;-664.3989;-2401.85
25269;140.2883;-664.4783;-2401.812
25309;140.2941;-664.4952;-2401.813
25339;140.3152;-664.4977;-2401.772
25379;140.5186;-664.3654;-2401.563
25429;140.6938;-663.0193;-2400.758
25459;140.4097;-662.134;-2400.252
25489;140.4835;-661.5195;-2399.871
25509;140.4973;-661.5294;-2399.83
25559;140.6779;-660.1516;-2399.258
25569;140.698;-659.9702;-2399.355
25609;140.7829;-659.931;-2399.4
25659;140.8177;-659.9337;-2399.446
25689;141.1942;-660.1505;-2399.676
25709;141.9016;-660.4543;-2399.954
25759;142.4877;-660.8188;-2400.435
25789;142.6254;-660.6035;-2400.712
25809;143.4263;-661.0922;-2401.438
25859;143.7447;-661.383;-2401.646
25869;144.1908;-662.3982;-2402.127
25909;144.5093;-662.7062;-2402.641
25959;144.823;-662.8143;-2402.886
25989;144.9671;-662.7521;-2403.04
26009;145.13;-662.9953;-2403.361
26059;145.1508;-663.0505;-2403.443
26089;144.8705;-662.8773;-2403.479
26129;145.0508;-662.4137;-2403.543
26159;144.6423;-661.7147;-2403.745
26189;144.137;-659.4109;-2403.708
26229;143.8816;-656.9581;-2404.257
26259;143.6081;-656.9114;-2404.426
26299;142.9422;-656.701;-2404.762
26329;142.985;-656.0755;-2405.358
26359;141.6525;-653.5006;-2405.769
26389;140.2627;-652.917;-2405.752
26429;139.4375;-652.254;-2405.722
26459;138.8769;-651.849;-2406.003
26489;138.1526;-651.39;-2406.009
26509;138.0092;-651.3408;-2406.144
26539;136.8437;-651.121;-2406.484
26600;136.283;-651.1674;-2406.805
26610;134.2698;-648.3773;-2407.446
26650;133.9576;-647.6697;-2407.764
26680;132.9905;-645.6346;-2407.99
26710;132.038;-642.1076;-2407.723
26760;132.2584;-640.9417;-2407.887
26770;133.6754;-636.7462;-2408.412
26810;134.2916;-633.893;-2408.977
26860;134.3069;-632.4398;-2409.169
26890;135.0311;-629.1641;-2409.652
26910;135.3977;-628.2813;-2409.793
26950;135.3204;-628.3745;-2409.604
26990;135.2197;-628.2589;-2409.614
27020;135.1402;-627.8724;-2409.661
27060;134.955;-627.3621;-2409.893
27090;133.9908;-621.5232;-2410.124
27130;133.8044;-619.5655;-2410.25
27160;133.4433;-617.9673;-2410.488
27190;134.0325;-619.0293;-2410.849
27230;133.6855;-618.2119;-2410.884
27260;133.9714;-618.7932;-2410.691
27270;134.2018;-618.9466;-2410.712
27330;134.906;-619.5731;-2410.736
27360;135.1947;-620.3135;-2410.616
27390;135.3447;-622.6357;-2410.614
27430;135.3293;-624.6302;-2409.981
27450;135.7738;-625.5729;-2409.773
27490;135.3282;-628.4153;-2408.747
27520;135.5206;-630.7103;-2408.712
27550;134.8003;-634.9458;-2407.216
27590;134.6604;-637.0518;-2406.889
27620;134.7524;-637.1885;-2406.968
27660;135.0336;-643.9347;-2406.821
27690;135.5686;-645.2228;-2407.28
27720;135.6771;-647.5237;-2407.729
27760;135.4202;-648.9323;-2407.781
27790;135.0807;-650.9156;-2407.915
27820;134.137;-654.735;-2408.179
27860;133.7762;-656.3734;-2408.518
27880;133.4676;-656.612;-2408.925
27920;133.3638;-657.0288;-2409.369
27960;133.46;-657.9698;-2409.599
27990;133.7841;-659.0854;-2409.848
28020;133.7715;-660.1412;-2410.265
28050;133.8193;-660.5146;-2410.424
28090;134.0482;-661.7393;-2410.705
28120;134.1479;-662.4774;-2411.073
28150;134.7121;-664.0375;-2411.593
28190;135.4143;-664.8896;-2412.075
28220;135.5345;-664.796;-2412.265
28260;135.9962;-663.9208;-2412.886
28270;136.1686;-663.8087;-2413.128
28320;136.5909;-663.763;-2413.343
28350;137.365;-663.025;-2413.563
28390;138.2733;-662.5185;-2413.979
28400;138.767;-662.0105;-2414.041
28460;139.3844;-661.8737;-2414.242
28490;139.9265;-661.5854;-2414.358
28520;140.3576;-661.3185;-2414.438
28560;140.5699;-660.9338;-2414.394
28580;140.7552;-660.8535;-2414.319
28630;140.9862;-660.8574;-2414.32
28650;141.0623;-660.9356;-2414.281
28690;141.357;-661.114;-2414.351
28710;141.687;-662.4048;-2414.508
28760;141.3631;-663.1457;-2414.246
28790;141.8127;-664.1237;-2414.294
28800;141.8219;-664.0661;-2414.265
28860;141.8708;-664.0404;-2414.135
28890;141.9919;-663.8665;-2414.126
28910;142.0279;-663.8743;-2414.134
28960;141.98;-664.1633;-2414.127
28970;141.9126;-665.1595;-2414.257
29010;142.0099;-665.3262;-2414.316
29060;142.3016;-665.2441;-2414.481
29090;142.3745;-665.1558;-2414.505
29120;141.968;-664.9539;-2414.402
29160;141.9271;-664.4017;-2414.393
29190;141.8233;-663.494;-2414.553
29220;141.6191;-663.1744;-2414.635
29260;141.7652;-662.0725;-2414.876
29290;142.2717;-658.8771;-2415.322
29321;141.7205;-658.6457;-2415.284
29361;140.207;-657.0207;-2415.255
29391;139.5915;-655.2452;-2415.329
29421;138.8523;-654.084;-2415.492
29451;138.5126;-653.3997;-2415.342
29491;137.8771;-651.1339;-2415.253
29521;137.6004;-650.0672;-2415.141
29551;137.4829;-648.8242;-2415.395
29581;137.3708;-648.53;-2415.655
29611;137.4154;-648.5015;-2415.741
29651;137.241;-648.2888;-2415.742
29691;137.2471;-648.266;-2415.746
29711;137.532;-647.4506;-2416.184
29751;137.4426;-647.488;-2416.157
29781;137.6847;-647.5949;-2416.237
29821;137.7223;-646.0515;-2416.332
29851;137.6176;-645.4257;-2416.362
29901;137.9702;-644.6607;-2416.374
29921;138.1141;-644.2347;-2416.493
29951;138.9812;-641.2926;-2416.746
29981;139.6828;-639.069;-2416.972
30021;139.7222;-638.7076;-2416.956
30051;139.6613;-638.5301;-2417.019
30081;140.0224;-637.2562;-2417.282
30111;140.229;-636.0769;-2417.712
30151;140.2397;-636.0239;-2417.781
30181;140.5448;-632.9475;-2418.704
30211;140.588;-632.9547;-2418.741
30251;140.6615;-633.0409;-2418.894
30281;140.7158;-633.1317;-2418.964
30311;140.9301;-633.3859;-2419.062
30351;141.1523;-635.619;-2418.91
30381;141.4559;-637.264;-2419.193
30411;140.7794;-640.8022;-2418.957
30451;140.66;-641.2306;-2418.751
30481;141.44;-646.5003;-2418.474
30511;141.2474;-647.9994;-2418.076
30551;141.3801;-649.8884;-2417.506
30581;141.3202;-651.5865;-2416.884
30621;141.2409;-651.9962;-2416.717
30651;141.4944;-652.7803;-2416.515
30691;141.7821;-653.5367;-2416.258
30721;141.7514;-654.5061;-2415.88
30761;141.6655;-654.8694;-2415.809
30791;141.5077;-655.4553;-2415.582
30821;141.5182;-655.6381;-2415.491
30851;141.4408;-655.9341;-2415.487
30891;141.9444;-657.1719;-2415.617
30911;142.562;-656.8335;-2415.858
30951;142.9568;-656.8138;-2415.907
30991;144.0869;-659.6245;-2416.373
31011;143.9246;-660.7239;-2416.29
31051;144.6392;-661.9766;-2416.974
31081;145.8165;-664.8805;-2416.702
31121;146.1625;-665.6124;-2416.691
31151;146.0659;-665.7776;-2416.644
31181;145.6405;-665.79;-2416.554
31221;145.3567;-666.0266;-2416.704
31251;145.4077;-666.1088;-2416.886
31281;145.2965;-666.1462;-2416.875
31321;145.2232;-666.0078;-2417.093
31351;145.2206;-666.0123;-2417.101
31381;145.2576;-665.8007;-2417.27
31411;145.3638;-665.6931;-2417.416
31451;145.5067;-665.2275;-2417.522
31481;145.824;-664.3562;-2417.918
31521;145.7047;-664.1002;-2418.018
31551;146.1238;-664.2034;-2418.513
31581;146.3619;-664.4501;-2418.743
31613;146.7224;-665.168;-2419.359
31653;148.4362;-682.4682;-2420.406
31683;148.6251;-676.4572;-2421.755
31713;148.5361;-672.6262;-2422.154
31753;148.537;-672.2149;-2422.292
31783;148.9765;-670.5159;-2422.638
31813;148.9741;-670.4025;-2422.635
31853;149.0346;-670.1934;-2422.617
31883;149.3479;-668.9129;-2422.798
31913;149.4578;-668.8978;-2422.737
31953;149.626;-668.5822;-2422.585
31983;149.4969;-667.4767;-2422.155
32013;149.2879;-665.5933;-2421.788
32053;149.2155;-664.5632;-2421.51
32083;148.8974;-664.1765;-2421.097
32133;148.7519;-663.4028;-2420.83
32143;148.8419;-662.8228;-2420.641
32183;148.4101;-661.7856;-2420.302
32213;148.1182;-661.0114;-2419.945
32243;147.2465;-658.652;-2420.007
32283;146.1052;-657.0195;-2419.784
32313;145.4919;-656.5199;-2419.679
32343;142.6618;-653.9963;-2419.41
32383;140.5436;-651.7303;-2419.136
32433;139.2535;-649.9214;-2418.992
32463;139.1044;-648.5211;-2419.214
32483;137.4622;-639.3657;-2419.975
32513;137.1342;-638.9327;-2419.887
32553;136.8333;-638.0951;-2420.106
32583;136.3194;-635.7458;-2420.393
32613;135.1501;-632.6335;-2420.819
32653;135.0995;-632.2094;-2420.774
32683;134.73;-632.2433;-2420.739
32713;130.6485;-594.794;-2434.291
32743;130.0247;-594.4462;-2434.229
32783;129.7036;-594.5363;-2434.057
32813;128.2809;-592.7789;-2430.187
32843;128.8362;-592.6558;-2430.702
32883;128.6376;-591.5521;-2430.992
32913;128.7992;-591.3187;-2430.991
32943;128.6568;-590.8263;-2431.139
32983;128.203;-583.2478;-2433.234
33013;128.721;-584.2139;-2433.03
33063;128.6872;-583.1031;-2433.074
33093;128.4344;-574.8431;-2435.579
33123;128.1619;-580.0977;-2432.757
33143;128.8023;-577.6768;-2433.606
33173;131.807;-592.1318;-2427.76
33213;133.8639;-605.1688;-2423.639
33263;137.5754;-622.1404;-2418.699
33283;139.9676;-627.8037;-2417.83
33313;141.5603;-630.0796;-2417.991
33343;142.3279;-630.8897;-2418.199
33393;142.7445;-632.0476;-2418.435
33403;143.108;-632.4893;-2418.609
33463;143.8218;-633.936;-2418.814
33473;144.5175;-635.3747;-2419.142
33513;145.6921;-637.5399;-2420.25
33543;146.1224;-640.8105;-2420.339
33583;145.5555;-642.2823;-2420.158
33613;145.1594;-647.0541;-2419.921
33643;144.8604;-649.9416;-2419.519
33693;145.1259;-652.9495;-2419.237
33703;145.1239;-653.9778;-2419.284
33743;145.1637;-655.6708;-2419.201
33783;144.9292;-655.8098;-2419.106
33813;144.8377;-656.1815;-2419.088
33843;144.8802;-656.6349;-2419.178
33893;144.9448;-656.7072;-2419.248
33903;145.0513;-656.889;-2419.442
33963;145.2651;-657.3738;-2419.753
33983;145.4141;-658.324;-2420.093
34013;145.3645;-658.5833;-2420.234
34053;145.7875;-659.9233;-2420.619
34083;145.8707;-660.0353;-2420.696
34113;146.0778;-660.2806;-2420.735
34153;146.0665;-660.5697;-2420.577
34183;146.4326;-661.3065;-2420.677
34213;146.7136;-661.3557;-2420.773
34253;146.8521;-661.697;-2420.798
34283;147.0626;-662.2455;-2420.802
34314;147.0725;-662.4461;-2420.74
34354;147.053;-662.8192;-2420.578
34384;147.51;-663.6389;-2420.202
34414;148.2138;-655.0212;-2418.734
34444;148.6833;-658.7874;-2417.297
34484;149.0203;-660.9722;-2416.366
34514;148.3935;-662.0869;-2415.37
34544;149.4665;-683.6679;-2412.279
34584;149.6613;-679.4134;-2411.404
34614;149.4315;-677.0344;-2410.896
34644;150.1011;-682.8234;-2410.317
34684;149.682;-680.1024;-2409.682
34714;150.4533;-677.525;-2409.351
34744;151.1767;-672.7001;-2408.973
34784;151.6343;-671.0599;-2408.776
34814;152.431;-669.5308;-2408.949
34854;152.5312;-682.2332;-2408.453
34884;152.9348;-676.6244;-2408.737
34914;152.6485;-681.106;-2408.925
34954;152.4049;-683.4346;-2409.343
34984;153.8592;-678.5731;-2410.819
35014;153.9773;-675.808;-2411.37
35054;153.0668;-673.1864;-2410.839
35084;152.7483;-671.0402;-2411.529
35114;151.8571;-668.6509;-2411.052
35144;151.5616;-668.4727;-2410.832
35184;151.2326;-667.9333;-2410.671
35234;150.9532;-667.2566;-2410.35
35254;150.8927;-667.0941;-2410.389
35284;150.6689;-667.0391;-2410.286
35314;150.5261;-666.9445;-2410.258
35354;150.3104;-667.2369;-2410.306
35374;150.3069;-667.2636;-2410.325
35414;149.1471;-681.9513;-2409.931
35454;148.6579;-675.7277;-2410.106
35484;148.996;-674.3979;-2410.439
35514;148.9656;-674.1954;-2410.424
35554;149.1104;-673.3098;-2410.744
35584;148.3621;-671.4948;-2410.733
35614;148.2243;-671.0854;-2410.874
35654;148.151;-670.9466;-2410.862
35684;148.0495;-670.8534;-2410.8
35714;147.9555;-670.4717;-2410.871
35754;148.0207;-669.9575;-2411.013
35784;147.984;-669.8892;-2410.914
35814;147.6485;-669.28;-2410.859
35854;147.6543;-669.237;-2410.886
35884;147.8457;-678.197;-2411.296
35914;149.4152;-675.4852;-2411.594
35954;149.4458;-674.8876;-2411.615
35984;148.9266;-673.9952;-2411.767
36014;148.3927;-673.6971;-2411.951
36044;147.2172;-673.4351;-2412.011
36084;145.5083;-674.7098;-2411.885
36114;144.7367;-673.7358;-2412.087
36144;143.8328;-672.6488;-2412.398
36174;143.1619;-671.0786;-2412.893
36214;142.3441;-670.121;-2413.26
36244;141.9261;-669.6959;-2413.246
36284;141.4252;-669.3687;-2413.36
36314;140.7319;-669.1493;-2413.59
36344;140.2007;-669.0211;-2413.758
36384;138.9618;-668.5051;-2413.672
36414;138.3951;-668.1935;-2413.677
36444;138.1779;-667.6696;-2413.883
36474;138.0804;-667.5972;-2413.916
36524;137.8272;-666.5501;-2414.236
36564;137.1614;-665.2752;-2414.267
36574;136.5809;-660.0944;-2414.719
36630;135.9869;-659.2645;-2414.777
36641;135.9255;-658.9753;-2414.779
36681;135.7674;-657.7095;-2414.953
36711;135.0619;-654.8171;-2414.941
36761;134.6248;-652.2878;-2415.262
36771;134.3786;-650.0711;-2415.423
36811;134.1906;-645.7814;-2415.858
36851;134.0442;-643.1923;-2415.978
36891;133.8339;-642.2183;-2416.143
36911;133.8851;-642.6483;-2416.135
36941;133.821;-642.6594;-2416.124
36981;133.577;-640.3541;-2416.323
37031;133.1873;-638.9707;-2416.646
37061;133.6248;-632.8104;-2417.853
37081;133.5459;-631.1303;-2418.19
37131;133.1928;-628.9988;-2418.826
37141;133.047;-628.0983;-2418.929
37181;133.0234;-626.7204;-2419.266
37231;131.577;-623.3832;-2419.83
37251;131.8694;-621.23;-2420.303
37281;130.6127;-618.8267;-2420.563
37311;130.8604;-618.3397;-2420.895
37351;130.4968;-616.6825;-2421.265
37401;130.6792;-609.3736;-2424.034
37411;130.933;-592.9984;-2430.908
37461;131.1434;-591.9801;-2431.387
37491;130.9181;-589.0406;-2432.741
37531;131.2187;-585.3526;-2434.433
37551;131.1749;-585.1305;-2434.766
37581;130.9998;-596.5194;-2430.776
37611;130.7972;-600.2913;-2429.451
37661;130.6385;-600.8383;-2429.396
37691;130.6262;-598.569;-2430.51
37731;130.4813;-598.1768;-2430.748
37761;130.4844;-602.5955;-2429.772
37781;130.4421;-606.8509;-2428.25
37811;130.5872;-616.2827;-2424.42
37841;130.1441;-619.6652;-2424.173
37881;129.8117;-620.9409;-2424.108
37911;129.4359;-625.3754;-2423.57
37941;130.0129;-629.9064;-2422.728
37971;129.7289;-635.6772;-2422.04
38031;129.4994;-641.5439;-2421.367
38041;129.609;-641.7462;-2421.222
38091;129.778;-642.1608;-2420.977
38101;129.4144;-642.9039;-2420.499
38161;129.3111;-645.1114;-2419.696
38181;129.0988;-646.2006;-2419.268
38231;129.0953;-648.2828;-2418.679
38251;129.4297;-649.4126;-2418.16
38281;129.7613;-651.3505;-2417.771
38311;129.8846;-653.0479;-2417.297
38362;129.9063;-653.016;-2417.167
38372;129.6493;-654.6385;-2416.578
38412;130.0134;-654.6132;-2416.498
38462;130.0053;-654.7097;-2416.375
38482;129.7173;-654.5077;-2416.02
38522;129.4375;-655.9536;-2414.878
38542;128.7719;-657.0945;-2413.649
38592;128.6141;-657.4237;-2413.124
38622;128.5952;-658.1647;-2412.262
38652;127.9299;-661.7642;-2410.399
38672;127.2437;-663.5723;-2409.438
38722;127.098;-664.7742;-2408.572
38742;126.9023;-665.466;-2408.021
38792;126.5865;-667.7843;-2407.461
38822;126.6518;-668.7374;-2407.505
38852;126.6344;-669.756;-2407.204
38892;126.4357;-670.1292;-2406.971
38922;126.2842;-671.24;-2407.103
38952;126.5808;-672.1838;-2407.25
38982;126.5703;-673.1516;-2407.363
39012;126.2857;-677.9286;-2407.776
39062;126.4455;-677.8755;-2408.073
39082;126.477;-676.4387;-2409.138
39122;126.664;-672.7988;-2410.829
39152;126.6531;-671.4362;-2411.333
39192;126.7348;-669.9519;-2412.244
39222;126.4649;-669.5012;-2412.571
39252;126.3347;-668.579;-2413.043
39282;126.1569;-665.9078;-2413.859
39322;126.097;-664.3963;-2414.437
39332;125.9132;-663.9302;-2414.997
39393;125.7758;-663.3161;-2415.176
39423;125.7896;-663.2551;-2415.2
39443;125.6878;-663.0842;-2415.282
39493;125.7871;-660.727;-2416.175
39523;125.7201;-659.735;-2416.621
39553;125.877;-657.1302;-2417.207
39593;126.2075;-655.0967;-2418.126
39603;126.3335;-653.9509;-2418.685
39643;125.9482;-651.3661;-2419.42
39693;127.2754;-648.9475;-2420.585
39723;126.9506;-644.9872;-2421.932
39763;127.1831;-642.2181;-2422.756
39793;126.9777;-641.5675;-2423.087
39823;126.8249;-640.3567;-2423.593
39843;126.82;-640.1735;-2423.776
39903;126.5333;-639.6187;-2424.075
39913;125.3078;-636.4038;-2425.093
39953;125.3027;-633.0851;-2425.788
39973;125.274;-629.2274;-2426.478
40013;124.9655;-626.0956;-2426.959
40043;124.8332;-624.6337;-2427.081
40083;123.9784;-620.2354;-2427.47
40113;123.2391;-618.238;-2427.43
40143;122.9316;-617.1614;-2427.441
40203;122.9421;-616.9689;-2427.396
40213;123.1762;-616.8481;-2427.386
40263;123.4224;-618.5736;-2426.802
40273;123.5361;-618.5016;-2426.787
40313;123.4975;-618.1196;-2426.827
40343;123.5182;-618.3152;-2426.728
40383;123.122;-617.1826;-2426.574
40413;123.1042;-616.9245;-2426.502
40453;123.1866;-616.5209;-2426.425
40473;123.1444;-616.4548;-2426.332
40523;123.1357;-616.8435;-2426.109
40553;123.2235;-617.4595;-2425.869
40583;122.9562;-617.2849;-2425.696
40623;122.2375;-616.2231;-2425.506
40653;122.27;-616.2686;-2425.469
40683;122.2804;-616.4412;-2425.22
40723;122.1061;-616.5717;-2425.031
40763;121.9835;-617.2358;-2424.435
40773;122.5712;-620.2416;-2423.489
40813;123.404;-623.4641;-2422.329
40843;124.0344;-627.5421;-2421.233
40873;124.5245;-629.4297;-2420.71
40913;124.7729;-630.0189;-2420.539
40963;125.0653;-630.5254;-2420.359
40973;125.6042;-632.6013;-2419.863
41013;125.8992;-634.6774;-2419.523
41043;126.3514;-639.8223;-2418.507
41073;126.459;-641.4581;-2418.282
41113;127.2245;-646.0455;-2417.839
41143;126.6814;-647.8461;-2417.414
41193;126.674;-648.0027;-2417.399
41223;126.5383;-649.703;-2417.081
41263;126.5644;-650.1541;-2417.021
41293;126.441;-651.3898;-2416.936
41323;126.281;-651.4394;-2416.897
41363;126.2737;-651.6456;-2416.916
41393;125.8091;-653.1867;-2416.106
41423;125.6095;-653.3335;-2415.823
41463;125.5931;-653.2991;-2415.666
41493;125.5687;-653.4906;-2415.327
41523;124.5757;-655.8062;-2413.878
41553;123.9238;-657.5831;-2413.228
41593;123.4848;-658.1503;-2412.801
41613;122.8837;-660.0324;-2411.623
41658;122.6522;-661.8578;-2410.833
41695;122.052;-663.8741;-2410.092
41725;121.9592;-666.6069;-2409.646
41755;122.2036;-668.1687;-2409.374
41785;122.5738;-669.8093;-2409.648
41825;123.1226;-672.0871;-2409.865
41855;123.7243;-673.4108;-2410.111
41895;123.7789;-673.7065;-2410.167
41905;123.7952;-674.0497;-2410.246
41945;123.9253;-674.4343;-2410.331
41975;123.8464;-673.8669;-2410.685
42015;123.8906;-673.8206;-2410.905
42045;124.7305;-668.3906;-2413.7
42085;124.3836;-667.9145;-2414.132
42115;123.5412;-665.5479;-2415.204
42155;123.2129;-664.4322;-2415.434
42185;123.1773;-664.2623;-2415.54
42215;122.9041;-662.9068;-2416.063
42245;123.2085;-661.6533;-2416.286
42285;123.4138;-659.9207;-2416.56
42315;123.4145;-659.8822;-2416.586
42355;123.3238;-659.7804;-2416.687
42385;123.0588;-659.4268;-2416.698
42415;122.8765;-659.015;-2417.027
42455;123.2973;-658.0346;-2417.412
42485;124.6619;-654.392;-2418.439
42525;125.436;-651.1972;-2419.479
42555;125.8339;-650.2523;-2420.01
42595;126.6138;-647.3863;-2421.08
42625;126.4448;-646.5525;-2421.521
42655;125.9025;-643.8121;-2421.844
42685;125.8356;-641.1978;-2422.521
42725;125.4391;-636.7436;-2423.355
42755;125.7012;-635.3986;-2423.948
42785;125.7804;-632.6332;-2424.85
42825;126.2551;-630.2123;-2425.869
42855;126.4244;-627.1465;-2426.877
42885;126.0519;-625.6177;-2427.07
42915;126.3255;-622.9907;-2427.432
42945;126.4628;-621.8327;-2427.499
42985;126.3803;-621.4019;-2427.398
43015;126.3157;-621.3248;-2427.297
43055;126.1934;-621.3505;-2427.059
43085;126.2016;-621.2183;-2426.987
43115;126.1681;-621.2604;-2426.848
43155;125.9659;-619.424;-2427.128
43175;125.9578;-619.4436;-2427.149
43215;125.9923;-619.4155;-2427.208
43255;125.9753;-619.4158;-2427.241
43305;126.1004;-619.1241;-2427.347
43315;125.5622;-619.308;-2427.04
43355;125.6197;-619.7814;-2426.773
43386;125.6321;-619.886;-2426.79
43416;125.5641;-619.9117;-2426.73
43456;125.3442;-619.8824;-2426.632
43476;125.1998;-619.9783;-2426.452
43516;124.9271;-620.9032;-2426.127
43546;124.6823;-621.0866;-2426.013
43586;124.724;-623.9843;-2425.417
43616;125.7659;-631.8575;-2425.161
43646;126.1135;-635.9057;-2424.169
43686;126.1752;-637.1588;-2423.698
43716;126.4663;-637.8016;-2423.396
43746;126.4427;-637.9014;-2423.308
43776;126.7885;-638.5752;-2423.152
43816;127.0281;-639.6154;-2422.771
43846;127.1667;-640.2668;-2422.336
43886;127.5346;-643.212;-2420.955
43916;127.6084;-645.2042;-2420.273
43946;127.9923;-647.1448;-2419.344
43986;128.0283;-647.5383;-2419.306
44016;128.1403;-648.3765;-2418.981
44066;128.3178;-648.6816;-2418.842
44096;128.4215;-650.8987;-2417.612
44116;128.3513;-652.3522;-2417.171
44166;128.3534;-652.3513;-2417.17
44176;128.4092;-652.4572;-2417.062
44216;128.6977;-652.6331;-2416.979
44246;128.8259;-652.7424;-2416.921
44286;128.1886;-655.4886;-2415.921
44316;128.1807;-656.5239;-2415.278
44356;127.9566;-657.2682;-2414.993
44406;127.8843;-659.2603;-2414.378
44416;127.7042;-659.9424;-2414.272
44446;127.8377;-661.1677;-2414.095
44486;127.5469;-662.704;-2413.48
44516;127.0125;-665.0328;-2412.741
44546;126.7065;-666.1695;-2412.294
44586;126.674;-667.5672;-2412.002
44616;126.4418;-669.0683;-2411.851
44646;126.4754;-669.6773;-2411.899
44686;126.4759;-669.7437;-2411.903
44706;127.0889;-670.8692;-2412.125
44746;127.1026;-671.1284;-2412.196
44776;126.8153;-671.5007;-2412.132
44816;126.7538;-671.5298;-2412.128
44846;126.7536;-671.4991;-2412.167
44876;126.9696;-670.4846;-2412.715
44916;126.7327;-670.1315;-2412.944
44946;126.8917;-664.5897;-2414.433
44976;126.7565;-664.4241;-2414.543
45016;126.669;-664.4401;-2414.556
45046;126.7058;-664.3573;-2414.619
45086;126.614;-664.2182;-2414.642
45126;126.6072;-664.1851;-2414.654
45146;126.7177;-663.0764;-2415.152
45196;126.7117;-662.7183;-2415.24
45226;126.7114;-662.5443;-2415.332
45236;126.8018;-662.1901;-2415.514
45276;126.9343;-661.6059;-2415.669
45316;127.048;-660.9551;-2415.793
45346;127.018;-659.9388;-2415.98
45376;127.0333;-659.3688;-2416.11
45416;127.0479;-658.748;-2416.316
45446;127.2339;-655.7291;-2417.531
45476;127.4157;-654.8049;-2417.922
45516;127.6087;-653.3515;-2418.343
45546;128.1231;-652.233;-2419.019
45596;128.2623;-651.8961;-2419.296
45626;128.3231;-650.885;-2419.475
45656;128.6489;-650.1628;-2419.686
45676;128.7973;-649.6097;-2419.996
45726;129.0162;-649.1295;-2420.179
45756;129.6774;-646.3552;-2421.251
45796;129.9057;-644.7785;-2421.998
45816;129.9592;-644.2426;-2422.139
45846;129.8317;-642.5991;-2422.543
45896;129.9851;-639.9753;-2423.351
45906;130.1425;-636.3668;-2423.807
45966;129.8098;-634.4545;-2424.259
45996;129.6513;-633.2144;-2424.528
46006;129.1083;-629.1196;-2425.399
46046;129.24;-628.6591;-2425.775
46096;129.395;-627.544;-2426.102
46126;129.3873;-627.1282;-2426.417
46166;129.4565;-626.9974;-2426.8
46186;129.5033;-626.9399;-2426.842
46226;128.9081;-625.488;-2426.983
46246;128.9171;-625.4366;-2427.02
46296;129.0446;-625.1948;-2427.213
46316;129.1319;-625.2756;-2427.285
46346;129.1192;-625.5655;-2427.347
46386;129.4464;-627.0473;-2427.725
46416;129.4577;-627.7352;-2427.917
46456;129.9734;-631.9009;-2427.607
46486;129.6664;-634.8709;-2427.716
46516;129.7452;-637.164;-2427.408
46546;129.3615;-638.0889;-2427.189
46586;129.9453;-638.4591;-2427.424
46616;130.3432;-639.4036;-2427.355
46656;130.4561;-640.6871;-2427.159
46686;130.4974;-642.0071;-2426.72
46718;130.2315;-644.3846;-2426.554
46748;130.2253;-645.9896;-2426.154
46788;130.0455;-646.5681;-2425.969
46838;129.8906;-647.0591;-2425.686
46848;129.9929;-647.6104;-2425.646
46888;129.8876;-648.3416;-2425.251
46918;130.2105;-648.6411;-2425.211
46948;130.3193;-649.5228;-2425.288
46978;130.5435;-650.1077;-2425.247
47018;130.3863;-650.6081;-2425.167
47048;130.3462;-650.695;-2425.174
47078;130.4148;-651.3174;-2425.304
47118;129.9549;-652.4027;-2424.876
47148;130.0467;-652.521;-2424.981
47178;129.8607;-652.9918;-2424.91
47218;129.686;-653.4522;-2424.922
47248;130.1245;-657.2949;-2423.761
47278;130.1158;-657.3005;-2423.741
47318;129.777;-658.6368;-2423.375
47348;128.2778;-660.3834;-2422.598
47388;127.1786;-662.4327;-2422.092
47418;126.6704;-663.3168;-2421.902
47448;125.4225;-665.1535;-2421.917
47488;125.2535;-667.2386;-2422.476
47518;125.1217;-667.8766;-2422.477
47548;124.8509;-668.7451;-2422.572
47578;124.8041;-668.7014;-2422.65
47618;124.7741;-668.893;-2422.736
47668;124.836;-667.9395;-2423.244
47698;124.752;-666.7025;-2423.91
47708;124.7832;-666.4516;-2424.082
47768;124.9879;-664.2286;-2424.806
47778;125.5694;-662.7399;-2425.379
47818;125.5932;-662.7662;-2425.396
47848;125.7347;-662.3239;-2425.66
47878;125.8415;-661.8526;-2425.844
47918;126.6338;-660.5561;-2426.19
47948;126.811;-660.0886;-2426.33
47978;126.9696;-659.8532;-2426.626
48008;127.1192;-659.6659;-2426.711
48048;127.121;-659.6675;-2426.71
48098;127.5149;-658.7422;-2427.104
48118;127.6117;-658.5826;-2427.181
48158;127.5295;-658.3167;-2427.38
48198;127.5036;-658.0894;-2427.612
48228;127.4409;-657.4384;-2428.028
48258;127.4892;-657.4479;-2428.145
48298;128.0553;-657.1353;-2428.557
48318;128.7118;-655.7327;-2429.286
48348;129.458;-653.6763;-2430.022
48408;129.7612;-653.225;-2430.315
48428;130.5993;-651.038;-2431.736
48458;130.5595;-650.7776;-2431.889
48498;130.4744;-650.6423;-2431.83
48528;130.5311;-649.8733;-2431.985
48558;130.6598;-649.3613;-2432.3
48598;130.017;-645.4276;-2432.567
48618;130.2649;-643.191;-2433.119
48658;130.4557;-640.9421;-2433.699
48678;130.67;-638.7463;-2434.411
48728;129.5649;-636.5824;-2434.781
48738;129.5484;-636.4208;-2434.818
48778;128.7458;-633.4076;-2435.443
48828;128.7686;-633.1307;-2435.603
48858;128.427;-631.6117;-2435.943
48888;128.4609;-630.7812;-2436.197
48928;128.8396;-630.463;-2436.415
48948;129.155;-629.6964;-2436.919
48998;128.9801;-629.59;-2436.817
49018;129.1019;-630.1727;-2436.725
49048;129.1335;-630.3386;-2436.784
49078;128.7875;-631.5551;-2436.272
49118;128.8751;-634.3795;-2435.545
49148;129.4933;-636.1478;-2435.479
49178;129.2299;-637.3648;-2434.889
49218;129.7043;-638.4652;-2434.729
49248;129.7074;-639.8803;-2434.355
49278;129.937;-640.4252;-2434.037
49318;129.8865;-641.9037;-2433.557
49348;129.9461;-643.6363;-2433.098
49378;129.97;-644.408;-2432.678
49418;129.3333;-645.4521;-2431.843
49448;129.2821;-646.5827;-2431.363
49478;129.1978;-648.8727;-2430.371
49518;128.9265;-650.7996;-2429.342
49568;128.9252;-651.2979;-2428.907
49578;128.7691;-652.9667;-2427.879
49628;128.6046;-655.5573;-2426.434
49658;128.6352;-655.554;-2426.199
49678;128.5853;-655.5192;-2425.959
49718;128.4694;-655.894;-2425.421
49748;128.3013;-656.3174;-2424.982
49788;128.2314;-656.1413;-2424.782
49818;128.1967;-656.1096;-2424.438
49858;127.8562;-656.0123;-2423.869
49888;127.783;-657.6642;-2422.638
49918;126.4408;-663.4556;-2420.324
49948;126.0534;-663.9541;-2419.683
49988;125.8288;-664.7097;-2419.317
50018;125.645;-664.9559;-2419.303
50058;125.1096;-665.9932;-2419.212
50078;125.058;-666.1147;-2419.199
50118;124.8196;-666.5483;-2419.337
50158;124.9007;-666.2175;-2419.433
50178;124.8394;-666.17;-2419.456
50218;124.864;-666.1228;-2419.469
50248;124.7909;-665.8124;-2419.499
50288;124.6534;-665.7524;-2419.55
50318;124.5156;-665.4366;-2419.645
50348;124.8296;-662.6917;-2420.093
50389;125.0604;-661.7421;-2420.498
50419;125.2784;-661.1359;-2420.717
50449;125.2667;-660.4039;-2420.926
50489;125.2753;-660.4108;-2420.924
50519;125.6339;-658.2313;-2421.269
50549;125.6599;-658.1906;-2421.29
50579;125.7992;-657.7886;-2421.556
50619;126.7957;-656.7186;-2422.771
50649;126.9174;-656.4721;-2423.138
50679;126.7625;-656.0461;-2423.161
50719;126.7631;-656.0299;-2423.174
50749;127.2651;-654.8781;-2423.773
50779;127.8087;-653.2737;-2424.335
50819;127.799;-648.3788;-2425.642
50849;128.2189;-647.5693;-2426.46
50899;127.9601;-648.2365;-2426.391
50929;127.5849;-647.5771;-2426.733
50969;127.6858;-646.0361;-2427.802
50999;127.16;-642.2621;-2428.576
51019;126.8451;-638.6693;-2429.062
51059;126.8686;-637.4409;-2429.319
51089;126.5214;-635.3884;-2429.944
51119;126.36;-632.6705;-2430.643
51149;126.9483;-631.2864;-2431.448
51189;126.9138;-629.0299;-2432.125
51219;126.8465;-628.363;-2432.463
51249;127.3;-624.2632;-2433.46
51289;126.9562;-622.0443;-2433.912
51319;126.6989;-621.505;-2434.107
51349;126.599;-621.1676;-2434.097
51389;126.6146;-621.235;-2434.111
51409;126.4052;-621.4392;-2434.281
51449;125.8696;-620.1719;-2434.967
51499;125.9397;-620.2574;-2435.334
51509;125.8726;-620.8686;-2435.445
51549;125.8269;-620.8773;-2435.481
51579;125.84;-621.5903;-2435.495
51619;126.1733;-624.259;-2435.196
51669;126.4408;-625.5561;-2435.002
51679;126.5565;-627.0349;-2434.82
51720;126.917;-631.9636;-2434.275
51743;127.1888;-633.8859;-2433.953
51783;127.4411;-635.4162;-2433.53
51813;127.7338;-636.0544;-2433.558
51843;128.2661;-638.494;-2432.985
51883;128.4335;-640.4724;-2432.123
51913;128.5315;-641.8789;-2431.542
51943;128.0389;-642.8226;-2430.886
51983;128.2911;-644.7361;-2429.841
52013;128.1229;-646.4764;-2428.484
52043;127.6394;-648.8014;-2426.571
52083;127.3697;-649.6061;-2425.866
52113;127.0827;-649.9924;-2425.179
52153;127.1827;-655.4554;-2422.636
52183;127.2409;-655.5734;-2422.632
52213;126.6304;-656.281;-2422.213
52253;126.7042;-655.8665;-2422.175
52283;126.6738;-656.0099;-2422.111
52313;126.6553;-655.9955;-2422.063
52353;126.7794;-655.9059;-2422.075
52383;125.962;-658.6515;-2421.384
52413;125.5294;-662.8965;-2420.584
52453;124.9539;-664.7793;-2420.104
52483;124.8738;-668.2238;-2419.786
52533;128.4107;-719.1894;-2418.389
52563;138.2962;-703.6486;-2424.44
52603;133.3981;-682.9335;-2422.811
52613;132.5744;-680.8738;-2422.287
52653;132.6275;-679.2496;-2422.297
52683;132.1315;-676.4095;-2422.227
52713;132.342;-675.733;-2422.841
52743;131.1133;-676.469;-2422.383
52783;128.2699;-678.4327;-2421.213
52813;127.3896;-679.3941;-2421.24
52863;126.6237;-680.4226;-2420.887
52873;125.341;-682.2087;-2420.172
52933;125.0078;-682.1318;-2420.032
52953;124.8131;-681.9047;-2419.81
52973;124.8294;-681.0336;-2419.738
53013;125.3013;-678.481;-2420.42
53063;125.2485;-668.246;-2422.556
53073;124.9035;-665.563;-2423.299
53133;124.7643;-665.3094;-2423.355
53163;124.73;-663.0097;-2423.944
53193;124.0869;-663.1321;-2423.721
53213;123.551;-663.094;-2423.577
53243;123.4002;-662.8242;-2423.673
53303;123.0698;-662.3643;-2423.719
53313;123.2236;-661.5489;-2423.978
53343;123.5733;-660.84;-2424.003
53393;123.618;-660.6803;-2423.978
53413;123.5543;-660.4979;-2423.955
53443;123.3853;-660.2639;-2423.887
53493;123.1682;-659.7064;-2423.704
53533;123.0999;-659.6164;-2423.697
53543;123.4916;-657.7488;-2423.996
53583;123.7933;-656.4025;-2424.259
53613;124.1761;-655.3301;-2424.751
53643;124.5759;-653.1721;-2424.948
53683;124.9271;-650.6885;-2425.501
53713;125.8597;-648.1525;-2426.673
53763;126.1381;-645.0358;-2427.354
53793;126.0896;-644.9977;-2427.316
53833;126.0023;-645.0256;-2427.31
53853;125.5848;-642.392;-2427.828
53893;125.1974;-640.192;-2428.275
53923;124.5465;-636.343;-2428.731
53953;123.419;-629.3627;-2429.723
53993;122.4744;-626.8207;-2429.79
54023;121.716;-625.1128;-2430.104
54063;121.1211;-624.0547;-2429.906
54083;120.2224;-621.5749;-2430.177
54113;119.5681;-618.2908;-2430.694
54163;119.6833;-618.0351;-2430.77
54193;119.7252;-618.0396;-2430.787
54233;119.7125;-618.0412;-2430.856
54243;119.7266;-617.707;-2431.03
54283;119.7324;-617.6705;-2431.072
54333;119.2449;-618.1548;-2431.108
54353;119.1353;-619.018;-2431.197
54383;118.7776;-614.0503;-2432.605
54424;118.7894;-620.5324;-2431.37
54454;118.6994;-620.3726;-2431.661
54484;118.5479;-620.325;-2431.751
54514;118.5259;-620.4471;-2431.811
54554;118.4961;-620.7367;-2431.942
54584;118.371;-620.5567;-2432.073
54614;118.3968;-620.144;-2432.226
54654;118.4375;-619.8624;-2432.463
54704;118.4774;-619.8752;-2432.527
54714;118.5849;-619.84;-2432.645
54754;118.7294;-619.903;-2432.699
54784;118.6611;-619.9922;-2432.674
54814;118.5809;-620.0399;-2432.758
54854;118.7799;-620.6752;-2432.917
54884;119.2164;-623.5305;-2432.862
54934;120.3109;-628.0747;-2432.648
54944;120.9251;-632.6569;-2431.412
55004;121.1155;-632.7727;-2431.402
55014;121.8487;-634.2345;-2431.115
55054;121.9181;-637.2054;-2429.658
55104;122.4002;-641.5687;-2428.344
55134;122.1097;-644.7852;-2427.254
55144;120.7761;-649.4135;-2425.831
55174;120.9334;-651.5273;-2425.469
55214;121.2057;-651.9931;-2425.446
55254;121.0936;-652.1136;-2425.407
55284;121.0639;-652.2977;-2425.476
55314;121.4768;-654.4707;-2425.192
55344;121.7517;-654.0386;-2425.449
55384;122.0121;-654.0604;-2425.635
55414;122.202;-653.901;-2425.78
55444;122.5562;-654.1494;-2425.947
55484;122.7487;-654.3842;-2425.991
55514;123.8932;-658.2518;-2425.2
55544;123.7055;-663.4045;-2423.855
55584;122.6985;-668.6013;-2422.53
55614;121.9807;-673.6439;-2421.501
55654;125.4812;-716.0804;-2418.703
55684;125.4167;-691.0455;-2421.092
55714;127.1852;-687.2497;-2422.344
55754;126.817;-684.4708;-2422.372
55774;126.4724;-680.6759;-2422.144
55814;126.8506;-678.4478;-2422.397
55854;127.1465;-677.674;-2422.454
55884;123.8443;-699.6531;-2418.869
55934;127.1108;-683.3602;-2422.704
55944;127.0759;-683.3668;-2422.749
55984;125.3296;-683.3631;-2422.55
56014;124.7956;-683.3288;-2422.418
56054;124.333;-683.2085;-2422.277
56094;123.6971;-682.9452;-2421.944
56114;122.9495;-682.5181;-2421.852
56154;122.9672;-679.5997;-2421.875
56184;123.465;-677.1242;-2422.043
56234;123.1642;-668.815;-2423.82
56264;123.5474;-666.7816;-2424.511
56284;123.187;-666.1837;-2424.512
56314;122.8616;-663.9556;-2424.973
56344;122.8221;-663.6376;-2425.043
56384;122.3047;-662.1169;-2425.399
56434;122.2663;-661.7745;-2425.539
56444;122.2595;-661.0269;-2425.797
56494;122.3168;-659.7861;-2425.842
56534;122.3372;-659.4505;-2425.969
56554;122.136;-659.3931;-2425.935
56584;122.0163;-659.374;-2425.899
56624;121.9449;-659.3677;-2425.915
56664;121.9479;-659.0023;-2425.957
56694;121.9061;-658.5679;-2425.963
56724;121.9562;-658.0685;-2426.042
56766;122.2795;-656.0364;-2426.449
56796;122.6686;-653.3824;-2426.538
56826;123.3085;-650.1111;-2427.804
56856;123.5363;-649.4059;-2428.132
56896;123.1264;-647.9772;-2427.989
56926;123.1146;-647.8312;-2427.981
56956;122.479;-646.7517;-2428.0
56996;120.8162;-642.718;-2428.19
57026;121.1074;-640.3382;-2428.481
57046;121.5261;-635.1877;-2429.876
57086;121.7591;-633.2463;-2430.475
57116;121.6584;-631.2167;-2431.0
57146;120.2472;-627.7252;-2430.927
57186;119.8986;-624.8962;-2431.582
57216;119.7448;-622.6656;-2431.558
57246;118.488;-619.2507;-2431.5
57276;118.1038;-617.155;-2431.811
57336;118.2626;-616.6954;-2432.114
57366;118.2914;-616.73;-2432.105
57386;118.4017;-617.3702;-2432.157
57436;118.4615;-617.5171;-2432.146
57446;118.5528;-617.6281;-2432.153
57486;118.5813;-617.6315;-2432.154
57516;118.8715;-617.4291;-2432.569
57546;118.937;-618.8959;-2432.291
57586;118.8095;-618.9432;-2432.293
57616;118.951;-618.8061;-2432.407
57646;119.026;-618.6565;-2432.511
57686;119.0918;-618.658;-2432.508
57736;118.8358;-617.0823;-2432.793
57756;118.8289;-616.831;-2432.828
57786;118.775;-616.5616;-2432.881
57816;118.6945;-616.7407;-2432.784
57846;118.9853;-617.041;-2432.95
57886;118.761;-617.0095;-2432.923
57916;119.7441;-621.9678;-2431.775
57946;120.1478;-623.0696;-2431.891
57986;120.7351;-625.7255;-2431.575
58036;121.1553;-628.8375;-2431.362
58066;121.9146;-631.8837;-2430.785
58076;122.7019;-635.2628;-2430.411
58116;122.7441;-635.6858;-2430.435
58146;123.0089;-636.1923;-2430.336
58186;123.6903;-637.9365;-2430.053
58216;124.0141;-639.3163;-2429.59
58246;124.1657;-640.6912;-2429.064
58286;123.9316;-642.8306;-2428.283
58316;123.3707;-644.8062;-2427.029
58346;122.7551;-647.7651;-2425.753
58386;122.4472;-649.1337;-2425.056
58416;122.2875;-650.1772;-2424.403
58446;121.9407;-650.4919;-2423.735
58496;121.4472;-651.4471;-2422.796
58516;121.6011;-652.6467;-2421.654
58546;121.0035;-653.2043;-2420.86
58596;120.4051;-653.649;-2420.439
58616;119.216;-654.3509;-2419.763
58646;118.8876;-655.7127;-2419.154
58676;118.2107;-657.3584;-2418.522
58716;117.6906;-658.6475;-2417.939
58746;117.3553;-658.5753;-2417.694
58776;117.159;-659.3989;-2417.347
58816;116.6247;-660.8391;-2417.037
58846;116.3142;-661.2625;-2416.886
58896;115.5884;-661.7962;-2416.631
58926;115.4504;-662.6776;-2416.367
58966;115.2997;-664.7186;-2415.914
58986;114.9769;-666.345;-2415.57
59006;114.4095;-668.4763;-2415.27
59046;114.7012;-670.4178;-2415.165
59096;114.9063;-670.5485;-2415.165
59126;122.9026;-668.3909;-2419.434
59156;123.6493;-669.1198;-2419.532
59196;123.7649;-669.2936;-2419.521
59206;124.1013;-669.1904;-2419.48
59266;124.6871;-669.1972;-2419.392
59286;124.9484;-668.8154;-2419.321
59306;124.7007;-669.6428;-2418.746
59346;122.9615;-671.1416;-2418.265
59396;121.904;-672.2157;-2418.205
59406;121.6203;-672.3312;-2418.216
59446;121.165;-672.507;-2418.364
59496;121.0958;-672.441;-2418.46
59526;120.7008;-670.8279;-2419.084
59566;121.6997;-667.9441;-2420.6
59586;122.5543;-666.514;-2421.297
59616;122.5304;-666.5637;-2421.367
59656;122.5183;-666.1979;-2421.705
59696;122.1412;-666.217;-2422.011
59706;122.6553;-663.1887;-2423.107
59746;122.4534;-663.3075;-2423.106
59796;121.9689;-663.3644;-2423.26
59826;121.906;-663.1624;-2423.386
59846;121.9719;-663.2309;-2423.377
59896;122.1557;-662.1118;-2423.661
59906;122.2563;-661.6206;-2424.0
59946;122.0927;-661.0135;-2424.095
59986;122.0524;-660.9305;-2424.208
60036;121.9889;-660.3511;-2424.439
60066;121.8642;-659.0302;-2424.958
60076;121.5647;-658.7947;-2425.036
60136;121.8527;-657.0933;-2425.632
60146;122.4272;-656.1418;-2426.078
60186;122.7228;-654.2112;-2426.727
60236;123.0153;-651.8439;-2427.213
60266;122.9943;-651.0954;-2427.382
60276;124.2991;-648.6008;-2429.361
60336;124.2375;-645.8693;-2430.115
60346;124.4013;-645.5068;-2430.378
60386;123.9397;-644.993;-2430.36
60436;123.6089;-643.7814;-2430.704
60456;123.3748;-642.4597;-2431.095
60486;121.6639;-638.7803;-2432.206
60516;121.8435;-636.2936;-2433.124
60546;120.7954;-632.1153;-2434.201
60586;121.5944;-628.0725;-2435.44
60616;121.9386;-625.8056;-2435.804
60646;122.089;-625.179;-2435.771
60686;122.083;-625.075;-2435.778
60716;121.448;-620.933;-2436.343
60766;121.4123;-620.5057;-2436.294
60776;120.5325;-618.9539;-2436.669
60836;120.5283;-618.3467;-2436.732
60866;120.5744;-617.8547;-2436.754
60876;120.7125;-617.7194;-2436.783
60936;120.8223;-617.4458;-2436.688
60946;120.5312;-615.8793;-2436.759
60986;120.6444;-615.7056;-2436.651
61016;120.5054;-615.4747;-2436.391
61046;120.6019;-615.4068;-2436.415
61076;120.3416;-615.3896;-2436.365
61116;120.3415;-615.3888;-2436.362
61146;120.408;-616.3298;-2436.186
61176;120.322;-616.4691;-2436.092
61216;120.5045;-618.1917;-2435.672
61246;120.9816;-619.0226;-2435.62
61296;120.2764;-621.1445;-2434.655
61306;121.6951;-628.6535;-2432.232
61366;123.6234;-635.1146;-2431.434
61396;123.7685;-636.3611;-2431.221
61406;124.4044;-637.8525;-2430.956
61446;124.9091;-638.5562;-2430.793
61476;125.0704;-639.9608;-2430.233
61516;125.1864;-642.1999;-2429.32
61546;125.3037;-644.2711;-2429.044
61596;125.0167;-645.9644;-2428.61
61626;124.0114;-648.688;-2427.762
61646;123.8434;-649.2992;-2427.677
61696;123.8372;-649.3222;-2427.651
61726;123.6026;-649.9642;-2427.559
61746;122.7407;-656.5458;-2425.665
61799;122.4898;-657.2638;-2425.801
61809;122.3223;-658.0995;-2425.679
61849;122.0527;-658.9536;-2425.766
61879;120.8386;-660.7762;-2425.463
61929;119.4153;-662.8798;-2424.976
61959;118.1335;-664.4187;-2424.531
61999;117.425;-664.7396;-2424.43
62029;117.024;-665.4061;-2424.289
62049;116.1985;-666.7739;-2423.757
62099;115.7204;-668.7007;-2423.139
62139;115.4536;-669.5259;-2422.805
62149;115.4696;-670.2398;-2422.36
62189;115.139;-672.68;-2421.407
62219;115.493;-673.9095;-2420.882
62259;115.6726;-674.5058;-2420.729
62289;116.9951;-674.9227;-2420.755
62319;125.5551;-670.3616;-2423.745
62359;128.1209;-669.7389;-2424.567
62389;128.2385;-670.134;-2424.516
62419;127.9761;-670.8599;-2424.394
62459;128.2272;-671.7591;-2424.428
62489;128.6088;-671.5991;-2424.553
62519;129.8616;-670.9649;-2424.995
62549;130.0585;-670.6181;-2425.014
62589;130.6899;-670.1831;-2425.308
62619;130.9034;-669.7547;-2425.449
62649;132.0405;-668.946;-2425.974
62689;132.2713;-668.8582;-2426.135
62719;132.1556;-669.2029;-2426.197
62749;128.2969;-674.3831;-2424.712
62789;127.0798;-676.8068;-2424.49
62819;125.4924;-677.6268;-2424.121
62849;123.6652;-677.3132;-2423.892
62889;122.3676;-676.9174;-2423.647
62919;121.9256;-676.0693;-2423.815
62949;121.4329;-675.0042;-2424.294
62979;121.5645;-673.5933;-2425.05
63019;121.2436;-672.4975;-2425.492
63049;121.353;-670.7512;-2426.522
63079;121.1777;-670.4777;-2426.631
63119;120.7843;-670.4116;-2426.785
63149;120.5529;-669.9285;-2426.837
63179;119.9513;-669.7607;-2427.213
63219;119.7785;-668.4072;-2428.081
63249;119.6373;-668.2234;-2428.253
63279;119.2658;-667.7756;-2428.432
63319;119.0242;-667.5853;-2428.571
63349;118.1619;-666.1999;-2428.96
63389;117.9528;-665.6511;-2429.062
63419;117.4739;-663.4325;-2430.029
63449;117.6684;-660.9832;-2430.842
63489;118.1377;-658.3763;-2431.488
63509;117.8948;-653.8679;-2432.267
63549;118.1361;-651.4778;-2433.168
63579;118.1308;-650.4008;-2433.907
63639;117.0143;-648.6539;-2434.448
63659;113.4585;-640.069;-2435.696
63699;113.9612;-638.8405;-2436.302
63729;114.6053;-635.604;-2437.729
63749;115.029;-632.9324;-2438.386
63789;115.5304;-630.53;-2438.712
63819;114.1334;-626.8764;-2438.935
63849;114.4211;-626.7719;-2438.795
63879;112.7731;-622.6426;-2438.972
63919;112.5018;-620.6838;-2438.694
63949;112.2162;-618.7499;-2438.566
63999;112.2311;-618.7173;-2438.49
64029;112.0326;-618.1097;-2438.435
64049;112.0528;-617.9097;-2438.304
64079;112.1743;-618.0981;-2438.149
64119;112.1789;-618.1214;-2438.056
64149;112.2872;-618.1864;-2438.009
64199;112.261;-618.145;-2438.009
64229;112.4174;-618.1428;-2438.003
64259;112.4798;-617.3716;-2438.055
64289;112.6012;-617.1859;-2438.001
64329;112.925;-617.854;-2437.655
64359;112.8978;-617.9575;-2437.514
64389;112.2218;-616.1853;-2436.996
64429;112.1024;-616.2079;-2436.8
64459;112.0556;-616.1875;-2436.707
64499;112.7084;-618.3792;-2435.944
64529;112.5846;-619.1042;-2435.761
64559;112.4908;-619.4434;-2435.661
64599;112.6771;-622.343;-2435.071
64629;112.4121;-626.5215;-2433.625
64659;111.8801;-635.6475;-2431.499
64689;114.7641;-638.9787;-2431.108
64729;116.5648;-640.9334;-2431.056
64759;117.2137;-641.2645;-2430.757
64789;117.7644;-641.6986;-2430.385
64819;118.3392;-643.9916;-2429.451
64859;117.9816;-649.0478;-2427.879
64889;118.006;-651.3716;-2426.793
64929;118.041;-651.539;-2426.091
64959;117.6169;-652.9572;-2425.199
64989;117.5794;-655.0028;-2424.568
65029;117.6632;-657.7544;-2423.814
65059;117.6659;-657.9519;-2423.616
65089;117.2198;-658.5297;-2423.153
65129;117.5994;-661.6927;-2422.452
65159;117.6341;-661.6284;-2422.514
65189;117.5342;-662.1122;-2422.282
65219;117.1993;-663.5048;-2422.064
65259;117.6059;-663.941;-2421.879
65289;117.9749;-666.8345;-2421.258
65329;117.3982;-670.9056;-2419.397
65349;116.3101;-672.9448;-2418.297
65389;117.2609;-673.8966;-2418.017
65419;117.2116;-675.0108;-2417.53
65449;117.941;-675.746;-2417.416
65479;117.7973;-679.3242;-2416.597
65519;121.9562;-676.6996;-2417.999
65549;122.3181;-676.5153;-2417.873
65589;122.4045;-676.5012;-2417.859
65619;122.4096;-676.5034;-2417.852
65659;122.6371;-676.2633;-2417.801
65689;122.7034;-676.2483;-2417.807
65719;122.6715;-676.2675;-2417.688
65759;122.616;-676.2854;-2417.638
65789;122.4828;-676.5097;-2417.555
65819;122.5227;-676.4139;-2417.399
65859;122.5251;-676.433;-2417.384
65889;122.4443;-677.0545;-2417.266
65919;122.4956;-677.5803;-2417.31
65959;122.3826;-677.8254;-2417.331
65979;122.3885;-678.3613;-2417.456
66019;122.4087;-678.4782;-2417.479
66049;122.727;-678.5549;-2417.502
66089;122.8063;-678.6696;-2417.523
66119;122.8;-678.6986;-2417.519
66159;122.8321;-678.7701;-2417.546
66189;122.8822;-678.7535;-2417.567
66219;123.2424;-679.8199;-2417.439
66249;123.476;-679.0588;-2417.594
66289;124.6375;-676.0378;-2418.418
66319;124.7359;-676.1099;-2418.414
66349;124.8088;-675.3782;-2418.4
66389;125.0889;-673.3127;-2419.006
66420;125.1245;-673.2689;-2419.076
66450;125.0484;-673.0861;-2419.045
66490;125.0576;-673.3021;-2419.102
66520;124.9971;-673.145;-2419.12
66550;124.9767;-673.0853;-2419.242
66580;124.969;-673.106;-2419.244
66620;125.023;-673.1374;-2419.319
66650;125.2474;-673.0577;-2419.457
66700;125.237;-672.9794;-2419.582
66710;125.1449;-672.8082;-2419.715
66750;125.2769;-673.037;-2419.937
66801;125.2405;-673.174;-2420.196
66832;125.0763;-672.7715;-2420.402
66842;125.7618;-673.0862;-2420.795
66902;125.6825;-672.9882;-2420.811
66922;125.3012;-672.6299;-2420.748
66942;125.2715;-672.6292;-2420.727
66982;125.5419;-672.9599;-2420.883
67012;125.5745;-672.8468;-2420.901
67052;125.5837;-672.8281;-2420.902
67082;125.4504;-672.7442;-2420.904
67132;125.4592;-672.6763;-2420.886
67152;125.4281;-672.6609;-2420.873
67182;125.4955;-672.3461;-2421.04
67232;125.5211;-672.3159;-2421.083
67252;126.8662;-670.4258;-2421.928
67282;126.8177;-670.4028;-2421.885
67312;126.8285;-670.392;-2421.894
67362;127.1594;-670.6147;-2421.948
67392;127.1752;-670.5625;-2421.987
67432;127.2245;-670.4414;-2421.995
67462;127.4453;-670.4252;-2422.085
67502;127.5581;-670.3303;-2422.114
67512;127.7071;-670.3761;-2422.088
67562;127.9409;-670.1678;-2422.204
67592;128.1359;-670.0079;-2422.266
67632;128.7892;-670.4517;-2422.567
67662;128.816;-670.4226;-2422.621
67692;128.8444;-670.296;-2422.765
67732;128.8649;-670.2404;-2422.98
67762;129.0684;-669.9985;-2423.18
67792;129.0861;-669.9965;-2423.205
67832;128.9705;-670.0215;-2423.305
67862;129.7352;-668.175;-2424.119
67892;129.8035;-667.9737;-2424.388
67932;129.8283;-667.1312;-2424.969
67962;129.5064;-666.9272;-2425.263
67992;129.2763;-666.3958;-2425.59
68022;128.891;-666.8167;-2425.887
68062;128.333;-666.98;-2426.093
68092;126.7155;-667.0069;-2425.864
68122;126.3158;-666.8204;-2425.718
68162;125.4961;-667.0214;-2425.238
68192;122.7408;-669.4236;-2423.261
68222;120.6839;-671.0444;-2421.511
68262;120.1376;-672.0073;-2421.009
68292;119.7496;-672.6232;-2420.346
68322;118.8822;-672.4547;-2419.886
68362;118.6499;-672.4003;-2419.631
68392;118.4616;-672.241;-2419.617
68422;118.4456;-672.1946;-2419.634
68462;118.5975;-670.6819;-2420.004
68482;119.0476;-670.3417;-2419.789
68522;120.8879;-669.6328;-2419.816
68552;122.6937;-669.4221;-2419.71
68592;126.514;-669.3538;-2420.024
68622;131.7229;-669.085;-2421.123
68662;136.7796;-668.1274;-2422.581
68692;143.0389;-664.2224;-2424.54
68722;149.1758;-662.1488;-2425.896
68752;155.0308;-659.4734;-2426.787
68792;161.1723;-658.7369;-2427.545
68822;171.4782;-658.7927;-2428.851
68852;177.5378;-662.5979;-2428.916
68892;183.0548;-664.2697;-2429.344
68922;194.6504;-677.8804;-2431.413
68972;201.4636;-671.7318;-2433.165
68982;206.373;-665.5674;-2434.379
69022;209.7997;-663.36;-2434.408
69052;214.6118;-660.2023;-2434.338
69102;218.8082;-660.0438;-2433.429
69112;221.3916;-658.4435;-2431.902
69152;223.0874;-656.1046;-2429.585
69182;225.9175;-654.3859;-2427.367
69222;228.1515;-652.7674;-2425.7
69252;231.8138;-651.2414;-2424.229
69282;236.9862;-649.8132;-2423.976
69322;248.1767;-649.3564;-2424.484
69352;256.3591;-650.4937;-2425.781
69382;268.9767;-650.2079;-2429.415
69423;272.2975;-648.8345;-2430.486
69473;275.0157;-644.4982;-2431.765
69483;276.8023;-641.9705;-2432.012
69513;280.1215;-640.7953;-2431.75
69553;291.4779;-631.6945;-2431.929
69583;298.4075;-635.0976;-2431.876
69613;306.5468;-638.5648;-2432.114
69653;319.0475;-641.7067;-2434.15
69683;327.9386;-646.9185;-2434.756
69723;365.8969;-656.7452;-2439.136
69753;366.0418;-652.9105;-2441.966
69803;375.342;-660.309;-2441.055
69813;387.494;-668.0403;-2440.104
69853;397.3744;-670.813;-2438.517
69903;416.5269;-673.3911;-2433.95
69913;432.4514;-672.1128;-2427.836
69953;454.1042;-668.9451;-2420.956
69983;475.3658;-668.0031;-2413.116
70013;502.2876;-689.7498;-2405.311
70053;526.2015;-670.8832;-2401.342
70083;540.5525;-665.6703;-2397.772
70123;558.983;-659.0595;-2395.248
70153;580.1244;-652.1885;-2392.931
70183;601.135;-661.3561;-2392.336
70213;614.8313;-662.5052;-2390.08
70253;644.1814;-643.3976;-2386.612
70303;651.5208;-652.0748;-2382.67
70323;663.6176;-651.994;-2378.687
70363;671.7663;-647.7336;-2375.018
70383;688.7857;-621.8452;-2371.7
70413;692.4893;-620.677;-2370.485
70453;701.224;-610.6953;-2370.096
70483;705.4213;-598.9882;-2371.076
70533;708.6478;-595.2252;-2371.489
