
0;-314.7361;-215.4458;-2557.099
30;-313.9507;-215.9205;-2557.901
50;-313.2955;-216.513;-2558.632
90;-312.774;-217.582;-2558.295
130;-312.9154;-219.382;-2556.714
150;-312.2646;-219.5309;-2556.695
180;-311.6452;-219.5427;-2556.688
220;-310.0752;-219.4308;-2556.364
250;-311.5436;-220.7859;-2552.604
300;-311.0295;-220.3513;-2551.803
320;-312.5341;-218.8395;-2549.289
340;-313.8643;-218.0816;-2546.167
380;-315.2445;-218.4226;-2540.835
410;-315.8836;-218.6358;-2537.606
450;-316.8785;-218.9554;-2535.485
500;-319.6348;-219.8068;-2532.565
520;-319.6408;-219.8316;-2532.233
540;-321.3091;-220.3183;-2530.19
580;-323.4257;-221.6631;-2526.015
610;-324.1198;-221.5771;-2524.31
650;-324.2237;-222.2355;-2522.039
680;-323.9413;-222.3035;-2521.605
710;-323.4531;-222.7201;-2519.838
750;-323.06;-221.1063;-2516.608
780;-322.1443;-220.1596;-2514.433
810;-321.3399;-220.9305;-2513.131
850;-320.1346;-220.6199;-2512.299
880;-316.1121;-221.4713;-2509.86
910;-312.5602;-221.6178;-2509.222
950;-306.6113;-222.3429;-2507.241
980;-302.6263;-223.9865;-2507.22
1010;-287.1103;-225.5948;-2509.272
1050;-283.2349;-227.3308;-2509.123
1090;-275.855;-229.5827;-2509.971
1110;-252.0154;-235.0776;-2511.276
1140;-246.363;-234.9793;-2511.65
1180;-231.9318;-240.8458;-2510.808
1210;-217.6131;-242.8118;-2512.567
1240;-200.4105;-242.9625;-2514.888
1280;-185.9704;-245.3878;-2515.555
1310;-170.9278;-248.7145;-2515.833
1360;-150.6912;-255.6277;-2511.947
1370;-136.3118;-257.3254;-2508.948
1410;-108.2241;-262.5016;-2507.795
1444;-92.18546;-266.299;-2508.702
1475;-64.71245;-263.6664;-2511.742
1505;-41.99217;-267.7803;-2515.966
1545;-20.37369;-272.7606;-2518.522
1585;1.53088;-277.403;-2524.356
1615;20.41136;-278.713;-2527.704
1645;32.74479;-280.0755;-2531.665
1685;51.29992;-279.5859;-2535.382
1715;63.30576;-280.1078;-2538.252
1745;69.83538;-279.5933;-2541.257
1785;81.69119;-278.4209;-2543.312
1815;87.68141;-278.6393;-2544.032
1845;100.0879;-277.5116;-2544.113
1875;104.346;-278.1581;-2544.243
1915;108.2897;-277.2144;-2543.436
1955;111.9721;-276.7771;-2542.22
1985;114.4331;-276.3564;-2540.887
2025;116.3316;-275.4465;-2540.053
2045;118.735;-274.7136;-2538.87
2085;120.505;-273.9738;-2537.507
2125;121.7173;-272.5269;-2536.333
2155;123.1835;-271.5146;-2534.939
2185;124.149;-270.6636;-2533.26
2225;126.0608;-268.6054;-2531.82
2245;126.1762;-268.2627;-2530.559
2285;126.677;-268.3633;-2529.352
2325;126.6109;-268.1662;-2528.821
2345;126.582;-267.9785;-2528.579
2375;123.6935;-268.102;-2524.847
2415;121.009;-267.4282;-2522.823
2455;119.3805;-267.6858;-2522.205
2475;115.9112;-267.2972;-2522.156
2525;114.836;-267.1161;-2521.663
2555;114.1228;-267.2487;-2520.519
2575;114.263;-266.1817;-2519.345
2625;115.9328;-265.3699;-2518.386
2655;116.7559;-265.6311;-2517.994
2675;116.1119;-265.8812;-2516.248
2715;115.8128;-265.5256;-2515.358
2745;116.0794;-265.1993;-2514.702
2775;115.8251;-265.4069;-2514.225
2825;116.4863;-264.8894;-2513.838
2845;116.8462;-264.9482;-2513.832
2875;116.0456;-265.1887;-2513.367
2915;117.2934;-265.515;-2511.588
2935;119.6137;-265.1757;-2510.639
2975;121.9174;-264.6245;-2511.279
3005;123.2976;-264.3651;-2510.359
3045;125.1545;-264.3755;-2510.498
3075;127.7744;-265.1552;-2511.018
3105;128.477;-265.1635;-2511.151
3145;129.1551;-265.4091;-2511.283
3175;130.0089;-265.503;-2511.387
3205;130.3873;-265.6017;-2511.423
3245;130.7306;-265.817;-2511.792
3295;131.1003;-266.4872;-2512.138
3315;131.3801;-266.4557;-2512.912
3345;131.3063;-266.4705;-2513.041
3385;131.5813;-266.6738;-2513.91
3415;131.8982;-266.2984;-2515.024
3445;132.0709;-266.0682;-2515.704
3475;132.3167;-265.4932;-2517.168
3515;132.5958;-264.1563;-2519.212
3545;132.7387;-263.4829;-2520.584
3585;132.4082;-262.5754;-2521.892
3615;132.7167;-261.6956;-2523.074
3655;133.2584;-259.5414;-2525.11
3675;133.1484;-258.2675;-2526.038
3715;131.4616;-254.4817;-2527.069
3755;130.1802;-250.8711;-2528.138
3785;128.4657;-246.2943;-2529.05
3805;127.3439;-241.9923;-2530.673
3855;125.3549;-238.9291;-2531.184
3895;124.5038;-237.985;-2531.468
3915;122.6712;-235.8455;-2531.999
3935;121.4924;-234.1404;-2533.442
3995;119.577;-225.8918;-2538.033
4015;118.7706;-220.762;-2541.216
4055;118.1261;-219.8066;-2541.892
4075;117.5681;-219.7816;-2543.231
4125;115.9719;-220.7516;-2543.732
4155;116.0109;-218.0296;-2548.515
4175;114.8814;-212.9926;-2551.519
4225;114.9587;-210.4654;-2553.546
4255;112.1626;-197.1209;-2553.645
4265;112.3241;-173.4778;-2569.374
4325;111.9024;-173.6483;-2569.138
4355;109.8503;-171.977;-2569.472
4375;109.0837;-171.7989;-2569.96
4425;105.9304;-151.8273;-2584.033
4465;106.6736;-147.8313;-2587.19
4475;107.6277;-162.4419;-2578.825
4515;107.7978;-162.4536;-2578.86
4565;110.9065;-152.1836;-2588.628
4575;110.2279;-162.8806;-2579.736
4615;110.0934;-162.8891;-2579.715
4645;108.5917;-168.8696;-2576.649
4675;112.2787;-189.2942;-2576.546
4725;108.4241;-190.8558;-2567.868
4745;109.2512;-195.1723;-2566.241
4795;109.4204;-201.9686;-2564.444
4805;109.447;-210.8872;-2561.567
4865;109.3644;-211.9106;-2561.365
4895;109.6374;-211.9612;-2560.642
4925;109.9149;-216.4739;-2556.391
4945;110.2327;-216.7507;-2555.66
4975;113.0979;-219.0149;-2553.99
5015;113.9973;-223.4921;-2549.311
5045;114.902;-228.1019;-2546.443
5085;115.3482;-229.4765;-2545.858
5115;116.7166;-232.5349;-2544.619
5135;117.5209;-234.8939;-2542.779
5185;119.5718;-236.7299;-2540.652
5205;120.8342;-239.4913;-2538.483
5256;120.8934;-243.8313;-2535.093
5276;120.7578;-245.6959;-2534.927
5326;120.035;-248.3277;-2533.344
5356;120.32;-251.5004;-2534.391
5396;118.0486;-255.985;-2533.279
5406;116.4951;-258.4417;-2531.574
5446;115.2592;-259.1001;-2531.129
5496;114.4256;-259.3739;-2530.896
5516;110.5745;-259.7188;-2529.219
5546;109.9786;-259.9959;-2528.702
5586;109.6085;-260.1607;-2528.244
5616;106.2715;-261.7111;-2527.191
5646;99.10716;-263.4277;-2526.591
5696;97.25404;-263.9224;-2525.812
5716;100.1509;-263.1877;-2525.664
5746;106.4849;-262.7442;-2526.024
5776;105.7677;-262.3785;-2525.469
5816;105.4086;-262.6043;-2524.451
5846;104.1905;-261.937;-2523.151
5886;104.558;-261.3089;-2521.23
5906;104.7848;-261.668;-2519.386
5946;106.9492;-260.6031;-2518.309
5986;107.0719;-260.2813;-2518.143
6016;107.123;-260.0786;-2518.012
6046;112.6834;-258.9378;-2520.141
6076;112.6604;-258.7914;-2520.144
6116;112.8004;-258.8089;-2520.196
6166;113.3614;-258.9861;-2520.133
6176;113.4515;-258.9792;-2520.081
6216;117.044;-259.047;-2521.255
6246;117.2853;-259.2233;-2521.729
6296;117.1382;-259.4804;-2521.799
6326;118.6741;-259.7573;-2522.544
6346;121.1567;-259.1103;-2524.24
6376;121.9634;-258.9915;-2524.573
6416;123.5413;-258.4963;-2525.635
6446;124.528;-258.4077;-2526.162
6478;124.6205;-258.3785;-2526.079
6508;124.7048;-258.3696;-2526.057
6548;124.7617;-258.2627;-2526.182
6578;121.3647;-258.4095;-2526.076
6608;121.6576;-258.1125;-2526.533
6648;121.7175;-258.1876;-2526.825
6678;120.6619;-257.9311;-2527.79
6708;118.7802;-256.9868;-2529.123
6748;119.0618;-255.8766;-2530.486
6768;118.9949;-255.0249;-2531.107
6828;119.5866;-254.2485;-2532.845
6838;119.742;-252.3602;-2534.194
6878;119.3319;-250.9243;-2535.513
6908;118.9902;-248.9128;-2537.306
6958;118.8037;-247.1911;-2539.371
6978;118.0283;-244.3675;-2542.048
7028;117.1423;-242.876;-2543.734
7048;117.0769;-241.9047;-2545.462
7078;117.1675;-241.2225;-2546.642
7118;116.8575;-240.4614;-2547.695
7138;116.6072;-239.7493;-2549.156
7178;116.1927;-238.4155;-2550.302
7218;115.9688;-237.5065;-2551.242
7248;118.046;-235.7834;-2554.089
7278;117.325;-233.1629;-2554.399
7308;115.0808;-231.4382;-2553.948
7348;112.5516;-226.1569;-2556.539
7398;113.4697;-224.6858;-2559.549
7408;113.8497;-222.3857;-2562.061
7448;114.123;-221.9897;-2563.596
7478;113.764;-222.5437;-2563.986
7528;113.5207;-222.5755;-2564.67
7548;112.7221;-211.6329;-2570.898
7578;112.6277;-211.6125;-2570.915
7608;111.5974;-209.4387;-2571.175
7648;106.3137;-192.9732;-2576.745
7678;109.1583;-193.5928;-2579.468
7708;107.2559;-168.2355;-2586.178
7748;108.2244;-166.7755;-2586.102
7778;107.4762;-166.7305;-2585.781
7818;107.3151;-167.2152;-2584.666
7848;107.6828;-164.4635;-2586.025
7888;108.5302;-163.7958;-2586.447
7908;108.7357;-174.3967;-2579.546
7948;111.6989;-170.8326;-2588.089
7988;110.6054;-167.1867;-2589.162
8018;113.7334;-178.5417;-2588.922
8048;114.6389;-204.3878;-2570.185
8078;114.4968;-209.5406;-2568.835
8118;113.9764;-210.996;-2569.015
8148;113.0051;-213.2171;-2568.933
8188;110.1924;-217.3278;-2566.356
8208;110.2554;-217.393;-2566.36
8248;109.8504;-220.5982;-2565.681
8278;109.7849;-221.5788;-2564.417
8318;109.6391;-221.8364;-2564.125
8348;109.548;-224.7748;-2561.241
8378;109.8289;-224.8195;-2560.838
8418;110.0663;-225.0115;-2560.237
8448;111.304;-225.328;-2559.795
8478;112.0838;-226.9898;-2557.412
8508;113.1446;-231.0214;-2554.481
8548;115.4583;-232.162;-2553.894
8588;116.2667;-233.6454;-2552.604
8628;117.2183;-236.024;-2550.757
8648;118.2513;-238.6165;-2549.43
8688;118.7731;-241.3398;-2548.038
8718;119.5346;-245.3452;-2547.36
8758;119.9503;-247.5203;-2546.906
8778;120.1757;-249.213;-2546.244
8818;120.1463;-250.7634;-2545.722
8848;119.9017;-251.9329;-2544.836
8878;119.5705;-254.3865;-2544.423
8908;119.3388;-257.8052;-2544.073
8948;117.4994;-258.462;-2541.034
8978;117.8806;-258.5141;-2541.211
9008;118.7434;-258.6531;-2541.153
9058;119.1333;-258.5859;-2540.643
9078;118.8698;-258.3667;-2538.812
9128;116.4599;-259.8929;-2532.816
9138;116.9207;-259.1899;-2531.985
9178;115.8698;-259.2589;-2530.212
9208;102.6675;-260.5762;-2522.463
9248;101.7769;-260.9236;-2522.632
9278;100.4495;-261.778;-2522.297
9308;103.3688;-261.2413;-2522.454
9338;106.2241;-261.0328;-2522.321
9378;106.2986;-261.5268;-2521.786
9408;106.1458;-261.7384;-2520.283
9458;103.3702;-262.0624;-2516.987
9498;103.8256;-261.555;-2515.598
9528;104.4651;-261.4373;-2514.812
9558;107.0537;-260.8346;-2514.111
9588;109.409;-259.435;-2514.218
9628;117.5904;-257.58;-2515.997
9638;117.8732;-257.7665;-2515.859
9678;121.4707;-258.5355;-2516.167
9728;122.364;-258.7986;-2516.387
9748;124.5477;-259.1272;-2517.057
9778;125.7608;-259.8764;-2517.258
9808;127.8665;-261.4562;-2517.752
9848;129.1275;-262.0475;-2518.601
9878;129.4473;-261.8372;-2518.93
9908;129.5015;-261.9213;-2518.869
9958;128.6205;-261.3364;-2517.982
9988;129.4146;-261.4213;-2519.422
10008;130.1281;-260.8144;-2520.613
10038;130.1293;-260.3291;-2521.43
10078;129.957;-260.0267;-2521.637
10108;129.9924;-258.8047;-2524.05
10148;130.1769;-257.9745;-2526.879
10198;130.0785;-256.9175;-2529.466
10218;129.7724;-256.5551;-2530.735
10258;129.1803;-255.209;-2532.979
10288;126.9962;-251.2878;-2534.768
10308;125.76;-247.5365;-2536.29
10338;124.4251;-245.1906;-2537.948
10378;123.9955;-243.7129;-2539.885
10418;123.0413;-242.1905;-2541.626
10458;122.4518;-240.853;-2543.08
10488;122.6227;-239.0884;-2545.16
10528;122.3935;-238.2961;-2546.334
10558;121.112;-238.1008;-2546.914
10578;119.4542;-236.5655;-2546.996
10628;116.9285;-230.7495;-2548.493
10648;117.3803;-228.0953;-2549.968
10688;115.6914;-224.7665;-2550.368
10718;113.1268;-226.3068;-2548.6
10758;112.5472;-225.6004;-2549.583
10788;113.8644;-224.8501;-2552.14
10818;113.2928;-224.8103;-2552.625
10848;113.3604;-224.8126;-2553.843
10888;113.5573;-224.0998;-2555.385
10928;113.1428;-223.671;-2556.612
10938;112.1473;-224.1567;-2556.401
10978;111.6788;-222.5371;-2557.497
11028;110.0084;-221.6864;-2557.109
11058;109.9476;-221.2915;-2557.641
11078;106.2399;-183.4724;-2578.007
11128;106.4999;-183.4026;-2577.257
11158;105.8316;-191.8399;-2566.175
11178;105.7643;-204.1502;-2565.587
11228;104.1307;-203.2969;-2564.274
11249;103.2073;-206.5962;-2564.119
11269;102.8284;-204.1651;-2562.766
11329;103.1593;-200.6441;-2566.778
11339;103.1728;-201.5735;-2566.931
11379;106.2746;-205.022;-2568.77
11429;106.4032;-206.6596;-2568.832
11449;106.6817;-207.7902;-2568.785
11469;107.9616;-210.3881;-2568.431
11511;108.8645;-212.5918;-2567.953
11561;110.1321;-214.9778;-2568.521
11591;110.2652;-215.3383;-2568.076
11611;111.059;-215.831;-2567.14
11661;112.27;-217.2995;-2565.767
11681;113.3889;-219.1688;-2563.039
11721;114.5068;-220.425;-2561.94
11751;115.2163;-222.4529;-2560.782
11791;115.9025;-226.1503;-2558.288
11821;115.8357;-230.7559;-2554.521
11851;117.0214;-232.6997;-2553.404
11871;117.2628;-233.0475;-2553.207
11911;117.1236;-235.9884;-2550.44
11941;117.9337;-237.6003;-2549.108
11971;118.3886;-240.3447;-2547.061
12011;118.5939;-243.3488;-2544.657
12061;120.8458;-245.4979;-2544.141
12081;122.7251;-247.2939;-2544.486
12121;123.4448;-248.4939;-2544.322
12141;124.2623;-250.6715;-2544.215
12171;126.8854;-253.8031;-2545.687
12211;127.9684;-255.4878;-2546.533
12261;127.5821;-258.3423;-2545.407
12271;125.3086;-259.1154;-2541.737
12311;121.8056;-260.784;-2536.828
12341;121.9457;-260.9286;-2536.657
12371;122.1755;-260.8919;-2536.473
12411;122.5814;-260.9842;-2535.967
12441;122.7208;-261.2212;-2535.113
12481;122.7232;-261.432;-2533.238
12511;122.9308;-261.3831;-2532.353
12551;123.0614;-261.0747;-2531.837
12571;120.3699;-261.4189;-2530.465
12611;114.3043;-261.935;-2527.831
12651;107.4777;-263.7386;-2526.014
12681;105.5368;-263.9825;-2526.069
12711;104.9693;-264.6921;-2525.86
12741;105.0964;-264.8246;-2525.681
12781;105.0234;-264.7964;-2525.652
12811;104.7866;-264.9785;-2525.45
12841;104.308;-264.7458;-2525.58
12881;101.5668;-264.4971;-2525.048
12911;101.8439;-264.4542;-2524.833
12941;102.151;-264.346;-2524.542
12981;107.1522;-263.0984;-2525.327
13011;111.6102;-262.2444;-2526.268
13041;113.9669;-262.1835;-2526.582
13081;115.8735;-262.279;-2526.531
13111;116.4537;-262.295;-2526.662
13161;116.4218;-262.5851;-2526.416
13191;116.3977;-262.6454;-2526.476
13201;116.4818;-262.8249;-2526.528
13241;116.8899;-263.383;-2526.704
13291;118.2156;-263.8594;-2527.15
13321;118.718;-263.5724;-2527.044
13341;118.335;-263.662;-2525.846
13391;121.7603;-264.8685;-2528.267
13421;122.8951;-263.9918;-2529.01
13441;123.5312;-262.6387;-2529.583
13491;124.2562;-261.1541;-2530.026
13501;124.2979;-258.9589;-2530.312
13561;123.8963;-257.5439;-2530.114
13591;124.2819;-254.903;-2531.153
13621;124.2033;-253.1753;-2532.253
13661;122.8424;-251.5195;-2532.176
13691;121.3023;-246.9702;-2534.343
13721;120.5213;-245.4955;-2535.193
13761;118.9289;-242.8795;-2536.059
13781;117.702;-241.5005;-2536.99
13821;115.8477;-238.2508;-2538.897
13851;114.5933;-237.1501;-2539.38
13891;112.6311;-233.8498;-2540.963
13921;110.6381;-229.8566;-2542.31
13951;111.3785;-226.0166;-2545.218
13981;110.0943;-224.6958;-2547.454
14021;110.0027;-223.5503;-2549.787
14051;107.3568;-221.4472;-2551.152
14091;107.7346;-219.9635;-2552.82
14121;107.5634;-219.7341;-2553.12
14151;107.3437;-216.3903;-2556.285
14191;98.51643;-198.6124;-2562.031
14221;98.46722;-194.0181;-2563.282
14262;97.89394;-192.2874;-2563.725
14272;96.86445;-185.7721;-2567.95
14312;97.26281;-182.21;-2569.717
14342;89.8931;-175.1494;-2565.716
14372;86.96606;-118.1936;-2565.922
14412;87.27111;-117.8683;-2566.021
14442;87.41035;-118.8232;-2565.491
14472;87.47375;-120.001;-2564.335
14522;88.24953;-119.5759;-2564.386
14542;89.04545;-129.3594;-2559.724
14592;89.36555;-130.5742;-2558.961
14622;88.56004;-137.6825;-2556.108
14652;91.26136;-151.1907;-2542.945
14692;86.96089;-156.4117;-2537.991
14722;105.1705;-214.7307;-2558.365
14762;105.0319;-214.9357;-2558.372
14792;105.3973;-215.2858;-2558.341
14822;106.8909;-219.7422;-2555.642
14862;107.1461;-219.5643;-2554.979
14892;107.5394;-219.5858;-2554.19
14922;108.9695;-225.0794;-2549.44
14962;110.9237;-223.6698;-2549.757
14982;111.458;-227.0733;-2546.95
15022;112.4405;-228.2245;-2545.432
15062;113.16;-229.048;-2544.689
15092;113.8203;-231.6999;-2542.688
15112;115.7682;-235.3099;-2540.793
15162;116.8947;-237.0509;-2539.826
15182;117.0543;-240.2865;-2537.382
15222;117.6308;-241.8112;-2536.594
15232;114.8177;-249.4496;-2531.421
15292;113.6454;-250.1863;-2530.191
15322;112.4661;-250.172;-2529.233
15352;112.0193;-250.3156;-2528.941
15392;112.4122;-250.3167;-2529.252
15422;112.329;-250.6834;-2529.321
15452;112.0758;-251.1183;-2529.279
15472;112.3528;-251.1522;-2529.328
15522;112.8969;-251.6465;-2529.333
15552;113.0288;-251.7622;-2529.439
15592;105.987;-255.574;-2527.149
15622;100.0479;-257.3741;-2525.36
15652;96.568;-258.2451;-2527.007
15692;96.2571;-258.7195;-2526.962
15712;96.20183;-258.4442;-2526.847
15752;95.63876;-259.3336;-2525.938
15772;94.61446;-259.6223;-2524.79
15822;91.16826;-259.2708;-2523.497
15852;91.49777;-259.4096;-2520.937
15892;93.33698;-258.963;-2518.983
15912;94.26579;-258.5342;-2517.652
15952;97.65977;-258.938;-2515.516
15982;99.52531;-258.4534;-2514.251
16022;100.0851;-258.401;-2514.015
16042;100.2924;-258.4568;-2513.919
16092;102.3676;-259.0043;-2513.486
16112;105.0918;-258.7377;-2513.445
16152;108.2919;-257.7828;-2514.047
16182;110.4231;-256.541;-2514.298
16222;111.06;-256.5273;-2514.144
16272;113.9947;-255.8809;-2514.958
16282;115.5573;-255.4944;-2515.002
16322;115.6027;-255.2822;-2515.077
16352;117.327;-253.5275;-2516.633
16382;116.7573;-252.9557;-2517.124
16422;116.0951;-252.4999;-2517.557
16442;115.3839;-251.461;-2518.977
16482;115.3423;-249.9374;-2520.7
16523;117.0246;-248.3966;-2523.166
16553;117.781;-247.0802;-2525.021
16573;118.1474;-246.0616;-2527.291
16603;118.1513;-245.6796;-2528.18
16643;118.3517;-243.4419;-2530.303
16673;118.7588;-241.1581;-2532.684
16703;118.7653;-239.3568;-2534.094
16743;118.4232;-238.3209;-2535.194
16793;117.633;-237.7081;-2535.971
16823;117.162;-237.084;-2536.953
16843;113.8543;-229.1947;-2541.863
16873;113.4885;-227.7528;-2542.545
16913;112.6709;-226.2072;-2544.39
16943;110.6472;-223.8888;-2547.883
16983;98.2316;-217.3054;-2552.71
17023;96.95325;-218.5338;-2551.905
17043;94.58482;-217.274;-2550.925
17093;93.71506;-215.9629;-2550.631
17103;92.62393;-201.7221;-2549.148
17143;90.75581;-186.1518;-2559.38
17193;90.33023;-177.8613;-2566.729
17213;76.97545;-136.0075;-2554.362
17243;85.62383;-130.5037;-2556.829
17284;85.6125;-130.4479;-2556.557
17314;70.50069;-106.0264;-2600.669
17344;69.95242;-105.5126;-2600.835
17374;69.21763;-106.7543;-2600.001
17414;69.30934;-107.3721;-2599.916
17444;70.67026;-108.2272;-2599.089
17474;72.29543;-125.9227;-2580.348
17514;99.7856;-169.9168;-2575.454
17564;114.4322;-203.5719;-2570.803
17574;114.7792;-205.1789;-2569.857
17614;112.6952;-206.0125;-2567.55
17644;111.4328;-210.81;-2564.841
17674;110.7002;-214.8754;-2560.359
17714;111.036;-215.4821;-2560.237
17744;111.5218;-216.448;-2559.663
17774;112.0698;-216.7737;-2558.981
17814;112.0314;-216.8255;-2557.34
17844;112.1457;-221.7309;-2550.413
17874;114.9273;-228.2924;-2545.276
17914;116.4372;-229.8722;-2543.695
17964;117.1879;-231.2785;-2542.056
17974;119.154;-235.1863;-2540.024
18024;121.7458;-240.5075;-2537.926
18044;122.9586;-242.2939;-2536.867
18094;124.1162;-245.834;-2534.179
18104;124.2706;-247.8015;-2532.337
18154;124.3573;-248.7289;-2531.61
18174;123.4952;-250.2921;-2530.449
18224;122.5582;-251.4885;-2529.397
18254;122.7209;-252.5293;-2529.031
18294;122.7989;-252.9045;-2528.956
18324;122.151;-253.8006;-2528.133
18354;120.6726;-254.2774;-2527.885
18374;119.9756;-255.253;-2526.696
18414;116.802;-256.3925;-2524.594
18454;111.9236;-257.8777;-2521.71
18474;109.5065;-259.7953;-2519.273
18524;107.3064;-260.4919;-2518.747
18554;101.6871;-264.0386;-2520.317
18594;101.3891;-264.2196;-2519.885
18624;100.8019;-264.1967;-2519.917
18654;100.7226;-264.1708;-2519.882
18684;100.5645;-264.3188;-2519.988
18714;99.7704;-263.5736;-2520.296
18754;99.45716;-263.3228;-2520.337
18784;99.45673;-263.3586;-2520.261
18814;99.21703;-262.9727;-2520.35
18854;99.021;-262.527;-2520.336
18884;98.55566;-262.4497;-2520.32
18914;95.98878;-262.9889;-2520.172
18944;96.65575;-263.3743;-2519.029
18974;97.63139;-262.6518;-2518.351
19014;99.32817;-262.2267;-2517.953
19044;105.3196;-262.0394;-2518.115
19084;109.6866;-260.3931;-2519.233
19114;111.9079;-261.1328;-2519.586
19144;113.1468;-260.6437;-2520.045
19184;113.8574;-261.1932;-2519.736
19214;114.1201;-261.3609;-2519.644
19244;115.718;-261.7769;-2519.93
19284;120.8336;-261.9019;-2521.069
19314;120.3166;-262.2183;-2520.547
19344;119.7738;-262.1683;-2519.867
19394;119.588;-262.1042;-2519.448
19414;116.708;-262.391;-2516.428
19444;117.0457;-262.7471;-2516.785
19484;117.7551;-263.1457;-2517.301
19514;118.6854;-262.2077;-2517.966
19544;119.6099;-261.0594;-2518.974
19584;120.5877;-259.3863;-2520.384
19614;120.9527;-257.9418;-2521.718
19644;122.3112;-255.2033;-2525.341
19674;122.9771;-253.3115;-2527.676
19714;123.1747;-252.2747;-2528.738
19744;123.3693;-250.0169;-2530.36
19794;123.1866;-249.0371;-2531.355
19824;122.1349;-247.3525;-2532.54
19844;120.3205;-245.118;-2533.836
19884;120.0967;-244.5734;-2534.341
19904;118.9419;-242.3587;-2534.877
19964;118.2042;-241.5263;-2534.95
19994;117.3885;-240.9708;-2535.114
20004;116.2971;-239.1838;-2535.807
20044;115.4901;-237.974;-2536.76
20074;114.4523;-236.0992;-2537.742
20114;113.696;-235.1932;-2538.254
20154;113.091;-233.2024;-2538.594
20174;112.5828;-232.3327;-2538.805
20214;112.5377;-228.306;-2540.366
20244;111.9447;-227.7;-2540.473
20294;111.1234;-227.019;-2540.543
20324;109.9658;-225.7796;-2540.554
20364;109.5193;-225.6321;-2540.601
20374;104.4279;-225.1789;-2540.838
20414;98.1343;-225.7583;-2540.306
20464;95.064;-218.2204;-2543.469
20474;96.61843;-218.6824;-2544.706
20514;91.80602;-212.7256;-2545.275
20554;90.42376;-212.3423;-2544.728
20574;87.67136;-209.8251;-2545.602
20614;85.7383;-176.2184;-2543.728
20664;83.84799;-174.0186;-2550.257
20674;83.90015;-174.692;-2550.269
20714;85.33192;-181.8468;-2553.059
20744;86.68565;-167.5139;-2564.344
20784;86.67664;-167.5517;-2564.377
20814;85.22273;-170.6015;-2562.704
20864;79.9221;-177.9993;-2550.285
20904;79.93264;-179.2269;-2548.511
20924;82.99973;-188.8367;-2549.084
20964;83.78243;-199.8692;-2547.443
20994;83.62134;-200.828;-2547.603
21014;83.6837;-203.396;-2547.992
21044;92.63706;-209.3636;-2550.717
21084;94.49844;-210.9381;-2548.76
21114;96.95125;-214.765;-2548.516
21144;99.01072;-219.3493;-2546.512
21184;99.69091;-219.4782;-2546.549
21214;100.5904;-219.8443;-2546.308
21244;102.6118;-222.5125;-2544.159
21284;106.8035;-229.8333;-2542.551
21314;107.9375;-230.6318;-2542.12
21364;109.8339;-232.2494;-2541.136
21384;111.279;-234.7691;-2539.736
21414;108.9115;-236.8683;-2537.43
21444;110.7511;-242.5156;-2535.113
21484;111.6515;-243.8673;-2534.615
21514;112.9485;-244.7986;-2535.035
21568;113.5204;-245.9344;-2535.518
21578;112.0692;-250.0766;-2535.365
21618;102.422;-253.8198;-2530.438
21648;100.5019;-254.4095;-2528.887
21678;100.8859;-254.9947;-2529.412
21718;101.2993;-255.5698;-2529.382
21748;100.5553;-256.3949;-2528.364
21778;100.5223;-257.1914;-2527.456
21808;99.35381;-259.0647;-2524.517
21848;96.87098;-258.8259;-2522.856
21898;91.91315;-258.7447;-2521.472
21918;83.41739;-258.9459;-2520.096
21938;80.50172;-260.6828;-2520.041
21998;77.84624;-260.2697;-2517.86
22018;77.01022;-259.819;-2517.181
22048;75.59572;-259.3677;-2516.012
22068;75.22343;-259.6631;-2514.41
22118;74.79881;-259.3016;-2513.41
22148;74.82836;-258.4742;-2512.285
22188;74.71565;-258.2011;-2511.588
22218;74.72399;-258.2207;-2511.609
22248;76.32208;-257.5429;-2511.458
22278;78.32822;-257.4366;-2511.154
22318;82.45254;-258.1385;-2511.271
22348;84.92042;-257.6699;-2512.007
22388;86.37196;-257.8496;-2512.831
22408;88.65195;-258.1419;-2512.684
22448;90.67379;-257.8849;-2513.352
22478;92.28104;-257.3961;-2513.746
22518;93.72402;-258.1334;-2513.415
22548;97.35855;-260.1747;-2513.541
22578;98.34707;-260.2681;-2513.528
22618;98.48975;-260.3911;-2512.979
22648;98.60351;-260.3158;-2512.599
22698;98.73115;-260.1475;-2511.25
22718;98.58733;-260.2968;-2511.14
22748;98.7635;-260.2514;-2511.309
22778;98.83043;-260.1801;-2511.338
22818;100.2481;-259.1147;-2512.663
22838;100.6455;-258.6387;-2513.449
22878;99.37785;-257.6216;-2515.344
22918;99.86221;-256.9872;-2517.637
22948;99.50466;-256.4187;-2519.106
22988;99.58069;-254.569;-2522.328
23018;101.981;-252.9261;-2525.148
23048;103.9635;-249.4523;-2527.278
23088;102.4232;-247.9734;-2527.416
23108;102.5087;-245.7079;-2529.387
23148;103.1786;-242.9528;-2531.354
23188;103.2415;-241.0862;-2533.164
23218;102.8097;-239.7818;-2533.884
23248;102.9547;-238.2456;-2535.248
23289;103.2676;-234.6677;-2536.078
23309;102.5242;-231.7732;-2537.018
23349;102.4091;-230.5972;-2536.947
23379;100.7479;-227.1336;-2536.36
23419;99.91836;-226.5705;-2536.48
23469;98.21283;-226.333;-2536.151
23489;89.70245;-222.0802;-2537.755
23509;84.99179;-221.8617;-2535.802
23549;80.59422;-218.6291;-2536.222
23579;80.2716;-217.6853;-2537.316
23619;80.13024;-217.6489;-2537.382
23649;80.44068;-219.6511;-2535.959
23679;79.5743;-220.815;-2535.095
23719;79.83892;-220.8063;-2535.182
23739;79.548;-221.7746;-2534.668
23779;79.06489;-216.6952;-2540.633
23819;79.1568;-216.8333;-2540.99
23859;78.35561;-220.1993;-2538.506
23879;81.74477;-209.5338;-2553.524
23909;79.63985;-216.3047;-2544.838
23949;80.67204;-215.3899;-2546.414
23979;80.46681;-216.7476;-2543.293
24009;80.63306;-217.6654;-2541.27
24049;84.46219;-218.5297;-2540.72
24079;88.38933;-217.8153;-2542.222
24109;89.48193;-217.6228;-2542.596
24149;89.07164;-217.9502;-2542.392
24179;92.7397;-220.9613;-2541.454
24209;94.19942;-222.6881;-2539.199
24249;95.34589;-223.5516;-2538.109
24279;98.10967;-224.7464;-2537.386
24309;100.1671;-225.2909;-2536.687
24339;101.802;-226.9234;-2535.484
24379;101.5642;-229.6992;-2534.46
24409;104.6258;-233.8402;-2533.046
24449;107.9825;-236.3356;-2532.443
24479;109.7879;-238.8176;-2530.903
24509;111.6759;-241.1396;-2529.466
24559;113.451;-243.6897;-2528.305
24589;114.3885;-245.142;-2527.246
24609;115.6823;-246.4734;-2526.784
24659;116.4658;-246.7098;-2526.301
24689;115.694;-247.718;-2525.518
24709;114.525;-248.8851;-2524.375
24759;111.9044;-251.7143;-2521.21
24779;110.9068;-252.2764;-2520.161
24799;107.2995;-254.2472;-2517.667
24859;99.75436;-256.8064;-2510.764
24889;100.0727;-256.8192;-2510.694
24919;100.1431;-256.8615;-2510.618
24959;100.4967;-257.3257;-2509.609
24989;100.4807;-257.4973;-2509.443
25019;100.1804;-257.9201;-2508.156
25059;99.86176;-257.9921;-2507.34
25089;97.94458;-257.5642;-2505.958
25119;93.91479;-258.8101;-2502.711
25159;78.76472;-262.7379;-2504.637
25189;78.7552;-262.6738;-2504.632
25209;80.09515;-260.6171;-2505.019
25259;81.47668;-260.4555;-2504.028
25269;81.96465;-259.5042;-2503.924
25309;81.50967;-259.3741;-2503.768
25339;81.85857;-259.248;-2503.03
25379;83.32999;-259.5638;-2500.613
25429;84.26154;-259.0677;-2500.155
25459;86.27924;-258.0843;-2499.803
25489;89.13215;-257.3458;-2500.12
25509;90.61459;-256.9141;-2500.378
25559;93.90823;-258.1759;-2500.113
25569;94.36074;-258.3022;-2500.563
25609;98.25173;-260.1765;-2501.186
25659;102.823;-259.7247;-2502.127
25689;104.5027;-260.2798;-2503.13
25709;106.2137;-260.1976;-2503.821
25759;106.9425;-260.1645;-2504.589
25789;109.1387;-260.2146;-2505.063
25809;111.3357;-261.3892;-2505.874
25859;113.2754;-262.0412;-2506.211
25869;115.441;-261.4735;-2506.783
25909;115.6363;-261.7301;-2505.919
25959;118.6312;-263.905;-2507.143
25989;118.8802;-263.6746;-2507.255
26009;119.6635;-262.6857;-2507.976
26059;120.9321;-261.8564;-2509.523
26089;121.3186;-261.1039;-2510.424
26129;121.3166;-260.5142;-2511.651
26159;121.9509;-258.6395;-2514.99
26189;122.1608;-256.7788;-2517.779
26229;122.3288;-254.8691;-2520.613
26259;121.6357;-253.3526;-2522.369
26299;121.1943;-252.3553;-2523.738
26329;120.6432;-250.8833;-2524.632
26359;119.5965;-248.5124;-2526.242
26389;118.9834;-246.3834;-2528.376
26429;118.1371;-243.59;-2530.011
26459;117.3316;-241.8883;-2531.019
26489;116.6734;-240.6351;-2531.305
26509;115.7496;-239.5304;-2531.788
26539;114.9672;-238.614;-2532.707
26600;113.6288;-237.8732;-2533.014
26610;112.7932;-235.1128;-2533.262
26650;112.0745;-233.3562;-2533.488
26680;111.0511;-231.0064;-2533.26
26710;110.6744;-230.9384;-2533.235
26760;109.2703;-230.0906;-2532.757
26770;100.8095;-224.741;-2534.076
26810;98.23358;-222.8175;-2534.131
26860;95.78207;-221.9729;-2534.52
26890;91.81895;-220.1914;-2534.224
26910;89.42773;-219.0614;-2534.663
26950;87.75378;-224.4599;-2530.27
26990;87.82673;-224.1969;-2529.866
27020;86.94592;-222.5018;-2529.993
27060;83.80033;-222.2275;-2529.401
27090;95.85928;-214.4305;-2534.654
27130;101.3224;-204.7742;-2549.697
27160;87.2311;-188.8016;-2548.74
27190;92.91322;-174.0291;-2538.981
27230;99.66418;-203.2293;-2537.113
27260;82.40153;-221.5528;-2526.156
27270;93.76074;-222.0232;-2529.02
27330;98.16931;-218.8213;-2532.852
27360;93.1002;-218.7707;-2533.085
27390;93.44167;-218.4839;-2534.12
27430;96.11894;-218.5171;-2536.019
27450;98.83993;-219.4784;-2536.789
27490;99.64764;-220.1886;-2536.285
27520;101.7926;-219.6665;-2535.688
27550;103.5849;-222.4371;-2533.052
27590;104.7401;-223.2723;-2532.188
27620;105.6926;-223.838;-2531.671
27660;107.7518;-227.0114;-2531.036
27690;109.8376;-229.3288;-2530.878
27720;112.1391;-235.6253;-2530.468
27760;113.0584;-238.8821;-2529.316
27790;115.4285;-243.2199;-2527.848
27820;116.4329;-245.5421;-2527.429
27860;116.8041;-247.4036;-2526.278
27880;116.3541;-249.7032;-2525.524
27920;108.8055;-255.6801;-2519.847
27960;107.3827;-256.5279;-2518.785
27990;107.9047;-256.7551;-2519.189
28020;108.7622;-258.3885;-2519.05
28050;109.1359;-259.6302;-2519.361
28090;109.9738;-260.9034;-2519.672
28120;109.8392;-260.9998;-2519.424
28150;109.2688;-261.069;-2519.234
28190;109.4726;-261.9398;-2518.589
28220;108.1774;-263.0896;-2517.435
28260;105.3946;-263.0215;-2517.708
28270;98.56876;-263.7837;-2517.752
28320;97.27829;-264.0706;-2518.506
28350;97.30408;-263.7468;-2518.707
28390;97.43099;-263.3069;-2518.818
28400;97.44975;-263.0934;-2518.946
28460;97.35566;-262.6247;-2519.123
28490;96.18893;-262.6242;-2519.525
28520;96.61351;-262.6943;-2519.309
28560;98.47858;-262.4432;-2517.876
28580;100.2061;-261.7874;-2517.113
28630;105.2813;-260.9603;-2517.121
28650;110.2316;-261.328;-2517.176
28690;110.8525;-261.0765;-2517.276
28710;111.2262;-261.3577;-2517.348
28760;111.6568;-262.3141;-2517.118
28790;112.2877;-263.0763;-2517.281
28800;112.7535;-263.5632;-2517.414
28860;115.1636;-263.8404;-2517.765
28890;120.0943;-263.2127;-2519.204
28910;122.2864;-262.2385;-2519.785
28960;123.0115;-262.2767;-2519.417
28970;121.1835;-262.1693;-2517.423
29010;122.8004;-262.1767;-2518.651
29060;124.1367;-262.2135;-2519.999
29090;125.2721;-261.7626;-2521.127
29120;125.0786;-261.5574;-2521.147
29160;125.1255;-261.4559;-2521.385
29190;125.6945;-260.3494;-2523.537
29220;126.236;-259.9187;-2526.366
29260;126.2933;-258.1487;-2528.54
29290;126.8209;-256.424;-2531.687
29321;126.6885;-255.4697;-2532.294
29361;126.625;-253.5564;-2533.771
29391;125.5496;-252.0356;-2535.395
29411;124.6809;-248.0764;-2537.516
29451;124.5089;-246.7392;-2538.973
29491;123.2947;-244.0862;-2540.523
29521;122.3491;-242.7171;-2541.478
29551;121.9326;-240.8046;-2542.35
29581;121.6092;-239.3223;-2543.676
29611;120.814;-236.8568;-2544.944
29651;119.4731;-235.563;-2545.322
29691;118.6231;-234.4777;-2545.455
29711;117.2132;-229.0579;-2548.202
29751;116.5832;-227.109;-2549.478
29781;116.1096;-226.8126;-2550.191
29821;115.2186;-224.935;-2552.324
29851;113.8336;-222.2605;-2553.064
29901;113.4585;-221.7258;-2553.473
29921;111.6364;-219.9397;-2554.396
29951;99.92639;-211.6281;-2555.342
29981;92.11909;-208.674;-2555.587
30021;93.97784;-209.8747;-2556.018
30051;91.2019;-209.6838;-2556.529
30081;88.24029;-206.7081;-2558.173
30111;86.70414;-206.5027;-2558.141
30151;91.657;-206.8667;-2559.396
30181;107.8839;-194.0636;-2571.433
30211;108.6274;-195.2456;-2571.083
30251;92.42609;-209.7653;-2560.345
30281;105.4638;-210.6384;-2563.288
30311;107.3707;-212.3437;-2561.946
30351;108.0983;-214.6115;-2560.697
30381;108.1852;-215.352;-2559.245
30411;109.2557;-216.9418;-2558.135
30451;110.6933;-220.8297;-2551.468
30481;111.5701;-223.6313;-2548.562
30511;113.11;-228.1063;-2545.823
30551;115.0235;-231.9315;-2542.377
30581;115.2727;-233.1476;-2541.25
30621;116.1704;-235.8499;-2539.778
30651;117.4412;-238.9568;-2537.55
30691;118.0339;-241.3049;-2536.04
30721;119.0378;-243.7383;-2535.221
30761;119.6975;-244.999;-2534.636
30791;120.7456;-246.8002;-2534.191
30821;121.5694;-247.7092;-2534.188
30851;121.9238;-249.9653;-2533.668
30891;122.2922;-250.8194;-2533.543
30911;123.7712;-253.9467;-2534.126
30951;118.5732;-257.3099;-2528.839
30991;117.2874;-258.0908;-2528.053
31011;120.7879;-260.0283;-2530.86
31051;120.8935;-260.2167;-2531.018
31081;121.6977;-262.8555;-2531.476
31121;117.6196;-264.5969;-2528.284
31151;116.4086;-264.8926;-2527.064
31181;114.5729;-267.0977;-2525.25
31221;103.9784;-268.131;-2527.67
31251;103.7298;-268.0631;-2528.261
31281;104.0518;-267.5089;-2528.913
31321;104.2012;-267.4153;-2529.188
31351;103.9583;-267.6017;-2528.755
31381;103.2685;-267.0432;-2528.793
31411;102.11;-266.9862;-2528.792
31451;102.1533;-266.5802;-2528.785
31481;104.0292;-266.5848;-2528.236
31521;104.7558;-266.9355;-2528.325
31551;105.5234;-266.5568;-2528.454
31581;107.5469;-266.0902;-2528.51
31613;112.164;-265.652;-2529.768
31653;114.0417;-265.3868;-2530.512
31683;118.9803;-265.3907;-2532.436
31713;121.1636;-264.8994;-2532.837
31753;122.9262;-264.8302;-2533.385
31783;124.1355;-265.151;-2533.686
31813;125.025;-266.8609;-2532.563
31853;121.1559;-268.6913;-2527.134
31883;121.1387;-268.448;-2525.982
31913;122.5722;-268.5865;-2526.498
31953;123.6682;-267.8396;-2526.775
31983;124.977;-266.3407;-2527.349
32013;125.5429;-265.0872;-2527.896
32053;125.6112;-263.304;-2528.323
32083;125.8183;-261.5919;-2529.486
32133;125.8553;-260.188;-2530.833
32143;125.3036;-258.7874;-2532.969
32183;125.1574;-256.1359;-2535.989
32213;124.2246;-253.3354;-2538.091
32243;123.6081;-248.0148;-2540.661
32283;122.0672;-243.6395;-2542.582
32313;121.0005;-241.1303;-2544.584
32343;119.6635;-237.708;-2546.324
32383;118.6529;-235.6102;-2547.963
32433;115.203;-227.6716;-2550.775
32463;113.4791;-223.9741;-2552.414
32483;113.9629;-222.5048;-2555.707
32513;111.1892;-223.3837;-2556.941
32553;108.8672;-218.804;-2557.845
32583;110.8003;-192.6682;-2575.015
32613;108.7416;-185.9829;-2575.896
32653;103.8464;-164.6688;-2585.023
32683;102.6007;-162.7368;-2583.157
32713;88.16454;-133.4332;-2618.116
32743;88.35658;-133.0055;-2618.159
32783;88.31372;-133.1447;-2618.272
32813;88.49817;-132.4975;-2617.852
32843;88.49831;-132.1725;-2617.813
32883;87.10335;-130.5904;-2616.655
32913;87.24314;-130.2433;-2616.442
32943;87.59844;-129.6975;-2616.669
32983;84.61606;-122.974;-2620.592
33013;85.77979;-123.6513;-2619.878
33063;85.00623;-122.2241;-2619.077
33093;80.47923;-112.7759;-2617.473
33123;75.7422;-116.9248;-2610.428
33143;75.3895;-114.3273;-2610.472
33173;78.80067;-124.3901;-2592.018
33213;73.94411;-136.1042;-2581.235
33263;118.1265;-148.8937;-2573.991
33283;119.1948;-162.2475;-2564.74
33313;83.22925;-182.4348;-2538.571
33343;77.76845;-187.1141;-2537.809
33393;76.99255;-187.4143;-2538.134
33403;100.3535;-183.9703;-2551.206
33463;107.471;-211.5545;-2558.427
33473;108.3555;-213.5182;-2558.857
33513;110.6908;-213.8539;-2560.731
33543;111.5291;-217.2871;-2560.06
33583;111.7653;-217.5047;-2559.351
33613;111.7168;-218.2055;-2558.648
33643;112.0312;-223.0858;-2554.734
33693;112.0555;-223.1799;-2554.687
33703;111.911;-225.6291;-2551.727
33743;112.0382;-225.6978;-2551.573
33783;113.1166;-228.025;-2550.031
33813;113.3312;-231.1159;-2548.508
33843;114.3783;-234.8696;-2547.064
33893;115.7617;-236.3974;-2546.637
33903;118.6973;-241.6908;-2545.744
33963;120.3745;-243.7853;-2546.495
33983;122.5625;-248.1994;-2546.125
34013;123.932;-251.3315;-2545.94
34053;123.9831;-252.3139;-2545.335
34083;124.2435;-254.2637;-2544.379
34113;124.1045;-254.537;-2543.331
34153;124.1968;-258.5629;-2542.864
34183;123.8805;-259.5638;-2542.383
34213;123.88;-259.5682;-2542.386
34253;124.1256;-260.136;-2541.018
34283;124.9928;-260.6832;-2540.479
34314;125.1372;-261.6989;-2538.047
34354;125.0496;-260.9826;-2535.984
34384;125.0298;-260.547;-2535.3
34414;125.4807;-259.344;-2531.814
34444;125.2528;-258.8696;-2529.389
34484;119.1371;-260.2618;-2521.568
34514;109.4451;-259.8563;-2514.857
34544;106.3689;-259.836;-2514.465
34584;104.5488;-260.8175;-2514.689
34614;103.8648;-260.5503;-2514.967
34644;103.5913;-260.5406;-2515.101
34684;103.5479;-261.2688;-2514.322
34714;103.712;-261.1526;-2514.205
34744;103.6782;-261.1087;-2514.164
34784;104.0055;-260.6635;-2513.513
34814;105.024;-259.803;-2512.813
34854;105.2206;-259.9671;-2512.422
34884;105.8197;-260.0703;-2512.116
34914;107.1441;-260.459;-2511.835
34954;107.7883;-260.285;-2511.736
34984;107.9438;-260.1896;-2511.808
35014;108.2585;-260.1425;-2511.86
35054;108.6055;-260.4415;-2511.826
35084;108.6527;-260.2579;-2512.818
35114;108.1523;-260.1839;-2514.981
35144;108.3977;-260.4186;-2515.413
35184;108.2124;-260.5656;-2515.581
35234;108.3289;-260.7671;-2515.776
35254;108.5949;-260.6038;-2516.067
35284;108.5864;-260.8938;-2516.506
35314;108.5577;-261.2386;-2517.333
35354;110.0855;-262.7271;-2517.694
35374;110.9915;-262.8971;-2518.974
35414;110.0317;-263.0444;-2519.41
35454;109.9473;-262.9058;-2519.478
35484;111.0107;-262.3945;-2520.313
35514;111.0855;-262.412;-2520.372
35554;112.2074;-260.0372;-2524.377
35584;113.0187;-259.675;-2524.611
35614;113.0499;-259.6488;-2524.705
35654;111.7098;-260.6325;-2523.648
35684;112.2139;-260.4153;-2523.856
35714;111.479;-260.996;-2523.58
35754;110.5431;-261.2033;-2523.22
35784;110.7551;-261.5106;-2522.967
35814;110.9174;-261.4745;-2523.144
35854;111.1248;-261.897;-2522.776
35884;111.4592;-261.4919;-2523.345
35914;111.5232;-261.6026;-2523.408
35954;111.7093;-262.1709;-2523.361
35984;111.8909;-262.3883;-2523.557
36014;107.4037;-263.8437;-2522.488
36044;106.0169;-263.763;-2522.874
36084;104.6864;-263.2997;-2523.046
36114;101.6062;-263.1891;-2524.136
36144;100.2796;-263.0437;-2524.014
36174;99.0864;-262.6627;-2524.515
36214;98.82818;-262.5205;-2524.729
36244;97.95625;-263.0638;-2525.354
36284;96.89503;-262.8319;-2526.713
36314;95.75089;-261.9883;-2527.197
36344;93.10642;-261.6306;-2528.481
36384;92.54229;-261.4543;-2528.293
36414;92.47552;-260.655;-2528.401
36444;92.01662;-259.6637;-2528.963
36474;91.94091;-259.4422;-2528.92
36524;91.94411;-258.1795;-2529.271
36564;92.96443;-255.3546;-2531.073
36574;93.36687;-253.9086;-2531.546
36630;93.37839;-251.3272;-2533.675
36641;93.83318;-249.5644;-2534.424
36681;96.21926;-245.9585;-2535.567
36711;97.45067;-242.3883;-2535.633
36761;98.57962;-240.0164;-2536.236
36771;99.52632;-237.3188;-2536.267
36811;103.0861;-231.8372;-2538.726
36851;103.6684;-230.2948;-2538.942
36891;105.9335;-227.7377;-2541.56
36911;105.6503;-227.095;-2541.997
36941;105.3292;-225.5682;-2543.875
36981;104.7788;-224.8763;-2544.611
37031;112.121;-217.4737;-2553.75
37061;113.505;-213.8795;-2557.541
37081;113.5417;-212.2009;-2559.832
37131;114.5777;-210.8602;-2560.47
37141;116.2915;-199.914;-2560.514
37181;117.793;-195.9198;-2560.503
37231;117.0278;-192.6847;-2561.954
37251;120.8471;-190.7099;-2569.587
37281;128.0243;-183.2543;-2567.962
37311;120.67;-187.3004;-2566.12
37351;113.154;-163.2134;-2566.38
37401;123.9791;-144.3414;-2605.899
37411;130.0356;-132.8704;-2626.008
37461;133.3233;-132.1674;-2627.432
37491;136.3859;-129.8152;-2630.349
37531;139.7491;-126.2183;-2632.298
37551;139.9133;-126.2843;-2633.472
37581;137.1578;-139.093;-2633.092
37611;133.5675;-143.8535;-2634.268
37661;128.5398;-144.7212;-2635.069
37691;134.1934;-143.82;-2639.448
37731;133.8122;-143.6435;-2640.273
37761;131.5677;-149.1034;-2641.76
37781;127.7464;-154.9204;-2643.78
37811;120.075;-165.5023;-2642.269
37841;106.5663;-205.2594;-2560.924
37881;106.38;-205.4338;-2561.203
37911;104.2146;-211.26;-2555.659
37941;104.1179;-213.1215;-2553.985
37971;103.9078;-215.6769;-2551.78
38031;103.5894;-218.5872;-2547.644
38041;102.2883;-220.3029;-2546.353
38091;101.5722;-221.4949;-2544.328
38101;99.22006;-223.2505;-2543.328
38161;98.66203;-224.6875;-2541.71
38181;97.89307;-226.1784;-2539.996
38231;97.38517;-228.5946;-2537.881
38251;96.42398;-230.1104;-2536.245
38281;94.78386;-231.3997;-2535.023
38311;93.30243;-233.7039;-2534.022
38362;91.67972;-236.9825;-2532.984
38372;88.76339;-241.5992;-2530.227
38412;87.46057;-243.7214;-2530.46
38462;86.81926;-244.601;-2530.376
38482;86.21335;-245.1932;-2530.815
38522;85.68178;-246.8954;-2529.628
38542;84.22997;-248.5062;-2527.837
38592;82.6512;-249.9847;-2526.576
38622;81.46338;-251.2803;-2525.726
38652;80.96491;-252.0567;-2524.184
38672;79.11496;-253.9199;-2523.209
38722;79.55743;-256.0029;-2522.872
38742;79.35029;-257.3462;-2522.036
38792;78.77557;-261.1259;-2520.95
38822;87.00217;-264.4892;-2527.091
38852;86.9006;-264.6368;-2527.296
38892;87.11602;-264.9072;-2527.622
38922;85.97928;-265.5118;-2527.769
38952;84.78968;-266.5722;-2526.168
38982;84.37704;-266.3517;-2526.04
39012;83.93819;-266.0677;-2526.001
39062;82.51449;-265.0632;-2524.919
39082;81.21417;-264.9441;-2523.289
39122;79.51055;-264.6511;-2523.369
39152;78.81414;-264.1357;-2523.709
39192;78.25682;-264.436;-2523.561
39222;76.04562;-265.3483;-2523.519
39252;75.40868;-264.4713;-2524.727
39282;74.42073;-263.7369;-2525.621
39322;73.945;-262.123;-2528.094
39332;74.18437;-260.931;-2529.842
39393;74.87413;-259.7675;-2531.42
39423;76.18117;-257.6071;-2533.377
39443;76.58805;-256.4388;-2534.852
39493;77.27422;-253.4157;-2536.84
39523;77.88023;-251.9199;-2538.237
39553;79.59252;-248.4998;-2541.877
39593;81.9381;-246.4965;-2545.08
39603;83.59885;-244.7454;-2546.739
39643;87.5154;-238.921;-2551.459
39693;89.7208;-236.7995;-2552.407
39723;90.97521;-233.6447;-2554.126
39763;92.65201;-231.4106;-2554.389
39793;92.45441;-230.9871;-2554.419
39823;94.59985;-228.9881;-2554.351
39843;94.6188;-228.9616;-2554.315
39903;94.32379;-227.0062;-2555.532
39913;95.15556;-223.7914;-2558.004
39953;96.85166;-215.4193;-2563.659
39973;97.95169;-211.3989;-2565.038
40013;98.2494;-208.4884;-2565.667
40043;99.70197;-205.6041;-2566.542
40083;113.2647;-178.0632;-2569.394
40113;111.7795;-177.5506;-2569.572
40143;114.9868;-170.0138;-2575.556
40203;105.2768;-171.6948;-2546.81
40213;105.3684;-174.1989;-2543.212
40263;100.5219;-205.2257;-2517.773
40273;146.176;-180.3026;-2534.402
40313;142.627;-180.0868;-2530.917
40343;115.8783;-176.5757;-2514.079
40383;115.6274;-175.7951;-2514.973
40413;112.1679;-177.3057;-2517.46
40453;109.4035;-178.3059;-2521.355
40473;105.6633;-176.1966;-2535.605
40523;104.7148;-175.0364;-2537.469
40553;99.97027;-177.1808;-2537.969
40583;98.93961;-176.9915;-2536.904
40623;85.87894;-184.391;-2553.192
40653;88.35387;-185.6781;-2553.775
40683;88.20187;-195.4988;-2554.219
40723;89.08426;-195.9034;-2554.796
40763;90.60127;-199.9343;-2555.407
40773;90.31813;-207.7516;-2553.562
40813;90.25663;-214.492;-2549.658
40843;90.21044;-215.2317;-2549.551
40873;89.79266;-217.5853;-2548.719
40913;89.34383;-220.1843;-2546.519
40963;88.24834;-221.3274;-2545.096
40973;87.70634;-222.2991;-2544.027
41013;87.75664;-224.9765;-2541.503
41043;87.30769;-226.5407;-2540.273
41073;86.23005;-229.0186;-2539.423
41113;85.26478;-231.2224;-2537.968
41143;84.80969;-232.9496;-2536.783
41193;83.45394;-234.7397;-2536.109
41223;82.72981;-236.5333;-2535.742
41263;81.05664;-238.4954;-2534.917
41293;80.36185;-240.0763;-2534.515
41323;79.1991;-241.4965;-2533.598
41363;78.28735;-243.1362;-2532.711
41393;77.87701;-243.971;-2532.234
41423;76.44137;-245.5707;-2529.369
41463;76.14295;-245.8952;-2529.056
41493;75.33886;-248.0019;-2526.611
41523;74.89754;-249.1325;-2525.5
41553;75.02068;-250.3706;-2524.613
41593;74.60449;-251.1628;-2524.026
41613;74.72561;-251.9029;-2523.945
41658;74.42299;-253.3224;-2522.858
41695;74.5985;-254.4408;-2522.403
41725;75.81519;-256.1204;-2522.092
41755;75.98111;-259.5714;-2520.41
41785;84.17927;-263.5829;-2524.829
41825;83.31705;-265.0576;-2524.242
41855;81.52787;-268.0316;-2522.082
41895;82.00214;-267.6586;-2522.471
41905;81.44363;-267.2852;-2522.112
41945;79.17184;-266.898;-2519.729
41975;78.69186;-266.392;-2519.626
42015;77.31107;-266.0374;-2518.828
42045;76.45185;-265.4836;-2519.896
42085;75.12813;-264.8277;-2521.159
42115;74.87305;-263.7455;-2522.308
42155;74.02293;-262.9102;-2522.867
42185;73.77753;-261.8529;-2523.487
42215;73.99343;-259.7054;-2525.643
42245;73.70056;-258.9114;-2525.917
42285;73.65421;-256.5752;-2526.905
42315;73.75328;-255.0428;-2527.546
42355;75.50368;-252.4754;-2529.105
42385;78.08862;-249.3885;-2531.692
42415;81.21526;-245.6894;-2534.043
42455;85.10087;-241.9457;-2537.331
42485;87.88933;-238.7407;-2539.171
42525;88.77042;-236.2093;-2540.633
42555;89.53806;-234.5574;-2541.495
42595;91.7183;-232.013;-2542.993
42625;93.01914;-230.3719;-2544.414
42655;92.85007;-230.0691;-2544.341
42685;93.61379;-228.3791;-2546.077
42725;100.34;-221.0133;-2554.054
42755;98.95401;-218.7929;-2556.111
42785;99.51789;-216.0661;-2558.794
42825;101.9173;-203.031;-2559.896
42855;101.2245;-200.0069;-2560.93
42885;101.5959;-194.163;-2562.207
42915;97.01567;-190.0168;-2561.975
42945;98.07327;-181.337;-2549.896
42985;97.87218;-183.2111;-2540.445
43015;105.3271;-185.952;-2539.606
43055;103.2524;-185.8169;-2519.505
43085;102.0568;-184.8871;-2518.478
43115;99.37018;-180.4301;-2505.893
43155;98.3883;-178.9218;-2510.285
43175;105.4529;-191.8523;-2536.267
43215;112.8185;-187.4588;-2544.581
43255;116.9673;-144.4382;-2567.226
43305;117.0955;-151.8552;-2568.355
43315;103.474;-194.9349;-2562.039
43355;103.0131;-195.0485;-2562.023
43386;96.09588;-194.5572;-2560.705
43416;96.44563;-197.0808;-2559.879
43456;95.34258;-207.8084;-2556.311
43476;95.40279;-210.1781;-2557.66
43516;95.8679;-210.8771;-2558.12
43546;96.26591;-211.668;-2558.368
43586;94.99178;-215.0651;-2557.201
43616;94.98336;-218.6323;-2554.298
43646;95.21882;-218.8214;-2554.21
43686;96.1131;-220.0387;-2553.209
43716;95.22481;-221.5393;-2551.542
43746;95.0975;-222.4696;-2550.578
43776;95.10914;-223.5555;-2549.026
43816;94.3087;-225.7118;-2545.53
43846;92.95937;-228.1402;-2541.245
43886;91.83115;-230.6577;-2539.008
43916;91.28577;-232.2198;-2538.281
43946;91.14292;-233.6861;-2537.713
43986;90.8986;-233.9327;-2537.817
44016;89.78461;-235.6969;-2536.887
44066;88.982;-236.5724;-2536.159
44096;88.46023;-238.5376;-2535.056
44116;87.85103;-239.9009;-2534.528
44166;87.28985;-240.6814;-2534.287
44176;86.98112;-241.5695;-2533.855
44216;85.78166;-242.8158;-2532.408
44246;85.3166;-243.7473;-2531.812
44286;85.05868;-244.4152;-2531.852
44316;84.80963;-246.6371;-2530.973
44356;83.29557;-250.6278;-2528.073
44406;83.01227;-251.7744;-2527.696
44416;82.64342;-252.6717;-2526.901
44446;82.2651;-252.9637;-2526.726
44486;82.58363;-253.8832;-2527.077
44516;81.67393;-255.5974;-2525.457
44546;81.73233;-256.0696;-2525.276
44586;80.60648;-258.7531;-2522.372
44616;80.77415;-259.8984;-2521.703
44646;80.95708;-260.1347;-2521.538
44686;81.25446;-260.27;-2521.721
44706;82.16353;-260.6011;-2521.662
44746;83.0416;-261.0233;-2522.167
44776;82.915;-261.1815;-2522.172
44816;82.70335;-261.2405;-2522.146
44846;82.2223;-261.0476;-2521.855
44876;81.5108;-261.2584;-2520.998
44916;80.92755;-261.1918;-2521.534
44946;80.85674;-261.124;-2521.65
44976;81.20212;-261.037;-2522.722
45016;81.2567;-261.0179;-2523.472
45046;81.38216;-261.0016;-2523.586
45086;80.95503;-261.0388;-2523.145
45126;81.28013;-260.2336;-2523.696
45146;80.97227;-259.083;-2524.482
45196;81.29303;-258.1031;-2524.922
45226;81.84184;-256.2776;-2526.28
45236;82.4673;-255.0065;-2526.936
45276;83.36161;-254.0269;-2527.58
45316;86.31055;-251.078;-2529.307
45346;88.13265;-249.9816;-2530.087
45376;88.32764;-248.5159;-2531.33
45416;91.77474;-244.4102;-2535.498
45446;93.53211;-242.5289;-2537.08
45476;95.08459;-241.069;-2538.853
45516;95.40639;-239.5795;-2540.679
45546;95.48921;-238.4678;-2541.526
45596;98.18404;-236.1313;-2543.509
45626;98.69543;-235.3433;-2544.14
45656;99.10773;-233.673;-2546.122
45676;100.3314;-231.5664;-2548.468
45726;100.3209;-229.8961;-2551.581
45756;100.4384;-229.47;-2552.298
45796;100.1551;-229.3431;-2552.502
45816;99.99775;-228.7059;-2552.958
45846;99.90655;-227.5992;-2554.28
45896;99.65086;-228.0817;-2554.171
45906;99.39236;-228.0677;-2554.358
45966;99.22266;-225.8844;-2554.905
45996;98.49969;-224.8194;-2554.771
46006;97.50806;-221.7444;-2556.507
46046;97.49204;-218.1632;-2557.01
46096;94.36532;-214.5371;-2556.362
46126;101.6715;-213.0329;-2560.867
46166;102.4504;-211.4833;-2561.426
46186;102.3998;-212.6932;-2561.462
46226;99.00395;-212.7711;-2559.958
46246;98.63803;-213.1142;-2559.974
46296;98.51035;-213.0455;-2560.543
46316;100.1314;-211.4178;-2562.782
46346;100.1955;-213.6982;-2562.847
46386;98.69051;-216.0324;-2560.621
46416;98.51512;-216.4867;-2561.341
46456;99.1694;-217.3831;-2561.424
46486;99.1447;-218.4268;-2560.914
46516;97.24254;-221.1416;-2560.547
46546;97.38004;-222.4285;-2560.511
46586;96.99405;-224.2014;-2558.658
46616;95.84118;-226.5902;-2555.369
46656;95.25479;-227.9353;-2554.125
46686;94.67283;-229.5642;-2552.31
46718;93.93245;-230.307;-2551.195
46748;92.6231;-232.0713;-2548.832
46788;91.86725;-232.8621;-2548.217
46838;90.8474;-234.3759;-2548.005
46848;87.4668;-235.0298;-2546.103
46888;86.81731;-236.7077;-2545.393
46918;86.5075;-237.1126;-2545.412
46948;85.56561;-239.4145;-2545.014
46978;84.11694;-242.2886;-2545.351
47018;82.7925;-242.5985;-2543.685
47048;81.31184;-244.9029;-2543.044
47078;78.65301;-245.5579;-2540.202
47118;76.5657;-249.0256;-2537.156
47148;76.32056;-248.5922;-2536.618
47178;76.48898;-249.469;-2535.927
47218;76.6879;-251.168;-2534.611
47248;76.62157;-252.1588;-2533.946
47278;76.47025;-252.5296;-2533.676
47318;76.69978;-252.7458;-2534.129
47348;76.51816;-252.6379;-2533.868
47388;76.54327;-253.8209;-2534.438
47418;77.89393;-255.6518;-2536.251
47448;78.18944;-256.6744;-2536.5
47488;78.59189;-257.074;-2536.856
47518;78.45464;-258.3625;-2536.63
47548;78.36402;-259.6432;-2536.613
47578;78.21663;-260.1366;-2536.761
47618;78.01357;-260.6045;-2536.867
47668;77.7887;-260.7122;-2537.021
47698;77.47653;-261.197;-2536.719
47708;77.51402;-261.2669;-2536.968
47768;76.99124;-261.377;-2536.849
47778;77.05828;-261.2359;-2537.226
47818;76.33243;-261.1404;-2537.183
47848;74.69807;-261.3282;-2536.255
47878;74.6581;-261.1678;-2536.236
47918;74.67001;-260.9643;-2536.104
47948;75.04489;-259.2353;-2537.267
47978;76.07548;-257.1895;-2539.204
48008;77.04392;-255.5516;-2540.35
48048;77.56154;-254.7852;-2540.906
48098;79.52078;-252.5589;-2543.512
48118;82.23584;-250.6213;-2545.838
48158;84.17661;-249.4465;-2547.562
48198;86.77094;-247.0674;-2549.198
48228;88.67847;-245.1063;-2550.104
48258;91.0866;-243.5613;-2551.471
48298;92.81327;-241.8302;-2552.72
48318;94.69888;-239.8389;-2555.027
48348;95.72714;-238.8791;-2556.155
48408;96.83344;-237.7214;-2557.931
48428;97.42071;-237.3318;-2558.308
48458;98.74034;-235.4846;-2560.03
48498;98.90218;-234.9569;-2560.439
48528;99.24604;-233.0203;-2562.062
48558;100.7618;-230.14;-2565.192
48598;100.3816;-229.5084;-2565.399
48618;100.7529;-228.1006;-2566.014
48658;101.6049;-227.0063;-2566.984
48678;100.6674;-226.2161;-2567.494
48728;101.161;-225.3002;-2567.958
48738;101.8549;-223.8898;-2569.709
48778;104.0805;-221.5245;-2570.858
48828;103.1409;-221.9581;-2570.389
48858;102.9592;-220.9313;-2571.371
48888;100.0505;-218.3046;-2571.461
48928;98.82471;-217.3511;-2571.802
48948;99.79764;-215.5615;-2573.927
48998;97.96019;-215.9472;-2572.591
49018;96.40123;-219.2173;-2571.169
49048;96.38782;-218.9323;-2570.846
49078;96.92551;-221.9023;-2568.904
49118;97.06718;-221.9858;-2569.098
49148;96.58971;-221.9886;-2568.608
49178;96.11068;-225.2996;-2565.45
49218;94.75468;-226.9614;-2564.056
49248;92.91418;-229.3179;-2562.997
49278;92.97095;-230.0928;-2562.05
49318;91.95295;-230.7917;-2559.518
49348;90.88017;-232.5872;-2558.68
49378;90.62814;-233.5737;-2558.413
49418;88.68043;-235.6769;-2557.087
49448;88.41903;-235.8954;-2556.941
49478;87.18443;-237.3892;-2555.492
49518;85.22339;-237.739;-2552.169
49568;84.02467;-238.2478;-2550.478
49578;83.20229;-240.8202;-2549.391
49628;82.73183;-245.0013;-2547.663
49658;82.43161;-245.8246;-2547.036
49678;81.70409;-246.4385;-2546.431
49718;81.19066;-247.3031;-2544.962
49748;80.99348;-248.7028;-2543.533
49788;79.88576;-250.188;-2541.499
49818;79.21768;-251.0394;-2539.956
49858;78.37872;-251.9941;-2537.417
49888;78.41061;-252.4311;-2536.851
49918;78.43925;-252.658;-2536.659
49948;78.73013;-253.8231;-2536.057
49988;79.38057;-255.2723;-2536.001
50018;79.42989;-256.5636;-2536.41
50058;79.51343;-257.8284;-2535.805
50078;79.50774;-257.9516;-2535.815
50118;79.57278;-258.0917;-2535.683
50158;79.8092;-258.2412;-2535.792
50178;80.05424;-258.4182;-2535.754
50218;80.29803;-258.4639;-2535.83
50248;79.93073;-258.632;-2537.006
50288;79.95529;-258.7031;-2536.96
50318;79.43342;-258.0949;-2537.134
50348;79.22547;-257.9865;-2536.922
50389;79.11833;-257.4846;-2536.563
50419;78.6918;-256.487;-2536.675
50449;78.40611;-255.5426;-2536.493
50489;78.23504;-253.7965;-2536.85
50519;78.61674;-252.2066;-2537.749
50549;79.72664;-250.2749;-2538.783
50579;81.43336;-247.6663;-2540.735
50619;82.84833;-246.3298;-2540.628
50649;84.10223;-244.5845;-2541.668
50679;85.44924;-242.9905;-2542.674
50719;88.12123;-240.4496;-2543.707
50749;89.30352;-238.907;-2544.297
50779;90.17992;-237.9906;-2544.512
50819;90.50585;-237.4832;-2544.627
50849;92.50333;-234.6454;-2546.569
50899;93.44391;-233.421;-2547.206
50929;94.82803;-231.2829;-2548.419
50969;96.90772;-227.8756;-2553.861
50999;96.93205;-226.9386;-2555.128
51019;95.9829;-227.1484;-2554.96
51059;96.40561;-226.2537;-2555.975
51089;97.36836;-217.1273;-2562.835
51119;97.43004;-216.9704;-2563.205
51149;100.6183;-212.3216;-2567.793
51189;100.0557;-211.7061;-2568.179
51219;98.22775;-210.571;-2567.451
51249;100.0424;-202.1686;-2567.552
51289;100.3159;-200.0437;-2569.345
51319;100.919;-198.0842;-2569.792
51349;100.0805;-198.2381;-2568.883
51389;95.31545;-201.0892;-2566.901
51409;96.57589;-204.6868;-2567.944
51449;97.96885;-200.9973;-2569.33
51499;97.86182;-201.8702;-2569.414
51509;95.71085;-212.0067;-2567.673
51549;96.15405;-212.0355;-2569.771
51579;95.58048;-212.8419;-2570.028
51619;95.29161;-214.38;-2569.969
51669;95.48495;-214.7577;-2569.937
51679;95.80973;-215.341;-2570.273
51720;96.33971;-217.2709;-2568.955
51743;96.10954;-219.6983;-2566.499
51783;95.88927;-222.9664;-2562.767
51813;95.67632;-224.7731;-2560.519
51843;93.91814;-227.8875;-2557.087
51883;93.13367;-229.4804;-2553.659
51913;91.00336;-231.3661;-2550.45
51943;89.36265;-232.9809;-2546.988
51983;88.69996;-235.0452;-2544.847
52013;87.94331;-237.1208;-2541.516
52043;86.36725;-239.4234;-2539.714
52083;85.89165;-240.2933;-2539.109
52113;85.47797;-241.9412;-2537.911
52153;82.82838;-244.2766;-2536.429
52183;82.71947;-245.2811;-2535.951
52213;82.09461;-245.83;-2535.352
52253;81.7165;-246.5371;-2534.54
52283;79.24915;-249.4478;-2530.704
52313;76.54371;-250.708;-2527.472
52353;76.49471;-250.9283;-2527.432
52383;76.45328;-252.3844;-2526.553
52413;76.61117;-252.532;-2526.828
52453;77.13016;-254.7115;-2527.012
52483;77.92789;-259.5115;-2528.205
52533;83.47823;-263.2854;-2532.093
52563;88.2331;-266.1986;-2537.959
52603;90.51759;-267.7102;-2542.12
52613;91.07018;-268.2313;-2544.619
52653;91.74874;-268.723;-2545.237
52683;92.9902;-269.0221;-2546.39
52713;93.57616;-270.064;-2548.066
52743;93.58671;-270.1073;-2548.249
52783;93.60928;-270.2289;-2548.46
52813;93.42719;-270.3181;-2547.999
52863;85.10986;-271.8921;-2541.604
52873;82.94864;-271.8565;-2540.269
52933;81.34148;-270.8553;-2538.77
52953;77.89019;-269.6015;-2533.929
52973;75.90616;-268.7864;-2531.094
53013;75.44693;-268.5394;-2530.6
53063;74.44138;-268.0589;-2530.061
53073;73.73829;-267.8447;-2529.88
53133;72.65672;-268.5578;-2529.851
53163;72.26994;-268.3188;-2529.887
53193;70.19675;-267.7364;-2529.173
53213;69.51334;-266.5923;-2528.889
53243;68.34397;-265.4311;-2529.983
53303;67.56971;-264.199;-2530.864
53313;66.92799;-262.294;-2532.095
53343;66.46213;-260.5628;-2533.76
53393;66.3003;-258.7616;-2534.842
53413;66.96665;-256.5207;-2536.542
53443;67.67617;-254.9054;-2537.168
53493;68.85847;-252.1606;-2538.591
53533;71.35706;-249.469;-2538.867
53543;72.40141;-247.6571;-2539.647
53583;75.39554;-245.1357;-2540.436
53613;79.42432;-241.0903;-2541.834
53643;80.51253;-239.1301;-2542.251
53683;80.43912;-237.7627;-2542.632
53713;82.15831;-234.0334;-2543.231
53763;84.02637;-231.8719;-2544.295
53793;84.73965;-230.4572;-2545.341
53833;85.14392;-229.0542;-2546.175
53853;86.25788;-223.2997;-2549.539
53893;86.68142;-222.6435;-2550.787
53923;86.37373;-219.1368;-2551.983
53953;88.48278;-214.578;-2558.68
53993;84.19199;-209.7897;-2559.684
54023;81.71548;-205.4707;-2558.584
54063;84.83396;-201.4439;-2562.393
54083;89.69551;-192.1358;-2569.945
54113;110.5033;-164.0712;-2584.022
54163;107.1288;-160.8918;-2577.222
54183;99.87292;-181.3143;-2540.242
54233;102.6782;-177.2518;-2537.557
54243;107.5074;-162.735;-2533.008
54283;114.2195;-162.4989;-2523.885
54333;128.8253;-157.2616;-2518.946
54353;117.6776;-167.9696;-2524.62
54383;118.664;-135.5275;-2571.081
54424;114.6998;-147.7382;-2576.148
54454;114.4171;-148.4453;-2576.485
54484;114.4725;-149.16;-2576.851
54514;115.8712;-149.7757;-2578.106
54554;117.7895;-149.8082;-2579.357
54584;113.7985;-144.5338;-2576.142
54614;115.128;-144.3166;-2578.373
54654;112.8672;-145.3956;-2579.069
54704;114.1326;-157.702;-2592.644
54714;104.9338;-162.0455;-2588.428
54754;82.84356;-184.2543;-2577.725
54784;85.35486;-189.683;-2573.12
54814;83.21701;-192.0503;-2571.896
54854;84.47403;-194.9999;-2571.398
54884;82.82439;-200.4501;-2569.104
54934;84.62009;-207.7871;-2568.596
54944;84.03146;-214.4292;-2566.671
55004;79.4767;-222.2064;-2559.383
55014;78.94107;-224.9429;-2557.266
55054;78.63395;-226.6919;-2555.433
55104;77.70166;-230.7854;-2553.37
55134;76.95878;-233.1812;-2551.117
55144;75.87445;-235.0671;-2550.171
55174;74.96708;-236.7735;-2549.279
55214;74.9377;-238.1291;-2548.796
55254;74.56203;-240.9609;-2547.389
55284;74.5569;-244.052;-2546.874
55314;74.71069;-247.0089;-2546.248
55344;74.25993;-247.6906;-2545.959
55384;73.18958;-249.3113;-2544.009
55414;72.46936;-250.2089;-2543.054
55444;72.1619;-251.054;-2542.208
55484;71.67776;-252.2898;-2541.467
55514;71.20453;-254.4541;-2539.279
55544;70.71223;-256.4007;-2537.893
55584;70.9371;-257.2138;-2537.842
55614;71.24837;-261.6831;-2536.948
55654;77.8474;-265.8237;-2540.807
55684;79.23495;-267.4797;-2542.984
55714;87.93665;-269.6033;-2551.356
55754;90.04301;-269.6859;-2553.714
55774;91.13068;-270.0162;-2555.156
55814;95.43064;-268.8058;-2559.622
55854;95.25134;-269.2278;-2559.586
55884;95.97888;-269.5178;-2559.983
55934;95.86157;-269.735;-2559.729
55944;94.92799;-270.7526;-2557.914
55984;92.63813;-271.5165;-2554.213
56014;85.92561;-273.0974;-2548.055
56054;82.95125;-273.1463;-2545.753
56094;80.8756;-272.779;-2543.694
56114;78.40416;-270.8774;-2541.279
56154;76.02264;-269.4221;-2539.13
56184;73.4186;-268.6467;-2536.704
56234;72.78534;-268.3633;-2536.201
56264;72.00481;-267.6097;-2535.443
56284;69.94416;-268.067;-2535.232
56314;69.46586;-267.2904;-2535.148
56344;68.4998;-266.1062;-2535.097
56384;68.33527;-265.2853;-2535.145
56434;67.87842;-263.604;-2536.081
56444;67.20439;-260.7127;-2538.136
56494;68.20946;-258.6726;-2539.34
56534;68.56092;-256.9109;-2540.312
56554;69.32785;-255.3881;-2541.219
56584;70.32045;-254.1974;-2542.272
56624;71.36945;-252.3641;-2543.397
56664;74.42725;-249.4525;-2544.508
56694;74.20283;-248.8;-2544.861
56724;75.46219;-246.2725;-2544.969
56766;75.46304;-244.8096;-2545.095
56796;76.88795;-242.2161;-2544.265
56826;80.33219;-237.4321;-2545.222
56856;81.73625;-234.0807;-2546.199
56896;83.75893;-230.8313;-2548.033
56926;83.95908;-230.6521;-2548.09
56956;84.50404;-228.536;-2549.382
56996;85.70996;-225.6978;-2552.088
57026;86.46564;-223.8682;-2553.309
57046;88.68893;-203.4007;-2563.19
57086;88.69224;-203.4521;-2563.805
57116;87.51218;-203.0747;-2565.939
57146;85.98931;-202.565;-2565.17
57186;91.71766;-189.0441;-2565.416
57216;93.61816;-180.1721;-2569.947
57246;94.584;-177.4406;-2570.888
57276;92.88192;-166.6331;-2571.116
57336;92.39629;-160.5312;-2570.098
57366;104.2493;-155.0524;-2586.246
57386;113.99;-173.529;-2595.922
57436;112.9295;-174.7589;-2598.682
57446;111.683;-173.4261;-2598.001
57486;110.0882;-148.7927;-2566.077
57516;110.7913;-149.6209;-2606.888
57546;102.5859;-160.7122;-2564.742
57586;101.8886;-166.5611;-2571.711
57616;103.4919;-162.4143;-2570.908
57646;104.4715;-162.1736;-2571.022
57686;103.9287;-162.844;-2572.676
57736;94.33762;-149.7298;-2568.058
57756;94.16372;-159.2265;-2570.431
57786;95.86257;-162.4185;-2571.857
57816;95.56947;-180.5761;-2568.817
57846;90.23458;-188.3649;-2570.91
57886;90.54104;-190.2175;-2570.728
57916;87.35372;-210.4432;-2561.462
57946;87.5332;-211.0896;-2561.999
57986;87.3624;-215.2478;-2558.692
58036;86.50433;-216.5648;-2558.255
58066;87.30487;-220.6632;-2557.997
58076;86.64847;-221.5961;-2557.598
58116;86.8696;-223.5422;-2557.056
58146;87.35855;-225.4668;-2556.552
58186;88.17234;-227.9707;-2555.146
58216;87.58051;-229.6301;-2554.451
58246;86.73496;-231.0485;-2553.746
58286;86.32021;-232.1558;-2553.213
58316;84.52805;-234.7064;-2551.834
58346;83.42089;-236.5107;-2549.914
58386;82.75418;-237.0508;-2549.587
58416;81.81999;-238.1091;-2548.379
58446;80.52565;-239.784;-2546.951
58496;79.07156;-241.413;-2545.461
58516;76.26962;-244.0605;-2543.102
58546;76.40231;-245.3593;-2541.417
58596;76.45889;-245.5264;-2541.27
58616;76.4869;-246.1852;-2541.275
58646;76.83402;-248.7005;-2540.267
58676;76.52092;-250.9347;-2539.505
58716;76.18365;-252.4886;-2538.619
58746;75.43057;-253.6964;-2537.898
58776;75.16411;-254.3157;-2537.665
58816;74.68361;-255.0399;-2537.683
58846;72.54926;-256.8805;-2536.393
58896;71.95126;-257.4716;-2536.151
58926;71.95412;-258.3047;-2535.861
58966;72.79379;-260.3432;-2535.26
58986;72.78269;-262.5155;-2533.639
59006;73.91917;-264.4755;-2534.109
59046;74.14677;-266.5643;-2533.882
59096;75.63795;-268.1033;-2535.36
59126;86.31855;-271.6455;-2545.677
59156;87.90414;-272.4045;-2547.442
59196;90.3395;-272.0837;-2550.407
59206;91.95509;-272.2584;-2552.491
59266;91.94037;-272.8275;-2551.911
59286;92.36288;-272.9595;-2551.173
59306;80.4404;-273.644;-2539.488
59346;79.20872;-274.4417;-2538.204
59396;78.22854;-273.7475;-2536.873
59406;77.28636;-272.1323;-2534.955
59446;75.40488;-270.4798;-2534.392
59496;75.22938;-270.1679;-2534.056
59526;74.72904;-269.1076;-2533.089
59566;74.30136;-268.2086;-2532.984
59586;74.17715;-268.2467;-2532.942
59616;73.71075;-267.9462;-2532.71
59656;72.29597;-267.2746;-2533.045
59696;71.16766;-266.2166;-2533.534
59706;68.18386;-263.7394;-2535.594
59746;68.27049;-263.0175;-2536.387
59796;68.90797;-262.7677;-2536.996
59826;69.22838;-261.8029;-2537.605
59846;69.40677;-260.8223;-2538.901
59896;70.37608;-258.5173;-2541.541
59906;70.63055;-256.3932;-2544.259
59946;71.31205;-254.5436;-2545.617
59986;73.22243;-252.6857;-2547.689
60036;75.21987;-250.9811;-2549.086
60066;77.62209;-248.9776;-2550.569
60076;78.04144;-247.2079;-2551.089
60136;77.94916;-246.7004;-2551.305
60146;78.36955;-245.5638;-2551.58
60186;80.21165;-243.2295;-2551.958
60236;81.79926;-241.3895;-2552.664
60266;82.50806;-240.0034;-2553.057
60276;84.6775;-237.372;-2553.726
60336;84.72461;-236.5415;-2554.113
60346;86.16731;-234.7647;-2554.803
60386;86.83524;-233.7616;-2555.479
60436;88.2576;-231.1358;-2557.447
60456;87.90543;-229.7601;-2558.542
60486;87.87113;-226.2346;-2560.338
60516;85.94995;-223.3588;-2561.869
60546;88.21381;-214.7792;-2568.179
60586;89.32943;-208.6015;-2570.868
60616;89.39121;-205.8453;-2571.693
60646;85.70044;-202.1495;-2573.509
60686;86.84685;-200.5644;-2574.218
60716;92.01194;-190.312;-2582.391
60766;92.35698;-187.7787;-2580.604
60776;93.78424;-181.7666;-2584.782
60836;95.02444;-179.0011;-2586.555
60866;99.50733;-171.9752;-2584.049
60876;100.5115;-165.9687;-2570.846
60936;113.2368;-161.3512;-2572.381
60946;121.4567;-155.8022;-2591.615
60986;121.5091;-154.9609;-2588.869
61016;111.2382;-174.6553;-2589.134
61046;109.6659;-176.5212;-2588.493
61076;106.6032;-176.9619;-2587.168
61116;97.87984;-186.1432;-2585.875
61146;88.00224;-208.6454;-2565.191
61176;89.01588;-205.93;-2567.394
61216;89.21957;-206.7113;-2567.984
61246;89.65094;-206.4835;-2568.473
61296;85.40402;-212.376;-2564.931
61306;86.74565;-214.4968;-2561.691
61366;86.90231;-214.7634;-2561.818
61396;87.13987;-218.3134;-2561.124
61406;87.56506;-221.1453;-2560.645
61446;88.51753;-223.6225;-2559.862
61476;88.14069;-228.7359;-2557.587
61516;86.65965;-231.1617;-2556.434
61546;85.31328;-233.3623;-2554.337
61596;84.25169;-234.48;-2553.276
61626;82.61316;-236.0689;-2552.079
61646;81.47754;-237.7688;-2550.866
61696;79.30883;-239.0948;-2548.968
61726;77.79453;-241.9634;-2547.597
61746;75.15686;-246.2661;-2543.949
61799;74.08392;-248.0854;-2542.202
61809;71.17851;-249.5735;-2537.954
61849;70.73186;-252.7314;-2537.108
61879;70.36282;-254.7232;-2536.432
61929;70.01041;-257.4673;-2535.008
61959;70.27123;-260.3801;-2534.622
61999;70.83547;-262.9458;-2535.037
62029;70.49046;-264.2092;-2534.175
62049;70.93324;-265.38;-2533.627
62099;71.61424;-266.5641;-2532.832
62139;73.6122;-268.3477;-2534.221
62149;76.65173;-267.3708;-2538.002
62189;76.67393;-267.9177;-2537.695
62219;77.2411;-269.7589;-2537.257
62259;81.78323;-273.045;-2539.35
62289;86.27024;-275.6777;-2542.77
62319;91.1361;-278.5453;-2546.87
62359;93.14718;-278.1109;-2549.132
62389;95.16141;-276.9435;-2552.118
62419;96.83379;-276.4975;-2554.079
62459;97.78242;-276.1931;-2554.979
62489;97.81924;-276.1924;-2555.014
62519;97.87173;-276.3633;-2555.428
62549;97.77188;-276.4822;-2555.286
62589;97.68989;-276.5382;-2555.343
62619;97.46091;-276.8465;-2555.096
62649;97.42749;-276.6666;-2555.191
62689;97.36353;-276.4429;-2555.178
62719;97.1987;-276.3337;-2555.226
62749;96.98925;-276.2532;-2554.903
62789;93.83273;-276.0883;-2550.602
62819;84.5166;-277.1664;-2543.042
62849;82.30112;-275.5752;-2542.101
62889;79.50565;-273.2915;-2541.016
62919;77.69392;-271.9803;-2540.035
62949;76.58187;-271.4966;-2539.64
62979;74.83624;-269.1591;-2538.589
63019;74.65639;-269.2433;-2538.841
63049;72.78001;-268.8771;-2539.236
63079;71.27264;-268.67;-2539.725
63119;70.96821;-268.3843;-2540.07
63149;70.49278;-267.065;-2541.299
63179;69.75087;-265.7459;-2541.543
63219;69.46896;-263.855;-2543.133
63249;68.85729;-262.9533;-2544.089
63279;69.30035;-261.735;-2544.685
63319;69.72418;-259.1878;-2546.846
63349;71.67456;-257.1988;-2548.183
63389;73.79005;-254.5627;-2549.462
63419;76.27098;-250.8042;-2550.863
63449;78.68987;-247.5284;-2551.875
63489;80.09815;-244.0549;-2552.709
63509;82.25382;-238.9436;-2554.354
63549;82.54102;-236.7351;-2554.38
63579;82.55852;-235.3653;-2554.555
63639;82.52968;-234.0458;-2555.073
63659;83.22309;-229.6644;-2554.99
63699;81.94548;-227.332;-2555.582
63729;80.10162;-216.3258;-2565.064
63749;80.41388;-202.1915;-2570.41
63789;80.20461;-200.4296;-2571.921
63819;79.38213;-199.14;-2572.448
63849;75.62175;-199.0269;-2570.851
63879;78.15595;-192.9261;-2573.339
63919;87.22763;-179.2878;-2575.988
63949;92.5406;-168.3559;-2582.186
63999;97.71415;-149.3149;-2603.234
64029;103.6638;-155.8294;-2585.819
64049;106.6947;-156.5292;-2581.835
64079;109.4683;-156.52;-2579.073
64119;98.57063;-147.4095;-2559.101
64149;96.77859;-169.9537;-2564.556
64199;106.7793;-160.3644;-2563.219
64229;108.9831;-156.5954;-2566.162
64259;106.8702;-152.1648;-2564.709
64289;104.9221;-150.006;-2565.761
64329;107.8684;-152.1587;-2569.503
64359;105.1268;-152.2938;-2570.712
64389;104.9754;-149.2949;-2574.553
64429;97.31471;-166.9359;-2571.475
64459;75.19676;-185.1134;-2573.26
64499;77.61552;-190.081;-2568.875
64529;80.90086;-193.204;-2570.776
64559;81.14742;-201.7498;-2567.819
64599;78.42239;-212.6058;-2564.993
64629;82.2792;-215.3648;-2566.145
64659;82.19989;-216.6264;-2566.438
64689;82.12723;-217.9874;-2565.837
64729;81.84592;-221.0656;-2563.321
64759;81.63542;-224.3354;-2561.786
64789;81.0033;-227.2416;-2560.241
64819;80.46117;-229.863;-2559.085
64859;79.6001;-232.5665;-2558.126
64889;78.83702;-235.0795;-2557.794
64929;78.24614;-237.3009;-2556.616
64959;77.53555;-240.1273;-2556.622
64989;77.31397;-242.0467;-2556.907
65029;76.8518;-244.5944;-2555.808
65059;74.53052;-249.9233;-2552.252
65089;72.45296;-253.067;-2549.203
65129;71.61793;-254.2465;-2547.719
65159;70.8068;-255.759;-2546.985
65189;70.22882;-257.446;-2545.825
65219;69.9107;-257.8766;-2545.462
65259;69.78973;-258.4009;-2545.506
65289;69.7216;-259.1742;-2545.269
65329;69.33504;-261.0352;-2543.915
65349;69.62634;-262.7995;-2542.84
65389;71.36841;-264.7179;-2542.588
65419;71.76265;-267.8074;-2542.04
65449;80.16428;-270.2694;-2545.856
65479;82.62836;-270.8558;-2547.863
65519;85.19812;-271.485;-2550.692
65549;86.29583;-271.5054;-2551.703
65589;86.32843;-271.5728;-2551.771
65619;86.62372;-271.5765;-2552.25
65659;86.69647;-271.6357;-2552.26
65689;86.86918;-271.6849;-2552.246
65719;87.03059;-271.6359;-2551.815
65759;85.2543;-271.8549;-2549.838
65789;85.46537;-271.6734;-2549.936
65819;86.09361;-271.4461;-2550.488
65859;84.68751;-271.1762;-2549.791
65889;82.58282;-270.9466;-2548.671
65919;84.06012;-270.4398;-2549.46
65959;83.41528;-270.3499;-2548.696
65979;83.13185;-270.2403;-2548.388
66019;81.26015;-270.3251;-2545.814
66049;81.19232;-270.2746;-2545.727
66089;79.80448;-269.8499;-2543.39
66119;79.5047;-269.7647;-2542.977
66159;79.36283;-269.8427;-2542.502
66189;79.26662;-269.7039;-2542.549
66219;79.02669;-269.9081;-2541.67
66249;78.39471;-269.826;-2540.917
66289;78.16515;-269.8686;-2540.619
66319;77.47507;-270.1188;-2539.434
66349;77.47781;-270.0104;-2539.385
66389;77.15495;-270.1129;-2538.751
66420;77.22797;-270.0584;-2538.862
66450;77.30892;-270.1218;-2538.706
66490;77.73341;-270.3634;-2538.97
66520;77.83899;-270.2223;-2539.169
66550;77.90982;-270.2117;-2539.325
66580;78.02247;-270.2249;-2539.434
66620;78.03713;-270.355;-2539.636
66650;78.40785;-270.3189;-2540.345
66700;78.77041;-270.0886;-2541.106
66710;79.09806;-270.2942;-2541.56
66750;79.2887;-270.3529;-2541.71
66801;79.24047;-270.4026;-2541.787
66832;79.37112;-270.3815;-2542.018
66842;80.49403;-270.5622;-2543.245
66902;80.57394;-270.6059;-2543.458
66922;80.59229;-270.4836;-2543.685
66942;80.60444;-270.5097;-2543.714
66982;80.64435;-270.5203;-2543.715
67012;80.65996;-270.5215;-2543.702
67052;80.52563;-270.6753;-2543.359
67082;80.58934;-270.6884;-2543.332
67132;80.70946;-271.1223;-2542.809
67152;80.61917;-270.8235;-2542.619
67182;80.61568;-270.6743;-2542.757
67232;80.89655;-270.6031;-2543.032
67252;80.93729;-270.476;-2543.304
67282;81.08824;-270.4372;-2543.482
67312;81.41652;-270.2357;-2543.899
67362;81.67052;-270.3467;-2544.012
67392;81.71923;-270.5052;-2544.062
67432;81.71802;-270.5016;-2544.053
67462;81.99548;-270.5984;-2544.144
67502;86.14407;-270.2975;-2546.504
67512;86.01994;-270.2663;-2546.319
67562;85.74075;-270.3309;-2546.037
67592;85.69373;-270.3093;-2546.01
67632;85.48959;-270.5713;-2545.488
67662;85.58353;-270.2975;-2545.595
67692;85.10753;-270.3383;-2545.394
67732;85.04042;-270.3496;-2545.422
67762;85.0284;-270.19;-2545.742
67792;84.90954;-270.3557;-2545.787
67832;84.86678;-270.3332;-2545.647
67862;84.7812;-270.3017;-2545.555
67892;84.79663;-270.2677;-2545.513
67932;84.71852;-270.19;-2545.417
67962;83.90795;-269.7777;-2544.935
67992;82.36862;-268.7085;-2544.074
68022;80.52684;-268.2311;-2543.144
68062;80.02478;-267.8959;-2542.445
68092;80.3941;-267.8794;-2542.615
68122;80.41327;-267.8064;-2542.437
68162;80.46032;-268.275;-2541.822
68192;80.6835;-268.2694;-2541.788
68222;80.55196;-268.1585;-2541.863
68262;79.94063;-268.3024;-2541.91
68292;79.97463;-268.3823;-2541.987
68322;80.03992;-268.4481;-2542.256
68362;80.76372;-268.9866;-2542.789
68392;81.24966;-268.7964;-2543.294
68422;81.22218;-268.7484;-2543.254
68462;82.49591;-268.3571;-2544.083
68482;82.93337;-268.5853;-2543.971
68522;86.3321;-267.6535;-2544.86
68552;94.02638;-266.0701;-2546.561
68592;98.36313;-265.9336;-2546.763
68622;103.6025;-264.2543;-2547.588
68662;111.2915;-261.778;-2551.879
68692;129.8515;-259.0893;-2565.073
68722;138.7309;-256.775;-2569.618
68752;145.411;-255.8983;-2570.899
68792;157.5208;-253.9043;-2573.112
68822;172.3013;-251.5038;-2575.485
68852;184.4858;-250.0694;-2576.742
68892;194.2637;-249.5771;-2577.976
68922;200.4972;-249.6002;-2578.696
68972;217.3742;-248.1395;-2578.772
68982;225.5781;-247.6857;-2579.25
69022;240.2223;-245.4576;-2581.599
69052;249.6037;-243.5755;-2583.57
69102;251.5933;-243.5363;-2583.971
69112;253.7344;-243.9975;-2582.685
69152;255.555;-244.6663;-2581.101
69182;259.3718;-245.2318;-2580.311
69222;261.0037;-245.4091;-2579.531
69252;261.6179;-245.3811;-2579.129
69282;264.1519;-244.688;-2580.866
69322;270.7407;-243.9454;-2583.825
69352;274.3384;-242.3949;-2586.4
69382;279.1334;-240.6211;-2590.463
69423;280.6219;-239.457;-2592.034
69473;283.1066;-235.9516;-2595.237
69483;283.1406;-236.2796;-2595.36
69513;283.0417;-239.2095;-2596.457
69553;284.1052;-240.4442;-2599.328
69583;285.8481;-241.9636;-2603.485
69613;287.7212;-244.5298;-2604.681
69653;294.5682;-249.5711;-2608.036
69683;298.9985;-252.2184;-2608.563
69723;305.062;-254.6504;-2608.664
69753;315.4208;-255.9502;-2606.576
69803;326.1586;-261.523;-2595.792
69813;340.3203;-264.0637;-2584.912
69853;355.255;-266.8189;-2576.882
69903;377.2165;-268.5425;-2571.66
69913;397.618;-270.6965;-2567.415
69953;426.5098;-272.386;-2557.553
69983;453.4789;-272.231;-2550.257
70013;487.8075;-272.697;-2544.22
70053;509.0287;-267.4162;-2545.376
70083;523.6964;-264.2181;-2542.603
70123;554.0585;-256.2103;-2535.599
70153;579.6471;-241.1746;-2529.947
70183;595.5571;-234.6863;-2523.385
70213;629.8093;-220.8999;-2521.985
70253;665.8536;-207.0709;-2521.856
70303;673.032;-202.3618;-2519.033
70323;691.1523;-190.9724;-2513.715
70363;696.7466;-186.4414;-2506.541
70383;708.9948;-172.9152;-2501.411
70413;719.4091;-156.957;-2496.036
70453;729.0521;-140.5035;-2493.57
70483;739.1696;-126.9956;-2497.716
70533;747.0464;-118.6644;-2497.036
