
0;-431.4738;-89.0364;-2606.606
30;-431.0746;-89.21772;-2606.88
50;-430.7021;-89.68552;-2607.239
90;-430.2648;-90.30971;-2607.081
130;-430.1374;-91.5371;-2606.369
150;-429.1975;-91.77962;-2606.362
180;-427.7974;-91.48248;-2606.615
220;-425.6742;-91.42495;-2606.857
250;-424.7729;-92.75805;-2605.53
300;-423.8159;-92.61381;-2605.466
320;-423.0243;-91.67305;-2604.829
340;-422.054;-90.60044;-2604.07
380;-421.291;-90.69099;-2603.089
410;-420.1899;-90.6769;-2602.841
450;-418.5981;-90.94954;-2602.372
500;-418.8869;-91.22276;-2602.098
520;-418.0868;-91.26814;-2602.194
540;-417.5684;-91.48138;-2602.1
580;-417.8972;-92.91732;-2601.708
610;-417.3642;-93.22356;-2601.583
650;-416.5511;-94.4323;-2601.34
680;-415.3428;-95.08714;-2601.342
710;-414.1503;-95.77113;-2601.374
750;-413.0111;-95.97056;-2601.937
780;-411.1884;-96.12894;-2602.764
810;-409.1135;-97.41341;-2603.638
850;-405.2835;-98.92279;-2605.817
880;-399.0586;-102.1983;-2606.773
910;-393.0742;-103.2175;-2608.132
950;-388.3113;-104.0762;-2607.894
980;-382.8117;-105.505;-2610.244
1010;-368.9688;-106.4177;-2612.097
1050;-364.0229;-108.3918;-2612.737
1090;-357.2251;-109.735;-2613.829
1110;-336.9066;-114.4296;-2612.621
1140;-330.2209;-114.4624;-2613.018
1180;-319.0612;-120.394;-2611.599
1210;-301.6988;-121.329;-2612.667
1240;-285.6921;-120.3452;-2612.73
1280;-266.322;-121.9034;-2612.595
1310;-252.8161;-124.2313;-2612.054
1360;-230.9835;-131.1204;-2607.529
1370;-214.0296;-132.7071;-2605.329
1410;-187.7632;-137.5804;-2603.511
1443;-172.5676;-140.5471;-2602.87
1475;-143.3501;-136.9571;-2604.596
1505;-124.5177;-139.2681;-2605.312
1545;-102.1314;-142.3826;-2604.975
1585;-80.38892;-146.1051;-2607.048
1615;-61.09212;-144.0739;-2607.728
1645;-46.83209;-144.6179;-2609.664
1685;-29.6859;-143.7771;-2611.667
1715;-16.98026;-143.1467;-2613.776
1745;-5.394433;-141.4864;-2617.463
1785;5.703714;-140.8626;-2618.354
1815;13.27792;-140.628;-2619.494
1845;23.98009;-137.9905;-2618.824
1865;29.61123;-138.5582;-2618.452
1915;33.93941;-137.7667;-2617.937
1955;37.03899;-137.8661;-2617.713
1985;39.30061;-137.6581;-2616.548
2025;40.30737;-137.1252;-2615.731
2045;41.71406;-137.1147;-2614.844
2085;42.42346;-136.9612;-2613.414
2125;42.58942;-135.8776;-2612.332
2155;42.58566;-135.5896;-2611.284
2185;42.02305;-135.3422;-2610.076
2225;42.71028;-134.5561;-2609.097
2245;42.5763;-134.5677;-2607.829
2285;42.25161;-135.106;-2606.463
2325;41.86827;-135.1161;-2605.617
2345;41.44849;-134.8822;-2605.114
2375;38.31509;-135.487;-2602.705
2415;35.84565;-135.6014;-2601.701
2455;33.69068;-136.0592;-2600.959
2465;31.26601;-135.5625;-2601.203
2525;30.09478;-135.4592;-2600.645
2555;29.0174;-135.4882;-2599.745
2575;28.89291;-135.2539;-2599.248
2625;29.59339;-134.8252;-2598.78
2655;29.89386;-134.9642;-2598.252
2675;29.43647;-135.1987;-2597.164
2715;29.18249;-134.9534;-2596.606
2745;29.18039;-134.687;-2596.336
2775;28.88774;-134.8833;-2595.855
2825;29.41691;-134.4827;-2595.652
2845;29.61662;-134.6026;-2595.424
2875;29.02456;-134.8307;-2594.83
2915;29.67824;-135.4774;-2593.53
2935;31.10378;-135.5622;-2593.015
2975;33.49543;-134.9547;-2592.823
3005;35.0539;-134.818;-2592.127
3045;36.49094;-134.5152;-2591.821
3075;38.7132;-134.6736;-2591.53
3105;39.64091;-134.2192;-2591.401
3145;40.16575;-134.4015;-2591.283
3175;40.84317;-134.3438;-2591.229
3205;41.51472;-134.4347;-2591.28
3245;42.13908;-134.4835;-2591.336
3295;42.53273;-134.734;-2591.389
3315;43.14169;-134.4525;-2591.785
3345;43.3188;-134.4119;-2591.87
3385;43.67155;-134.3408;-2592.18
3415;44.12514;-133.6635;-2592.742
3445;44.45913;-133.2054;-2592.997
3475;44.75887;-132.177;-2593.582
3515;45.32651;-129.8898;-2594.865
3545;46.30967;-128.1944;-2596.393
3585;46.53267;-125.9242;-2598.409
3615;46.73951;-123.965;-2599.929
3655;46.7097;-121.5031;-2602.216
3675;46.57699;-120.3096;-2603.163
3715;44.83742;-117.1054;-2604.919
3755;43.89275;-112.9892;-2606.632
3775;42.83629;-108.9283;-2608.263
3805;41.65659;-104.144;-2610.755
3855;40.4517;-101.7253;-2612.036
3895;39.56768;-100.8117;-2612.516
3915;38.17769;-99.55878;-2613.627
3935;36.93582;-97.87118;-2615.481
3995;35.77331;-89.45772;-2619.99
4015;34.60415;-83.78864;-2623.523
4055;34.0303;-81.91845;-2624.92
4065;33.88512;-81.79265;-2625.116
4125;32.50072;-82.40623;-2625.386
4155;30.63974;-80.39981;-2627.029
4175;27.77202;-73.97437;-2630.703
4225;22.4881;-68.37492;-2636.649
4255;7.992279;-50.08141;-2649.243
4265;1.250726;-27.62976;-2661.152
4315;1.912901;-27.68449;-2660.939
4355;-7.929564;-19.30753;-2666.329
4375;2.583871;-22.24539;-2662.344
4425;-13.18474;-0.4874635;-2675.117
4465;-13.69677;1.937352;-2675.761
4475;-5.522528;-32.87929;-2664.047
4515;3.575895;-27.71256;-2661.86
4565;-10.43317;5.152255;-2683.625
4575;1.498577;-26.2519;-2663.072
4615;-6.490243;-17.19419;-2667.419
4645;11.65235;-31.25764;-2652.681
4675;12.40553;-38.16599;-2651.768
4725;14.21199;-42.75801;-2648.801
4735;14.78237;-51.92323;-2645.463
4795;21.08656;-70.82368;-2639.568
4805;22.64244;-75.36526;-2637.131
4865;23.03692;-75.8786;-2636.852
4895;23.59789;-75.59335;-2636.866
4925;24.13851;-78.94702;-2634.769
4945;24.633;-79.99562;-2633.897
4975;25.53735;-81.43741;-2633.476
5015;26.90773;-87.04781;-2630.125
5045;28.47585;-93.10651;-2627.139
5085;29.38142;-94.75775;-2626.249
5115;30.32598;-96.92305;-2625.25
5135;30.85981;-99.64024;-2623.842
5185;33.54653;-102.5067;-2622.227
5205;34.74783;-105.6617;-2620.674
5256;35.49458;-111.0899;-2618.137
5266;35.67649;-113.5542;-2617.987
5326;35.54604;-117.0267;-2616.773
5356;36.60087;-120.7719;-2617.842
5396;35.13661;-125.6792;-2617.791
5406;32.71465;-128.3679;-2616.004
5446;31.96442;-128.6819;-2615.625
5496;31.01076;-129.2112;-2615.425
5516;27.78694;-129.9452;-2614.535
5546;27.25247;-130.4248;-2614.04
5586;26.08213;-130.949;-2613.573
5616;22.54808;-133.3475;-2612.456
5646;17.73637;-135.3604;-2612.24
5696;16.25579;-135.8739;-2611.878
5716;17.08575;-135.4851;-2611.435
5746;20.05068;-135.5296;-2611.214
5776;19.52715;-135.1585;-2610.932
5816;19.37058;-135.8107;-2610.569
5846;18.91507;-136.0754;-2610.524
5886;19.02958;-136.2204;-2609.351
5906;19.16419;-137.1613;-2607.78
5946;20.52998;-136.9394;-2606.714
5986;20.62408;-136.8426;-2606.621
6016;20.63099;-136.7724;-2606.445
6046;23.55055;-136.2614;-2607.163
6076;23.91152;-136.4527;-2607.145
6116;24.21115;-136.4544;-2606.788
6166;24.4499;-136.6318;-2606.511
6176;24.53517;-136.6126;-2606.469
6216;27.22395;-136.787;-2606.92
6246;27.88381;-137.1171;-2607.232
6296;27.93637;-137.6496;-2607.188
6326;29.29972;-137.7505;-2607.369
6346;31.83031;-136.4369;-2608.274
6376;33.22711;-135.6696;-2608.702
6416;35.37997;-134.4917;-2609.601
6446;36.34716;-133.8107;-2609.933
6478;36.56902;-133.5092;-2609.871
6508;36.98013;-133.2512;-2609.91
6548;37.53349;-132.7117;-2610.146
6578;36.07847;-132.0047;-2609.99
6608;36.83247;-130.9678;-2610.786
6648;37.02901;-130.6141;-2610.954
6678;36.89472;-129.592;-2611.777
6708;35.77123;-127.6396;-2612.677
6748;36.26887;-125.0535;-2614.415
6768;36.2926;-123.5808;-2615.709
6828;36.75101;-122.522;-2616.685
6838;36.90977;-119.5296;-2618.507
6878;36.75978;-117.3743;-2620.148
6908;36.27611;-115.0477;-2621.846
6958;36.4404;-112.3752;-2624.344
6978;35.01836;-108.6263;-2627.529
7028;34.23505;-106.9208;-2628.955
7048;33.91349;-105.8594;-2629.745
7078;33.66077;-105.2595;-2630.499
7118;33.51084;-104.6683;-2631.321
7138;33.60713;-104.0009;-2631.854
7178;33.30189;-102.0405;-2633.467
7218;33.21663;-100.8563;-2634.678
7248;34.3883;-98.39367;-2636.993
7278;33.94743;-95.56216;-2638.611
7308;32.55979;-93.81715;-2639.061
7348;31.57077;-89.67877;-2640.477
7398;31.80206;-86.72583;-2641.55
7408;30.74774;-83.79752;-2643.403
7448;30.53383;-83.27977;-2643.524
7478;30.52118;-84.27744;-2642.961
7528;29.89089;-84.59557;-2642.802
7548;29.21671;-80.25138;-2644.609
7578;26.78605;-78.20668;-2646.448
7608;21.86946;-71.86813;-2649.146
7648;15.07547;-46.17452;-2660.7
7678;12.00812;-48.30839;-2660.514
7708;12.107;-37.41413;-2664.505
7748;8.800824;-32.39413;-2666.311
7778;11.48312;-32.60183;-2666.712
7818;11.21735;-32.61187;-2665.835
7848;-3.611889;-20.83328;-2671.748
7888;-6.865732;-18.21012;-2674.107
7908;2.986095;-39.63546;-2664.52
7948;-5.244752;-25.73345;-2670.101
7988;-10.92977;-18.34615;-2673.651
8018;-10.70342;-22.84356;-2672.586
8048;14.20226;-68.49355;-2644.261
8078;16.01796;-73.89194;-2641.443
8118;17.11166;-74.58231;-2640.931
8148;17.58636;-75.5206;-2640.784
8188;18.01578;-77.41908;-2639.332
8208;19.02219;-76.89001;-2639.006
8248;19.61664;-78.54311;-2637.847
8278;19.92413;-79.16214;-2637.393
8318;20.45547;-80.64764;-2636.438
8348;20.60215;-85.08727;-2634.442
8378;20.87453;-85.98832;-2634.149
8418;21.01427;-86.23642;-2634.037
8448;21.22029;-86.56196;-2633.865
8478;21.22341;-88.61058;-2632.613
8508;22.03849;-93.25679;-2630.682
8548;23.07484;-94.33804;-2630.453
8588;23.87056;-96.69243;-2629.397
8628;24.73168;-98.90513;-2628.513
8648;25.01321;-101.8159;-2627.303
8688;25.18333;-104.9602;-2625.567
8718;25.89581;-109.3916;-2624.254
8758;26.34762;-111.518;-2623.54
8778;27.00958;-114.0165;-2622.401
8818;26.82025;-115.4985;-2621.35
8848;26.79072;-117.3785;-2620.136
8878;26.8411;-119.1963;-2618.805
8908;26.7755;-121.6808;-2617.37
8948;25.31548;-122.6955;-2614.151
8978;25.35417;-122.5188;-2614.005
9008;25.71605;-122.6468;-2613.449
9058;25.75509;-123.0265;-2612.761
9078;25.42674;-123.7264;-2611.019
9128;22.92459;-126.9382;-2605.479
9138;23.11183;-126.6464;-2605.051
9178;22.47058;-127.688;-2603.742
9208;16.29149;-130.1816;-2600.362
9248;14.60639;-131.0385;-2600.489
9278;12.30757;-131.9312;-2600.149
9308;13.48846;-132.0336;-2600.371
9338;15.14588;-132.0222;-2600.189
9378;15.69651;-132.6138;-2599.981
9408;16.1672;-132.9021;-2599.816
9458;15.87488;-133.6215;-2599.365
9498;16.18793;-133.845;-2599.0
9528;16.81578;-134.3118;-2598.093
9558;19.31803;-134.0296;-2597.017
9588;21.32236;-133.0327;-2596.671
9628;27.50941;-130.9864;-2597.565
9638;27.98195;-130.9931;-2597.302
9678;30.19678;-131.2371;-2596.957
9728;31.82508;-131.5336;-2596.989
9748;35.13033;-131.0301;-2596.951
9778;36.76561;-131.7216;-2596.724
9808;38.82623;-131.9113;-2596.809
9848;40.13081;-131.9556;-2596.905
9878;40.60308;-131.6809;-2596.989
9908;40.77658;-131.6808;-2596.87
9958;40.89237;-131.1964;-2596.713
9988;41.81697;-130.7572;-2597.513
10008;42.6355;-129.376;-2598.293
10038;42.87838;-128.4736;-2599.285
10078;42.73531;-127.9106;-2599.936
10108;42.75482;-125.4605;-2601.897
10148;42.61637;-123.2226;-2603.953
10198;42.18616;-121.5935;-2605.665
10218;41.89588;-120.7994;-2606.684
10258;41.6186;-118.587;-2608.538
10288;39.77036;-113.9475;-2611.458
10308;39.10243;-110.0857;-2613.27
10338;37.84007;-106.8558;-2615.202
10378;37.19507;-104.8063;-2616.632
10418;36.52803;-103.2245;-2617.784
10458;36.00339;-101.5344;-2618.994
10488;35.61947;-99.45958;-2621.159
10528;35.4673;-99.03988;-2621.922
10558;34.47538;-98.86459;-2622.158
10578;33.94631;-98.64448;-2622.487
10628;33.37624;-94.77307;-2624.126
10648;33.56033;-93.27318;-2625.109
10688;33.12004;-89.16649;-2626.789
10718;31.64623;-89.43984;-2626.287
10758;31.08759;-88.44285;-2626.416
10788;31.09875;-86.35963;-2627.486
10818;30.85183;-86.30185;-2627.491
10848;30.71429;-86.43197;-2627.919
10888;30.45712;-85.37991;-2629.124
10928;30.06515;-85.07314;-2629.449
10938;29.31097;-85.6185;-2629.217
10978;27.62548;-83.36687;-2630.466
11028;26.58646;-83.33284;-2630.301
11058;26.25858;-83.19513;-2630.456
11078;15.60806;-45.07398;-2647.145
11128;15.03819;-45.15103;-2647.321
11158;12.67251;-50.96725;-2646.57
11178;13.22313;-66.37205;-2641.494
11228;14.46139;-66.86385;-2640.546
11249;14.76156;-69.95411;-2639.721
11269;13.00639;-66.895;-2640.951
11329;14.72438;-64.53355;-2641.776
11339;14.39193;-66.77412;-2640.61
11379;14.10332;-66.79545;-2640.582
11429;14.93732;-67.27876;-2639.605
11449;14.71754;-68.23038;-2638.755
11469;16.52056;-70.87884;-2637.623
11511;17.55607;-71.77039;-2636.794
11561;18.75456;-72.29666;-2636.508
11591;19.17891;-72.97036;-2636.319
11601;20.19257;-73.59539;-2636.063
11661;21.39989;-76.97377;-2634.555
11681;22.36116;-78.73143;-2633.643
11721;22.61036;-79.7911;-2633.14
11751;23.52182;-82.1446;-2631.576
11791;24.23176;-87.58775;-2628.68
11821;24.7978;-91.66602;-2626.545
11851;25.11521;-93.14861;-2626.251
11871;25.5246;-94.19119;-2625.698
11911;25.5944;-98.29911;-2623.749
11941;26.06198;-100.0001;-2623.456
11971;27.13597;-104.4264;-2621.947
12011;27.40427;-108.1193;-2620.564
12061;29.29762;-110.27;-2620.14
12081;32.03257;-111.9696;-2619.76
12121;33.14548;-113.2697;-2619.461
12141;34.13791;-115.5773;-2619.093
12171;37.56305;-118.704;-2619.999
12211;38.88292;-120.2812;-2620.036
12261;38.78831;-123.6769;-2618.694
12271;38.21004;-124.2806;-2617.929
12311;35.84055;-126.151;-2614.844
12341;35.67063;-126.7247;-2614.56
12371;35.64963;-126.9564;-2614.471
12411;35.94675;-127.5455;-2613.833
12441;35.80911;-128.3546;-2613.164
12481;35.39679;-129.3144;-2612.302
12511;35.59301;-129.5328;-2612.138
12551;35.20753;-129.8148;-2612.08
12571;33.43743;-130.9777;-2611.909
12611;28.94418;-133.4845;-2611.256
12651;23.43186;-136.6298;-2610.643
12681;20.88431;-137.1419;-2611.201
12711;20.01686;-138.0092;-2611.32
12741;20.00393;-138.2773;-2611.227
12781;19.90346;-138.2617;-2611.279
12811;19.78637;-138.8257;-2611.279
12841;19.72436;-138.6426;-2611.535
12881;18.24004;-138.9181;-2611.685
12911;18.51997;-139.0076;-2611.664
12941;19.04307;-139.1573;-2611.326
12981;22.4816;-138.3036;-2611.646
13011;25.6243;-137.0871;-2612.224
13041;28.31415;-136.7768;-2612.555
13081;29.8075;-136.4631;-2612.749
13111;30.48249;-136.351;-2612.723
13161;30.6431;-136.4927;-2612.684
13191;31.04054;-136.4416;-2612.95
13201;32.06597;-136.2913;-2613.025
13241;32.99061;-136.5377;-2613.301
13291;34.18814;-136.6182;-2613.509
13321;35.42315;-135.6477;-2613.471
13341;35.88474;-135.4896;-2612.928
13391;39.19446;-135.744;-2613.765
13421;40.57963;-133.9605;-2614.33
13441;41.30576;-131.8177;-2615.01
13491;41.50403;-130.2196;-2615.387
13501;41.48294;-127.3612;-2616.048
13561;40.93873;-125.8473;-2615.957
13591;40.73908;-123.0378;-2616.954
13621;39.87872;-120.8455;-2617.499
13661;37.84336;-118.8432;-2617.805
13691;36.58708;-114.0431;-2619.77
13721;34.71179;-111.5709;-2620.787
13761;32.60883;-108.2721;-2622.479
13781;31.19586;-106.8253;-2622.994
13821;29.2591;-103.1269;-2624.777
13851;28.3171;-102.538;-2625.13
13891;27.20719;-99.0206;-2627.085
13921;26.09321;-96.65912;-2628.581
13951;26.16968;-92.98934;-2630.146
13981;25.51212;-91.05138;-2630.988
14021;24.52307;-88.90131;-2631.944
14051;22.96231;-85.99507;-2632.349
14091;22.51541;-83.36134;-2633.398
14121;21.84464;-82.74872;-2633.322
14151;16.60355;-75.08829;-2638.275
14191;16.03819;-66.51293;-2640.818
14221;-0.7319739;-47.72226;-2653.894
14262;-1.066221;-47.52774;-2654.023
14272;0.9427534;-46.61903;-2654.754
14312;2.127455;-44.03005;-2655.273
14342;-10.00706;-36.16422;-2656.153
14372;-28.87669;19.08927;-2683.764
14412;-23.82039;18.92772;-2683.338
14442;-21.89968;15.60643;-2682.837
14472;-22.92162;14.95061;-2682.959
14522;-24.04742;16.64049;-2685.096
14542;-21.02438;8.229838;-2682.817
14592;-17.46939;4.435342;-2679.906
14622;-13.824;-6.354108;-2673.635
14652;-5.065907;-18.61112;-2665.383
14692;-3.349736;-24.31916;-2659.909
14722;16.41044;-78.08902;-2635.933
14762;16.87062;-77.39885;-2635.489
14792;17.45668;-77.18487;-2634.593
14822;18.76314;-81.47272;-2631.72
14862;19.90225;-82.0765;-2630.752
14892;20.99803;-82.56506;-2630.091
14922;22.89919;-89.20621;-2626.781
14962;23.74369;-88.53267;-2627.015
14982;24.07121;-91.82705;-2625.344
15022;24.69096;-92.6092;-2624.632
15062;25.1852;-93.37606;-2624.328
15092;25.67948;-96.10883;-2622.969
15102;28.08001;-101.0482;-2620.83
15162;29.63116;-103.3753;-2620.131
15182;29.97959;-107.7689;-2618.058
15222;30.54456;-109.1506;-2617.355
15232;30.85363;-118.0354;-2613.165
15292;30.2275;-119.2886;-2612.461
15322;29.92676;-119.5635;-2612.179
15352;29.27543;-119.9983;-2611.921
15392;29.37135;-120.0598;-2611.973
15422;29.05675;-120.5704;-2611.798
15452;28.57177;-121.3789;-2611.399
15472;28.62884;-121.6756;-2611.38
15522;28.72073;-122.4091;-2611.323
15552;28.12279;-122.7741;-2611.399
15592;21.43927;-128.5976;-2609.19
15622;17.13158;-130.6186;-2608.83
15652;13.88895;-131.3264;-2609.985
15692;12.72309;-131.721;-2610.086
15712;12.52487;-131.3876;-2610.13
15752;12.21438;-132.9466;-2610.013
15772;11.46534;-133.7272;-2609.702
15822;10.28319;-133.6705;-2610.089
15852;10.54082;-134.5785;-2609.475
15892;11.71028;-135.011;-2608.948
15912;12.65954;-135.3527;-2608.028
15952;15.15151;-136.8152;-2606.725
15982;16.66668;-136.5652;-2606.227
16022;18.54665;-136.6385;-2605.83
16042;19.41795;-136.7402;-2605.551
16092;22.5024;-137.3388;-2604.745
16112;24.2773;-136.8651;-2604.947
16152;27.29651;-135.8472;-2605.47
16182;29.7492;-133.8236;-2605.741
16222;30.8618;-133.9498;-2605.467
16272;34.48988;-132.1376;-2606.002
16282;35.23414;-131.6276;-2606.115
16322;35.77973;-130.605;-2606.48
16352;37.99108;-128.865;-2608.207
16382;37.81773;-127.7781;-2609.023
16422;37.38301;-126.6977;-2609.904
16442;36.78825;-124.6133;-2611.563
16482;37.00509;-122.1269;-2613.351
16523;37.97512;-120.6592;-2614.792
16553;38.33819;-119.276;-2616.138
16573;38.32713;-117.4282;-2617.738
16603;38.21987;-116.5147;-2618.525
16643;37.8367;-113.6451;-2620.37
16673;37.03444;-109.422;-2623.194
16703;36.04237;-106.2938;-2624.719
16743;35.19545;-105.514;-2625.209
16793;34.85363;-105.225;-2625.136
16823;34.18469;-104.7502;-2625.216
16843;31.30501;-98.58302;-2626.88
16873;30.54693;-96.79141;-2627.421
16913;30.00058;-95.86311;-2627.964
16943;28.46031;-93.18249;-2629.567
16983;21.93159;-85.64471;-2632.009
17023;20.55687;-86.03918;-2631.884
17043;18.12119;-84.91045;-2632.936
17093;5.507096;-81.99741;-2638.016
17103;-5.217131;-58.7706;-2651.199
17143;-8.941652;-45.25784;-2659.159
17193;-12.60912;-34.14619;-2663.833
17213;-12.55234;-13.04591;-2673.621
17243;-14.70126;-3.880405;-2681.762
17284;-14.41166;-2.944862;-2681.612
17314;-14.58016;19.03391;-2693.014
17344;-14.30732;21.34963;-2694.772
17374;-14.08647;21.01228;-2694.374
17414;-13.86339;20.9658;-2694.354
17444;-9.809678;18.52609;-2692.673
17474;3.463068;-3.941763;-2677.499
17514;11.10779;-32.66205;-2664.796
17564;22.50992;-67.20789;-2652.241
17574;24.92481;-69.83125;-2648.843
17614;24.22532;-70.92106;-2647.647
17644;26.50618;-76.1545;-2643.75
17674;28.47613;-83.15873;-2638.924
17714;28.9198;-83.31295;-2638.699
17744;29.60329;-84.48498;-2638.035
17774;29.77757;-84.47087;-2637.92
17814;29.87122;-84.61675;-2637.726
17844;30.96171;-89.93194;-2634.084
17874;32.52124;-96.43461;-2630.193
17914;33.22668;-97.11066;-2629.771
17964;34.15299;-98.11981;-2628.507
17974;36.03138;-101.6031;-2626.114
18024;38.46405;-106.7311;-2623.019
18044;40.33769;-110.2296;-2621.105
18094;42.36125;-114.6516;-2619.281
18104;42.61744;-116.9366;-2617.82
18154;43.25614;-118.2819;-2617.103
18174;43.18178;-119.9517;-2616.585
18224;43.01814;-121.6307;-2616.323
18254;43.04086;-122.6027;-2616.303
18294;43.02376;-123.2605;-2616.249
18324;42.56527;-124.071;-2616.037
18354;41.69281;-124.4884;-2616.156
18374;40.13113;-126.2742;-2615.095
18414;38.03562;-130.6118;-2613.336
18454;33.41818;-133.8969;-2612.04
18474;29.75013;-137.7955;-2610.667
18524;27.63677;-138.8586;-2610.989
18554;23.08924;-142.4633;-2612.505
18594;22.77478;-143.604;-2612.603
18624;22.14351;-143.8216;-2613.0
18654;21.9843;-143.9607;-2613.133
18684;21.34938;-144.3752;-2613.537
18714;20.39469;-143.6048;-2614.376
18754;20.2133;-143.3548;-2614.453
18784;19.93082;-143.4336;-2614.433
18814;19.31077;-142.6764;-2614.438
18854;19.0188;-142.2159;-2614.188
18884;18.3663;-142.1081;-2614.182
18914;17.01611;-142.3338;-2613.99
18944;16.9514;-143.2693;-2612.707
18974;17.28902;-142.8365;-2611.788
19014;19.40532;-142.7936;-2610.647
19044;23.42497;-141.9825;-2609.393
19084;27.00596;-138.9865;-2609.212
19114;27.8976;-139.1879;-2608.93
19144;28.99702;-138.2513;-2608.82
19184;29.42452;-138.6197;-2608.39
19214;29.81271;-138.3555;-2608.075
19244;30.9689;-138.1378;-2608.152
19284;36.05363;-137.4742;-2609.243
19314;36.03325;-137.6186;-2609.144
19344;36.04448;-137.3902;-2608.865
19394;36.21417;-137.1676;-2608.509
19414;36.0259;-137.2679;-2608.103
19444;36.81633;-137.4514;-2608.562
19484;37.31926;-137.4431;-2608.667
19514;37.85851;-136.4202;-2608.983
19544;38.53155;-134.6955;-2609.352
19584;39.27024;-131.706;-2610.465
19614;39.54307;-129.6584;-2611.365
19644;40.55793;-124.9105;-2613.305
19674;40.56586;-122.6998;-2614.061
19714;40.36317;-121.1434;-2614.617
19744;39.39152;-117.2004;-2615.98
19794;38.74523;-115.7354;-2616.903
19824;37.91148;-113.6867;-2617.974
19844;36.77277;-111.2685;-2619.277
19884;36.94542;-110.7465;-2620.022
19904;36.08906;-108.2588;-2621.94
19964;35.53217;-107.6662;-2622.539
19994;35.13304;-107.1101;-2623.195
20004;34.15123;-104.9583;-2624.393
20044;34.01649;-103.7318;-2625.511
20074;33.59357;-102.2079;-2626.38
20114;33.39957;-101.7777;-2626.621
20154;33.03828;-99.76394;-2627.256
20174;32.99652;-98.92654;-2627.405
20214;33.8155;-92.69267;-2629.868
20244;33.79604;-91.86358;-2630.093
20294;33.73893;-91.82246;-2630.051
20324;33.34978;-90.75617;-2629.915
20364;32.96616;-90.42172;-2630.026
20374;27.88755;-87.92064;-2629.879
20414;24.18642;-88.21033;-2628.87
20464;22.38737;-84.25287;-2630.264
20474;22.97644;-84.47227;-2630.378
20514;20.48965;-81.1909;-2630.902
20554;19.01424;-80.60001;-2630.928
20574;15.51248;-75.89281;-2631.622
20614;-14.71705;-32.69791;-2650.966
20664;-13.75281;-33.09796;-2651.249
20674;-17.67575;-31.7842;-2654.781
20714;-20.44817;-34.34233;-2656.307
20744;-26.09237;-15.21868;-2668.65
20784;-26.24051;-15.58107;-2668.462
20814;-18.94902;-27.9458;-2658.074
20864;-5.218526;-43.58868;-2644.7
20894;-6.936697;-45.07402;-2644.537
20924;-6.397416;-52.25213;-2640.727
20964;-1.772347;-65.63464;-2634.028
20994;-0.004564528;-68.22465;-2632.499
21014;1.549322;-69.35587;-2631.975
21044;8.865769;-72.09431;-2631.964
21084;10.90205;-75.08033;-2630.855
21114;14.56754;-82.14645;-2628.753
21144;16.94065;-85.99907;-2627.271
21184;17.31274;-86.03216;-2627.162
21214;17.66998;-86.41283;-2627.142
21244;18.31998;-88.32234;-2626.358
21284;21.32459;-94.49997;-2624.239
21314;22.3974;-95.4021;-2624.195
21364;23.95048;-96.61944;-2623.766
21384;26.471;-100.2547;-2622.335
21414;25.92689;-101.974;-2621.742
21444;28.06884;-108.6212;-2619.804
21484;29.7537;-110.9805;-2619.248
21514;31.32721;-112.3576;-2619.47
21568;31.86926;-113.1959;-2619.475
21578;30.94761;-117.6804;-2619.028
21618;26.64385;-119.8425;-2617.131
21648;24.20152;-120.8389;-2615.618
21678;23.71438;-121.1682;-2615.691
21718;22.87124;-122.4006;-2615.412
21748;21.00658;-124.2741;-2614.273
21778;19.33807;-126.2473;-2613.059
21808;16.6114;-130.375;-2610.239
21848;13.87593;-131.3971;-2608.258
21898;10.29539;-132.9928;-2607.126
21918;4.535446;-134.4272;-2607.067
21938;1.268749;-137.1458;-2607.454
21998;0.3828406;-137.7194;-2607.368
22018;0.2101883;-137.6112;-2607.569
22048;-0.5065883;-137.597;-2607.451
22068;-0.7068184;-138.5459;-2606.839
22118;-0.8098688;-138.5344;-2606.55
22148;-0.8045654;-138.1386;-2606.155
22188;-0.8116626;-138.253;-2606.001
22218;-0.8708606;-138.1429;-2605.889
22248;0.162012;-137.4635;-2605.28
22278;2.047338;-137.5615;-2604.455
22318;3.52577;-137.3805;-2603.541
22348;4.713877;-136.1644;-2603.461
22388;6.051039;-135.3218;-2603.107
22408;7.980324;-135.0072;-2602.43
22448;10.30639;-133.9029;-2602.888
22478;11.60161;-132.5432;-2603.059
22518;14.05097;-133.2243;-2602.646
22538;16.39138;-134.3486;-2602.255
22578;17.58334;-134.1781;-2602.337
22618;17.9592;-134.3651;-2602.166
22648;18.33769;-133.9988;-2601.91
22698;19.37708;-134.0155;-2601.617
22718;19.41122;-134.1105;-2601.667
22748;19.88761;-133.6368;-2602.068
22778;20.39597;-133.3329;-2602.514
22818;22.17985;-131.6571;-2604.045
22838;22.76085;-131.1141;-2604.941
22878;21.65592;-128.6089;-2607.148
22918;22.08961;-127.2407;-2609.23
22948;21.30752;-125.1769;-2610.507
22988;21.11449;-121.9556;-2613.365
23018;22.21826;-120.6607;-2614.959
23048;23.23355;-116.9857;-2616.722
23088;21.50451;-115.5199;-2617.227
23108;20.76418;-112.7561;-2618.51
23148;20.99356;-109.9968;-2619.695
23188;20.95139;-106.9477;-2621.314
23218;20.58057;-105.5955;-2621.44
23248;20.53268;-103.705;-2621.948
23288;20.82121;-100.5013;-2622.565
23309;20.39936;-98.07961;-2623.002
23349;20.36049;-96.87024;-2623.17
23379;18.47891;-92.38909;-2623.97
23419;18.31936;-92.11027;-2623.948
23469;17.38677;-92.18025;-2623.484
23489;13.01401;-87.48774;-2622.559
23509;10.28552;-86.27164;-2622.222
23549;7.340457;-83.3064;-2621.685
23579;6.799531;-82.00725;-2621.673
23619;6.694481;-82.09868;-2621.569
23649;3.045125;-87.03655;-2619.281
23679;1.970868;-87.56727;-2618.294
23719;-2.591785;-87.68617;-2620.846
23739;-3.477604;-88.31822;-2620.705
23779;-5.862594;-83.61675;-2623.222
23819;-1.467415;-87.45071;-2620.417
23859;-0.8355538;-89.19167;-2619.49
23879;-1.225682;-73.07915;-2628.683
23909;0.6908762;-81.049;-2623.879
23949;4.307363;-82.24192;-2621.776
23979;4.877052;-83.70378;-2621.292
24009;3.283904;-84.38479;-2621.105
24049;4.708645;-85.07521;-2621.382
24069;6.182484;-84.27129;-2621.921
24109;7.824535;-83.68495;-2622.139
24149;7.865272;-83.02583;-2622.152
24179;11.63114;-84.7701;-2621.731
24209;12.88928;-85.99519;-2621.676
24249;14.52125;-88.96612;-2620.957
24279;16.80357;-90.0849;-2620.809
24309;18.44081;-90.11053;-2620.893
24339;20.01934;-91.42942;-2620.495
24379;20.50868;-94.01575;-2618.923
24409;23.11131;-97.6254;-2617.698
24449;26.37906;-100.6513;-2617.006
24479;28.20979;-103.3957;-2615.552
24509;30.28293;-106.3115;-2614.63
24559;32.21314;-109.2695;-2613.493
24589;33.42063;-111.2916;-2612.529
24609;34.11297;-112.448;-2612.246
24659;34.47255;-112.8914;-2611.964
24689;34.60019;-114.332;-2611.23
24709;33.92572;-116.391;-2610.448
24759;32.19191;-119.2335;-2608.897
24779;31.88731;-120.5765;-2608.16
24799;28.82051;-123.6611;-2606.532
24859;26.1457;-126.4443;-2604.456
24889;26.33845;-126.8418;-2604.257
24919;26.43907;-127.2278;-2603.821
24959;26.12144;-128.9235;-2602.458
24989;25.86182;-130.3113;-2601.031
25019;24.91973;-131.9324;-2599.095
25059;24.16882;-132.7984;-2597.694
25089;21.4893;-133.5793;-2596.321
25119;17.07617;-136.6313;-2593.964
25159;5.695786;-140.4568;-2597.365
25189;5.667072;-140.3656;-2597.399
25209;5.616499;-138.3642;-2597.927
25259;5.796792;-138.4416;-2597.669
25269;5.838921;-137.2922;-2597.827
25309;5.974987;-137.288;-2597.808
25339;6.256992;-137.3915;-2597.628
25379;7.495264;-138.6024;-2595.905
25429;8.354525;-138.1638;-2595.297
25459;10.07755;-137.416;-2594.693
25489;11.94286;-136.9384;-2594.576
25509;13.90913;-136.1989;-2594.527
25559;16.79632;-137.3699;-2593.664
25569;17.30772;-137.1932;-2593.751
25609;19.60598;-138.9447;-2593.487
25659;23.44747;-137.1336;-2594.759
25689;25.26957;-136.8521;-2595.113
25709;26.79723;-136.0341;-2595.994
25759;27.41096;-135.4865;-2596.297
25789;30.26294;-135.1475;-2596.879
25809;32.97855;-135.548;-2597.515
25859;34.83068;-135.4545;-2597.713
25869;37.37377;-134.5878;-2598.117
25909;37.9146;-134.7922;-2597.692
25959;40.54782;-136.1874;-2598.082
25989;41.1709;-135.8649;-2598.205
26009;41.72775;-135.0066;-2598.779
26059;42.48611;-133.9729;-2599.684
26089;42.93423;-132.8434;-2601.11
26129;42.83969;-131.5603;-2602.447
26159;43.30051;-128.1911;-2605.606
26189;42.61878;-125.2265;-2607.763
26229;42.22368;-122.635;-2609.394
26259;41.60018;-120.1181;-2610.653
26299;41.51159;-119.0427;-2611.511
26329;41.34644;-116.7757;-2613.164
26359;40.06916;-114.0332;-2614.336
26389;38.03406;-110.8295;-2616.218
26429;36.88329;-108.7709;-2617.634
26459;35.80761;-107.0288;-2618.872
26489;34.97348;-105.6957;-2619.475
26509;34.6472;-104.8107;-2619.76
26539;34.01519;-103.5675;-2620.136
26600;33.39004;-102.9071;-2620.321
26610;33.46263;-101.2168;-2620.753
26650;33.00551;-97.18625;-2621.406
26680;32.55354;-94.79433;-2621.561
26710;32.70421;-94.67989;-2621.536
26760;32.17656;-94.247;-2621.183
26770;27.99717;-88.90281;-2621.589
26810;26.54727;-87.18955;-2621.951
26860;23.47661;-85.35339;-2621.605
26890;21.14073;-84.93114;-2621.241
26910;19.75749;-84.64354;-2620.988
26950;13.18354;-95.14846;-2616.352
26990;12.15064;-95.11088;-2616.65
27020;11.43655;-94.84061;-2617.243
27060;11.81338;-97.37841;-2615.576
27090;17.33706;-93.83196;-2619.735
27130;20.44483;-83.95359;-2623.732
27160;8.923551;-64.99022;-2629.36
27190;10.46397;-59.26018;-2633.246
27230;15.9742;-78.20983;-2627.14
27260;14.7094;-99.92828;-2610.248
27270;16.99354;-100.2235;-2611.627
27330;18.58121;-98.11787;-2614.596
27360;18.97761;-95.21926;-2614.951
27390;18.46125;-88.85153;-2617.339
27430;20.06874;-86.85589;-2618.646
27450;22.0146;-86.00715;-2619.33
27490;22.57103;-86.09539;-2619.344
27520;24.28965;-84.8101;-2620.226
27550;26.47493;-87.96944;-2618.624
27590;27.18083;-88.48701;-2618.554
27620;28.33253;-88.69003;-2618.772
27660;29.6923;-90.77345;-2618.185
27690;31.65741;-92.48473;-2617.679
27720;35.81505;-99.57099;-2616.256
27760;37.18328;-103.444;-2615.141
27790;38.58848;-106.2982;-2613.866
27820;39.3666;-108.4239;-2613.327
27860;40.15752;-111.3115;-2612.257
27880;39.99575;-113.1548;-2611.875
27920;37.04557;-117.5245;-2609.787
27960;36.03568;-119.2957;-2608.479
27990;36.09592;-119.8823;-2608.489
28020;36.02599;-122.9341;-2608.177
28050;35.14296;-125.1204;-2608.086
28090;34.82631;-127.0843;-2607.886
28120;34.07858;-127.7431;-2607.66
28150;32.66397;-128.5622;-2607.373
28190;31.51159;-131.6329;-2606.109
28220;29.80304;-133.5457;-2605.634
28260;27.31975;-134.6136;-2606.127
28270;22.77577;-135.8695;-2607.358
28320;21.35807;-136.5208;-2608.336
28350;21.49861;-136.3236;-2608.496
28390;21.70849;-135.8251;-2608.899
28400;21.64216;-135.6151;-2609.188
28460;21.71766;-135.492;-2609.461
28490;21.26756;-135.5462;-2609.812
28520;21.49431;-135.956;-2609.521
28560;22.13464;-136.3846;-2608.699
28580;23.26711;-136.0181;-2608.169
28630;25.46816;-135.8956;-2607.776
28650;28.84598;-135.5522;-2607.572
28690;29.8212;-134.9559;-2607.628
28710;30.51787;-135.0855;-2607.612
28760;31.20258;-135.5155;-2607.329
28780;31.96683;-135.9911;-2607.189
28800;33.07156;-135.9679;-2607.317
28860;35.95815;-135.353;-2608.018
28890;40.1677;-134.3994;-2609.302
28910;42.68743;-132.8809;-2609.841
28960;43.33579;-132.8092;-2609.329
28970;43.06838;-132.1949;-2608.352
29010;44.92035;-131.9527;-2609.116
29060;45.96987;-131.4315;-2609.547
29090;46.91817;-130.2809;-2609.91
29120;46.70227;-129.5417;-2610.168
29160;46.95887;-129.2993;-2610.604
29190;47.52765;-127.6895;-2611.75
29220;47.62355;-126.2575;-2613.225
29260;47.83093;-123.3433;-2615.605
29290;47.45573;-120.4475;-2617.917
29321;46.88945;-119.3365;-2618.707
29361;45.92487;-116.8399;-2620.064
29391;44.23153;-114.4682;-2621.553
29411;42.63674;-110.0965;-2624.446
29451;42.07071;-108.6575;-2625.466
29491;41.19895;-106.2242;-2627.205
29521;40.44807;-105.5375;-2627.904
29551;39.55157;-104.1706;-2629.239
29581;39.03956;-103.0801;-2629.721
29611;37.71745;-100.8255;-2630.525
29651;36.566;-99.98941;-2630.677
29691;35.65039;-99.41403;-2630.652
29711;35.29216;-96.16499;-2630.962
29751;34.69218;-94.56096;-2631.492
29781;34.09502;-93.79404;-2631.467
29821;32.9172;-89.11534;-2632.273
29851;31.41525;-86.40967;-2633.194
29901;30.94153;-85.64055;-2633.504
29921;29.41495;-83.44092;-2634.176
29951;20.69962;-74.18863;-2637.578
29981;9.653385;-67.56485;-2639.875
30021;13.05457;-70.89502;-2639.098
30051;11.87075;-69.64515;-2638.62
30081;11.71004;-67.17081;-2639.072
30111;7.755484;-65.42165;-2639.517
30151;9.190226;-65.02209;-2640.059
30181;10.70217;-55.30921;-2648.733
30211;15.68075;-56.27185;-2648.466
30251;11.32387;-65.20336;-2642.472
30281;16.77213;-67.31224;-2643.043
30311;20.81578;-70.75381;-2641.371
30351;23.86642;-75.35986;-2638.946
30381;24.77892;-78.80968;-2637.857
30411;27.0773;-81.99223;-2636.641
30451;28.60769;-86.01998;-2634.981
30481;29.88832;-89.01525;-2634.123
30511;32.22913;-94.80062;-2631.439
30551;34.65368;-99.64037;-2629.465
30581;35.08851;-100.7584;-2629.228
30621;36.9261;-104.1981;-2628.478
30651;38.55046;-108.2123;-2627.095
30691;39.60232;-111.2736;-2626.585
30721;41.47458;-114.6826;-2626.136
30761;42.11275;-115.6898;-2626.148
30791;42.90796;-117.052;-2626.08
30821;43.52806;-117.8415;-2626.177
30851;44.82193;-120.7028;-2625.138
30891;45.43309;-121.9258;-2624.924
30911;46.94777;-125.2306;-2625.404
30951;44.52485;-128.0139;-2622.17
30991;43.90569;-129.02;-2621.5
31011;44.62897;-129.938;-2621.939
31051;44.67729;-130.7148;-2621.944
31081;44.51056;-134.874;-2621.534
31121;41.71103;-136.3267;-2619.677
31151;40.55595;-137.3794;-2619.01
31181;37.92112;-141.7782;-2617.043
31221;31.939;-143.2632;-2618.902
31251;31.78267;-143.177;-2619.606
31281;31.52784;-142.8537;-2620.611
31321;31.33016;-142.7634;-2620.95
31351;30.50601;-143.8008;-2621.275
31381;29.26695;-143.066;-2621.85
31411;28.44452;-143.2474;-2622.239
31441;28.31739;-143.0056;-2622.331
31481;28.95079;-143.1573;-2622.012
31521;29.20553;-143.3643;-2621.81
31551;29.73578;-143.0037;-2621.677
31581;31.62964;-142.3915;-2621.293
31613;35.37404;-141.0955;-2621.436
31653;37.07697;-140.4175;-2621.538
31683;40.25899;-139.5801;-2622.323
31713;43.08262;-138.7683;-2622.588
31753;45.45872;-138.3346;-2622.79
31773;47.17035;-137.9601;-2622.916
31813;47.83566;-139.0549;-2622.159
31853;46.75639;-140.204;-2619.681
31883;46.78909;-140.007;-2619.159
31913;47.9044;-140.1884;-2619.62
31953;49.21627;-138.8419;-2619.337
31983;49.98018;-136.6898;-2619.675
32013;50.64248;-134.4013;-2620.483
32053;50.44767;-131.7149;-2621.271
32083;50.37048;-130.5849;-2621.968
32133;50.15237;-129.485;-2622.715
32143;49.05487;-127.6514;-2624.322
32183;47.77193;-123.998;-2626.108
32213;45.07362;-119.9639;-2628.139
32243;43.2606;-114.7521;-2630.239
32283;41.02991;-110.2134;-2631.529
32313;39.52901;-108.0497;-2632.032
32343;37.13685;-104.2553;-2632.635
32383;36.02134;-102.5852;-2633.017
32433;33.96292;-94.14471;-2635.181
32463;32.24986;-89.15932;-2636.107
32483;31.24254;-85.50755;-2637.791
32513;30.38143;-85.97206;-2637.282
32553;25.36966;-80.17929;-2637.566
32583;4.58554;-39.64372;-2658.5
32613;2.592294;-35.84029;-2660.2
32653;7.394525;-26.89669;-2663.656
32683;8.680181;-27.67136;-2663.451
32713;-22.41717;20.82032;-2687.361
32743;-22.42051;21.29029;-2686.538
32783;-22.68524;21.34122;-2686.3
32813;-23.061;24.60934;-2683.674
32843;-22.92146;25.81619;-2682.584
32883;-24.4264;26.91017;-2682.955
32913;-24.23235;26.78378;-2683.001
32943;-23.90679;27.17621;-2683.272
32983;-27.14835;35.96902;-2687.454
33013;-25.51897;33.81928;-2686.821
33063;-26.54785;35.35012;-2685.684
33093;-32.36784;42.78215;-2684.335
33123;-34.76661;39.36762;-2682.451
33143;-25.63415;40.18451;-2675.168
33173;-12.96567;9.078855;-2655.965
33213;-20.34092;4.036548;-2655.566
33263;-7.337469;-9.01054;-2652.781
33283;-8.288393;-11.28771;-2651.503
33313;-16.97277;-29.35132;-2634.518
33343;-16.89532;-46.80716;-2623.878
33393;-16.95012;-46.82822;-2623.803
33403;-6.94222;-44.18202;-2628.269
33463;19.87196;-77.42675;-2630.092
33473;20.13161;-77.65982;-2630.118
33513;20.59015;-76.74427;-2631.647
33543;22.33293;-80.88159;-2630.376
33583;22.60641;-81.20162;-2630.459
33613;23.30953;-82.20932;-2630.284
33643;24.05957;-86.3429;-2629.347
33693;23.98755;-86.48191;-2629.354
33703;23.55671;-89.14079;-2628.642
33743;23.47328;-89.51925;-2628.591
33783;23.88896;-92.52432;-2628.027
33813;23.8891;-96.79661;-2626.927
33843;24.54368;-100.2323;-2626.064
33893;25.28725;-101.4325;-2625.756
33903;27.87629;-106.5831;-2624.458
33963;29.37124;-108.6615;-2624.184
33983;31.42368;-112.9068;-2623.204
34013;32.90932;-115.2681;-2622.443
34053;33.48469;-117.362;-2621.725
34083;34.12085;-119.9195;-2620.955
34113;34.51094;-120.9869;-2620.67
34153;35.11998;-124.6223;-2620.261
34183;35.71778;-126.067;-2620.181
34213;36.26814;-126.017;-2619.575
34253;36.60492;-126.7312;-2618.847
34283;37.27291;-127.7289;-2618.339
34314;37.15355;-129.8355;-2616.85
34354;37.19657;-130.0763;-2615.766
34384;37.20441;-130.0856;-2614.459
34414;37.21552;-130.2089;-2612.818
34444;36.20651;-131.0075;-2610.172
34484;32.0657;-134.9277;-2605.053
34514;25.87104;-136.4719;-2602.026
34544;22.05621;-136.9439;-2602.324
34584;19.81789;-138.2798;-2602.893
34614;18.98552;-137.8983;-2603.345
34644;18.58876;-137.8202;-2603.72
34684;18.46281;-139.0646;-2603.445
34714;18.55301;-139.0511;-2603.426
34744;18.66124;-139.0321;-2603.441
34784;18.83359;-138.966;-2603.322
34814;19.45531;-137.8611;-2602.818
34854;19.75023;-138.3555;-2601.963
34884;20.10563;-138.3908;-2601.385
34914;20.56794;-138.6196;-2600.74
34954;20.78522;-138.1087;-2600.281
34984;20.91945;-137.3357;-2600.259
35014;20.88758;-137.1766;-2600.014
35054;20.92262;-137.4574;-2599.541
35084;20.99074;-136.7975;-2599.791
35114;20.68964;-135.8338;-2600.363
35144;20.66482;-135.8459;-2600.454
35184;20.29439;-135.8662;-2600.603
35234;20.17317;-135.9708;-2600.604
35254;20.19398;-135.9235;-2600.698
35284;19.97892;-136.0108;-2600.829
35314;19.71204;-135.8921;-2600.923
35354;20.12976;-137.1938;-2600.853
35374;20.13791;-136.927;-2601.179
35414;19.2962;-136.7043;-2601.113
35454;18.9929;-136.5856;-2601.139
35484;18.88492;-136.1143;-2601.431
35514;18.72171;-136.0817;-2601.463
35554;19.13515;-133.4975;-2603.471
35584;19.31081;-132.7825;-2603.962
35614;19.11407;-132.7504;-2604.069
35654;17.98155;-133.5419;-2603.593
35684;18.04636;-133.4365;-2603.678
35714;17.29006;-133.9724;-2603.507
35754;16.54985;-134.3617;-2603.296
35784;16.48918;-134.5421;-2603.144
35814;16.60329;-134.4857;-2603.213
35854;16.5005;-135.2164;-2602.811
35874;16.49027;-135.0338;-2603.015
35914;16.15231;-135.1444;-2602.883
35954;15.89236;-135.7174;-2602.477
35984;15.78859;-135.7943;-2602.46
36014;11.36164;-136.7393;-2601.232
36044;9.851284;-136.429;-2601.099
36084;8.037659;-135.8439;-2601.124
36114;4.444551;-135.4983;-2601.015
36144;1.092759;-135.6793;-2600.781
36174;-0.5994933;-135.3827;-2600.742
36214;-1.71199;-135.4733;-2600.473
36244;-3.889011;-136.4283;-2600.804
36284;-5.071425;-136.0939;-2601.343
36314;-7.772795;-135.3845;-2601.688
36344;-10.18697;-135.1314;-2602.257
36384;-12.29256;-135.8607;-2601.966
36414;-12.68491;-135.4962;-2602.097
36444;-14.15818;-134.2395;-2602.706
36474;-14.50461;-134.505;-2602.598
36524;-14.74779;-133.9799;-2602.747
36564;-14.97374;-131.8249;-2603.484
36574;-15.03113;-130.9236;-2603.786
36630;-15.04312;-128.2385;-2605.381
36641;-15.13683;-127.1347;-2605.71
36681;-13.67467;-123.6431;-2606.412
36711;-13.38772;-121.1287;-2606.72
36761;-13.07117;-119.0978;-2607.076
36771;-12.06676;-116.3338;-2607.107
36811;-9.895571;-111.8716;-2608.116
36851;-9.036342;-110.3111;-2608.442
36891;-8.045149;-108.5488;-2609.136
36911;-8.151404;-107.3732;-2609.355
36941;-7.599595;-104.1223;-2610.122
36981;-7.280803;-103.322;-2610.395
37031;-1.11506;-98.20351;-2614.675
37061;0.9013191;-94.62401;-2617.278
37081;1.039932;-92.61182;-2618.177
37131;1.385491;-92.05764;-2618.659
37141;2.335408;-86.45775;-2621.612
37181;3.498646;-84.27132;-2622.252
37231;6.047593;-78.88406;-2625.534
37251;9.000987;-77.48071;-2628.103
37281;12.6671;-74.63122;-2628.693
37311;11.63725;-76.45542;-2627.543
37351;3.023067;-57.6272;-2626.831
37401;5.111097;-31.69236;-2633.183
37411;9.158123;-9.240106;-2645.427
37461;11.72557;-7.32109;-2646.607
37491;14.10705;-4.051365;-2648.615
37531;34.01831;6.205674;-2674.587
37551;24.37168;4.944144;-2666.291
37581;22.67015;-3.147493;-2659.202
37611;21.57195;-4.400001;-2658.701
37661;7.371698;-9.105895;-2650.6
37691;6.929489;-8.925094;-2650.544
37731;13.36466;-8.891068;-2655.105
37761;12.90834;-9.82027;-2655.032
37781;11.63311;-10.61653;-2654.722
37811;7.327275;-16.58587;-2651.307
37841;-2.796436;-92.22303;-2621.78
37881;-2.746421;-91.80721;-2621.533
37911;-3.137925;-93.08826;-2618.682
37941;-3.024545;-94.0703;-2617.08
37971;-3.920885;-96.18709;-2614.657
38031;-5.026114;-98.15463;-2612.325
38041;-6.091305;-99.0706;-2611.109
38091;-7.443858;-100.0662;-2609.635
38101;-9.10383;-101.5356;-2608.687
38161;-10.33809;-103.6742;-2607.153
38181;-11.4019;-106.1177;-2605.965
38231;-12.8563;-109.5084;-2604.088
38251;-13.87987;-110.8393;-2603.123
38281;-14.71015;-111.936;-2602.725
38311;-15.88308;-114.0435;-2602.166
38362;-17.64788;-117.2766;-2600.885
38372;-20.04075;-121.4669;-2599.519
38412;-20.60659;-122.2031;-2599.564
38462;-21.10489;-122.7776;-2599.567
38482;-21.08816;-122.7276;-2599.771
38522;-21.21649;-123.6801;-2599.405
38542;-21.57168;-124.5376;-2598.998
38592;-21.52542;-124.9073;-2598.678
38622;-21.72591;-125.4346;-2598.387
38652;-22.0359;-125.6799;-2597.865
38672;-21.86945;-126.1983;-2597.694
38722;-21.09525;-127.2404;-2597.679
38742;-20.78014;-128.1237;-2597.21
38792;-20.78924;-130.1473;-2596.508
38822;-15.01612;-132.1201;-2598.94
38852;-15.0947;-132.2219;-2598.989
38892;-14.63541;-132.8659;-2599.203
38922;-15.04421;-133.2102;-2599.104
38952;-15.89882;-134.5441;-2598.301
38982;-16.26928;-134.494;-2598.228
39012;-16.7547;-134.5624;-2598.282
39062;-17.95339;-134.3701;-2598.03
39082;-19.02758;-134.7996;-2597.701
39122;-20.83936;-134.9899;-2597.783
39152;-22.27488;-134.8967;-2597.73
39192;-24.42664;-136.6371;-2597.757
39222;-27.43688;-138.8363;-2597.728
39252;-27.91068;-138.2458;-2598.437
39282;-28.96591;-137.5551;-2599.293
39322;-29.60102;-136.269;-2600.316
39332;-30.04698;-135.2353;-2601.349
39393;-29.99742;-134.5956;-2602.004
39423;-29.56499;-132.6382;-2603.347
39443;-30.14869;-131.5609;-2604.15
39493;-29.75955;-128.5049;-2606.468
39523;-29.83494;-127.3222;-2607.277
39553;-28.67878;-122.8803;-2610.173
39593;-27.20614;-121.1876;-2611.961
39603;-26.15853;-119.0773;-2613.493
39643;-25.11472;-115.2308;-2616.028
39693;-23.90165;-113.6327;-2616.716
39723;-22.0797;-109.6566;-2618.571
39763;-21.6368;-108.6555;-2618.873
39793;-21.19718;-107.7999;-2619.085
39823;-19.16939;-105.9789;-2619.013
39843;-18.83098;-106.1385;-2618.881
39903;-18.30472;-105.006;-2619.846
39913;-15.69177;-101.1221;-2621.837
39953;-13.36528;-97.66043;-2623.118
39973;-12.01816;-93.22469;-2625.609
40013;-11.27447;-91.35433;-2626.449
40043;-10.15608;-90.0867;-2627.308
40083;-7.091671;-74.06123;-2629.262
40113;-8.731578;-70.07803;-2629.441
40143;-8.434918;-65.64506;-2630.383
40203;-9.880668;-65.98059;-2630.546
40213;-9.168249;-66.0711;-2630.722
40263;-24.21419;-115.1456;-2616.755
40273;10.44523;-65.49116;-2635.638
40313;10.29745;-65.80898;-2635.295
40343;4.152079;-63.5239;-2633.816
40383;3.357763;-63.41156;-2633.372
40413;0.960852;-64.74599;-2632.568
40453;-5.65906;-68.87104;-2630.782
40473;-6.271597;-68.14946;-2630.641
40523;-5.61806;-63.40025;-2632.615
40553;-7.396075;-69.31138;-2631.217
40583;-7.46463;-70.0979;-2630.808
40623;-9.394999;-70.1725;-2631.16
40653;-9.037292;-71.23943;-2630.369
40683;-11.25986;-83.1731;-2625.254
40723;-11.13851;-83.19134;-2625.284
40763;-11.28286;-84.19141;-2624.207
40773;-13.62305;-90.812;-2621.141
40813;-14.3875;-96.9448;-2617.849
40843;-14.70921;-97.1746;-2617.4
40873;-15.61555;-98.3777;-2616.458
40913;-16.4366;-100.2561;-2615.157
40963;-17.49368;-101.1347;-2614.153
40973;-19.52143;-102.8308;-2612.807
41013;-20.54565;-105.7587;-2610.969
41043;-21.13307;-107.0584;-2610.011
41073;-22.70445;-109.016;-2609.187
41113;-23.65204;-111.3892;-2607.929
41143;-24.72405;-114.0754;-2606.901
41193;-25.45768;-115.0102;-2606.202
41223;-26.5769;-116.4682;-2605.771
41263;-27.58637;-117.8855;-2605.402
41293;-28.1685;-119.0554;-2604.994
41323;-28.58362;-119.8564;-2604.773
41363;-28.97469;-120.7163;-2604.133
41393;-29.02668;-121.3185;-2603.74
41423;-29.32784;-122.2032;-2603.024
41463;-29.30284;-122.027;-2602.631
41493;-29.20788;-123.3604;-2602.1
41523;-29.26166;-124.3675;-2601.457
41553;-28.45078;-125.0894;-2600.802
41593;-27.5729;-125.3693;-2600.336
41613;-26.53514;-125.6997;-2599.966
41658;-25.77532;-126.6775;-2598.893
41695;-25.1553;-127.3714;-2598.202
41725;-24.20326;-128.0843;-2597.66
41755;-23.67688;-131.1194;-2596.08
41785;-17.92809;-134.2549;-2597.512
41825;-18.092;-135.2486;-2597.092
41855;-19.12918;-138.941;-2595.889
41895;-18.6613;-138.5353;-2596.085
41905;-18.85869;-138.3872;-2595.923
41945;-19.51863;-138.7623;-2595.365
41975;-20.08155;-138.2824;-2595.202
42015;-22.37296;-138.3363;-2594.449
42045;-23.66675;-137.4843;-2594.487
42085;-25.70692;-136.4489;-2594.899
42115;-26.56179;-135.4237;-2595.606
42155;-27.6333;-134.5292;-2595.827
42185;-28.29495;-132.9798;-2596.4
42215;-29.02098;-131.4908;-2596.876
42245;-30.0294;-130.8941;-2596.985
42285;-30.21074;-129.434;-2597.5
42315;-30.45895;-127.872;-2598.181
42355;-30.10231;-126.0247;-2598.895
42385;-28.31333;-122.7813;-2600.942
42415;-26.72126;-119.2569;-2602.336
42455;-24.47473;-115.5421;-2604.74
42485;-22.18802;-112.9723;-2606.537
42525;-20.6816;-109.2304;-2607.369
42555;-19.67853;-107.8749;-2607.863
42595;-18.36507;-106.2294;-2608.241
42625;-16.6453;-104.5696;-2608.897
42655;-16.27816;-104.2471;-2609.086
42685;-14.47332;-102.9028;-2610.723
42725;-10.13836;-99.06509;-2614.332
42755;-10.28345;-98.20511;-2614.632
42785;-9.671519;-96.43238;-2615.7
42825;-6.447309;-88.24476;-2620.681
42855;-6.089611;-84.64526;-2621.987
42885;-5.616361;-79.00237;-2624.1
42915;-9.559914;-71.47426;-2623.912
42945;-9.557992;-71.57902;-2623.95
42985;-8.073866;-71.33825;-2624.182
43015;-4.949493;-74.72707;-2626.167
43055;-4.57332;-74.39004;-2626.354
43085;-5.286048;-73.56354;-2626.365
43115;-5.816288;-70.72501;-2625.761
43155;-6.401485;-69.68987;-2625.564
43175;-7.092525;-76.79694;-2624.935
43215;-0.9796824;-72.48695;-2631.707
43255;-9.66707;-24.7758;-2639.866
43305;-11.18623;-33.88453;-2637.492
43315;-2.488762;-86.61703;-2628.06
43355;-2.337347;-86.54055;-2628.228
43386;-5.321088;-84.8566;-2629.118
43416;-5.63593;-86.71725;-2627.31
43456;-6.743259;-90.75248;-2624.264
43476;-7.213928;-92.01129;-2623.773
43516;-7.3143;-92.11661;-2623.639
43546;-7.363824;-92.165;-2623.458
43586;-8.324364;-94.08341;-2621.542
43616;-9.893382;-98.11819;-2619.167
43646;-9.829899;-98.0723;-2619.022
43686;-9.843696;-99.4631;-2618.128
43716;-11.10951;-100.678;-2616.769
43746;-11.47909;-101.5379;-2615.868
43776;-11.81056;-102.6129;-2615.141
43816;-12.38373;-104.7795;-2613.552
43846;-14.19951;-107.6351;-2611.506
43886;-16.61055;-111.852;-2609.339
43916;-17.29195;-112.8944;-2608.714
43946;-17.88107;-114.4757;-2607.932
43986;-18.02999;-114.5559;-2607.923
44016;-19.50597;-116.2763;-2606.764
44066;-19.86094;-116.5073;-2606.425
44096;-20.90171;-118.8387;-2604.87
44116;-21.28814;-119.6225;-2604.587
44166;-21.36027;-119.9784;-2604.496
44176;-21.32532;-120.4085;-2604.393
44216;-21.32003;-121.0049;-2604.062
44246;-21.38151;-121.5647;-2603.933
44286;-21.38425;-121.5951;-2603.965
44316;-21.48186;-123.1253;-2603.753
44356;-22.14974;-126.5939;-2602.848
44406;-22.14388;-127.1774;-2602.575
44416;-22.12657;-127.425;-2602.001
44446;-21.96263;-127.4847;-2601.795
44486;-21.39025;-127.6721;-2601.505
44516;-21.33801;-128.7883;-2600.475
44546;-21.05378;-129.1021;-2600.137
44586;-20.94064;-131.1249;-2598.746
44616;-20.42795;-131.8114;-2597.967
44646;-20.02554;-131.8501;-2597.708
44686;-18.99274;-131.7831;-2597.529
44706;-17.97238;-132.0966;-2597.313
44746;-17.20776;-132.5035;-2597.502
44776;-17.1742;-132.4755;-2597.482
44816;-17.04941;-132.4002;-2597.354
44846;-17.73613;-132.3315;-2596.734
44876;-18.29787;-132.7793;-2595.904
44916;-18.75358;-132.3503;-2595.988
44946;-18.58166;-132.2191;-2595.951
44976;-18.55496;-132.3135;-2596.22
45016;-18.57801;-132.3038;-2596.359
45046;-18.82258;-132.5612;-2596.429
45086;-20.12416;-133.4543;-2595.865
45126;-20.43012;-132.9572;-2596.144
45146;-21.2798;-132.0176;-2596.564
45196;-21.66376;-131.2738;-2596.709
45226;-21.76356;-129.6794;-2597.286
45236;-21.86977;-128.3249;-2597.938
45276;-21.4559;-127.4706;-2598.535
45316;-19.96632;-125.0374;-2600.145
45346;-19.3456;-124.3501;-2600.948
45376;-19.09091;-122.9473;-2602.094
45416;-16.38469;-118.6805;-2604.899
45446;-15.67592;-117.3884;-2605.897
45476;-14.55688;-115.7172;-2606.987
45516;-13.5996;-113.5886;-2608.905
45546;-13.45671;-112.0361;-2609.866
45596;-12.07367;-110.3784;-2611.063
45626;-11.6486;-109.9467;-2611.403
45656;-10.41855;-107.8226;-2612.313
45676;-9.265315;-106.0738;-2613.623
45726;-8.951506;-103.7458;-2615.401
45756;-8.879367;-103.7054;-2615.666
45796;-9.040072;-103.8228;-2615.743
45816;-8.987535;-103.8071;-2616.045
45846;-8.65862;-103.3577;-2616.636
45896;-8.59162;-104.6008;-2616.959
45906;-8.801499;-104.6772;-2617.24
45966;-8.115642;-103.4213;-2618.823
45996;-8.28931;-103.2559;-2619.185
46006;-8.425589;-99.63161;-2621.98
46046;-8.07524;-97.80827;-2624.036
46096;-8.412359;-97.17657;-2624.69
46126;-6.580365;-97.03907;-2626.413
46166;-4.487841;-95.55163;-2629.073
46186;-4.323424;-96.77258;-2629.132
46226;-4.871117;-97.0623;-2629.45
46246;-4.996052;-97.29153;-2629.737
46296;-5.032306;-97.32935;-2629.844
46316;-4.975965;-96.03806;-2630.909
46346;-5.146378;-97.26485;-2630.57
46386;-6.722019;-99.98377;-2629.28
46416;-6.845441;-99.94542;-2629.296
46456;-7.194825;-100.1905;-2628.87
46486;-7.480638;-100.8057;-2628.44
46516;-9.68235;-102.3602;-2627.791
46546;-11.61635;-104.686;-2627.041
46586;-12.8778;-106.2168;-2626.424
46616;-14.78925;-108.5617;-2624.597
46656;-15.74528;-110.035;-2623.734
46686;-17.13557;-112.2232;-2622.423
46718;-17.8355;-113.1074;-2621.9
46748;-18.80697;-115.8185;-2620.742
46788;-19.38539;-116.2857;-2620.316
46838;-20.06706;-117.3872;-2620.022
46848;-20.23128;-117.4536;-2620.071
46888;-20.89713;-118.6734;-2619.605
46918;-20.95468;-118.6928;-2619.581
46948;-21.05266;-120.0396;-2619.166
46978;-22.58697;-122.4431;-2619.051
47018;-22.83184;-122.8429;-2618.902
47048;-23.15605;-124.2149;-2618.76
47078;-24.23156;-124.8288;-2618.489
47118;-26.64188;-128.8973;-2616.328
47148;-26.77011;-128.4398;-2616.274
47178;-26.71206;-129.1734;-2615.764
47218;-26.46659;-130.7863;-2614.948
47248;-26.28668;-131.5768;-2614.238
47278;-26.21841;-131.4588;-2614.204
47318;-24.86172;-131.1349;-2614.386
47348;-24.7659;-130.9034;-2614.386
47388;-24.57446;-131.2118;-2614.402
47418;-23.16667;-131.6202;-2614.748
47448;-22.81345;-132.0286;-2614.671
47488;-22.7622;-131.8115;-2614.636
47518;-22.40631;-132.475;-2614.068
47548;-22.37654;-133.2032;-2613.667
47578;-22.52293;-133.5217;-2613.663
47618;-22.47964;-134.0208;-2613.589
47668;-22.45087;-134.1091;-2613.82
47698;-22.60565;-134.655;-2613.625
47708;-22.56795;-134.6286;-2613.687
47768;-23.38426;-134.8503;-2613.627
47778;-23.46295;-134.5732;-2613.797
47818;-24.13938;-134.5226;-2613.835
47848;-25.53632;-134.926;-2613.394
47878;-25.66413;-134.8931;-2613.329
47918;-25.8404;-134.7694;-2613.313
47948;-26.76373;-133.3992;-2613.455
47978;-26.32932;-131.4891;-2614.339
48008;-26.37681;-130.1143;-2614.612
48048;-26.50354;-129.6732;-2614.698
48098;-26.09922;-128.1274;-2615.428
48118;-25.49861;-126.7751;-2616.252
48158;-23.6812;-125.1948;-2617.455
48198;-21.41619;-122.4368;-2618.707
48228;-19.70284;-120.7732;-2619.709
48258;-18.44107;-119.6632;-2620.354
48298;-16.97555;-118.2779;-2621.49
48318;-15.28685;-115.7239;-2622.906
48348;-13.90862;-114.2293;-2624.233
48408;-13.21469;-113.2106;-2624.936
48428;-12.66063;-112.7712;-2625.167
48458;-10.35518;-109.8169;-2626.456
48498;-10.23593;-109.5471;-2626.699
48528;-9.086255;-107.5009;-2627.49
48558;-7.469854;-105.5723;-2629.373
48598;-7.489094;-105.4585;-2629.469
48618;-7.039231;-104.6052;-2630.15
48658;-6.61464;-104.3833;-2630.491
48678;-6.951419;-103.7362;-2630.82
48728;-5.81525;-103.0385;-2631.787
48738;-4.893571;-101.7919;-2632.888
48778;-3.537481;-100.7061;-2634.212
48828;-3.74658;-100.8948;-2634.189
48858;-3.491647;-98.82536;-2635.482
48888;-4.867557;-97.12807;-2636.217
48928;-5.257418;-96.55559;-2636.509
48948;-4.7423;-94.79564;-2638.012
48998;-5.653466;-95.61397;-2637.786
49008;-6.517583;-99.09696;-2636.362
49048;-6.424796;-99.07354;-2636.449
49078;-6.481274;-101.4971;-2635.895
49118;-6.428617;-101.4962;-2635.896
49148;-6.952763;-101.8376;-2635.861
49178;-8.699626;-105.789;-2634.252
49218;-9.960571;-107.2277;-2633.552
49248;-11.52834;-108.7526;-2633.189
49278;-12.5585;-110.3282;-2632.251
49318;-14.81665;-112.0072;-2630.958
49348;-17.24292;-114.3234;-2629.781
49378;-18.33091;-115.4368;-2629.23
49418;-20.73202;-117.5251;-2628.145
49448;-20.70948;-117.202;-2628.186
49478;-21.59159;-117.8604;-2627.188
49518;-21.9582;-117.949;-2626.415
49568;-22.72243;-117.9923;-2625.648
49578;-23.50828;-119.7261;-2623.819
49628;-24.25088;-122.6274;-2621.383
49658;-24.04596;-123.3092;-2620.651
49678;-24.15927;-123.424;-2619.997
49718;-24.43126;-124.1779;-2618.828
49748;-24.59122;-124.923;-2617.464
49788;-24.41983;-125.2653;-2616.399
49818;-24.22787;-125.744;-2615.154
49858;-23.93801;-126.6745;-2613.504
49888;-23.46857;-126.7899;-2612.883
49918;-22.80632;-126.742;-2612.157
49948;-22.23254;-126.9229;-2611.443
49988;-21.54561;-127.6504;-2611.196
50018;-21.18457;-128.0464;-2611.211
50058;-20.89873;-129.4505;-2610.778
50078;-20.96637;-129.4238;-2610.722
50118;-20.83056;-129.4183;-2610.506
50158;-20.64698;-129.4722;-2610.492
50178;-20.51308;-129.5782;-2610.5
50218;-20.44442;-129.5925;-2610.527
50248;-20.47746;-129.5352;-2610.762
50288;-20.75562;-129.8572;-2610.705
50318;-21.40158;-129.4232;-2610.877
50348;-21.87819;-129.6704;-2610.604
50389;-22.36859;-129.2389;-2610.23
50419;-23.57049;-128.4174;-2610.061
50449;-24.3772;-127.8375;-2609.894
50489;-24.62633;-125.8762;-2610.15
50519;-25.15224;-124.8298;-2610.073
50549;-25.04272;-123.8238;-2610.165
50579;-24.63055;-122.0428;-2610.961
50619;-24.05549;-121.4625;-2611.104
50649;-23.72455;-120.3039;-2611.722
50679;-22.92211;-118.634;-2612.391
50719;-20.99105;-116.1876;-2613.199
50749;-19.94647;-114.7609;-2613.863
50779;-19.56636;-114.2916;-2614.024
50819;-19.4496;-114.1816;-2614.125
50849;-16.83161;-111.2839;-2616.262
50899;-16.02069;-109.9933;-2616.864
50929;-14.13857;-107.9778;-2618.108
50969;-11.52615;-104.0969;-2620.201
50999;-10.64352;-103.0119;-2621.079
51019;-10.77865;-103.1557;-2621.043
51059;-9.954922;-102.7314;-2621.474
51089;-9.395659;-97.10033;-2623.445
51119;-9.583093;-96.12852;-2623.971
51149;-7.956498;-92.4438;-2625.816
51189;-8.169655;-91.88541;-2626.113
51219;-8.211928;-91.73439;-2626.465
51249;-4.710132;-85.24352;-2631.369
51289;-2.920464;-83.39028;-2633.562
51319;-2.307663;-82.05357;-2634.636
51349;-2.465872;-82.39937;-2634.472
51389;-3.822205;-84.06775;-2632.957
51409;-3.779853;-87.80289;-2632.61
51449;-3.281627;-85.67171;-2634.237
51499;-3.83093;-86.28689;-2633.704
51509;-5.790628;-92.1088;-2630.911
51549;-5.602787;-91.94581;-2631.033
51579;-6.678385;-92.86672;-2630.53
51619;-6.921141;-93.27231;-2630.151
51669;-6.721028;-93.39936;-2630.181
51679;-6.588574;-93.48692;-2630.286
51719;-6.714515;-94.01281;-2629.838
51743;-7.40903;-95.11732;-2629.092
51783;-9.438666;-99.36553;-2626.595
51813;-10.14495;-101.2454;-2625.514
51843;-11.76525;-103.4869;-2623.861
51883;-13.38855;-105.5152;-2621.922
51913;-14.59881;-107.1368;-2620.73
51943;-16.37985;-109.6435;-2618.465
51983;-17.35589;-112.17;-2616.802
52013;-18.50068;-114.9537;-2614.32
52043;-19.65829;-117.3229;-2612.649
52083;-20.2891;-118.1124;-2611.994
52113;-20.64578;-119.5678;-2611.316
52153;-21.47379;-120.8303;-2610.914
52183;-21.46972;-121.2562;-2610.523
52213;-21.90477;-121.5979;-2610.2
52253;-22.16969;-121.7197;-2609.909
52283;-23.41269;-123.8306;-2608.155
52313;-24.53172;-124.7199;-2606.439
52353;-24.41235;-124.8404;-2606.123
52383;-24.26386;-125.9973;-2605.264
52413;-24.05145;-125.5071;-2605.018
52453;-23.46828;-126.7459;-2604.767
52483;-22.76827;-129.375;-2604.144
52533;-18.81833;-132.3747;-2605.015
52563;-16.27987;-134.5255;-2607.195
52603;-14.72001;-135.6776;-2608.762
52613;-13.78608;-136.075;-2610.235
52653;-12.52683;-137.1349;-2611.273
52683;-11.63666;-137.6603;-2612.31
52713;-11.44591;-137.8687;-2612.683
52743;-11.47555;-137.9794;-2612.859
52783;-11.79364;-137.9587;-2612.849
52813;-12.11565;-137.9802;-2612.805
52863;-16.41975;-138.1891;-2610.592
52873;-18.27579;-138.2482;-2609.754
52933;-19.9943;-137.9611;-2609.021
52953;-23.72499;-139.7734;-2606.691
52973;-26.11073;-140.764;-2605.104
53013;-27.53488;-141.5517;-2604.754
53063;-28.88158;-141.0917;-2604.627
53073;-30.9107;-141.3375;-2604.37
53133;-33.0896;-143.4135;-2604.036
53163;-33.77161;-143.3598;-2604.095
53193;-36.36434;-143.5177;-2604.016
53213;-37.39729;-142.8672;-2604.093
53243;-39.08154;-141.1274;-2604.426
53303;-39.58923;-140.3224;-2604.738
53303;-40.72722;-137.9791;-2605.571
53343;-41.32795;-136.4518;-2606.321
53393;-41.75941;-134.8864;-2606.979
53413;-41.98427;-131.7211;-2607.824
53443;-41.69059;-130.5851;-2608.374
53493;-40.9126;-128.0426;-2609.731
53533;-39.16829;-126.3732;-2610.241
53543;-38.56322;-125.0813;-2610.684
53583;-35.85733;-122.8757;-2611.339
53613;-32.87816;-119.0525;-2612.257
53643;-31.73845;-116.8296;-2612.894
53683;-31.73832;-115.4725;-2613.356
53713;-30.77448;-112.3554;-2614.334
53763;-29.12479;-110.4406;-2614.982
53793;-28.33941;-109.0611;-2615.168
53833;-27.27686;-106.6149;-2615.605
53853;-23.91563;-101.0395;-2617.451
53893;-23.40308;-100.5405;-2617.762
53923;-23.04835;-98.87358;-2618.644
53953;-21.0343;-93.69471;-2621.901
53993;-22.15319;-91.29504;-2623.414
54023;-22.26603;-89.39439;-2625.015
54063;-18.21204;-86.50281;-2628.804
54073;-18.17461;-81.97542;-2630.279
54113;-13.96386;-65.29932;-2633.886
54163;-13.76777;-62.95562;-2633.999
54183;-15.51636;-66.74731;-2633.508
54233;-19.646;-65.76875;-2632.493
54243;-20.13499;-55.65424;-2636.332
54283;-22.54504;-60.03239;-2636.043
54333;6.198318;-37.58854;-2648.553
54353;-7.392582;-53.94495;-2641.312
54383;9.050976;-11.54058;-2646.152
54424;-5.551257;-37.70955;-2644.25
54454;-7.742216;-40.43984;-2643.946
54484;-6.468599;-39.07621;-2645.536
54514;1.738286;-30.70701;-2649.461
54554;4.784149;-27.42475;-2651.254
54584;-2.048944;-28.45122;-2651.474
54614;-1.977975;-27.06749;-2651.612
54654;25.16636;-34.75799;-2671.999
54704;28.82845;-35.06721;-2675.008
54714;26.15278;-40.25493;-2672.336
54754;-30.70984;-73.75346;-2637.924
54784;-27.13609;-79.84699;-2635.375
54814;-27.39015;-80.12204;-2635.254
54854;-26.94382;-80.74996;-2634.995
54884;-27.46707;-83.05645;-2633.671
54934;-27.6897;-88.74195;-2631.349
54944;-28.6354;-93.48524;-2628.927
55004;-32.83818;-100.3444;-2624.882
55014;-33.72615;-103.04;-2623.806
55054;-34.39688;-105.7433;-2622.412
55104;-36.24401;-111.2003;-2620.215
55134;-37.14116;-113.606;-2618.556
55144;-37.90158;-115.6148;-2617.745
55174;-38.73782;-117.6115;-2616.738
55214;-39.25395;-118.9622;-2616.09
55254;-40.023;-122.006;-2615.188
55284;-39.4985;-124.8138;-2615.013
55314;-38.97901;-126.9698;-2614.456
55344;-38.98178;-127.1393;-2614.298
55384;-39.01389;-127.9767;-2613.664
55414;-39.00539;-128.3228;-2613.374
55444;-38.95764;-129.1099;-2612.919
55484;-38.637;-129.2569;-2612.663
55514;-38.22843;-130.2997;-2612.003
55544;-37.64804;-130.9429;-2611.76
55584;-36.89839;-131.2069;-2611.888
55614;-34.62745;-134.7975;-2611.369
55654;-27.89086;-137.6013;-2613.358
55684;-26.60674;-138.1848;-2614.049
55714;-21.43305;-138.6123;-2617.808
55754;-18.60452;-138.8963;-2619.762
55774;-17.50624;-139.0965;-2620.474
55814;-15.08615;-138.2537;-2622.831
55854;-15.0827;-138.4001;-2622.808
55884;-14.70671;-138.6168;-2623.183
55934;-14.72272;-138.7254;-2623.089
55944;-14.86293;-139.274;-2622.655
55984;-15.41655;-139.5742;-2621.709
56014;-18.92922;-140.7315;-2618.198
56054;-21.04828;-140.8492;-2616.469
56094;-23.43679;-141.1085;-2615.058
56114;-24.91303;-140.1799;-2614.092
56154;-27.13424;-140.43;-2612.822
56184;-30.36557;-140.9;-2611.39
56234;-30.98442;-141.072;-2611.071
56264;-32.61911;-140.9828;-2610.56
56284;-35.32486;-142.1308;-2610.273
56314;-36.53217;-141.3463;-2610.038
56344;-38.1;-140.3135;-2609.729
56384;-38.4663;-139.8659;-2609.858
56434;-39.37061;-138.6537;-2610.031
56444;-41.05348;-134.6654;-2610.838
56494;-41.18;-133.3372;-2611.008
56534;-41.32618;-132.3025;-2611.311
56554;-41.34943;-131.6748;-2611.69
56584;-41.24874;-131.0354;-2612.14
56624;-39.99883;-128.6499;-2613.298
56664;-38.06863;-125.9084;-2614.351
56694;-37.81135;-125.2856;-2614.758
56724;-36.5458;-122.8286;-2615.164
56766;-36.18919;-121.3382;-2615.555
56796;-35.22753;-120.1135;-2615.899
56826;-32.68266;-116.0588;-2616.56
56856;-31.25139;-112.9755;-2617.104
56896;-29.00899;-109.0084;-2618.133
56926;-28.35017;-108.4452;-2618.097
56956;-25.76297;-105.6643;-2619.119
56996;-25.06613;-103.8854;-2619.885
57016;-23.78897;-101.9099;-2621.122
57046;-18.92295;-88.39366;-2628.068
57086;-18.65694;-88.18606;-2628.26
57116;-18.62299;-87.07877;-2629.233
57146;-18.8982;-87.07755;-2629.506
57186;-17.86396;-81.85889;-2630.524
57216;-17.49108;-70.71643;-2636.233
57246;-17.64131;-64.35809;-2638.021
57276;-18.59867;-54.39432;-2642.65
57336;-19.24406;-50.34635;-2643.095
57366;-15.18395;-34.45853;-2645.108
57386;-13.871;-52.69414;-2643.369
57436;-14.87388;-54.93113;-2644.725
57446;-10.9098;-53.08817;-2646.106
57486;-9.683905;-44.97558;-2645.148
57516;-5.692047;-26.63696;-2648.161
57546;-9.70947;-45.867;-2648.989
57586;-11.68912;-52.13162;-2649.215
57616;-9.081908;-49.16597;-2650.182
57646;-9.883741;-47.52954;-2650.488
57686;-9.333832;-49.37013;-2650.191
57736;-13.91206;-40.27277;-2649.609
57756;-15.6101;-47.26599;-2646.546
57786;-13.77235;-48.7626;-2646.457
57816;-13.05217;-72.53609;-2640.583
57846;-14.55273;-74.87589;-2639.098
57886;-14.53116;-75.9379;-2638.323
57916;-18.27393;-93.19984;-2630.438
57946;-18.32377;-93.16814;-2630.373
57986;-19.10572;-97.54655;-2628.167
58036;-19.64938;-98.12951;-2627.904
58066;-20.34425;-101.9438;-2626.673
58076;-20.59571;-102.3302;-2626.564
58116;-20.70829;-103.3326;-2625.988
58146;-20.97995;-105.0984;-2625.339
58186;-20.79194;-107.1834;-2624.198
58216;-22.18812;-108.8384;-2623.398
58246;-23.16141;-109.9332;-2622.901
58286;-23.92018;-111.1124;-2622.358
58316;-25.56118;-113.9762;-2621.554
58346;-25.81643;-115.3857;-2620.909
58386;-26.03246;-115.7574;-2620.746
58416;-26.51574;-116.6475;-2619.935
58446;-27.20936;-117.907;-2619.242
58496;-27.79739;-118.5424;-2618.51
58516;-29.67871;-120.3973;-2616.708
58546;-29.46139;-122.4065;-2615.314
58596;-29.05647;-122.4634;-2615.067
58616;-28.87366;-122.5061;-2614.89
58646;-28.32502;-124.0732;-2614.191
58676;-27.76006;-125.8156;-2613.679
58716;-27.90166;-126.566;-2613.353
58746;-28.1849;-127.5325;-2612.86
58776;-28.36626;-127.73;-2612.748
58816;-28.30989;-127.5618;-2612.54
58846;-28.72358;-127.5857;-2612.035
58896;-28.82985;-127.6701;-2611.599
58926;-28.79282;-128.0087;-2611.421
58966;-27.65247;-129.8734;-2611.076
58986;-26.91986;-131.6669;-2610.081
59006;-24.77757;-132.7208;-2609.691
59046;-23.57042;-134.265;-2609.077
59096;-21.11003;-135.3148;-2609.632
59126;-14.51984;-137.2608;-2612.185
59156;-12.80614;-137.7892;-2613.066
59196;-10.61499;-137.5879;-2614.684
59206;-8.949678;-137.563;-2615.873
59266;-8.680934;-138.6247;-2615.739
59286;-8.352432;-138.9458;-2615.741
59306;-13.07276;-139.4321;-2612.329
59346;-14.34555;-139.7463;-2611.246
59396;-16.19383;-139.1383;-2610.688
59406;-17.85431;-138.4448;-2610.175
59446;-20.15483;-137.1181;-2610.057
59496;-20.82392;-137.0729;-2609.842
59526;-22.52726;-137.3038;-2609.381
59566;-23.65664;-136.969;-2609.201
59586;-25.16118;-138.2192;-2609.065
59616;-27.11877;-138.5019;-2609.027
59656;-29.62259;-138.0609;-2609.23
59696;-31.62984;-138.1289;-2609.67
59706;-34.33005;-136.6031;-2610.549
59746;-34.86046;-136.4817;-2610.855
59796;-34.91498;-136.6459;-2610.89
59826;-35.22516;-136.2089;-2611.234
59846;-35.36516;-135.6847;-2612.357
59896;-35.72185;-134.1936;-2613.71
59906;-36.11561;-132.2917;-2615.562
59946;-36.74796;-130.8664;-2616.581
59986;-35.94355;-129.3296;-2617.814
60036;-34.5764;-127.5567;-2619.714
60066;-33.51266;-126.1336;-2620.76
60076;-32.18923;-124.302;-2622.351
60136;-32.22075;-123.9214;-2622.67
60146;-31.98815;-123.1884;-2622.838
60186;-30.75844;-121.4362;-2623.437
60236;-30.21359;-120.2561;-2624.001
60256;-29.02703;-118.0221;-2624.404
60276;-26.36742;-114.8974;-2625.264
60336;-26.12674;-113.9652;-2625.369
60346;-25.49088;-113.0855;-2625.455
60386;-25.33182;-112.5855;-2625.541
60436;-24.07074;-110.3116;-2626.654
60456;-23.69255;-109.205;-2626.888
60486;-22.00601;-105.3888;-2629.097
60516;-22.00967;-103.1497;-2630.522
60546;-19.45227;-95.62164;-2635.517
60586;-18.09883;-91.19447;-2637.978
60616;-17.32738;-89.29158;-2639.15
60646;-18.64877;-86.40298;-2641.613
60686;-17.25985;-85.34872;-2642.557
60716;-13.01749;-75.85125;-2645.877
60766;-12.62741;-72.88742;-2645.689
60776;0.9749671;-56.20121;-2658.596
60836;1.90639;-55.53075;-2659.004
60866;13.38184;-44.30797;-2668.982
60876;13.13208;-44.57953;-2668.208
60936;29.67108;-30.4699;-2675.544
60946;30.79497;-28.89517;-2677.674
60986;30.86966;-28.71219;-2677.755
61016;25.48015;-43.19096;-2669.262
61046;23.82499;-46.36128;-2669.317
61076;5.480062;-59.08846;-2656.933
61116;-4.729659;-73.94344;-2648.613
61146;-11.82579;-88.20547;-2638.288
61176;-12.28907;-86.82603;-2638.222
61216;-12.99211;-87.73528;-2637.684
61246;-12.92531;-87.47109;-2637.794
61296;-17.10198;-91.74372;-2634.264
61306;-17.96299;-94.78595;-2631.537
61366;-18.33916;-94.99593;-2631.402
61396;-20.39392;-98.25974;-2629.803
61406;-21.13261;-100.2694;-2629.064
61446;-21.94805;-102.7467;-2627.77
61476;-23.65337;-107.4721;-2625.322
61516;-25.65712;-109.9026;-2624.497
61546;-27.34502;-112.1598;-2623.178
61596;-28.24159;-113.3385;-2622.369
61626;-28.39884;-114.262;-2622.094
61646;-29.29655;-115.5574;-2621.048
61696;-30.68388;-116.6772;-2620.203
61726;-32.03775;-119.6559;-2618.497
61746;-33.76724;-123.0668;-2616.153
61799;-34.37846;-124.4549;-2614.776
61809;-35.09682;-125.4203;-2613.458
61849;-34.92281;-126.7988;-2612.621
61879;-34.46532;-127.3092;-2612.315
61929;-34.36887;-128.2732;-2611.656
61959;-32.98106;-129.6945;-2611.425
61999;-31.75125;-130.7042;-2610.931
62029;-31.10326;-131.3325;-2610.125
62049;-29.49819;-132.2456;-2609.27
62099;-28.65441;-132.6564;-2608.801
62139;-25.20388;-133.5825;-2609.174
62149;-23.02812;-131.2033;-2610.365
62189;-21.93866;-131.5723;-2610.097
62219;-20.47391;-132.6624;-2609.428
62259;-16.4178;-134.637;-2610.224
62289;-12.91533;-136.4696;-2611.688
62319;-10.2164;-137.9666;-2612.684
62359;-8.470597;-137.6958;-2613.595
62389;-6.963323;-136.9119;-2614.969
62419;-5.04043;-136.2146;-2616.065
62459;-4.325394;-136.0278;-2616.713
62489;-4.110897;-136.2604;-2617.057
62519;-3.942844;-136.3893;-2617.179
62549;-3.827797;-136.4526;-2617.184
62589;-3.809195;-136.5935;-2617.234
62619;-4.040826;-138.2369;-2617.289
62649;-4.193477;-138.0281;-2617.364
62689;-4.162122;-137.9649;-2617.449
62719;-4.397456;-138.0298;-2617.528
62749;-4.602065;-138.0709;-2617.54
62789;-6.554366;-138.7199;-2616.818
62809;-13.82397;-140.2423;-2614.624
62849;-15.85029;-139.4629;-2614.429
62889;-18.96811;-138.6357;-2614.237
62919;-21.28309;-138.4854;-2614.038
62949;-23.47458;-138.4321;-2613.695
62979;-24.9504;-137.4074;-2614.024
63019;-26.79724;-138.1573;-2614.375
63049;-29.35116;-137.7785;-2615.104
63079;-31.11963;-137.9987;-2615.296
63119;-31.40427;-138.07;-2615.649
63149;-32.57805;-137.4753;-2615.993
63179;-34.34705;-136.51;-2616.306
63219;-35.46558;-134.9337;-2616.865
63249;-36.5522;-133.7971;-2617.265
63279;-36.87125;-133.34;-2617.453
63319;-37.05101;-129.8564;-2619.201
63349;-36.32833;-128.7323;-2620.414
63389;-34.95277;-126.2973;-2621.885
63419;-33.30504;-123.7034;-2622.771
63449;-31.85953;-121.3355;-2623.5
63489;-31.30869;-119.3838;-2624.029
63509;-29.32649;-115.2631;-2624.783
63549;-28.37436;-113.3679;-2625.642
63579;-27.56928;-111.5444;-2625.781
63639;-26.86357;-110.4502;-2626.307
63659;-25.53726;-108.8273;-2627.059
63699;-25.32496;-107.0037;-2627.327
63729;-23.43429;-96.75255;-2630.87
63749;-20.976;-83.64407;-2634.954
63789;-21.0193;-81.93243;-2635.878
63819;-21.15166;-81.13639;-2636.745
63849;-22.04062;-81.52235;-2637.075
63879;-22.33832;-79.88845;-2637.586
63919;-21.25903;-72.00868;-2637.469
63949;-20.10066;-65.37731;-2640.145
63999;-26.69758;-13.40922;-2656.015
64029;-13.43556;-33.4829;-2652.207
64049;-16.4436;-34.84526;-2649.569
64079;-13.98018;-35.88521;-2649.106
64119;-14.51068;-35.77306;-2648.255
64149;-19.28114;-51.71806;-2646.058
64199;-11.30746;-41.3856;-2650.449
64229;-9.765527;-41.05518;-2650.719
64259;-19.41005;-33.33144;-2647.551
64289;-19.19668;-32.96967;-2647.696
64329;-16.81389;-39.11453;-2645.119
64359;-18.52701;-41.37065;-2642.669
64389;-14.38145;-35.30475;-2645.868
64429;-8.201304;-56.11368;-2643.561
64459;-16.16045;-64.92469;-2641.068
64499;-19.13074;-74.28313;-2634.292
64529;-19.40343;-74.946;-2633.576
64559;-23.06761;-85.10753;-2630.752
64599;-24.93672;-89.79858;-2628.827
64629;-24.54311;-91.42004;-2628.903
64659;-24.96689;-92.11224;-2628.964
64689;-25.50133;-93.59288;-2628.552
64729;-27.15879;-97.59958;-2626.522
64759;-28.8572;-101.3902;-2625.164
64789;-30.59706;-104.8589;-2623.934
64819;-31.47509;-107.9013;-2622.785
64859;-32.4104;-110.2065;-2622.146
64889;-34.02474;-111.8216;-2621.415
64929;-35.57818;-114.8247;-2620.175
64959;-36.30284;-116.5267;-2620.004
64989;-36.77568;-117.009;-2619.768
65029;-37.55643;-119.1195;-2618.446
65059;-38.52305;-123.1774;-2616.235
65089;-39.88083;-126.2011;-2614.419
65129;-40.50249;-126.7663;-2613.377
65159;-40.85107;-127.4801;-2612.76
65189;-41.29995;-128.3275;-2611.955
65219;-41.38439;-128.5254;-2611.714
65259;-41.27784;-128.304;-2611.692
65289;-40.84327;-128.5637;-2611.598
65329;-40.19977;-129.829;-2611.161
65349;-39.39641;-130.7708;-2610.951
65389;-36.0024;-132.4062;-2610.741
65419;-34.26143;-134.3666;-2610.424
65449;-27.78259;-135.742;-2612.432
65479;-25.65885;-136.0257;-2613.38
65519;-23.67203;-135.9365;-2614.399
65549;-22.72912;-135.9621;-2614.94
65589;-22.43982;-136.2385;-2615.058
65619;-21.96013;-136.0299;-2615.313
65659;-21.84727;-136.194;-2615.293
65689;-21.58591;-136.3574;-2615.423
65719;-21.44093;-136.4314;-2615.312
65759;-22.65996;-137.5543;-2614.317
65789;-22.65589;-137.5072;-2614.298
65819;-22.30874;-137.5322;-2614.451
65859;-22.78436;-137.2978;-2614.061
65889;-23.29793;-136.9487;-2613.463
65919;-22.92349;-136.8311;-2613.531
65959;-23.12794;-136.6877;-2613.208
65979;-23.20022;-136.6153;-2613.08
66019;-24.61365;-137.1845;-2612.092
66049;-24.48456;-137.0172;-2612.068
66089;-24.87635;-137.0627;-2611.683
66119;-25.02352;-136.9631;-2611.226
66159;-25.36309;-137.2614;-2610.817
66189;-25.28081;-136.9046;-2610.745
66219;-25.29732;-137.1123;-2610.532
66249;-25.60886;-137.0584;-2610.287
66289;-25.82066;-137.0385;-2609.999
66319;-26.32697;-137.1643;-2609.246
66349;-26.30716;-137.0533;-2609.208
66389;-26.66539;-137.4557;-2609.025
66420;-26.55056;-137.356;-2609.02
66450;-26.41593;-137.5899;-2609.011
66490;-26.10993;-137.9858;-2609.158
66520;-25.8605;-137.5883;-2609.388
66550;-25.71303;-137.4952;-2609.437
66580;-25.5959;-137.4707;-2609.46
66620;-25.48002;-137.5155;-2609.575
66650;-24.99431;-137.2682;-2610.023
66700;-24.5272;-136.8653;-2610.42
66710;-24.06202;-136.8167;-2610.741
66750;-23.6679;-136.7435;-2610.735
66800;-23.64203;-136.6913;-2610.755
66832;-23.49191;-136.5459;-2610.808
66842;-22.8683;-136.403;-2611.335
66902;-22.70283;-136.374;-2611.432
66922;-22.59371;-136.2071;-2611.544
66942;-22.56898;-136.2144;-2611.55
66982;-22.55811;-136.2067;-2611.557
67012;-22.60965;-136.224;-2611.546
67052;-22.69404;-136.3356;-2611.476
67082;-22.62255;-136.4765;-2611.478
67132;-22.54984;-136.9104;-2611.109
67152;-22.57977;-136.5871;-2611.084
67182;-22.48511;-136.2588;-2611.183
67232;-22.19813;-136.239;-2611.444
67252;-22.02937;-136.0152;-2611.66
67282;-21.65789;-136.0752;-2611.826
67312;-21.20844;-135.7439;-2612.165
67362;-21.20374;-135.7394;-2612.158
67392;-20.95654;-135.8408;-2612.047
67432;-20.97832;-135.8664;-2612.041
67462;-20.82393;-136.1363;-2612.157
67502;-18.34655;-136.093;-2613.714
67512;-18.21012;-136.036;-2613.612
67562;-18.03492;-136.2168;-2613.473
67592;-17.90445;-136.2193;-2613.515
67632;-17.92909;-136.4022;-2613.482
67662;-17.59513;-135.9246;-2613.939
67692;-17.438;-135.8383;-2614.05
67732;-17.27537;-135.8205;-2614.142
67762;-16.65446;-135.5571;-2614.573
67792;-16.49294;-135.852;-2614.69
67832;-16.22578;-136.0356;-2614.813
67862;-15.95938;-136.0383;-2614.895
67892;-15.73519;-136.0773;-2614.966
67932;-15.46965;-135.9599;-2615.147
67962;-15.58832;-135.7534;-2615.246
67992;-16.01564;-135.0019;-2615.166
68022;-16.14137;-134.6399;-2615.22
68062;-16.17866;-134.4251;-2615.029
68092;-15.26809;-134.3288;-2614.96
68122;-14.86262;-134.2098;-2614.729
68162;-14.77698;-134.597;-2613.943
68192;-14.54202;-134.5993;-2613.926
68222;-14.83053;-134.0283;-2613.774
68262;-15.45677;-133.8089;-2613.437
68292;-15.64126;-133.7468;-2613.265
68322;-16.01867;-133.6911;-2613.167
68362;-16.39469;-133.8677;-2612.803
68392;-16.60719;-133.7413;-2612.727
68422;-17.17128;-133.6435;-2612.413
68462;-17.07124;-133.0521;-2612.187
68482;-17.40479;-133.1947;-2611.479
68522;-15.72968;-132.2158;-2610.665
68552;-11.42641;-129.6242;-2610.81
68592;-7.539609;-128.3633;-2610.067
68622;-0.9892406;-125.9497;-2609.565
68662;4.97886;-123.2959;-2610.993
68692;18.3469;-118.2193;-2618.229
68722;28.53084;-114.4354;-2622.342
68752;36.97677;-113.0097;-2624.386
68792;49.21668;-111.0533;-2626.169
68822;68.74888;-108.3636;-2630.304
68852;82.64857;-108.1004;-2632.566
68892;90.46597;-108.278;-2633.812
68922;98.72682;-107.7557;-2634.455
68972;114.3566;-104.7116;-2635.054
68982;123.3212;-103.8686;-2635.865
69022;135.5979;-101.1464;-2637.848
69052;144.1713;-99.31722;-2640.26
69102;146.6693;-98.36803;-2640.122
69112;148.7777;-98.6424;-2639.037
69152;151.0953;-99.67332;-2637.711
69182;154.9326;-100.4546;-2637.124
69222;156.378;-101.0008;-2636.566
69252;156.7931;-101.1982;-2636.19
69282;158.4763;-100.4735;-2636.057
69322;162.2738;-100.0442;-2636.705
69352;163.7941;-98.9584;-2637.084
69382;165.776;-97.67262;-2638.279
69423;166.2883;-97.02621;-2638.696
69473;167.4108;-95.94588;-2639.596
69483;167.334;-96.66904;-2639.657
69513;167.282;-98.7673;-2639.266
69553;167.6218;-98.54765;-2639.438
69583;169.4682;-98.35038;-2640.425
69613;172.3378;-99.57468;-2640.854
69653;178.8793;-100.4955;-2641.572
69683;186.0223;-103.1238;-2641.525
69723;193.379;-103.6651;-2640.941
69753;207.223;-104.3814;-2640.32
69803;219.9586;-109.7215;-2635.265
69813;232.9635;-112.7376;-2629.646
69853;251.4396;-116.5942;-2623.798
69903;274.9681;-119.7165;-2620.647
69913;293.4416;-119.2368;-2616.346
69953;321.5338;-121.5298;-2611.17
69983;347.1076;-121.9024;-2605.693
70013;377.7421;-126.0154;-2600.497
70053;404.6934;-118.8912;-2600.198
70083;421.7679;-113.8303;-2596.394
70123;448.9457;-106.9682;-2592.551
70153;473.321;-97.40186;-2592.698
70183;494.2076;-91.90226;-2589.086
70213;525.461;-81.17833;-2590.173
70253;556.2078;-70.21755;-2591.25
70303;568.4377;-64.08557;-2590.213
70323;589.3749;-56.26898;-2589.057
70363;597.2371;-54.64757;-2586.611
70383;613.6635;-47.42134;-2584.529
70413;631.5364;-33.08232;-2583.654
70453;647.0683;-17.47791;-2586.31
70483;660.4232;-7.030765;-2589.997
70533;671.8362;-1.811881;-2592.095
