
0;-311.673;126.1863;-2648.809
30;-311.4947;125.8946;-2649.221
50;-310.9794;124.9598;-2649.151
90;-310.4492;124.7125;-2648.909
130;-309.2169;123.9778;-2647.947
150;-307.971;123.3944;-2647.006
180;-306.1464;122.4587;-2645.455
220;-301.2654;121.6978;-2644.844
250;-302.5758;120.7058;-2638.625
300;-301.1972;120.9897;-2637.757
320;-300.0527;121.3308;-2636.08
340;-298.7186;120.5522;-2631.11
380;-297.5569;120.4454;-2625.882
410;-297.0509;119.7384;-2620.533
450;-297.6468;118.3744;-2611.904
500;-297.5999;119.2374;-2607.963
520;-298.3592;119.7276;-2605.225
540;-298.5497;120.4854;-2602.94
580;-298.8671;120.3752;-2600.222
610;-298.6398;120.7485;-2598.88
650;-299.2905;119.9461;-2596.574
680;-298.8091;119.7373;-2595.132
710;-297.7443;119.3274;-2593.91
750;-297.1624;119.4201;-2593.193
780;-295.1956;119.2492;-2591.251
810;-293.7876;118.5881;-2589.549
850;-291.9205;118.9784;-2588.599
880;-288.7906;119.2295;-2587.499
910;-281.226;120.5896;-2588.291
950;-274.7124;120.3766;-2588.946
980;-267.4951;119.4853;-2589.632
1010;-257.7061;118.458;-2589.894
1050;-249.4704;116.9572;-2590.724
1090;-234.3876;114.6193;-2593.904
1110;-218.4312;113.4365;-2595.988
1140;-203.2139;115.2252;-2599.619
1180;-185.3245;110.7989;-2600.659
1210;-169.457;110.0972;-2604.547
1240;-150.5706;108.2642;-2606.869
1280;-132.7433;104.9286;-2609.355
1310;-111.9849;103.1263;-2614.788
1360;-83.8063;100.1876;-2616.876
1370;-61.95872;103.3099;-2620.403
1410;-29.43355;98.11723;-2622.755
1443;-5.718979;92.57121;-2619.13
1475;23.37826;95.80505;-2625.356
1505;47.87143;94.41747;-2626.172
1545;78.769;93.24236;-2634.745
1585;98.74665;89.46022;-2634.476
1615;125.5561;86.9117;-2636.769
1645;135.4427;87.05342;-2636.163
1685;161.0498;86.27506;-2635.112
1715;174.493;86.0541;-2632.797
1745;186.0797;87.75484;-2628.487
1785;193.8566;90.117;-2625.296
1815;200.5422;91.38991;-2621.655
1845;212.7527;91.12074;-2619.422
1875;221.2634;89.64037;-2615.555
1915;223.441;90.13477;-2615.368
1955;225.1133;90.44809;-2615.267
1985;226.952;90.25966;-2615.94
2025;227.7858;91.03171;-2617.265
2045;228.1064;90.99185;-2618.054
2085;228.0122;91.21078;-2619.462
2125;228.07;91.50311;-2621.679
2155;225.822;93.61816;-2624.688
2185;225.5974;94.09128;-2628.417
2225;223.7429;95.80578;-2630.454
2245;221.9567;95.49078;-2630.481
2285;220.9368;95.557;-2631.103
2325;219.2437;95.77435;-2631.289
2345;218.426;95.8462;-2632.685
2375;217.1041;94.68598;-2633.503
2415;216.7456;94.68617;-2634.132
2455;215.9284;94.60675;-2634.616
2475;215.4215;95.34541;-2635.974
2525;214.6756;95.66732;-2637.031
2555;214.4702;95.32012;-2637.214
2575;214.1225;95.76684;-2637.391
2625;214.0516;95.85968;-2637.414
2655;213.948;95.9253;-2637.491
2675;213.6246;95.57791;-2637.213
2715;213.4968;95.59354;-2637.293
2745;213.4894;95.88475;-2637.793
2775;213.2531;95.87978;-2637.842
2825;213.3082;96.12948;-2638.164
2845;213.1941;96.55301;-2638.646
2875;213.2265;96.45529;-2638.808
2915;213.0183;96.24089;-2638.845
2935;213.2163;95.99958;-2638.865
2975;213.3007;95.94135;-2638.816
3005;213.5203;95.44627;-2638.33
3045;213.8545;95.3285;-2638.052
3075;213.9328;95.21838;-2638.036
3105;214.752;95.52714;-2638.417
3145;215.621;95.6559;-2638.379
3175;216.3658;95.69878;-2638.428
3205;216.8451;96.11803;-2638.06
3245;217.2648;95.96229;-2637.462
3295;218.3728;94.44551;-2636.824
3315;218.8628;94.51041;-2636.796
3345;219.5264;94.42829;-2636.407
3385;220.8285;93.95795;-2636.504
3415;222.2572;94.2723;-2636.851
3445;222.7413;94.21399;-2636.949
3475;224.3533;93.48499;-2637.573
3515;225.8829;93.39464;-2639.069
3545;226.7213;93.14974;-2639.428
3585;227.7912;92.87906;-2639.606
3615;229.8152;91.85397;-2639.924
3655;230.2561;92.225;-2640.479
3675;230.142;92.09267;-2640.564
3715;228.8015;92.85368;-2640.362
3755;227.4332;94.05769;-2640.402
3775;226.5673;94.86388;-2640.369
3805;225.5711;97.61926;-2642.968
3855;223.9837;98.22576;-2643.272
3895;223.1645;98.58268;-2643.847
3915;221.3716;98.53297;-2645.119
3935;220.2842;99.8206;-2647.579
3995;219.6945;100.3579;-2649.141
4015;219.1232;103.2402;-2655.859
4055;219.0123;103.7523;-2657.548
4075;217.7619;103.0947;-2658.025
4125;216.5573;103.3738;-2658.999
4155;212.8852;103.8399;-2659.933
4175;211.6765;106.1241;-2662.628
4225;209.6566;104.8674;-2661.113
4255;209.6549;104.8668;-2661.112
4265;221.7665;111.3707;-2679.053
4315;215.3666;100.732;-2667.954
4355;215.48;100.5979;-2667.849
4375;216.5817;100.8067;-2668.376
4425;218.3934;100.8486;-2670.614
4465;221.2509;99.39267;-2672.707
4475;221.8763;100.975;-2674.99
4515;221.5268;98.74101;-2673.878
4565;227.2507;104.028;-2685.38
4575;226.0744;103.5906;-2684.064
4615;222.9144;102.9049;-2681.931
4645;221.9866;102.3578;-2680.847
4675;218.5016;98.84207;-2676.025
4725;215.9549;98.99708;-2674.973
4735;213.4086;100.7197;-2674.244
4795;212.3033;101.5611;-2674.156
4805;212.3272;101.1097;-2673.768
4865;211.3698;101.238;-2673.456
4895;211.5314;101.3887;-2673.305
4925;211.3677;100.891;-2673.015
4945;211.3656;100.8978;-2672.981
4975;211.3266;101.091;-2672.602
5015;211.0563;100.6558;-2671.43
5045;211.4456;98.51067;-2669.687
5085;211.4998;98.94547;-2669.269
5115;212.2639;99.23035;-2669.158
5135;213.8527;98.81128;-2667.665
5185;216.3873;99.43662;-2666.699
5205;216.9157;99.29769;-2666.487
5256;217.6745;98.13475;-2665.225
5276;217.903;98.15578;-2664.889
5326;218.4103;96.69501;-2663.993
5356;218.1698;96.23891;-2663.305
5396;217.6562;95.5761;-2662.765
5406;216.8779;94.0303;-2662.478
5446;216.3468;93.2903;-2662.367
5496;214.676;94.01454;-2662.757
5516;211.5199;93.94753;-2663.274
5546;208.7706;94.24741;-2663.015
5586;208.7194;94.48807;-2663.431
5616;207.1926;94.12628;-2662.967
5646;206.1907;93.98276;-2663.073
5696;204.8145;93.96187;-2663.107
5716;203.8741;94.80682;-2664.393
5746;203.3829;94.91035;-2664.601
5776;203.0707;95.45835;-2664.612
5816;201.5601;94.93414;-2663.6
5846;200.1637;95.51264;-2663.455
5886;199.2815;95.55013;-2662.933
5906;197.7163;94.74744;-2661.701
5946;196.1149;95.16735;-2661.74
5986;195.2644;95.67326;-2661.735
6016;193.509;96.12882;-2661.932
6046;193.131;96.1089;-2661.975
6076;191.7389;96.51009;-2662.05
6116;191.528;96.58237;-2662.204
6166;191.6839;96.47672;-2662.052
6176;191.8747;96.47255;-2662.004
6216;191.9379;96.4074;-2662.086
6246;192.1407;96.38629;-2662.313
6296;192.6716;96.48753;-2662.443
6326;193.4722;96.21584;-2662.26
6346;195.3665;96.31023;-2662.77
6376;198.5801;97.0024;-2662.955
6416;199.275;97.459;-2662.845
6446;202.4666;97.04682;-2662.865
6478;204.3969;97.15166;-2662.521
6508;205.3714;97.51642;-2662.175
6548;206.5242;98.06827;-2661.692
6578;206.9362;98.3991;-2660.859
6608;208.6191;98.84286;-2660.337
6648;210.5401;97.83219;-2659.381
6678;211.1416;97.18761;-2657.596
6708;211.4922;97.03397;-2656.753
6748;212.8167;96.63083;-2655.6
6768;213.2151;96.72131;-2655.375
6828;213.6564;97.12327;-2655.246
6838;214.7849;97.38101;-2655.104
6878;215.3886;97.96241;-2654.736
6908;215.8873;98.12002;-2654.845
6958;216.0192;98.45113;-2654.942
6978;216.2771;99.17094;-2655.188
7028;216.2103;99.67691;-2655.06
7048;216.2186;99.68813;-2655.07
7078;216.321;99.91173;-2655.539
7118;216.1926;100.0573;-2655.723
7138;216.4697;100.0245;-2656.383
7178;216.7048;100.409;-2657.887
7218;216.8497;100.4915;-2658.599
7248;217.8937;100.7999;-2660.246
7278;217.5556;102.1446;-2662.922
7308;217.7004;102.4173;-2663.497
7348;217.1603;103.1142;-2664.047
7398;217.6606;102.9033;-2664.493
7408;217.1532;103.4204;-2665.298
7448;217.1962;102.9545;-2665.634
7478;216.1634;101.9601;-2666.204
7528;213.2251;99.58393;-2666.103
7548;212.5432;103.3805;-2669.365
7578;212.5205;103.345;-2669.345
7608;212.4783;102.2291;-2669.278
7648;212.9594;101.5408;-2669.338
7678;214.1912;104.3619;-2669.939
7708;218.8985;103.888;-2671.357
7748;221.5511;98.74242;-2669.624
7778;222.7125;100.0104;-2670.569
7818;222.6478;98.93163;-2670.233
7848;222.5385;98.82113;-2671.899
7888;222.4954;98.85591;-2672.019
7908;221.7814;98.83829;-2671.244
7948;220.2311;98.42593;-2670.496
7988;219.214;98.34559;-2670.453
8018;218.9771;98.17936;-2670.502
8048;218.2374;98.2886;-2670.092
8078;216.8703;100.1701;-2671.665
8118;216.3555;101.1102;-2672.648
8148;215.1612;101.1978;-2672.792
8188;214.1514;99.99165;-2672.371
8208;213.8222;100.3876;-2672.667
8248;213.7694;100.3625;-2672.915
8278;213.9032;100.6069;-2673.391
8318;213.6257;100.7409;-2673.593
8348;213.1785;100.2153;-2673.35
8378;211.9056;100.9471;-2673.931
8418;211.4274;101.1502;-2674.018
8448;210.7404;101.5864;-2674.481
8478;210.5679;101.8251;-2674.505
8508;210.3712;101.5513;-2674.511
8548;210.2515;101.5442;-2674.461
8588;210.3196;102.1595;-2675.19
8628;210.6921;101.5255;-2675.323
8648;211.1628;100.366;-2676.269
8688;211.3479;98.64728;-2676.13
8718;210.9083;95.60547;-2674.949
8758;210.9263;95.3717;-2675.043
8778;210.8488;95.34698;-2674.997
8818;210.8343;95.01936;-2674.846
8848;210.5369;94.93339;-2674.572
8878;210.3653;95.24352;-2674.547
8908;210.2446;95.52654;-2674.417
8948;210.0023;95.70112;-2674.707
8978;209.8976;95.7894;-2674.783
9008;209.2645;96.04453;-2675.379
9058;208.673;96.22391;-2675.565
9078;206.4129;96.67695;-2674.882
9128;204.4137;96.08839;-2674.074
9138;203.4637;96.26632;-2673.432
9178;200.9809;96.33533;-2671.928
9208;199.9959;96.03861;-2671.063
9248;199.547;96.12975;-2670.743
9278;198.5755;96.24443;-2669.846
9308;197.6646;95.99706;-2668.621
9338;197.4027;96.22386;-2668.25
9378;196.685;95.98671;-2666.387
9408;196.2875;95.72592;-2664.516
9458;194.8969;95.94204;-2662.384
9498;195.3541;96.07052;-2662.415
9528;195.5252;95.80844;-2661.694
9558;195.4746;95.86919;-2661.068
9588;195.59;95.88214;-2660.967
9628;198.4923;96.60867;-2662.273
9638;199.4659;96.06439;-2661.858
9678;200.9129;95.14074;-2661.383
9728;202.3837;94.88239;-2661.019
9748;208.1211;94.27468;-2662.073
9778;208.9953;93.63187;-2661.928
9808;211.243;93.07059;-2661.517
9848;213.0233;93.61642;-2661.204
9878;213.7425;93.81023;-2660.838
9908;215.4109;93.74404;-2660.539
9958;217.5428;94.09647;-2660.639
9988;218.8878;94.12328;-2660.501
10008;219.9669;94.65123;-2660.436
10038;220.3357;94.65849;-2660.186
10078;221.1894;92.84504;-2658.985
10108;222.2554;93.39769;-2658.847
10148;222.912;93.41997;-2659.102
10198;223.0556;93.65421;-2659.072
10218;223.4184;93.45084;-2658.821
10258;223.516;93.53732;-2659.1
10288;223.5838;93.62042;-2659.13
10308;223.7299;94.29294;-2659.589
10338;223.3368;94.51956;-2659.75
10378;222.8064;95.1105;-2659.996
10418;221.5241;96.2988;-2660.924
10458;221.0709;96.51875;-2661.265
10488;220.0665;96.77728;-2661.931
10528;218.8693;96.92801;-2662.132
10558;218.1937;96.96228;-2663.06
10578;217.4088;96.53349;-2663.57
10628;217.3491;97.01367;-2664.065
10648;217.5683;98.04984;-2665.366
10688;216.7045;101.896;-2667.553
10718;215.7067;99.95383;-2666.765
10758;215.1793;100.8241;-2667.378
10788;215.9628;100.2396;-2667.968
10818;215.7446;100.1296;-2668.059
10848;215.0371;99.46217;-2668.229
10888;215.1287;99.43355;-2668.766
10928;214.9073;99.47103;-2668.822
10938;213.6395;97.95464;-2668.973
10978;213.4786;97.94474;-2669.12
11028;212.5221;98.11209;-2669.815
11058;212.3249;97.92555;-2670.205
11078;211.0664;99.75478;-2671.385
11128;210.9359;103.421;-2673.873
11158;207.8589;100.3036;-2671.372
11178;206.8648;99.95377;-2671.417
11228;202.3073;100.5752;-2669.281
11249;202.2816;100.5007;-2669.812
11269;202.0002;100.8677;-2670.105
11329;200.6682;103.0345;-2671.507
11339;196.7168;110.896;-2674.647
11379;199.3153;108.4375;-2675.795
11429;200.1364;108.2622;-2676.457
11449;201.2037;107.5697;-2678.398
11469;202.2424;108.3573;-2680.752
11511;204.3911;107.2202;-2680.903
11561;205.8574;105.4485;-2681.245
11591;206.2631;105.4655;-2681.491
11611;207.4995;105.6021;-2681.231
11661;207.9521;104.88;-2681.426
11681;209.4468;102.5321;-2681.187
11721;210.3602;100.5081;-2680.743
11751;210.7003;100.1448;-2680.396
11791;210.7981;98.37377;-2679.234
11821;210.7112;97.98672;-2679.175
11851;211.1804;98.13;-2679.284
11871;211.0766;97.94846;-2679.077
11911;211.1815;97.11006;-2677.953
11941;211.3585;96.89645;-2677.898
11971;211.2936;96.05409;-2676.962
12011;211.8754;95.2487;-2676.574
12061;213.4292;94.22177;-2677.517
12081;214.3825;93.83319;-2677.797
12121;215.0621;93.77888;-2678.156
12141;215.4926;93.03456;-2678.105
12171;216.3159;92.73766;-2678.446
12211;217.4409;92.23518;-2679.325
12261;217.4568;92.22755;-2679.34
12271;217.5906;92.19707;-2679.6
12311;217.3796;92.13659;-2678.679
12341;216.6853;91.98658;-2678.354
12371;216.0094;92.35647;-2678.196
12411;214.5745;92.23619;-2677.332
12441;213.3538;92.06549;-2676.146
12481;212.2916;91.75846;-2674.731
12511;210.3213;91.60104;-2673.103
12551;209.8072;92.43555;-2672.588
12571;208.3931;92.39015;-2670.682
12611;207.5383;92.85438;-2670.555
12651;205.5772;92.51859;-2669.361
12681;204.8513;92.50111;-2668.769
12711;203.5147;91.80805;-2667.648
12741;202.3807;91.40044;-2666.741
12781;202.3327;91.43056;-2666.712
12811;201.4725;91.46346;-2665.925
12841;201.0555;91.56037;-2665.827
12881;198.5419;92.2805;-2664.747
12911;198.4509;92.22996;-2664.214
12941;198.2149;92.31079;-2663.988
12981;198.4648;92.53603;-2663.856
13011;201.4698;93.68127;-2665.247
13041;201.4873;93.6986;-2665.193
13081;202.709;93.15369;-2664.979
13111;202.9619;93.25939;-2664.793
13161;204.3269;92.63595;-2663.861
13191;207.4874;93.21083;-2662.924
13201;209.2442;92.44881;-2662.043
13241;211.8876;93.09667;-2661.554
13291;213.9622;93.13253;-2661.454
13321;215.7075;93.18394;-2661.265
13341;216.6747;93.72141;-2661.04
13391;218.1421;94.73647;-2660.96
13421;218.8991;94.84694;-2660.812
13441;219.9698;95.08495;-2660.41
13491;220.242;95.21783;-2660.262
13501;220.4189;95.72175;-2660.124
13561;220.383;95.78314;-2659.999
13591;220.6264;96.46839;-2659.992
13621;220.6609;96.40466;-2659.913
13661;219.7498;95.24867;-2658.929
13691;219.3789;95.89951;-2659.303
13721;219.0964;96.02487;-2659.121
13761;218.1408;96.00535;-2659.063
13781;215.2831;95.84138;-2659.147
13821;212.1336;96.65043;-2659.618
13851;210.4627;96.68757;-2659.166
13891;209.5081;96.95759;-2659.277
13921;207.8069;98.50361;-2661.068
13951;207.8796;99.23136;-2661.884
13981;207.6039;99.65298;-2662.267
14021;207.2742;99.36403;-2662.766
14051;206.8171;100.0404;-2662.928
14091;206.4056;100.0013;-2663.174
14121;205.2399;101.3399;-2664.38
14151;205.2944;101.3113;-2664.456
14191;205.1873;100.849;-2664.553
14221;205.6699;100.7496;-2665.349
14262;206.4082;98.70926;-2664.699
14272;207.7178;99.02763;-2666.618
14312;211.5894;98.03446;-2669.318
14342;211.6191;97.99274;-2669.337
14372;212.5263;97.07735;-2669.406
14412;213.6702;97.66625;-2670.191
14442;214.3486;97.88499;-2670.471
14472;214.3696;100.7466;-2671.882
14522;214.3284;100.1138;-2671.693
14542;213.7298;99.84782;-2671.598
14592;213.3651;104.491;-2673.816
14622;211.8323;103.7202;-2673.425
14652;210.3918;104.3371;-2673.838
14692;209.6381;103.7889;-2673.5
14722;208.997;103.7404;-2673.294
14762;208.8452;103.515;-2673.255
14792;207.5789;103.5;-2672.577
14822;207.4689;103.2972;-2672.076
14862;206.4444;103.2395;-2671.635
14892;206.156;102.9793;-2671.467
14922;206.3009;99.61543;-2668.655
14962;206.3242;99.97738;-2668.674
14982;205.5869;99.60653;-2667.209
15022;206.0335;100.2665;-2667.113
15062;206.4249;100.4698;-2666.855
15092;207.0544;99.55469;-2664.858
15102;207.4285;99.75043;-2664.303
15162;207.893;99.99284;-2663.662
15182;207.6999;99.96966;-2662.102
15222;208.0273;99.68031;-2660.801
15232;205.1428;95.69916;-2654.26
15292;204.0589;95.95837;-2653.348
15322;202.0818;98.60143;-2653.168
15352;201.3526;99.55786;-2653.213
15392;200.5424;100.3037;-2653.878
15422;199.774;100.9734;-2654.537
15452;198.5375;101.1694;-2654.582
15472;195.3139;101.3106;-2654.727
15522;193.5942;100.905;-2655.086
15552;192.8647;101.5744;-2655.991
15592;191.1573;101.0264;-2655.896
15622;190.3165;100.3261;-2656.293
15652;187.9545;101.3848;-2657.718
15692;187.4481;101.1156;-2657.699
15712;186.1878;103.9884;-2658.775
15752;183.5366;102.922;-2656.695
15772;182.7867;103.4292;-2656.252
15822;181.9724;104.0872;-2655.428
15852;182.1624;104.2344;-2655.037
15892;182.522;104.0889;-2654.156
15912;181.8038;104.1986;-2653.163
15952;182.998;104.5158;-2653.176
15982;184.0272;104.8303;-2652.603
16022;185.0553;104.4073;-2651.608
16042;186.079;104.0942;-2650.345
16092;188.051;103.2539;-2649.375
16112;192.2237;103.4484;-2650.577
16152;196.6176;103.0577;-2651.396
16182;199.0656;103.0461;-2652.174
16222;200.0708;103.0705;-2652.297
16272;201.6969;102.7153;-2652.021
16282;204.2588;100.8421;-2651.405
16322;205.0791;101.234;-2651.615
16352;205.808;101.2935;-2651.687
16382;206.9492;101.5592;-2651.147
16422;207.2714;101.4965;-2650.872
16442;208.258;101.9093;-2651.38
16482;209.0877;102.6503;-2651.61
16523;209.3569;102.6697;-2651.828
16553;209.3646;102.6525;-2651.871
16573;210.3566;102.3637;-2652.039
16603;211.42;101.5845;-2652.37
16643;210.9782;102.833;-2653.673
16673;211.4066;102.9822;-2655.14
16703;211.7292;103.2235;-2656.391
16743;210.8894;104.2108;-2658.595
16793;210.2561;104.6641;-2659.106
16823;209.1054;104.9582;-2660.467
16843;207.0811;106.6436;-2662.957
16873;205.0117;109.6631;-2665.825
16913;203.7936;109.5631;-2666.361
16943;202.7836;109.1205;-2667.934
16983;201.616;110.2735;-2669.462
17023;201.1991;108.2309;-2669.405
17043;200.6029;109.2488;-2671.852
17093;188.7136;112.7172;-2670.975
17103;193.6749;108.9928;-2672.868
17143;195.6405;107.292;-2673.275
17193;202.3174;104.5734;-2675.531
17213;203.6237;104.4969;-2676.696
17243;209.7858;105.5768;-2681.076
17284;211.3295;106.2368;-2682.295
17314;214.3495;103.5229;-2681.57
17344;216.5219;102.265;-2681.84
17374;216.4798;102.0896;-2681.752
17414;216.5592;101.9358;-2681.539
17444;217.1682;101.8695;-2681.167
17474;215.662;100.6015;-2678.537
17514;212.7987;101.5051;-2675.466
17564;210.0438;102.3069;-2674.623
17574;208.3999;103.4457;-2673.84
17614;208.0445;109.4798;-2677.198
17644;207.9133;109.4643;-2676.85
17674;208.1838;109.2962;-2676.477
17714;208.5835;109.5286;-2676.614
17744;208.7338;109.473;-2676.444
17774;209.3757;109.1866;-2676.286
17814;209.8486;109.0438;-2676.056
17844;210.449;107.4365;-2672.431
17874;212.3478;105.3302;-2670.339
17914;214.1172;104.7827;-2669.28
17964;215.8715;104.7668;-2668.855
17974;218.1684;103.6221;-2667.217
18024;219.8198;102.4664;-2666.154
18044;220.1961;102.3571;-2665.472
18094;220.8087;100.8795;-2664.387
18104;221.1898;99.92362;-2663.558
18154;221.3828;99.53542;-2662.695
18174;221.0654;98.55592;-2661.556
18224;220.463;98.3217;-2660.454
18254;220.7626;97.96122;-2660.113
18294;220.0791;98.46461;-2660.235
18324;219.6554;98.98058;-2660.738
18354;217.0656;100.1553;-2660.913
18374;215.3753;100.2869;-2661.351
18414;203.1827;102.242;-2657.447
18454;201.9536;102.2698;-2657.132
18474;200.652;102.498;-2656.824
18524;198.8466;102.6037;-2655.881
18554;192.8761;101.4916;-2652.075
18594;188.1236;101.465;-2649.248
18624;186.2817;101.743;-2648.35
18654;185.2298;101.7252;-2647.782
18684;183.8245;102.15;-2647.195
18714;183.6942;103.9357;-2647.516
18754;183.2867;104.1481;-2647.191
18784;183.1717;104.075;-2647.069
18814;183.6113;105.2304;-2647.586
18854;182.9529;105.6179;-2648.028
18884;182.9383;105.6805;-2648.292
18914;182.8936;105.8768;-2648.48
18944;183.1651;105.578;-2648.653
18974;185.3508;106.2202;-2651.074
19014;185.853;105.6933;-2651.703
19044;188.6062;104.3722;-2652.924
19084;191.5862;104.7373;-2654.353
19114;195.2421;103.4352;-2655.279
19144;197.421;103.5997;-2657.2
19184;202.5214;101.6872;-2657.292
19214;203.4629;101.3281;-2657.57
19244;206.0879;100.2504;-2657.568
19284;208.3412;99.23645;-2657.318
19314;208.9937;98.94173;-2657.041
19344;211.052;98.84084;-2656.918
19394;212.7553;99.37206;-2657.072
19414;213.9175;99.73642;-2657.206
19444;214.5687;99.47387;-2656.987
19484;215.4142;98.51651;-2656.01
19514;216.3414;98.22568;-2656.041
19544;217.0082;98.5122;-2656.22
19584;218.4027;98.82795;-2656.503
19614;218.887;99.09118;-2656.427
19644;220.7727;100.6249;-2657.602
19674;221.188;100.4249;-2657.552
19714;221.2999;100.4479;-2657.556
19744;221.7464;101.1605;-2657.906
19794;221.7863;101.2333;-2657.925
19824;221.7211;101.1819;-2657.861
19844;220.9327;101.502;-2657.597
19884;220.8464;101.0949;-2657.187
19904;220.8909;101.4374;-2657.288
19964;221.2088;101.4586;-2657.021
19994;221.0992;101.4011;-2656.779
20004;221.0406;101.3607;-2656.743
20044;221.0005;101.3409;-2656.73
20074;221.0078;101.2984;-2656.73
20114;220.8138;101.342;-2656.732
20154;220.7841;101.7571;-2657.245
20174;220.7895;101.7406;-2657.299
20214;220.9305;102.7641;-2658.869
20244;221.0111;102.7833;-2658.938
20294;220.9741;102.8287;-2658.948
20324;220.9694;102.8274;-2658.948
20364;221.8364;102.7961;-2659.443
20374;222.6159;103.6034;-2660.419
20414;222.4788;103.3154;-2660.179
20464;222.8447;104.2989;-2660.888
20474;221.1194;103.0137;-2659.744
20514;219.1814;104.148;-2659.795
20554;217.2739;104.516;-2659.681
20574;211.586;103.4464;-2658.376
20614;210.3135;103.4286;-2658.194
20664;209.5296;103.8671;-2658.271
20674;208.5866;104.1755;-2658.146
20714;207.8993;103.6727;-2658.41
20744;212.8569;108.4857;-2667.13
20784;212.4406;108.4126;-2666.895
20814;211.4468;107.6842;-2665.365
20864;206.6053;107.4688;-2665.482
20904;205.3784;107.7821;-2666.512
20924;200.1864;119.597;-2673.607
20964;200.8145;116.9894;-2671.331
20994;200.6895;116.8224;-2671.325
21014;200.6933;114.1024;-2669.756
21044;200.682;114.1485;-2669.804
21084;200.545;113.6464;-2669.529
21114;200.2831;113.1856;-2669.257
21144;200.7697;108.7978;-2666.778
21184;200.8468;108.0424;-2666.54
21214;201.257;107.3664;-2666.365
21244;201.9536;106.4679;-2666.3
21284;204.6449;103.9585;-2664.821
21314;205.7933;103.7456;-2664.893
21364;208.6978;103.9108;-2665.787
21384;209.4707;103.5373;-2666.211
21414;211.0667;103.078;-2666.281
21444;213.2778;97.88888;-2665.01
21484;213.6986;98.03542;-2664.99
21514;214.0013;98.6468;-2665.64
21568;214.2576;98.21687;-2665.533
21578;212.8453;97.0204;-2665.322
21618;212.5812;97.0537;-2665.404
21648;211.9052;97.2725;-2666.12
21678;211.3453;97.9647;-2667.692
21718;209.0252;97.70186;-2667.485
21748;204.2551;97.79798;-2666.66
21778;202.0415;97.90723;-2666.131
21808;196.4309;95.78878;-2663.62
21848;189.3284;97.48313;-2661.785
21898;181.6651;99.54668;-2659.476
21918;176.4401;99.75776;-2657.727
21938;173.6769;98.64541;-2655.661
21998;168.4388;100.0417;-2653.05
22018;166.1076;100.8663;-2651.471
22048;165.1355;101.653;-2650.919
22068;162.9933;101.5165;-2648.82
22118;162.2983;101.953;-2647.995
22148;162.1983;101.959;-2647.921
22188;162.1015;102.0526;-2647.987
22218;162.4757;102.1757;-2648.519
22248;162.7704;102.1315;-2648.702
22278;163.8216;101.7766;-2648.473
22318;166.8329;100.9437;-2649.778
22348;171.1081;100.7265;-2651.892
22388;172.8176;100.7034;-2652.708
22408;178.6617;101.6449;-2654.823
22448;180.4051;101.0123;-2654.842
22478;185.4169;101.1092;-2656.245
22518;188.2567;99.93768;-2655.706
22538;190.4831;98.04774;-2655.352
22578;191.1624;97.8305;-2654.85
22618;191.9699;97.73615;-2654.72
22648;196.1898;97.31813;-2655.731
22698;198.4334;98.3781;-2656.195
22718;198.6474;98.30518;-2656.021
22748;200.1802;97.72432;-2655.499
22778;202.4025;95.46646;-2654.657
22818;203.2131;95.37669;-2654.814
22838;204.0186;95.53948;-2654.891
22878;204.8699;95.43431;-2655.288
22918;205.8463;94.726;-2655.276
22948;207.2832;91.13403;-2654.01
22988;207.9708;91.44412;-2654.545
23018;207.9811;92.79144;-2655.009
23048;208.0573;93.90598;-2655.571
23088;207.9293;93.93819;-2655.524
23108;207.592;93.9906;-2655.531
23148;206.5508;95.67502;-2655.875
23188;206.2954;97.05411;-2656.027
23218;205.5756;97.26696;-2655.843
23248;205.1036;98.61942;-2656.746
23289;204.9281;101.4542;-2659.454
23309;203.8931;103.501;-2660.371
23349;204.0237;103.6296;-2660.58
23379;204.0102;103.6568;-2660.621
23419;204.8943;103.245;-2660.692
23469;204.8454;102.5794;-2660.708
23489;204.9362;103.0433;-2661.541
23509;205.0758;103.0046;-2661.756
23549;204.8271;103.4047;-2661.879
23579;204.7426;103.2929;-2661.948
23619;204.5605;102.6509;-2662.173
23649;204.4043;101.7534;-2662.162
23679;204.1546;100.6535;-2661.838
23719;204.1391;100.2202;-2661.941
23739;204.1469;99.7843;-2661.675
23779;203.2682;98.98698;-2660.53
23819;203.4913;98.89539;-2660.806
23859;203.7796;98.11173;-2660.545
23879;204.2184;98.17712;-2660.851
23909;204.3548;98.1447;-2660.941
23949;205.086;98.69305;-2661.576
23979;205.7175;98.39384;-2662.059
24009;206.0135;98.7585;-2662.915
24049;206.003;98.72797;-2662.957
24069;206.239;98.63229;-2663.931
24109;206.5901;97.93736;-2664.104
24149;206.5652;99.55538;-2666.056
24179;206.7091;99.85391;-2666.215
24209;207.3316;99.50375;-2665.77
24249;207.365;99.77935;-2665.874
24279;207.9348;100.0034;-2665.946
24309;208.1685;100.0975;-2665.635
24339;208.1811;100.0473;-2664.989
24379;209.648;99.08611;-2663.047
24409;210.5126;98.94656;-2662.769
24449;213.5265;99.20488;-2661.89
24479;216.0928;98.60975;-2659.859
24509;217.7157;98.83897;-2658.964
24559;218.4227;98.7943;-2657.888
24589;219.6264;97.87674;-2657.106
24609;219.7723;97.76309;-2657.028
24659;220.4313;98.35947;-2657.628
24689;220.3678;98.55109;-2657.517
24709;220.0905;98.61967;-2656.33
24759;219.9744;97.97227;-2655.14
24779;217.9924;98.48235;-2653.632
24799;216.1199;98.16185;-2652.405
24859;213.9186;98.47752;-2650.456
24889;212.7845;98.68937;-2649.709
24919;210.2741;99.54822;-2648.082
24959;205.1411;100.5068;-2646.308
24989;199.9273;100.1071;-2644.029
25019;194.233;100.2802;-2641.615
25059;189.3936;101.0091;-2640.294
25089;186.7132;101.522;-2639.46
25119;182.7973;100.4521;-2637.334
25159;181.4019;100.7372;-2636.664
25189;179.3894;100.8739;-2636.001
25209;179.1996;105.036;-2638.48
25259;179.1691;105.1621;-2638.538
25269;179.4938;105.4821;-2638.632
25309;177.3797;104.8739;-2637.095
25339;177.0657;103.7656;-2636.309
25379;176.6676;102.3828;-2635.374
25429;176.6667;102.2299;-2635.389
25459;177.2102;101.6856;-2635.851
25489;178.3503;101.5088;-2636.759
25509;179.4837;101.3165;-2637.438
25559;181.0987;98.19827;-2637.632
25569;182.6465;97.80811;-2638.464
25609;186.3523;96.1598;-2639.736
25659;192.9562;98.38972;-2642.62
25689;194.0008;97.88153;-2643.109
25709;199.6472;97.68855;-2646.203
25759;202.9224;98.68234;-2647.635
25789;204.6775;98.8071;-2647.833
25809;206.1575;98.48782;-2648.058
25859;210.9028;97.48158;-2649.245
25869;213.2355;97.38111;-2650.458
25909;215.793;97.23139;-2650.204
25959;217.8026;96.08147;-2649.684
25989;218.3115;95.78572;-2649.527
26009;219.7344;94.48294;-2649.249
26059;220.5323;94.31387;-2649.305
26089;220.8852;94.25122;-2649.283
26129;221.5251;94.01648;-2649.387
26159;222.0941;94.29686;-2649.652
26189;222.4819;94.19597;-2649.907
26229;223.6631;94.38958;-2650.728
26259;223.8697;94.37401;-2650.888
26299;224.3232;95.06458;-2651.386
26329;224.5417;95.50976;-2651.626
26359;224.5907;95.49441;-2651.599
26389;224.827;95.66029;-2651.49
26429;224.4841;96.41457;-2651.204
26459;223.7473;97.42673;-2651.715
26489;222.9856;97.69117;-2651.446
26509;222.9358;97.7192;-2651.438
26539;222.837;97.71697;-2651.427
26600;222.7765;97.56816;-2651.542
26610;222.3712;98.77928;-2651.396
26650;222.3204;99.63951;-2651.465
26680;221.9461;101.1388;-2651.935
26710;221.5013;101.8583;-2650.992
26760;220.9483;102.7579;-2650.522
26770;219.7624;103.3107;-2649.108
26810;219.567;104.1742;-2648.958
26860;218.5046;104.4539;-2648.39
26890;215.6326;105.4976;-2647.734
26910;213.4154;105.6163;-2646.916
26950;210.0944;102.5162;-2643.374
26990;210.7955;102.7884;-2644.336
27020;210.7728;102.8009;-2644.317
27060;211.1208;102.0828;-2644.313
27090;211.3693;102.0648;-2644.243
27130;211.4157;101.9407;-2644.211
27160;211.6728;102.0941;-2644.533
27190;211.5513;102.0479;-2644.451
27230;212.201;102.2168;-2645.152
27260;211.8515;102.1609;-2645.118
27270;211.8969;102.1563;-2645.208
27330;211.5328;102.5856;-2645.648
27360;211.1678;102.7933;-2645.861
27390;211.6089;103.4086;-2646.374
27430;211.9496;103.7569;-2646.853
27450;212.5766;103.7657;-2646.902
27490;212.7824;103.9525;-2646.985
27520;214.6311;105.6671;-2649.395
27550;215.5879;104.3696;-2648.411
27590;216.2256;103.7136;-2648.185
27620;217.585;103.3362;-2647.872
27660;218.5229;101.0075;-2645.591
27690;219.8446;100.8995;-2645.554
27720;220.4733;100.5054;-2644.791
27760;222.2605;98.31927;-2642.74
27790;225.5578;96.90245;-2642.528
27820;227.5949;95.67921;-2642.98
27860;229.5235;94.25572;-2642.42
27880;230.2406;94.55403;-2642.97
27920;230.6103;94.52263;-2643.208
27960;230.3058;94.54102;-2642.94
27990;229.4386;95.28535;-2643.346
28020;228.2728;95.35273;-2643.82
28050;227.3932;95.49168;-2644.532
28090;226.3334;95.49424;-2645.27
28120;223.861;96.89516;-2646.705
28150;220.9955;98.10295;-2648.229
28190;219.4203;97.50747;-2648.428
28220;216.7854;96.28517;-2647.76
28260;210.1868;97.87;-2648.686
28270;208.8559;98.24084;-2648.821
28320;208.2731;98.6123;-2648.998
28350;206.5975;99.88439;-2650.137
28390;206.2562;100.6127;-2650.576
28400;204.9414;101.298;-2650.343
28460;204.015;101.7173;-2650.531
28490;203.4961;102.0769;-2650.731
28520;203.5134;101.9077;-2650.633
28560;203.8508;100.9688;-2650.972
28580;203.9191;100.907;-2651.111
28630;205.9677;100.6293;-2652.77
28650;208.2699;100.5517;-2653.45
28690;208.7003;100.931;-2653.846
28710;210.1187;100.0406;-2654.147
28760;212.3044;98.80477;-2654.207
28790;217.0305;96.41507;-2654.417
28800;218.4533;95.99869;-2654.517
28860;222.8557;95.30425;-2655.571
28890;225.2446;94.79501;-2656.392
28910;227.8252;94.83717;-2657.505
28960;229.4222;94.34547;-2657.574
28970;232.0911;93.79356;-2657.974
29010;233.193;93.69084;-2658.184
29060;233.5583;93.8457;-2658.07
29090;234.7538;93.0071;-2657.795
29120;235.8747;91.60508;-2657.025
29160;236.8577;90.40812;-2655.897
29190;237.0462;90.50407;-2655.879
29220;237.2518;90.53516;-2655.516
29260;237.1653;90.70707;-2655.482
29290;237.848;91.06017;-2655.779
29321;237.7833;91.14471;-2655.761
29361;238.3069;92.77911;-2657.659
29391;238.2924;92.82831;-2657.846
29411;237.8449;93.89336;-2658.927
29451;237.1695;93.89515;-2659.452
29491;235.5618;95.01882;-2660.258
29521;230.9611;98.71663;-2661.042
29551;229.1122;100.2216;-2662.504
29581;228.259;100.7988;-2663.101
29611;225.7667;102.7027;-2665.019
29651;222.4248;103.5319;-2665.392
29691;221.5637;103.7477;-2665.811
29711;219.1247;105.1811;-2667.388
29751;217.6668;105.8262;-2668.567
29781;216.0355;106.0417;-2669.523
29821;215.8321;106.4893;-2670.927
29851;214.9514;108.5964;-2673.276
29901;214.7849;108.5423;-2673.359
29921;213.6067;108.8587;-2674.417
29951;212.4932;110.1469;-2675.426
29981;211.1024;109.2016;-2675.378
30021;210.4588;106.2979;-2674.812
30051;210.2646;106.1205;-2674.765
30081;202.9934;116.13;-2677.479
30111;201.9011;111.468;-2676.139
30151;204.5311;107.8706;-2676.756
30181;206.3366;105.3418;-2677.299
30211;207.8502;104.724;-2677.56
30251;208.4332;104.243;-2677.563
30281;211.1358;105.0957;-2678.269
30311;212.1781;105.1698;-2678.755
30351;213.035;104.5551;-2678.375
30381;213.0966;104.5454;-2678.35
30411;213.0533;104.7958;-2678.46
30451;212.5245;105.1081;-2677.62
30481;213.1418;103.649;-2675.684
30511;213.4673;103.1351;-2674.752
30551;214.6575;102.7921;-2673.384
30581;216.5405;101.7973;-2671.058
30621;217.5836;101.683;-2670.558
30651;218.0416;101.3311;-2670.103
30691;219.1968;100.5587;-2669.391
30721;220.5083;99.41973;-2668.528
30761;224.8447;95.96784;-2667.815
30791;227.917;94.27404;-2667.558
30821;229.1652;94.03076;-2667.4
30851;229.155;94.00136;-2667.436
30891;229.4733;94.20476;-2667.911
30911;230.8542;93.40471;-2669.393
30951;231.6345;92.81081;-2670.611
30991;231.3577;92.45107;-2670.825
31011;230.8499;92.21169;-2671.052
31051;230.0544;91.82367;-2671.687
31081;228.4585;89.61468;-2672.396
31121;227.2333;88.36778;-2672.402
31151;225.7017;87.33768;-2671.806
31181;222.6401;84.57121;-2670.062
31221;218.2499;85.50209;-2669.133
31251;215.2169;88.45567;-2669.493
31281;214.6219;91.10165;-2669.958
31321;213.9461;91.96585;-2669.789
31351;211.8644;91.57918;-2667.578
31381;211.1233;93.58475;-2667.386
31411;209.7193;93.42886;-2666.173
31441;209.7648;93.6573;-2666.185
31481;209.9207;93.65637;-2665.883
31521;210.0644;93.58251;-2665.639
31551;209.8337;93.99602;-2665.314
31581;210.5758;94.16637;-2665.298
31613;213.5602;95.18163;-2666.118
31653;214.3789;95.31203;-2666.137
31683;216.3992;95.92205;-2666.801
31713;218.8017;96.14502;-2667.341
31753;219.4579;96.62332;-2667.469
31773;221.7627;96.42586;-2667.362
31813;225.0262;92.90336;-2665.766
31853;226.8524;91.59845;-2666.115
31883;229.8583;90.60913;-2666.298
31913;230.2004;90.71835;-2666.062
31953;230.8833;91.01929;-2665.947
31983;233.4775;89.88215;-2666.131
32013;234.0492;89.74503;-2665.907
32053;234.5093;89.81786;-2665.775
32083;233.2412;91.08994;-2665.264
32133;231.6898;92.01668;-2664.125
32143;231.1941;92.09197;-2663.866
32183;230.3286;93.46603;-2664.128
32213;229.0576;94.16298;-2664.434
32243;227.5962;96.13691;-2665.423
32283;225.4128;98.86967;-2665.968
32313;223.5801;99.71873;-2667.24
32343;220.7066;101.1435;-2668.506
32383;218.7763;103.194;-2670.17
32433;217.6318;104.4029;-2671.654
32463;217.7581;105.76;-2675.124
32483;219.3797;104.1214;-2675.854
32513;214.4965;99.77236;-2672.882
32553;212.5669;100.7143;-2673.396
32583;213.6087;102.4101;-2674.403
32613;213.7038;102.1163;-2674.059
32653;216.9313;97.96072;-2673.401
32683;223.2831;93.54575;-2674.624
32713;230.3265;83.55066;-2669.424
32743;233.2356;85.05623;-2669.46
32783;235.4413;83.56058;-2670.059
32813;240.4511;80.75105;-2669.665
32843;241.8754;79.68611;-2671.79
32883;242.6678;79.36929;-2671.325
32913;242.7181;79.44099;-2671.224
32943;242.8441;79.41093;-2671.143
32983;242.6769;79.34985;-2670.719
33013;241.7385;79.05015;-2670.142
33063;241.2373;78.9211;-2669.914
33093;236.723;82.98611;-2671.045
33123;226.1493;93.50723;-2674.094
33143;225.5236;96.51566;-2675.359
33173;224.7234;96.52235;-2675.021
33213;221.2089;95.49986;-2673.427
33263;219.8429;95.33788;-2674.596
33283;218.3566;96.13912;-2676.143
33313;215.9976;96.57896;-2677.668
33343;214.4801;96.98153;-2677.278
33393;214.2712;97.42461;-2678.845
33403;215.8007;99.7425;-2681.43
33463;215.2763;100.0461;-2682.237
33473;214.9976;100.844;-2683.122
33513;214.9855;103.568;-2686.908
33543;214.5471;103.7513;-2686.962
33583;214.5593;103.8561;-2687.13
33613;214.3478;103.8645;-2687.159
33643;214.191;103.6121;-2687.049
33693;213.5313;102.7856;-2687.115
33703;212.0829;102.1891;-2686.318
33743;212.0587;102.1698;-2686.352
33783;211.1953;100.9996;-2685.256
33813;210.415;99.95583;-2683.754
33843;210.4655;99.76965;-2683.363
33893;211.6195;99.71694;-2683.727
33903;212.2902;98.94781;-2683.401
33963;214.4446;99.09833;-2684.418
33983;215.5516;96.52724;-2683.669
34013;216.6791;95.78932;-2683.56
34053;216.7124;95.77695;-2683.42
34083;217.0916;95.35155;-2682.893
34113;216.9878;95.91566;-2681.807
34153;216.8019;95.27732;-2680.899
34183;216.6886;95.48293;-2680.018
34213;216.2838;95.96487;-2678.545
34253;215.8302;96.00058;-2676.987
34283;214.8598;96.43407;-2675.684
34314;213.6795;96.38663;-2674.193
34354;211.7167;98.08064;-2673.619
34384;208.2966;98.84669;-2671.961
34414;206.436;99.42299;-2670.063
34444;205.2584;99.87749;-2669.727
34484;201.189;99.82475;-2665.588
34514;196.8419;99.40768;-2663.145
34544;195.5976;100.6481;-2662.956
34584;194.1935;100.5016;-2662.07
34614;192.5065;101.8275;-2661.837
34644;191.6099;102.4852;-2660.919
34684;190.306;101.0904;-2659.741
34714;190.2176;101.1805;-2659.665
34744;189.2448;101.3679;-2658.705
34784;189.1102;101.4205;-2658.659
34814;189.6907;102.3546;-2658.953
34854;189.2017;102.103;-2658.083
34884;189.7819;102.2742;-2658.073
34914;190.3462;102.41;-2658.194
34954;190.9769;102.3611;-2658.342
34984;191.286;102.6752;-2658.471
35014;191.6151;102.732;-2658.44
35054;191.6685;102.0131;-2657.787
35084;192.8057;102.4851;-2659.117
35114;193.4993;102.5924;-2660.01
35144;193.7307;102.0783;-2660.156
35184;194.453;102.2041;-2660.965
35234;194.6018;102.0469;-2661.269
35254;194.6437;102.0191;-2661.58
35284;195.7228;101.5225;-2662.537
35314;196.2966;101.2955;-2663.34
35354;196.1788;99.88807;-2662.875
35374;196.4472;99.70164;-2663.33
35414;195.8119;99.64381;-2663.742
35454;195.9132;99.35923;-2664.552
35484;196.1091;99.37683;-2665.427
35514;196.3362;99.27433;-2666.161
35554;196.9609;100.0464;-2667.573
35584;197.9363;100.4445;-2670.274
35614;197.0401;101.0593;-2671.359
35654;196.4034;100.6598;-2671.582
35684;196.1087;100.7162;-2672.266
35714;195.0502;99.76447;-2671.767
35754;194.4425;99.65054;-2671.727
35784;194.0358;99.1368;-2671.712
35814;192.975;98.40627;-2671.471
35854;192.1536;97.76262;-2671.157
35884;191.4992;98.06976;-2671.852
35914;191.099;98.21383;-2672.47
35954;190.407;98.15613;-2672.986
35984;189.3165;98.49046;-2673.788
36014;187.3882;98.24049;-2674.076
36044;184.8869;99.19656;-2676.313
36084;183.2421;100.2129;-2677.571
36114;178.8192;100.9479;-2678.093
36144;176.2468;99.8246;-2678.766
36174;173.4508;100.3768;-2680.648
36214;169.1828;100.8909;-2681.024
36244;165.981;101.5746;-2681.073
36284;164.4834;101.8982;-2682.112
36314;162.0674;102.339;-2682.464
36344;159.2923;103.3673;-2682.69
36384;156.9356;104.1306;-2682.48
36414;156.0118;105.2701;-2683.15
36444;154.0915;107.5211;-2683.752
36474;152.4675;109.1697;-2683.193
36524;152.892;112.1848;-2684.197
36564;154.4079;119.2256;-2687.626
36574;155.02;122.9352;-2688.247
36630;156.1406;130.4984;-2689.403
36641;156.1083;138.1023;-2690.368
36681;158.2926;148.6914;-2693.612
36711;160.32;156.136;-2697.442
36761;161.9454;158.8413;-2699.224
36771;163.8165;166.7888;-2702.826
36811;166.6305;175.5705;-2708.902
36851;166.7999;179.5476;-2711.033
36891;166.4915;181.1911;-2711.877
36911;166.2245;183.4425;-2714.415
36941;167.4693;189.9373;-2721.198
36981;166.9233;189.8755;-2721.432
37031;166.0252;191.4929;-2723.309
37061;166.7656;199.3119;-2730.354
37081;165.4153;204.8939;-2734.994
37131;162.5176;209.1401;-2736.608
37141;164.2967;224.9518;-2745.452
37181;162.0238;224.7735;-2745.129
37231;159.2118;228.2396;-2746.376
37251;157.1092;230.4382;-2747.054
37281;147.6074;228.1317;-2740.563
37311;122.9442;215.1975;-2719.429
37351;113.4494;217.9961;-2717.282
37401;111.0956;217.4131;-2711.699
37411;111.9843;218.0725;-2711.908
37461;116.678;220.1681;-2712.11
37491;120.2993;217.9953;-2712.538
37531;183.4441;214.8772;-2773.16
37551;126.4887;210.3464;-2726.43
37581;129.0638;213.6685;-2726.042
37611;133.5628;218.8002;-2729.012
37661;99.49036;226.0865;-2717.181
37691;136.6467;229.5943;-2738.587
37731;143.562;233.8084;-2743.705
37761;144.5249;233.6879;-2744.146
37781;145.539;233.1653;-2744.634
37811;148.2189;224.5703;-2742.18
37841;151.3884;212.8017;-2737.307
37881;153.0715;204.7946;-2733.877
37911;154.8627;197.7159;-2730.977
37941;155.751;196.1929;-2730.256
37971;156.2536;193.4342;-2728.418
38031;156.9462;191.4016;-2727.552
38041;156.9256;190.5886;-2727.056
38091;157.2233;189.4186;-2726.409
38101;156.1375;186.1596;-2724.063
38161;155.0235;180.0476;-2720.488
38181;151.9799;172.0406;-2716.169
38231;149.6089;166.8261;-2712.325
38251;147.6281;161.7568;-2709.476
38281;146.092;159.3293;-2708.082
38311;144.5153;154.0563;-2705.825
38362;142.2769;147.1134;-2701.836
38372;140.7653;142.6979;-2698.543
38412;141.1216;140.7651;-2697.159
38462;142.8688;137.531;-2696.83
38482;145.8987;132.8731;-2696.076
38522;147.3468;128.5058;-2694.33
38542;149.1208;123.4012;-2693.139
38592;151.1583;116.7159;-2690.329
38622;151.6621;113.7865;-2690.193
38652;154.5859;113.1241;-2692.315
38672;155.5442;109.3708;-2690.696
38722;157.7687;104.3262;-2690.266
38742;158.191;102.6717;-2690.114
38792;158.9804;99.38729;-2688.707
38822;159.3483;98.15472;-2689.187
38852;159.4956;97.60641;-2689.532
38892;159.0358;97.11694;-2689.58
38922;158.5523;96.18076;-2689.876
38952;158.524;95.46365;-2690.671
38982;158.3931;95.27094;-2691.346
39012;157.8163;95.48913;-2692.157
39062;157.3952;95.66719;-2692.298
39082;155.9321;95.77374;-2692.497
39122;153.8381;95.63882;-2691.572
39152;151.921;95.75957;-2690.792
39192;149.7239;95.44382;-2690.08
39222;147.0487;95.38625;-2689.383
39252;145.6995;96.55618;-2689.452
39282;143.9754;99.68026;-2689.847
39322;142.7239;101.8962;-2690.222
39332;142.5433;106.3076;-2691.487
39393;141.6353;108.6066;-2691.513
39423;142.0081;113.9873;-2693.932
39443;142.7735;117.4541;-2695.74
39493;143.6572;121.817;-2696.696
39523;145.2448;126.5917;-2698.7
39553;149.7754;134.366;-2703.566
39593;151.2137;142.2727;-2705.873
39603;154.207;148.9706;-2709.053
39643;156.38;163.0542;-2714.853
39693;157.6292;167.4482;-2716.047
39723;159.7055;175.0468;-2718.72
39763;160.1469;181.151;-2720.265
39793;159.9967;181.2463;-2720.174
39823;160.3085;184.4821;-2721.239
39843;157.5155;185.8549;-2720.71
39903;155.5431;190.1836;-2722.643
39913;155.2388;193.1606;-2724.487
39953;152.9119;195.4998;-2724.899
39973;150.6119;208.0194;-2729.478
40013;148.6765;212.7132;-2731.281
40043;145.7948;217.1692;-2732.699
40083;145.4749;220.304;-2733.444
40113;122.0337;253.5313;-2733.678
40143;122.3308;249.5238;-2732.812
40203;121.8745;248.8323;-2733.923
40213;149.7611;225.6114;-2731.82
40263;97.61755;173.1546;-2722.931
40273;186.1752;199.7681;-2746.227
40313;185.9014;199.1681;-2745.582
40343;156.2335;214.93;-2733.238
40383;160.2282;215.6876;-2735.044
40413;155.2187;223.643;-2736.862
40453;126.5723;234.2753;-2739.216
40473;126.1367;235.0117;-2737.507
40523;159.7816;242.3718;-2752.703
40553;124.3615;209.05;-2724.475
40583;125.4144;211.2746;-2724.218
40623;135.1307;230.6536;-2730.7
40653;136.778;230.1042;-2731.097
40683;136.942;219.9238;-2725.234
40723;138.5707;218.5599;-2725.002
40763;140.4497;214.0737;-2724.164
40773;142.2993;201.045;-2719.142
40813;143.0957;195.8297;-2717.798
40843;143.5387;195.1633;-2717.931
40873;144.7814;193.8702;-2718.147
40913;145.8571;192.0975;-2718.006
40963;146.2029;190.1876;-2718.093
40973;146.7195;187.6635;-2717.749
41013;146.8626;184.911;-2716.78
41043;146.6645;179.1623;-2715.083
41073;146.1309;173.8098;-2713.736
41113;143.4743;167.0791;-2710.261
41143;142.6896;163.1206;-2707.738
41193;141.2662;155.223;-2705.386
41223;141.0896;152.5071;-2705.546
41263;139.4347;148.9356;-2703.708
41293;139.2032;143.97;-2702.604
41323;138.9069;142.3704;-2701.966
41363;138.904;139.5145;-2699.947
41393;138.7243;138.3121;-2698.507
41423;140.1119;135.4833;-2696.833
41463;141.7389;133.7341;-2696.342
41493;144.9005;129.3102;-2693.892
41523;147.0231;123.4277;-2692.293
41553;149.0988;118.5868;-2689.474
41593;150.5437;115.2296;-2687.124
41613;151.7353;113.7381;-2686.882
41658;152.3636;112.1916;-2686.042
41695;152.6356;111.3624;-2686.301
41725;155.7881;110.0086;-2690.793
41755;154.1126;104.3376;-2687.883
41785;154.0941;103.0014;-2687.02
41825;153.8511;101.2237;-2686.039
41855;152.8768;98.13695;-2683.277
41895;152.8562;98.54008;-2683.625
41905;152.5721;98.8472;-2683.923
41945;151.7684;99.29402;-2683.288
41975;150.4366;101.1613;-2683.054
42015;148.8848;100.6288;-2681.785
42045;147.9377;100.5313;-2681.047
42085;146.6612;101.4031;-2679.938
42115;146.4621;102.1713;-2679.961
42155;145.7952;103.0891;-2679.799
42185;145.85;105.944;-2680.864
42215;144.822;113.4381;-2684.648
42245;144.5831;115.6986;-2685.111
42285;144.1356;119.9756;-2685.089
42315;146.4132;125.7241;-2686.627
42355;148.778;130.9725;-2688.34
42385;154.1913;139.913;-2690.859
42415;156.8719;146.2453;-2692.785
42455;160.6862;156.2794;-2696.431
42485;163.9663;162.3984;-2699.507
42525;165.6106;171.3187;-2703.713
42555;165.1108;173.6066;-2704.4
42595;164.7457;176.9954;-2705.891
42625;164.9956;180.0727;-2708.733
42655;164.0161;182.8259;-2711.202
42685;160.8213;188.6977;-2712.714
42725;158.1164;194.1013;-2716.0
42755;155.3186;196.9309;-2717.442
42785;152.0081;201.2227;-2719.324
42825;148.7634;224.6234;-2729.645
42855;147.6326;226.873;-2729.886
42885;145.9828;228.9306;-2731.126
42915;108.5432;259.9707;-2722.963
42945;110.9026;252.5789;-2723.457
42985;112.9063;249.2148;-2723.229
43015;156.2763;238.1423;-2751.401
43055;140.5656;228.6212;-2737.259
43085;123.758;235.8119;-2730.414
43115;120.6664;244.3141;-2727.594
43155;118.6006;247.1606;-2726.044
43175;118.3252;236.5059;-2727.121
43215;152.8274;247.3579;-2753.974
43255;174.1828;313.6212;-2770.71
43305;172.5955;303.4105;-2771.663
43315;128.7082;217.1696;-2724.943
43355;130.6427;218.3692;-2725.798
43386;135.5964;223.9819;-2729.326
43416;136.2204;223.8709;-2729.341
43456;138.32;219.4842;-2729.021
43476;140.9433;213.7473;-2728.14
43516;143.1587;211.3376;-2727.89
43546;147.3142;207.8883;-2728.218
43586;148.9979;198.6085;-2725.771
43616;149.6974;194.1111;-2724.362
43646;152.0487;193.4874;-2724.661
43686;152.3221;192.1728;-2723.826
43716;152.8156;189.9149;-2722.669
43746;153.507;187.385;-2721.188
43776;153.9854;185.9422;-2720.302
43816;153.8313;179.938;-2716.791
43846;153.5448;178.1616;-2716.601
43886;151.655;172.5755;-2713.95
43916;151.5705;168.6962;-2712.813
43946;149.7997;163.4323;-2710.519
43986;149.676;161.6386;-2710.263
44016;147.9044;157.547;-2708.944
44066;147.4187;154.9168;-2708.814
44096;145.2955;148.6212;-2707.383
44116;144.9747;146.2531;-2706.025
44166;144.4173;144.0201;-2705.033
44176;144.0772;142.1011;-2704.369
44216;143.7708;140.0219;-2703.128
44246;144.2654;137.8149;-2702.729
44286;146.0625;134.7244;-2702.727
44316;146.86;128.4379;-2701.517
44356;147.5068;124.0489;-2699.525
44406;150.0643;117.6174;-2697.992
44416;151.6901;115.7237;-2698.839
44446;152.6277;115.1118;-2698.951
44486;154.7904;112.6239;-2699.542
44516;155.6834;109.7131;-2698.309
44546;156.6316;109.2024;-2698.836
44586;156.8485;108.0577;-2698.773
44616;157.6291;106.886;-2698.807
44646;160.6508;106.8922;-2701.156
44686;161.545;108.4603;-2703.422
44706;162.2433;108.3078;-2704.171
44746;162.2051;108.5563;-2704.131
44776;162.2882;108.9749;-2703.824
44816;161.8486;108.3597;-2700.975
44846;161.4574;108.446;-2700.52
44876;160.3472;108.3486;-2698.083
44916;160.1548;108.2727;-2697.765
44946;157.9459;108.5846;-2693.567
44976;156.4162;109.3525;-2692.304
45016;155.6563;109.6386;-2691.315
45046;155.3664;110.288;-2690.613
45086;153.5467;110.6399;-2689.457
45126;153.8696;114.0107;-2691.282
45146;153.3511;116.2488;-2691.916
45196;153.5232;118.1407;-2692.843
45226;153.5762;119.8321;-2693.098
45236;155.8716;124.6067;-2694.603
45276;157.6819;126.8397;-2694.971
45316;161.5408;132.7509;-2695.94
45346;163.8991;137.8241;-2696.484
45376;164.6863;143.2633;-2698.505
45416;167.7593;149.1557;-2701.621
45446;170.9656;155.5975;-2706.485
45476;171.9516;158.6977;-2709.87
45516;173.4081;163.8365;-2713.966
45546;173.7226;167.4547;-2716.47
45596;175.6473;173.1833;-2720.548
45626;175.0391;173.8395;-2721.462
45656;174.7332;175.3362;-2723.727
45676;172.9595;179.5661;-2727.944
45726;172.443;184.1995;-2733.099
45756;170.3599;186.2348;-2734.119
45796;168.7781;187.0711;-2734.892
45816;167.4383;187.0541;-2734.667
45846;165.9033;186.8489;-2734.952
45896;161.5817;185.7045;-2733.974
45906;159.8483;187.3947;-2734.633
45966;157.9723;192.5161;-2736.85
45996;155.0982;197.1341;-2738.924
46006;154.9698;206.3272;-2743.864
46046;154.7263;206.7927;-2744.181
46096;153.6364;207.2759;-2744.079
46126;152.8261;208.1977;-2744.488
46166;151.1896;212.6752;-2746.075
46186;149.4264;211.4794;-2745.909
46226;149.1731;211.5059;-2745.979
46246;149.2135;211.4723;-2746.308
46296;148.7839;210.9413;-2746.323
46316;147.9689;210.3988;-2745.463
46346;146.9248;208.2429;-2744.221
46386;144.535;192.8895;-2737.044
46416;145.6776;193.4628;-2737.633
46456;146.8524;191.9388;-2737.623
46486;146.9753;190.4786;-2737.495
46516;147.4225;189.3451;-2737.593
46546;147.6068;187.1081;-2736.972
46586;147.3956;184.2955;-2736.063
46616;146.4015;181.9212;-2735.192
46656;145.3449;177.2787;-2732.445
46686;143.7879;174.4522;-2731.061
46718;142.3272;170.8072;-2728.686
46748;139.5497;165.4736;-2723.908
46788;139.4413;164.0466;-2722.348
46838;138.9174;159.7001;-2718.52
46848;139.1999;152.7844;-2714.534
46888;139.1452;150.172;-2713.288
46918;138.9589;148.3683;-2712.699
46948;138.4743;143.9423;-2710.164
46978;138.103;142.2501;-2709.672
47018;137.4863;140.8376;-2708.659
47048;137.1481;138.8932;-2706.975
47078;137.1816;137.914;-2706.651
47118;136.2106;130.3851;-2702.699
47148;139.1035;129.2501;-2704.271
47178;140.041;127.5285;-2703.769
47218;141.2819;124.7937;-2702.878
47248;142.0064;122.2188;-2702.009
47278;145.0141;118.8624;-2701.215
47318;145.1947;119.0573;-2701.084
47348;146.7038;119.505;-2702.29
47388;148.034;116.6705;-2701.215
47418;149.4009;114.4134;-2701.243
47448;150.0678;113.3314;-2701.636
47488;151.9319;113.7556;-2704.407
47518;152.1108;111.8639;-2704.104
47548;152.5076;109.3318;-2703.156
47578;152.6325;109.1499;-2703.1
47618;152.3578;107.7458;-2701.465
47668;152.6667;107.4442;-2700.188
47698;151.3634;105.211;-2697.471
47708;151.4403;105.1796;-2697.417
47768;150.8365;105.3272;-2695.761
47778;150.738;106.6797;-2695.958
47818;149.8141;107.8698;-2695.59
47848;148.8894;108.2919;-2694.745
47878;147.9437;109.7777;-2694.706
47918;147.7262;111.312;-2695.37
47948;147.1089;115.8981;-2697.98
47978;148.5493;119.5295;-2700.875
48008;149.5648;122.6731;-2702.686
48048;149.702;124.8471;-2703.425
48098;150.5785;129.0405;-2705.365
48118;153.5376;136.3204;-2710.463
48158;154.4314;137.5543;-2710.681
48198;158.6151;144.7821;-2714.428
48228;159.9201;149.791;-2716.71
48258;161.6022;153.4119;-2719.162
48298;162.862;156.6084;-2721.318
48318;165.4476;160.5512;-2724.968
48348;167.7712;164.2631;-2727.591
48408;168.6951;166.6786;-2729.111
48428;169.5334;169.9857;-2730.969
48458;170.7901;172.1748;-2732.488
48498;170.0281;175.7661;-2734.589
48528;170.0963;178.6632;-2736.682
48558;169.4427;178.9425;-2736.61
48598;168.298;182.3619;-2738.079
48618;167.4773;183.5966;-2738.342
48658;164.253;188.3895;-2739.982
48678;163.1242;188.9655;-2740.363
48728;161.8136;192.8505;-2741.639
48738;160.3761;197.7345;-2745.084
48778;159.8282;200.9168;-2747.265
48828;158.9078;202.2355;-2748.317
48858;158.5786;202.2879;-2748.298
48888;157.357;203.1278;-2748.371
48928;156.8062;204.3118;-2748.875
48948;156.2101;205.1423;-2748.357
48998;155.9155;204.1479;-2747.892
49018;154.4749;194.5099;-2743.832
49048;154.1764;193.1875;-2742.879
49078;153.3082;188.4898;-2740.575
49118;153.5457;188.1263;-2740.354
49148;153.4175;186.8616;-2739.326
49178;153.5444;185.8599;-2738.785
49218;153.1233;183.5374;-2736.809
49248;152.5925;179.4836;-2734.921
49278;152.5131;176.4234;-2734.015
49318;151.6956;173.086;-2732.443
49348;150.2926;170.3746;-2730.829
49378;149.0163;167.8599;-2729.087
49418;147.3564;163.4402;-2725.478
49448;147.948;161.0644;-2723.917
49478;147.2204;155.5765;-2719.867
49518;146.8655;151.3702;-2716.995
49568;147.3889;148.9843;-2715.861
49578;146.7108;144.4523;-2713.232
49628;146.4275;140.4485;-2710.533
49658;146.3183;140.2585;-2710.424
49678;146.2527;139.6839;-2710.03
49718;146.6821;137.4747;-2709.195
49748;150.3483;131.2676;-2709.021
49788;151.0066;127.9101;-2708.539
49818;150.6151;125.002;-2706.451
49858;150.7958;122.7846;-2704.778
49888;152.685;120.403;-2703.627
49918;153.2988;120.4271;-2702.933
49948;156.0769;117.3593;-2702.983
49988;156.3346;116.1701;-2701.719
50018;156.7853;115.5379;-2701.497
50058;156.9757;113.1738;-2699.672
50078;157.5136;112.7712;-2699.745
50118;157.6101;112.7299;-2699.773
50158;157.9328;112.0898;-2699.29
50178;158.2016;111.4308;-2698.548
50218;158.1531;111.671;-2697.802
50248;157.291;112.2934;-2696.444
50288;156.1462;112.9426;-2695.602
50318;152.8936;116.8224;-2694.784
50348;149.2836;119.7009;-2693.815
50389;148.4332;121.2532;-2693.624
50419;147.9588;123.0261;-2693.509
50449;147.6172;124.5317;-2693.439
50489;148.0758;127.0607;-2694.043
50519;149.3324;130.3501;-2695.627
50549;149.5998;134.6536;-2696.064
50579;151.6726;142.138;-2697.905
50619;152.8916;145.2227;-2698.94
50649;154.5672;149.5934;-2701.152
50679;157.9907;154.0352;-2704.735
50719;159.3873;159.3405;-2707.437
50749;160.3863;162.5791;-2708.324
50779;161.4382;164.6102;-2709.323
50819;161.4434;165.53;-2709.493
50849;163.4708;169.7788;-2711.906
50899;165.3252;173.1666;-2714.23
50929;166.1949;176.5488;-2716.851
50969;166.6907;177.7115;-2718.03
50999;166.7357;180.2668;-2719.811
51019;165.7407;181.4513;-2720.568
51059;164.6731;183.0615;-2721.083
51089;164.6218;191.2785;-2725.79
51119;165.2213;199.9238;-2731.033
51149;164.7332;204.771;-2734.151
51189;162.5554;213.1658;-2737.212
51219;161.3218;217.4067;-2738.721
51249;159.7228;229.2222;-2742.7
51289;158.7283;228.7024;-2743.252
51319;158.2612;234.216;-2745.16
51349;156.5876;232.5834;-2743.686
51389;154.5041;229.5459;-2741.352
51409;153.8052;226.1501;-2739.954
51449;155.8744;230.1906;-2741.739
51499;156.0323;230.3886;-2741.839
51509;153.0155;217.0305;-2735.595
51549;153.9906;212.2366;-2734.086
51579;155.1904;203.9726;-2731.699
51619;155.9783;202.0996;-2731.319
51669;157.1629;200.809;-2730.606
51679;158.506;199.9887;-2730.92
51720;159.9775;197.7379;-2730.226
51743;161.2477;195.8552;-2729.787
51783;161.1745;192.1436;-2728.25
51813;161.3367;188.1829;-2725.54
51843;161.0121;177.9072;-2720.998
51883;160.1497;176.1808;-2719.715
51913;158.8618;170.3185;-2714.964
51943;156.3554;166.4341;-2711.733
51983;155.6602;161.8833;-2709.386
52013;154.0003;157.1261;-2706.717
52043;151.0564;148.1819;-2701.379
52083;150.8752;146.3822;-2700.707
52113;150.7603;144.6199;-2699.719
52153;150.4023;143.4179;-2699.442
52183;150.7074;141.6198;-2699.69
52213;151.2975;139.2635;-2699.971
52253;153.4844;136.4541;-2702.386
52283;153.446;133.2845;-2702.073
52313;153.4153;130.0103;-2701.408
52353;155.286;124.0807;-2700.938
52383;156.7935;119.7212;-2699.549
52413;158.4578;119.7941;-2701.061
52453;159.6539;115.1792;-2702.483
52483;158.177;108.8433;-2700.702
52533;157.7714;106.2022;-2700.727
52563;156.6266;102.5773;-2700.0
52603;156.2746;101.5976;-2699.56
52613;156.5039;100.9322;-2699.979
52653;156.4283;99.759;-2700.313
52683;156.8144;98.3051;-2701.163
52713;156.7188;97.94832;-2701.258
52743;156.3666;97.52172;-2702.061
52783;156.5965;97.16927;-2704.616
52813;156.6816;97.11269;-2706.647
52863;155.8293;96.7998;-2707.327
52873;154.4863;96.53748;-2707.187
52933;152.3526;96.61809;-2706.436
52953;147.61;96.48324;-2703.585
52973;142.9613;96.59489;-2701.033
53013;140.5112;96.19671;-2699.505
53063;139.0348;95.77428;-2699.02
53073;136.9291;96.77024;-2698.897
53133;131.6192;98.22881;-2696.526
53163;129.9812;99.70429;-2696.587
53193;127.8088;100.9845;-2695.938
53213;125.5921;103.2898;-2695.439
53243;125.0688;104.8375;-2695.292
53303;122.8224;107.9337;-2693.685
53313;123.4783;110.4214;-2694.844
53343;124.1377;115.0757;-2695.888
53393;124.8055;120.1684;-2696.772
53413;126.3934;124.6776;-2698.482
53443;128.2834;127.6788;-2699.122
53493;130.5134;132.2128;-2698.805
53533;132.6762;139.8895;-2699.413
53543;134.7981;145.2544;-2700.833
53583;137.4474;150.3199;-2702.287
53613;141.0958;156.3404;-2705.091
53643;143.855;160.5058;-2707.819
53683;144.3496;168.739;-2710.869
53713;147.6809;177.0905;-2716.158
53763;148.3745;177.8749;-2716.648
53793;148.8147;178.7119;-2717.26
53833;149.0735;181.8907;-2720.674
53853;148.8594;183.1976;-2721.628
53893;147.6915;185.1803;-2722.665
53923;145.2452;190.2208;-2724.927
53953;145.5039;204.8467;-2733.692
53993;142.8431;213.2446;-2737.88
54023;138.86;222.0031;-2739.319
54063;135.5678;220.8759;-2739.086
54083;128.5432;224.6988;-2738.271
54113;113.4939;234.0704;-2734.015
54163;113.7903;233.907;-2733.649
54183;104.2748;242.9016;-2737.916
54233;173.8014;219.9581;-2785.39
54243;173.8816;221.4841;-2789.017
54283;144.8846;211.477;-2800.399
54333;224.1228;244.9135;-2808.229
54353;172.8748;238.3276;-2787.493
54383;215.9363;263.2815;-2769.965
54424;158.6174;234.8181;-2785.307
54454;156.815;234.9034;-2787.211
54484;178.2944;239.1304;-2792.93
54514;214.6036;248.7868;-2792.256
54554;214.7025;248.8528;-2792.334
54584;163.0805;230.1913;-2784.297
54614;180.4215;230.812;-2783.852
54654;146.0733;269.6478;-2773.919
54704;147.418;269.3677;-2774.819
54714;139.4828;283.5189;-2775.074
54754;120.4046;221.9164;-2737.637
54784;119.538;222.8779;-2738.093
54814;122.526;222.9301;-2739.852
54854;128.1958;219.3811;-2742.662
54884;131.1828;208.7692;-2740.735
54934;132.753;204.5853;-2741.391
54944;133.6635;196.5333;-2740.742
55004;132.969;191.6303;-2738.657
55014;135.4461;183.0202;-2737.428
55054;131.5615;174.2854;-2731.589
55104;128.768;167.6422;-2727.414
55134;127.9345;165.6553;-2726.496
55144;125.6907;157.9207;-2722.41
55174;124.5989;154.4039;-2721.759
55214;124.3556;150.8064;-2722.597
55254;122.7037;145.5318;-2722.115
55284;121.2416;138.9641;-2719.805
55314;121.0117;137.1644;-2718.546
55344;122.3144;133.3554;-2717.832
55384;123.5249;130.2185;-2717.387
55414;125.7;126.4723;-2716.921
55444;126.9055;123.0995;-2715.723
55484;131.6481;115.0805;-2715.59
55514;134.162;110.5109;-2714.181
55544;136.6161;106.3594;-2712.432
55584;139.3347;104.3567;-2713.063
55614;139.6533;102.4961;-2711.35
55654;141.3531;101.0509;-2711.077
55684;142.3741;98.22017;-2709.684
55714;145.2616;95.03388;-2708.142
55754;146.6643;94.41005;-2708.859
55774;147.2929;92.80849;-2708.901
55814;148.3631;92.46708;-2710.137
55854;148.7814;90.60408;-2709.943
55884;148.9951;89.8427;-2709.812
55934;149.0562;89.83215;-2709.858
55944;149.1725;89.59956;-2709.962
55984;149.6795;89.43908;-2710.195
56014;149.4001;89.44221;-2709.638
56054;149.2752;89.44633;-2709.349
56094;148.805;89.67811;-2709.075
56114;148.1158;90.62828;-2708.141
56154;144.7636;92.40894;-2705.263
56184;140.2585;93.55481;-2702.247
56234;137.9891;94.43677;-2700.917
56264;135.2074;96.59681;-2700.11
56284;131.3713;97.54839;-2697.549
56314;130.1752;99.09683;-2697.784
56344;128.5157;100.5595;-2697.406
56384;127.9583;102.6582;-2697.701
56434;127.3106;105.1168;-2698.172
56444;128.206;108.7331;-2699.727
56494;128.5552;113.6893;-2701.849
56534;127.9769;118.86;-2702.894
56554;128.1766;122.0434;-2703.556
56584;129.6548;125.1623;-2704.07
56624;134.004;130.891;-2706.412
56664;138.6966;136.0569;-2708.968
56694;139.5823;140.0309;-2708.939
56724;140.7914;147.7879;-2708.918
56766;142.9908;153.5107;-2709.115
56796;146.4527;162.7274;-2711.65
56826;148.9566;167.8031;-2712.404
56856;150.4399;170.832;-2713.192
56896;152.2172;175.7042;-2715.531
56926;152.1391;177.2202;-2716.538
56956;152.0284;181.2276;-2718.372
56996;151.5897;182.1488;-2718.996
57026;152.5857;188.8907;-2722.532
57046;151.885;208.9606;-2732.945
57086;150.0063;208.5228;-2731.788
57116;147.3991;213.3211;-2733.341
57146;141.5387;219.2701;-2734.127
57186;137.9639;231.452;-2735.991
57216;134.9637;289.1701;-2754.383
57246;135.3761;289.3252;-2754.575
57276;138.8199;293.6103;-2758.735
57336;143.6696;296.0948;-2759.411
57366;154.6626;293.1909;-2763.87
57386;162.915;239.2084;-2778.966
57436;159.3657;234.1797;-2785.623
57446;135.2242;277.3386;-2756.716
57486;145.8329;292.4711;-2760.698
57516;148.3698;308.427;-2759.683
57546;147.6417;273.6301;-2782.015
57586;147.5384;273.3593;-2782.137
57616;149.9515;291.9986;-2768.854
57646;153.0226;294.2413;-2767.371
57686;151.294;296.562;-2766.316
57736;120.9008;346.3459;-2756.595
57756;139.6616;290.7139;-2757.722
57786;140.2753;290.0423;-2757.671
57816;132.744;232.3029;-2739.371
57846;133.3209;230.3514;-2738.142
57886;135.1291;228.0881;-2737.888
57916;138.7263;206.3914;-2733.862
57946;141.2428;201.9149;-2733.131
57986;142.0915;197.5982;-2731.777
58036;145.8208;192.2222;-2731.138
58066;146.6349;186.0052;-2730.57
58076;147.6736;185.0475;-2730.311
58116;148.8611;183.5161;-2729.07
58146;149.3169;180.1537;-2726.442
58186;149.9368;177.1959;-2724.609
58216;150.3104;174.9259;-2723.604
58246;149.8899;170.0989;-2720.135
58286;149.5331;168.8162;-2719.103
58316;146.3391;163.6451;-2713.427
58346;144.1714;159.9435;-2710.083
58386;144.5051;157.5896;-2709.391
58416;144.1009;151.8642;-2706.64
58446;143.6691;147.9596;-2705.058
58496;143.4015;145.9802;-2704.778
58516;141.8651;142.0122;-2703.386
58546;140.8169;138.3286;-2701.792
58596;140.8657;138.0267;-2701.861
58616;141.3433;136.4749;-2701.567
58646;143.6971;130.0065;-2698.894
58676;144.6974;125.6681;-2696.89
58716;146.3035;123.033;-2697.19
58746;146.7621;120.7132;-2698.057
58776;151.5389;117.3894;-2699.489
58816;154.0527;114.4321;-2700.522
58846;156.4905;112.1115;-2702.056
58896;158.1607;109.8839;-2704.141
58926;162.0238;107.518;-2707.025
58966;165.5163;102.3354;-2708.03
58986;167.1711;99.61794;-2708.117
59006;168.1788;97.71075;-2709.028
59046;169.0479;96.6205;-2709.625
59096;169.1996;96.00433;-2709.974
59126;168.8712;95.41311;-2710.067
59156;168.6131;94.40154;-2710.647
59196;168.8506;94.06261;-2711.201
59206;169.1405;93.46909;-2711.532
59266;168.158;91.80711;-2710.062
59286;167.7894;91.87677;-2709.782
59306;166.9522;91.67007;-2708.585
59346;166.2432;91.87803;-2707.106
59396;166.0912;92.23946;-2707.217
59406;165.0099;93.79361;-2707.06
59446;163.5126;94.52806;-2706.037
59496;162.0561;94.86141;-2705.367
59526;158.4538;94.57323;-2703.411
59566;154.2362;95.54542;-2702.322
59586;150.671;96.02054;-2700.322
59616;148.9011;96.5359;-2700.325
59656;147.016;97.8007;-2701.943
59696;142.9056;99.21375;-2702.281
59706;139.6082;102.3461;-2703.67
59746;137.8468;103.981;-2703.536
59796;136.9839;105.3812;-2703.697
59826;136.7979;106.9089;-2704.224
59846;135.8486;109.2283;-2704.674
59896;137.0795;116.4608;-2708.666
59906;137.0979;122.594;-2711.708
59946;137.8186;126.8333;-2713.549
59986;139.3241;129.53;-2714.519
60036;141.5076;133.4215;-2715.956
60066;142.9122;137.4577;-2716.714
60076;144.0687;142.768;-2717.219
60136;144.4308;145.8478;-2717.323
60146;144.5385;148.5007;-2717.643
60186;148.1345;153.2189;-2719.769
60236;151.5809;160.2851;-2723.542
60266;153.0187;163.6258;-2724.926
60276;154.5096;168.1529;-2726.84
60336;154.775;170.2794;-2727.27
60346;154.8166;174.3242;-2728.537
60386;154.3968;175.5535;-2729.527
60436;153.9625;177.1467;-2729.896
60456;152.7561;179.1052;-2729.931
60486;151.5847;182.4515;-2731.519
60516;148.939;184.8972;-2731.359
60546;147.3567;203.2566;-2736.817
60586;146.5381;209.4237;-2739.415
60616;145.1221;218.2728;-2742.238
60646;143.8367;225.3532;-2742.919
60686;142.9854;230.8262;-2744.155
60716;145.109;251.3367;-2754.269
60766;144.4431;251.2612;-2754.56
60776;144.8348;278.0904;-2761.193
60836;144.6382;279.3873;-2760.25
60866;189.5166;222.5261;-2788.831
60876;144.7462;187.1097;-2744.72
60936;222.7967;227.4238;-2782.967
60946;222.4065;229.5844;-2786.458
60986;221.7729;230.3583;-2786.728
61016;212.9588;217.4451;-2770.257
61046;212.3703;203.0317;-2777.13
61076;140.9032;261.779;-2746.802
61116;136.8582;248.819;-2743.151
61146;137.0762;229.3662;-2736.444
61176;139.3023;226.449;-2736.898
61216;141.274;213.5471;-2733.15
61246;143.0698;211.5148;-2732.426
61296;144.1871;196.6507;-2728.472
61306;144.9558;196.2815;-2729.148
61366;147.7617;195.2321;-2730.565
61396;149.5151;191.5099;-2731.082
61406;151.1498;187.2439;-2730.669
61446;151.094;182.1749;-2730.053
61476;149.2208;173.2607;-2726.475
61516;147.9428;169.9939;-2724.813
61546;146.4672;165.7916;-2722.356
61596;145.4113;161.4574;-2719.712
61626;143.4467;155.3885;-2716.481
61646;141.9858;150.7704;-2714.218
61696;141.4194;146.7562;-2712.491
61726;139.1241;142.4106;-2710.407
61746;137.4644;133.3962;-2704.075
61799;137.941;130.0897;-2702.305
61809;139.1716;125.5112;-2699.318
61849;140.7164;119.9538;-2695.923
61879;143.1621;115.762;-2694.119
61929;148.5597;109.243;-2693.146
61959;150.357;104.7615;-2690.688
61999;154.2475;98.99181;-2689.027
62029;156.4368;97.38485;-2689.49
62049;158.8881;95.68703;-2689.619
62099;163.6986;93.58022;-2690.9
62139;168.3974;91.3578;-2692.254
62149;175.7119;95.01123;-2700.898
62189;176.0781;93.4572;-2699.306
62219;176.4374;92.09232;-2698.635
62259;176.8652;90.73721;-2697.438
62289;177.588;88.51749;-2695.852
62319;177.3815;85.08773;-2693.446
62359;177.9203;84.5227;-2693.279
62389;178.1385;84.51425;-2693.095
62419;179.1671;84.41775;-2693.732
62459;179.9296;83.58076;-2693.766
62489;179.9392;83.37593;-2693.637
62519;179.7354;83.21143;-2693.443
62549;178.8394;82.44412;-2692.946
62589;178.7585;82.28944;-2693.025
62619;176.8254;82.09914;-2692.828
62649;175.9789;82.32655;-2694.108
62689;174.9297;83.0656;-2694.797
62719;173.9983;82.91911;-2694.697
62749;172.4676;83.97045;-2696.288
62789;171.4577;84.24349;-2696.469
62809;169.9302;83.75423;-2695.976
62849;168.592;86.22314;-2695.958
62889;165.0778;87.78936;-2695.012
62919;162.2707;89.08569;-2694.362
62949;159.9046;89.16586;-2694.286
62979;158.0312;89.10985;-2694.278
63019;153.8412;90.79066;-2693.957
63049;151.7601;91.48349;-2693.293
63079;147.8742;93.70981;-2693.322
63119;144.8896;95.34748;-2693.583
63149;142.8611;97.73597;-2695.279
63179;142.2733;100.1091;-2696.757
63219;141.8408;103.0559;-2698.807
63249;141.4527;104.9417;-2699.895
63279;141.5424;110.6069;-2701.98
63319;144.7508;117.2729;-2705.047
63349;147.7912;124.8569;-2706.653
63389;150.8207;131.1171;-2707.421
63419;152.5496;139.9097;-2708.54
63449;153.9568;146.4193;-2709.531
63489;156.8764;152.7858;-2710.886
63509;159.9743;168.5419;-2716.479
63549;160.4594;170.9087;-2716.931
63579;159.3637;173.5048;-2717.085
63639;157.4709;176.1089;-2717.974
63659;155.3174;179.9318;-2719.076
63699;153.7732;181.0328;-2719.231
63729;151.4871;196.3605;-2723.461
63749;150.0732;211.2747;-2727.596
63789;145.1451;219.1776;-2729.923
63819;139.0985;232.078;-2733.054
63849;134.141;234.4199;-2731.906
63879;131.9747;234.8002;-2730.251
63919;128.1462;236.1663;-2727.76
63949;118.3164;236.7322;-2724.9
63999;158.6385;286.8997;-2757.004
64029;156.517;290.0776;-2756.964
64049;153.5387;290.0254;-2757.047
64079;153.3539;290.5602;-2757.647
64119;148.5016;273.5232;-2759.677
64149;168.7438;224.7305;-2766.133
64199;188.0024;236.612;-2767.9
64229;160.2417;283.6742;-2765.153
64259;159.2242;291.0671;-2763.628
64289;152.08;295.7762;-2759.657
64329;150.2199;295.3177;-2758.401
64359;141.3609;294.3259;-2755.056
64389;168.3018;316.9753;-2770.029
64429;125.0118;271.9453;-2740.234
64459;130.3139;252.7397;-2734.227
64499;134.2524;235.1242;-2730.808
64529;136.5525;226.737;-2729.572
64559;136.8573;209.5505;-2722.085
64599;138.7346;205.3746;-2722.009
64629;140.0456;201.136;-2723.06
64659;143.6754;199.1754;-2724.399
64689;145.1678;196.9099;-2724.432
64729;145.3533;190.535;-2723.441
64759;145.853;184.3388;-2721.86
64789;143.5887;176.3891;-2719.472
64819;140.6544;169.7798;-2717.504
64859;138.5122;165.8708;-2715.787
64889;137.7667;157.6325;-2715.103
64929;136.8137;154.5269;-2716.357
64959;136.2805;146.1671;-2718.006
64989;135.282;139.6423;-2718.568
65029;133.9448;132.619;-2718.45
65059;131.8888;126.9068;-2717.337
65089;130.2519;122.9797;-2716.09
65129;131.3684;118.5614;-2716.661
65159;131.9726;115.2169;-2716.65
65189;133.8064;111.6249;-2717.276
65219;136.234;107.7994;-2717.339
65259;140.1488;104.2723;-2718.152
65289;142.3311;102.5248;-2716.753
65329;142.8614;102.0232;-2716.203
65349;145.3216;99.85294;-2714.495
65389;147.239;97.20148;-2712.99
65419;148.3627;93.88029;-2708.935
65449;149.6562;92.84984;-2709.135
65479;150.6326;90.81525;-2709.386
65519;151.3974;90.04885;-2709.371
65549;151.9462;89.5553;-2709.008
65589;151.6855;88.24364;-2706.974
65619;152.2569;88.28413;-2707.246
65659;152.3432;87.98689;-2707.174
65689;153.0388;87.39682;-2706.795
65719;153.2107;87.03636;-2706.748
65759;153.0288;86.6806;-2706.572
65789;152.9395;86.94353;-2707.039
65819;153.0459;86.7706;-2707.04
65859;153.0578;86.87315;-2707.179
65889;153.1636;86.62488;-2707.137
65919;153.2862;86.61382;-2707.088
65959;153.38;86.51555;-2706.583
65979;153.7449;86.34861;-2706.804
66019;153.6129;86.24424;-2706.561
66049;153.6919;86.51206;-2706.325
66089;154.0257;86.65717;-2705.023
66119;154.3087;86.90488;-2704.457
66159;154.5499;86.67371;-2703.781
66189;155.2765;87.60771;-2703.926
66219;155.8536;87.7841;-2703.418
66249;157.1082;88.63949;-2704.605
66289;157.3019;88.73623;-2704.358
66319;157.5649;88.88543;-2703.55
66349;157.7138;89.43933;-2703.792
66389;157.8651;89.39124;-2703.069
66420;158.3181;89.58394;-2702.972
66450;158.5597;89.91896;-2702.448
66490;158.9348;89.48442;-2701.8
66520;159.6283;89.91624;-2701.622
66550;159.8643;89.86205;-2701.664
66580;160.069;89.60706;-2701.357
66620;160.4951;89.09681;-2700.32
66650;161.2039;89.01378;-2700.123
66700;161.6154;89.13177;-2700.082
66710;162.3712;88.81422;-2699.794
66750;162.722;88.72167;-2699.503
66801;163.0285;88.65383;-2699.568
66832;163.5116;88.45697;-2699.111
66842;164.38;88.53445;-2698.945
66902;164.6367;88.44794;-2698.498
66922;164.8748;88.29681;-2698.323
66942;164.9836;88.21495;-2698.203
66982;165.0976;88.34583;-2698.104
67012;165.2366;88.38831;-2698.058
67052;165.2612;88.35956;-2698.058
67082;165.323;88.27847;-2697.725
67132;165.5641;87.87256;-2697.766
67152;166.041;88.18118;-2697.969
67182;166.2274;88.10332;-2698.007
67232;166.5078;87.84251;-2697.708
67252;166.9501;87.6953;-2697.968
67282;167.3929;87.53929;-2698.067
67312;168.3557;87.42488;-2698.194
67362;169.4228;86.26289;-2698.506
67392;169.7262;85.91159;-2698.762
67432;169.8434;85.4824;-2698.534
67462;170.0958;85.24623;-2698.658
67502;170.2783;85.23486;-2698.806
67512;170.9145;85.00905;-2699.26
67562;171.0435;85.00089;-2699.254
67592;171.2624;84.87205;-2699.252
67632;171.7733;84.24464;-2699.399
67662;172.6785;84.32671;-2699.654
67692;172.8942;84.48872;-2699.552
67732;173.0293;84.44915;-2699.463
67762;173.5971;84.39264;-2699.377
67792;173.6265;84.2342;-2699.29
67832;173.7129;84.572;-2698.781
67862;173.8628;84.60379;-2698.582
67892;173.9604;85.23286;-2697.486
67932;173.6653;86.55044;-2695.223
67962;173.5515;87.61402;-2693.649
67992;173.1337;89.70637;-2691.984
68022;171.9951;90.767;-2688.791
68062;171.9041;91.54271;-2688.399
68092;170.2929;91.82681;-2683.501
68122;169.1869;92.19656;-2681.225
68162;167.9977;91.59062;-2679.043
68192;167.3285;91.65752;-2677.965
68222;166.4613;91.90772;-2677.886
68262;165.7233;91.97514;-2678.455
68292;165.173;91.65516;-2679.09
68322;164.6678;91.38414;-2680.41
68362;164.0086;90.97221;-2681.816
68392;163.5879;90.97489;-2682.997
68422;163.8036;91.83785;-2685.25
68462;165.1864;91.54717;-2688.977
68482;165.5584;91.83289;-2690.57
68522;169.1262;93.67945;-2695.571
68552;178.4822;97.36949;-2702.17
68592;186.0828;98.53904;-2704.703
68622;192.2911;101.8683;-2708.245
68662;204.2337;107.7526;-2713.041
68692;223.5678;116.3208;-2721.705
68722;238.2918;126.3242;-2727.536
68752;249.6985;130.8548;-2730.196
68792;264.5155;134.6113;-2733.23
68822;280.4399;139.3818;-2738.523
68852;293.0255;140.2513;-2741.572
68892;306.5453;140.4012;-2743.817
68922;318.3633;142.5298;-2746.064
68972;340.9037;147.4554;-2753.321
68982;345.7916;146.736;-2753.902
69022;365.8102;144.9388;-2760.727
69052;371.1026;144.2761;-2762.364
69102;375.2885;143.9821;-2763.067
69112;379.8018;144.764;-2764.545
69152;381.9255;144.8607;-2765.461
69182;384.3693;145.4083;-2767.146
69222;385.2812;145.5697;-2768.063
69252;385.3406;145.5606;-2768.158
69282;385.6632;145.4804;-2767.93
69322;385.6974;145.4293;-2767.881
69352;385.6861;145.4427;-2767.893
69382;386.2277;146.8143;-2768.72
69423;385.4816;149.9568;-2768.728
69473;385.39;153.5327;-2768.701
69483;384.6574;155.2401;-2768.744
69513;384.3241;155.7018;-2768.36
69553;384.5554;155.8049;-2768.335
69583;385.7215;156.4101;-2768.126
69613;388.3476;155.7777;-2766.838
69653;395.926;147.0023;-2760.345
69683;402.6315;147.6896;-2759.93
69723;414.2841;141.6222;-2755.63
69753;425.5519;138.7919;-2752.603
69803;440.6967;129.4502;-2747.089
69813;460.0943;130.6761;-2749.181
69853;476.3785;127.5809;-2744.985
69903;496.8689;119.9331;-2740.599
69913;524.0645;119.0845;-2741.382
69953;557.6464;118.7926;-2743.344
69983;587.6368;121.6365;-2742.999
70013;606.771;127.5672;-2738.416
70053;636.6895;134.2104;-2735.569
70083;658.062;139.1979;-2733.348
70123;685.2861;142.4858;-2727.516
70153;715.5698;155.6869;-2727.33
70183;731.1478;165.2864;-2723.038
70213;763.5396;185.4565;-2724.479
70253;788.4924;200.3251;-2720.722
70303;804.3802;208.5068;-2711.182
70323;819.0841;220.2837;-2701.349
70363;824.291;227.4696;-2680.854
70383;829.192;238.7336;-2666.608
70413;837.4211;256.1849;-2657.099
70453;837.3858;275.2592;-2649.876
70483;839.8447;292.3041;-2645.51
70533;848.5511;325.4403;-2645.113
