
0;-466.038;-219.5048;-2505.017
30;-465.4403;-219.8069;-2505.308
50;-465.0222;-220.3716;-2505.618
90;-464.8408;-220.8663;-2505.707
130;-465.9463;-222.4626;-2504.943
150;-465.2813;-223.0358;-2504.859
180;-465.1826;-223.0377;-2504.836
220;-464.5938;-223.5314;-2505.155
250;-467.0034;-224.9525;-2503.96
300;-466.9514;-225.0523;-2504.1
320;-469.7458;-224.5311;-2503.969
340;-472.7965;-223.9202;-2504.086
380;-476.2619;-225.1255;-2505.23
410;-477.5441;-225.7205;-2506.02
450;-478.6152;-226.6856;-2506.412
500;-485.1782;-228.8474;-2509.128
520;-485.7947;-230.0618;-2511.848
540;-487.801;-230.8234;-2513.477
580;-489.4868;-232.9469;-2515.511
610;-489.9903;-233.4478;-2516.031
650;-489.0711;-236.369;-2517.993
680;-488.7196;-236.939;-2518.307
710;-488.3871;-238.0614;-2519.604
750;-487.1268;-239.0273;-2525.188
780;-485.9346;-240.5497;-2529.003
810;-484.628;-242.624;-2531.479
850;-483.0571;-243.7421;-2533.427
880;-475.5567;-250.8413;-2535.013
910;-473.1895;-250.9185;-2535.721
950;-468.6003;-253.0595;-2536.915
980;-465.901;-253.3826;-2539.022
1010;-450.7892;-254.7043;-2542.115
1050;-446.6981;-255.6894;-2543.744
1090;-442.5271;-256.0434;-2543.938
1110;-418.4561;-262.3706;-2540.394
1140;-412.786;-261.8948;-2540.634
1180;-399.7451;-266.2407;-2537.552
1210;-387.1855;-266.6544;-2538.032
1240;-368.0646;-265.2301;-2537.018
1280;-353.5523;-265.5731;-2536.371
1310;-338.2357;-267.0282;-2533.35
1360;-311.2799;-272.4951;-2526.68
1370;-298.6947;-273.9889;-2526.715
1410;-270.9787;-279.7321;-2524.972
1444;-257.9984;-282.755;-2523.925
1475;-228.6141;-279.4511;-2526.235
1505;-209.7646;-281.5237;-2526.401
1545;-187.8828;-284.7759;-2525.872
1585;-166.7732;-287.4385;-2525.453
1615;-148.4736;-287.1227;-2527.476
1645;-133.9675;-286.6554;-2530.492
1685;-115.3156;-284.9336;-2533.513
1715;-103.7736;-284.5332;-2536.52
1745;-96.93289;-282.4268;-2540.329
1785;-83.69466;-281.6261;-2542.863
1815;-78.15733;-281.4036;-2545.079
1845;-69.6245;-279.5434;-2545.91
1875;-65.20822;-279.6908;-2545.294
1915;-60.32134;-278.5193;-2544.975
1955;-55.74815;-278.1501;-2544.132
1985;-52.68599;-277.7868;-2541.842
2025;-50.24246;-275.984;-2538.861
2045;-47.80737;-276.6056;-2535.442
2085;-45.44343;-276.5846;-2531.041
2125;-44.29381;-273.7859;-2526.973
2155;-41.79057;-272.7975;-2523.781
2185;-40.80114;-272.3146;-2520.431
2225;-38.90446;-271.3769;-2518.4
2245;-38.51779;-271.3383;-2516.281
2285;-37.68289;-271.5808;-2513.281
2325;-37.57598;-271.1489;-2511.512
2345;-37.74675;-270.4357;-2509.882
2375;-39.43038;-270.2778;-2508.25
2415;-42.02954;-270.8064;-2507.465
2455;-45.08516;-271.7143;-2506.517
2475;-49.82156;-271.1073;-2507.665
2525;-50.8636;-270.716;-2507.226
2555;-51.9545;-270.2287;-2505.498
2575;-51.76965;-269.6935;-2504.881
2625;-50.10261;-269.3813;-2504.237
2655;-48.85708;-269.2485;-2502.948
2675;-49.12472;-269.2126;-2502.125
2715;-49.43474;-268.6626;-2501.236
2745;-49.30222;-268.3964;-2501.056
2775;-49.75548;-268.4177;-2499.714
2825;-49.15717;-268.2292;-2499.512
2845;-48.48138;-268.7617;-2498.906
2875;-49.4838;-269.0589;-2497.88
2915;-47.09148;-269.1941;-2495.683
2935;-44.66069;-269.2661;-2494.253
2975;-41.65359;-268.1402;-2492.562
3005;-40.31557;-267.6747;-2491.655
3045;-37.87757;-266.3874;-2489.713
3075;-35.12808;-265.4063;-2487.988
3105;-34.49776;-264.8309;-2487.772
3145;-33.68767;-264.7241;-2487.468
3175;-32.97371;-264.4359;-2487.483
3205;-32.47374;-264.2728;-2487.8
3245;-31.95024;-264.0479;-2488.027
3295;-31.89862;-264.0474;-2488.08
3315;-31.72471;-263.7899;-2489.008
3345;-31.84112;-263.5823;-2489.592
3385;-31.8068;-263.4922;-2490.081
3415;-31.82213;-262.5732;-2491.02
3445;-31.91528;-261.9528;-2491.633
3475;-32.17031;-260.6114;-2492.206
3515;-32.57702;-258.205;-2493.426
3545;-32.99368;-256.4389;-2495.32
3585;-34.95598;-254.2932;-2497.931
3615;-35.43336;-252.9089;-2499.255
3655;-35.96402;-250.3814;-2501.897
3675;-36.24764;-249.1971;-2502.857
3715;-38.67268;-245.163;-2505.919
3755;-40.08838;-239.6545;-2509.373
3775;-41.53173;-234.4193;-2513.351
3805;-42.39175;-229.3338;-2516.962
3855;-43.62091;-226.0527;-2519.572
3895;-44.2591;-224.712;-2519.994
3915;-44.64277;-222.8839;-2520.65
3935;-45.09294;-220.9068;-2522.074
3995;-43.12171;-207.0166;-2528.494
4015;-43.97219;-198.9942;-2534.285
4055;-46.00631;-195.7758;-2537.242
4075;-46.4256;-195.1054;-2536.865
4125;-47.70644;-194.5631;-2536.533
4155;-47.64277;-192.0363;-2536.435
4175;-48.25025;-185.8632;-2537.858
4225;-50.33187;-181.5971;-2538.353
4255;-56.54554;-171.578;-2550.847
4265;-63.92292;-141.0497;-2556.248
4315;-64.36335;-140.6904;-2556.032
4355;-70.35452;-135.1039;-2555.102
4375;-68.61395;-134.5475;-2555.108
4425;-72.74055;-127.7812;-2556.452
4465;-73.94733;-121.7351;-2556.728
4475;-66.09145;-134.61;-2554.83
4515;-63.89363;-135.1783;-2554.588
4565;-66.30915;-124.8606;-2556.308
4575;-64.8258;-128.9487;-2555.88
4615;-66.83987;-128.507;-2556.458
4645;-61.95252;-134.3007;-2553.818
4675;-57.74194;-149.9199;-2542.39
4725;-57.30514;-152.9146;-2546.516
4745;-55.81776;-162.5254;-2545.458
4795;-45.58031;-175.2956;-2542.561
4805;-46.03167;-181.1108;-2539.572
4865;-47.02496;-181.7939;-2539.599
4895;-47.68553;-182.8969;-2540.903
4925;-48.20691;-191.37;-2539.73
4945;-47.87282;-195.7227;-2538.293
4975;-48.32064;-199.7562;-2537.53
5015;-48.20161;-206.8414;-2534.508
5045;-47.1265;-213.328;-2530.21
5085;-47.11427;-215.3219;-2529.23
5115;-47.11173;-218.1102;-2528.204
5135;-46.91226;-222.1477;-2526.325
5185;-44.56335;-226.9966;-2524.206
5205;-43.38414;-231.5592;-2521.563
5256;-43.82735;-238.0475;-2519.387
5276;-45.15818;-241.235;-2519.674
5326;-45.3904;-244.9518;-2519.727
5356;-43.61397;-251.7632;-2522.481
5396;-44.5637;-256.1817;-2522.905
5406;-46.25252;-258.0182;-2520.677
5446;-48.79023;-258.6482;-2518.609
5496;-49.92825;-259.5993;-2518.606
5516;-53.11792;-260.0342;-2518.369
5546;-53.32486;-260.4228;-2518.036
5586;-54.04732;-260.8865;-2517.503
5616;-57.80722;-264.6843;-2516.813
5646;-65.30092;-268.472;-2516.858
5696;-66.79104;-268.4737;-2516.642
5716;-62.66266;-267.174;-2515.26
5746;-56.76877;-266.897;-2514.646
5776;-58.30751;-266.4518;-2514.938
5816;-58.39129;-267.4829;-2515.1
5846;-59.71193;-267.7824;-2515.233
5886;-58.82452;-267.592;-2513.365
5906;-58.0993;-268.1838;-2511.711
5946;-54.22184;-267.583;-2509.347
5986;-54.16016;-267.3232;-2509.116
6016;-54.08897;-267.2275;-2508.957
6046;-48.95633;-267.5433;-2508.257
6076;-48.20934;-267.1391;-2507.651
6116;-47.45868;-267.2639;-2506.915
6166;-46.9632;-267.4513;-2506.515
6176;-47.01716;-267.4113;-2506.517
6216;-43.45461;-267.2173;-2507.218
6246;-43.22115;-266.9907;-2507.207
6296;-43.32548;-267.1989;-2507.106
6326;-41.75878;-267.1268;-2507.362
6346;-39.92013;-266.1165;-2507.772
6376;-39.01245;-265.2107;-2508.151
6416;-37.48309;-264.1368;-2508.83
6446;-36.90015;-263.5496;-2509.067
6478;-36.90207;-263.3377;-2509.08
6508;-36.71797;-263.2109;-2509.301
6548;-36.90559;-262.7672;-2509.775
6578;-42.36971;-260.6078;-2510.276
6608;-42.45108;-259.9783;-2511.318
6648;-43.02603;-259.7838;-2511.966
6678;-46.55864;-258.6147;-2515.141
6708;-50.45193;-256.7353;-2517.475
6748;-50.29085;-255.3737;-2519.31
6768;-50.74049;-254.1244;-2521.156
6828;-50.15147;-253.1264;-2521.675
6838;-50.23675;-249.7924;-2523.146
6878;-50.99042;-247.0699;-2525.437
6908;-51.58746;-244.2725;-2527.817
6958;-51.20939;-240.6698;-2531.682
6978;-52.48552;-235.8326;-2536.521
7028;-53.02281;-233.9651;-2537.632
7048;-53.04235;-232.847;-2538.195
7078;-52.60344;-231.8895;-2539.132
7118;-52.11448;-230.4712;-2540.619
7138;-52.00928;-229.3806;-2540.895
7178;-52.34638;-226.9361;-2542.863
7218;-52.17298;-225.7282;-2543.482
7248;-48.86183;-220.9656;-2545.959
7278;-47.94974;-215.2395;-2549.076
7308;-49.98481;-211.4143;-2550.674
7348;-50.20114;-203.5057;-2552.598
7398;-50.08662;-200.9123;-2552.524
7408;-50.00876;-196.8483;-2552.716
7448;-49.65615;-194.9464;-2551.666
7478;-45.605;-195.5383;-2548.258
7528;-44.26533;-195.0496;-2547.553
7548;-41.43909;-189.5354;-2550.339
7578;-41.29874;-188.1584;-2550.527
7608;-44.06746;-182.8749;-2551.223
7648;-52.95096;-145.3473;-2566.102
7678;-50.33215;-153.3967;-2558.644
7708;-52.00401;-144.1438;-2560.752
7748;-54.15854;-143.0096;-2562.15
7778;-54.42566;-142.8752;-2563.088
7818;-54.83179;-143.224;-2563.004
7848;-60.46786;-139.8329;-2564.33
7888;-63.80425;-138.2102;-2564.854
7908;-57.57101;-150.0552;-2563.012
7948;-63.02897;-142.7872;-2555.729
7988;-67.13388;-138.1263;-2558.697
8018;-66.56758;-144.89;-2553.84
8048;-55.36615;-175.2278;-2546.943
8078;-52.70958;-182.0874;-2544.973
8118;-51.22335;-182.704;-2544.864
8148;-50.85056;-183.4324;-2544.503
8188;-51.95851;-185.9095;-2541.968
8208;-52.25884;-186.2244;-2541.913
8248;-52.758;-188.712;-2539.525
8278;-53.08635;-190.7653;-2539.827
8318;-53.13863;-196.9506;-2536.913
8348;-53.27602;-205.655;-2534.96
8378;-51.34073;-207.4302;-2534.587
8418;-51.66714;-208.2769;-2534.214
8448;-51.70494;-208.8102;-2533.855
8478;-51.10276;-211.7595;-2531.965
8508;-50.96684;-216.6496;-2529.744
8548;-50.38388;-218.5544;-2529.923
8588;-49.64516;-222.3369;-2527.935
8628;-49.16927;-225.2865;-2526.614
8648;-48.63313;-229.957;-2524.151
8688;-48.58513;-233.6758;-2521.55
8718;-48.00072;-238.5132;-2519.716
8758;-47.53242;-240.8641;-2518.383
8778;-47.14233;-242.7641;-2517.312
8818;-47.18066;-244.4303;-2516.391
8848;-46.6409;-246.4221;-2515.593
8878;-46.64146;-249.4229;-2514.048
8908;-46.07321;-253.6187;-2512.211
8948;-46.65542;-254.3369;-2509.25
8978;-46.57939;-254.2029;-2508.523
9008;-45.58066;-254.6029;-2507.589
9058;-44.85812;-254.9181;-2506.554
9078;-44.96091;-255.6282;-2504.673
9128;-46.07741;-257.7482;-2499.072
9138;-45.89456;-257.7691;-2499.084
9178;-46.09338;-258.8596;-2498.811
9208;-55.81131;-263.0979;-2495.971
9248;-59.36604;-265.4617;-2498.317
9278;-62.32344;-265.88;-2499.513
9308;-58.63596;-265.9289;-2501.311
9338;-56.08468;-265.8597;-2501.535
9378;-56.05905;-266.0744;-2501.372
9408;-56.07435;-266.2688;-2501.418
9458;-57.27388;-266.7805;-2501.489
9498;-57.19891;-267.0076;-2500.555
9528;-56.49095;-267.6633;-2498.669
9558;-51.56762;-266.4102;-2495.588
9588;-49.03545;-264.5352;-2493.858
9628;-42.96817;-262.2119;-2493.108
9638;-42.30125;-261.4915;-2492.464
9678;-39.47461;-261.2496;-2492.235
9728;-37.48412;-260.5915;-2492.005
9748;-34.63564;-259.5358;-2491.344
9778;-33.25358;-259.7501;-2491.071
9808;-31.96511;-259.5624;-2490.875
9848;-31.12963;-259.4761;-2490.302
9878;-30.99383;-259.127;-2490.259
9908;-31.08318;-259.1029;-2489.949
9958;-31.54552;-257.9532;-2489.624
9988;-30.9423;-257.7928;-2490.469
10008;-31.00891;-256.3432;-2491.51
10038;-32.33326;-254.9202;-2493.242
10078;-33.78326;-254.1746;-2494.833
10108;-34.93914;-252.6314;-2496.488
10148;-36.28389;-250.6007;-2498.374
10198;-37.12044;-249.2589;-2500.173
10218;-38.5219;-248.3295;-2502.06
10258;-39.3149;-246.2079;-2503.789
10288;-42.74532;-239.1907;-2510.812
10308;-43.70011;-235.8894;-2513.142
10338;-45.2787;-232.4161;-2515.129
10378;-45.28527;-229.8849;-2516.606
10418;-45.70352;-227.3689;-2518.137
10458;-45.8892;-225.1651;-2519.369
10488;-47.14956;-222.2724;-2522.622
10528;-46.58633;-221.3396;-2524.242
10558;-46.90461;-221.081;-2524.282
10578;-46.94571;-220.8629;-2524.669
10628;-46.3377;-215.1297;-2528.921
10648;-45.41986;-213.4329;-2530.64
10688;-44.96338;-205.0704;-2534.736
10718;-46.49912;-204.6273;-2534.565
10758;-46.90996;-201.4366;-2533.792
10788;-46.47903;-198.9122;-2534.061
10818;-46.63732;-198.546;-2533.659
10848;-46.32105;-197.5333;-2533.593
10888;-45.78352;-195.8004;-2533.918
10928;-45.34457;-194.076;-2533.727
10938;-45.24257;-194.0801;-2532.959
10978;-45.54686;-191.6878;-2533.877
11028;-45.18153;-191.1347;-2533.593
11058;-44.38345;-190.6564;-2534.038
11078;-38.34239;-153.3058;-2545.748
11128;-39.15913;-152.8933;-2546.722
11158;-46.2354;-162.2526;-2551.032
11178;-47.47047;-174.9643;-2542.846
11228;-46.64561;-175.0072;-2548.052
11249;-48.97491;-177.4408;-2544.185
11269;-49.59127;-173.629;-2547.95
11329;-44.92724;-167.4469;-2548.61
11339;-45.14902;-170.9144;-2545.537
11379;-45.22657;-171.7423;-2544.499
11429;-45.45696;-173.3804;-2543.188
11449;-45.4914;-174.2236;-2542.919
11469;-44.73735;-177.9862;-2541.113
11511;-47.15374;-181.2129;-2539.186
11561;-48.18683;-182.8115;-2538.015
11591;-48.46885;-183.9352;-2537.909
11611;-48.30233;-185.1081;-2537.918
11661;-48.33647;-195.6168;-2534.498
11681;-47.28679;-198.6309;-2532.932
11721;-47.3955;-200.4186;-2531.563
11751;-46.72604;-203.9725;-2527.409
11791;-45.41109;-209.6666;-2523.024
11821;-46.12365;-212.8773;-2521.442
11851;-45.86898;-214.5249;-2521.131
11871;-44.86266;-215.9112;-2520.042
11911;-45.81571;-220.5523;-2518.407
11941;-45.69342;-222.2107;-2517.978
11971;-45.15652;-227.552;-2516.361
12011;-45.10179;-231.1811;-2515.174
12061;-43.1241;-233.8426;-2513.97
12081;-40.90928;-236.0839;-2512.498
12121;-40.05865;-237.6165;-2512.077
12141;-39.30283;-239.5807;-2511.19
12171;-34.82052;-244.2342;-2511.6
12211;-32.59131;-246.7001;-2511.34
12261;-31.9715;-249.9855;-2510.583
12271;-33.01266;-250.3753;-2509.544
12311;-35.79311;-251.5277;-2505.758
12341;-36.05463;-252.0329;-2505.525
12371;-36.03146;-252.44;-2505.562
12411;-35.8461;-253.6101;-2505.087
12441;-36.08156;-254.6412;-2504.882
12481;-36.50881;-255.8419;-2504.769
12511;-36.80176;-256.4748;-2504.911
12551;-37.26771;-257.3738;-2505.665
12571;-40.08503;-259.1097;-2506.129
12611;-47.14565;-264.8532;-2507.657
12651;-55.03394;-268.9042;-2509.766
12681;-57.85654;-270.1772;-2511.769
12711;-58.69625;-270.659;-2512.504
12741;-58.60861;-271.0459;-2512.747
12781;-58.80576;-270.8853;-2513.173
12811;-58.88024;-271.408;-2513.45
12841;-59.61054;-271.1147;-2514.594
12881;-61.53383;-271.4588;-2515.229
12911;-61.00479;-271.8581;-2515.212
12941;-59.72786;-272.2344;-2514.079
12981;-53.58962;-270.8025;-2513.61
13011;-50.30048;-269.2679;-2513.779
13041;-46.91697;-267.8965;-2513.728
13081;-45.81694;-267.4007;-2513.867
13111;-44.66959;-266.7975;-2513.67
13161;-44.65863;-266.731;-2513.675
13191;-45.15123;-265.9704;-2514.222
13201;-45.03353;-265.8535;-2514.457
13241;-44.89584;-265.8303;-2514.545
13291;-44.23543;-265.7215;-2514.638
13321;-43.69783;-264.9162;-2514.683
13341;-43.63723;-264.8058;-2514.402
13391;-40.98989;-265.8651;-2514.516
13421;-40.37566;-264.2246;-2514.536
13441;-40.38374;-261.5044;-2514.772
13491;-40.48398;-260.3799;-2514.9
13501;-41.60598;-257.1038;-2515.955
13561;-42.12736;-255.3887;-2515.914
13591;-42.2701;-252.4041;-2516.348
13621;-43.09785;-249.2773;-2516.741
13661;-45.33374;-246.5249;-2517.259
13691;-46.73821;-241.2098;-2520.183
13721;-48.71346;-237.4103;-2521.127
13761;-51.12249;-234.5739;-2524.081
13781;-51.55325;-232.6389;-2525.22
13821;-53.06919;-228.1796;-2528.881
13851;-53.33981;-227.435;-2529.261
13891;-54.36785;-222.7428;-2532.461
13921;-54.71025;-220.5701;-2534.849
13951;-54.40079;-217.5007;-2538.097
13981;-54.5956;-211.3727;-2538.005
14021;-53.90258;-204.9934;-2538.43
14051;-56.2937;-198.5994;-2537.02
14091;-52.01146;-195.2444;-2538.66
14121;-51.90714;-194.1627;-2539.004
14151;-54.1557;-188.7178;-2539.951
14191;-51.50775;-175.506;-2543.483
14221;-57.40141;-166.4134;-2547.952
14262;-58.99274;-164.9364;-2548.844
14272;-58.03004;-162.4301;-2549.901
14312;-59.83216;-153.8153;-2549.873
14342;-80.01359;-145.618;-2553.602
14372;-85.7043;-107.9548;-2599.716
14412;-84.09888;-107.3339;-2600.85
14442;-82.91197;-108.7094;-2601.871
14472;-83.14849;-109.1647;-2602.138
14522;-83.91798;-108.5844;-2605.495
14542;-82.85262;-114.1362;-2606.052
14592;-76.10773;-120.5151;-2607.045
14622;-70.8774;-130.9162;-2603.441
14652;-65.7384;-146.305;-2605.715
14692;-66.52482;-149.414;-2603.841
14722;-54.08354;-185.9724;-2540.36
14762;-54.15045;-186.336;-2538.519
14792;-54.49998;-187.8476;-2537.24
14822;-55.30025;-200.3392;-2533.703
14862;-53.79153;-202.4485;-2533.057
14892;-52.25934;-203.6286;-2532.657
14922;-51.85501;-210.5325;-2529.673
14962;-50.80309;-210.3032;-2530.196
14982;-50.61683;-214.5076;-2527.944
15022;-50.32615;-215.7036;-2527.186
15062;-49.89714;-217.1542;-2526.546
15092;-50.03154;-220.9964;-2524.567
15112;-47.17392;-227.2225;-2521.065
15162;-46.1548;-229.8108;-2520.467
15182;-45.78453;-235.4655;-2518.537
15222;-45.61149;-237.5285;-2517.677
15232;-47.36757;-243.3633;-2514.286
15292;-48.6432;-245.3318;-2514.268
15322;-49.3578;-246.2239;-2514.555
15352;-49.93778;-247.2193;-2514.767
15392;-49.38094;-247.8914;-2514.774
15422;-49.63853;-249.1509;-2514.157
15452;-50.18406;-250.5279;-2513.226
15472;-49.22474;-251.9754;-2513.478
15522;-48.6479;-254.0995;-2513.289
15552;-48.67312;-255.4662;-2513.737
15592;-54.51266;-262.8202;-2511.472
15622;-61.12249;-266.581;-2512.761
15652;-66.10069;-267.7088;-2515.178
15692;-67.07916;-267.8947;-2515.909
15712;-67.20805;-267.3996;-2516.206
15752;-67.73485;-268.6262;-2516.905
15772;-68.15624;-269.4576;-2517.373
15822;-71.33678;-270.1369;-2520.541
15852;-70.86563;-272.0356;-2520.343
15892;-68.5411;-273.03;-2518.443
15912;-66.66743;-272.9361;-2515.473
15952;-62.38449;-273.3619;-2513.382
15982;-61.36723;-272.34;-2512.853
16022;-60.64742;-271.4966;-2512.565
16042;-60.10244;-270.0775;-2511.489
16092;-56.86518;-269.3268;-2509.927
16112;-54.01931;-267.6285;-2509.637
16152;-51.44843;-266.2462;-2509.139
16182;-49.65189;-264.4189;-2508.831
16222;-48.87077;-264.3557;-2508.302
16272;-46.39729;-262.6799;-2508.16
16282;-45.48864;-261.9244;-2507.942
16322;-45.67939;-260.03;-2508.038
16352;-45.05837;-259.3698;-2508.663
16382;-47.25861;-257.3489;-2510.385
16422;-49.32478;-255.4047;-2512.845
16442;-50.52095;-252.9311;-2514.413
16482;-51.03465;-250.9196;-2516.319
16523;-49.80172;-249.6783;-2518.036
16553;-49.18768;-248.7832;-2519.918
16573;-49.14898;-247.084;-2521.9
16603;-49.22145;-245.9652;-2522.535
16643;-48.99291;-242.4765;-2524.377
16673;-49.29292;-238.1214;-2527.664
16703;-49.83372;-234.5513;-2529.654
16743;-49.58513;-232.9596;-2530.078
16793;-49.55082;-232.648;-2529.878
16823;-49.18095;-231.5226;-2529.623
16843;-48.48296;-222.7367;-2530.187
16873;-48.41043;-221.026;-2531.024
16913;-47.45059;-219.7438;-2531.067
16943;-48.48765;-214.0009;-2530.99
16983;-60.45351;-193.7268;-2530.292
17023;-60.62017;-193.839;-2530.27
17043;-62.9447;-190.8689;-2532.981
17093;-66.15718;-189.5498;-2534.873
17103;-77.51807;-168.3501;-2553.77
17143;-78.35995;-157.3426;-2554.067
17193;-79.91091;-145.9433;-2553.159
17213;-81.03124;-122.1288;-2602.186
17243;-78.14284;-120.5939;-2606.073
17284;-74.72505;-126.6582;-2608.038
17314;-75.43795;-89.41536;-2601.351
17344;-75.5846;-87.73602;-2601.454
17374;-75.49848;-88.50307;-2600.41
17414;-75.35903;-88.48025;-2599.777
17444;-73.37926;-89.66698;-2598.983
17474;-63.02117;-116.0383;-2597.677
17514;-48.98229;-156.9179;-2563.527
17564;-46.65823;-172.784;-2556.198
17574;-43.90633;-177.8731;-2552.907
17614;-43.78656;-179.748;-2551.433
17644;-45.122;-186.8714;-2547.138
17674;-46.17879;-200.185;-2543.14
17714;-45.65726;-200.9022;-2542.109
17744;-45.19445;-203.6295;-2540.322
17774;-45.04926;-203.7259;-2540.262
17814;-45.09454;-203.7978;-2539.899
17844;-45.92012;-210.4069;-2536.668
17874;-44.62589;-217.5804;-2532.947
17914;-44.49312;-218.3304;-2532.698
17964;-44.18141;-220.0703;-2531.682
17974;-43.23959;-224.2937;-2529.014
18024;-39.54567;-230.9605;-2523.738
18044;-37.2536;-234.6028;-2521.371
18094;-36.12306;-238.0549;-2520.324
18104;-35.88466;-240.413;-2518.614
18154;-35.77179;-242.4465;-2518.409
18174;-36.37848;-244.2199;-2518.294
18224;-37.47209;-246.8017;-2518.206
18254;-38.3647;-248.9824;-2518.092
18294;-38.42276;-250.2145;-2518.061
18324;-39.92736;-251.9525;-2517.601
18354;-42.7401;-252.7885;-2517.894
18374;-43.37534;-254.6776;-2516.906
18414;-44.51731;-262.2923;-2514.745
18454;-48.83091;-266.595;-2515.325
18474;-51.23399;-271.331;-2516.014
18524;-54.39643;-273.8003;-2517.74
18554;-60.84996;-279.459;-2522.49
18594;-60.88527;-281.0369;-2523.878
18624;-62.34152;-282.053;-2526.161
18654;-62.39022;-282.4276;-2526.866
18684;-62.66681;-282.7906;-2527.543
18714;-63.85623;-282.0917;-2529.142
18754;-64.11683;-281.9131;-2529.312
18784;-64.15617;-281.8147;-2529.269
18814;-64.53846;-281.1141;-2529.152
18854;-64.58536;-279.9226;-2528.346
18884;-64.93907;-279.7809;-2528.186
18914;-65.88273;-279.8114;-2527.956
18944;-64.49415;-280.45;-2524.143
18974;-62.60293;-279.4496;-2521.371
19014;-58.65612;-278.1093;-2516.795
19044;-53.2973;-275.3742;-2513.672
19084;-49.31811;-270.8617;-2511.666
19114;-48.17454;-270.7511;-2510.861
19144;-46.31207;-268.7693;-2509.782
19184;-45.88213;-268.9541;-2509.068
19214;-45.57498;-268.2098;-2508.397
19244;-44.93306;-267.8172;-2508.131
19284;-41.26054;-266.9363;-2508.589
19314;-42.08296;-267.2876;-2508.523
19344;-42.4804;-266.9992;-2508.362
19394;-42.55575;-266.9093;-2508.166
19414;-43.39031;-267.103;-2508.063
19444;-42.53176;-268.0882;-2510.054
19484;-42.51837;-268.0105;-2510.091
19514;-42.45892;-266.6226;-2510.275
19544;-42.34243;-264.7601;-2510.552
19584;-42.81811;-261.3292;-2511.731
19614;-43.74627;-258.791;-2512.551
19644;-43.80565;-255.5443;-2513.662
19674;-44.17419;-253.2961;-2514.2
19714;-44.63648;-251.484;-2514.89
19744;-45.49887;-247.3159;-2516.42
19794;-46.31662;-245.1642;-2517.654
19824;-47.8336;-242.4909;-2519.564
19844;-49.54;-238.6548;-2522.666
19884;-49.64628;-238.2915;-2523.606
19904;-51.40219;-235.0019;-2526.661
19964;-52.63905;-233.7392;-2527.854
19994;-53.08804;-233.1386;-2529.066
20004;-53.78934;-230.4692;-2530.602
20044;-54.45559;-228.4611;-2531.585
20074;-55.13336;-226.3369;-2533.103
20114;-55.35166;-225.5421;-2533.504
20154;-55.0947;-222.8772;-2535.334
20174;-54.9548;-222.0386;-2536.171
20214;-53.0928;-211.2776;-2543.125
20244;-53.66657;-209.3902;-2544.478
20294;-53.75767;-209.5912;-2544.381
20324;-54.29204;-207.4352;-2544.455
20364;-54.96179;-205.9301;-2544.781
20374;-63.82214;-198.1836;-2542.033
20414;-66.91972;-196.8822;-2540.427
20464;-67.6707;-193.9276;-2540.123
20474;-64.26321;-193.7781;-2539.736
20514;-65.46561;-189.7725;-2539.944
20554;-66.38811;-187.9396;-2539.82
20574;-68.01291;-184.4873;-2539.566
20614;-99.89977;-136.6287;-2556.194
20664;-88.33965;-140.5948;-2553.536
20674;-90.18086;-141.5812;-2555.06
20714;-93.69979;-148.8938;-2549.46
20744;-92.6456;-130.0197;-2553.025
20784;-92.65005;-130.2348;-2552.872
20814;-89.10246;-135.3185;-2552.471
20864;-83.93446;-143.4958;-2554.326
20904;-84.56904;-148.004;-2555.662
20924;-79.22343;-164.7821;-2544.317
20964;-74.55373;-175.4238;-2538.548
20994;-73.97914;-177.0782;-2537.471
21014;-74.13058;-177.8781;-2537.078
21044;-66.92525;-181.4959;-2536.514
21084;-63.55642;-189.4579;-2539.191
21114;-57.59304;-203.8344;-2533.724
21144;-57.9385;-207.2446;-2533.118
21184;-57.74232;-207.3698;-2533.016
21214;-57.34791;-207.7695;-2532.619
21244;-57.18082;-209.6996;-2531.691
21284;-55.50854;-216.4413;-2528.01
21314;-55.33413;-217.4586;-2527.747
21364;-54.31907;-219.6887;-2526.755
21384;-53.10095;-225.2004;-2524.943
21414;-56.55359;-227.5653;-2523.685
21444;-55.30623;-234.3589;-2520.787
21484;-54.50333;-237.5771;-2520.85
21514;-53.63069;-238.7707;-2520.888
21568;-53.24667;-240.1823;-2520.927
21578;-53.44381;-245.2468;-2520.922
21618;-58.56657;-246.6972;-2519.397
21648;-61.11285;-247.5101;-2517.533
21678;-61.66408;-248.375;-2517.443
21718;-61.76928;-249.8882;-2517.166
21748;-63.45282;-251.8091;-2515.843
21778;-63.94564;-254.4269;-2515.236
21808;-65.04559;-257.7666;-2513.001
21848;-68.15565;-260.6348;-2510.433
21898;-72.74989;-264.2012;-2509.159
21918;-80.91776;-267.9145;-2512.05
21938;-83.81404;-271.3911;-2514.135
21998;-84.93713;-273.1328;-2516.442
22018;-85.86754;-273.8609;-2518.299
22048;-86.23249;-274.1113;-2518.744
22068;-85.94809;-275.3463;-2518.834
22118;-85.94302;-275.6248;-2518.942
22148;-85.61669;-275.4443;-2518.76
22188;-85.55612;-275.4706;-2518.41
22218;-85.77808;-275.1693;-2517.883
22248;-83.54433;-273.5659;-2515.393
22278;-80.8156;-272.4132;-2511.662
22318;-77.03345;-270.3776;-2508.758
22348;-76.03021;-268.9626;-2507.838
22388;-73.4296;-265.8665;-2505.957
22408;-71.51764;-264.9519;-2505.364
22448;-70.0041;-263.1805;-2505.216
22478;-69.4516;-261.8941;-2505.0
22518;-67.95773;-261.7037;-2504.223
22548;-63.82442;-262.4187;-2503.053
22578;-62.67239;-261.7367;-2503.016
22618;-62.63305;-261.6047;-2502.768
22648;-62.68983;-260.9286;-2502.302
22698;-62.27464;-260.7967;-2502.016
22718;-62.31576;-260.7746;-2502.082
22748;-62.73735;-259.8451;-2502.39
22778;-63.1769;-259.2282;-2502.677
22818;-62.42783;-257.4636;-2504.175
22838;-62.91898;-256.68;-2505.376
22878;-68.50874;-252.1563;-2509.753
22918;-68.50001;-251.7593;-2510.909
22948;-70.24434;-249.4181;-2512.96
22988;-70.75535;-247.2155;-2514.867
23018;-68.26972;-245.6815;-2517.193
23048;-66.666;-242.568;-2519.685
23088;-68.29418;-240.4869;-2520.726
23108;-68.59705;-237.8158;-2522.517
23148;-66.83308;-234.8789;-2524.732
23188;-66.82322;-231.5913;-2526.303
23218;-66.56322;-230.1725;-2526.087
23248;-65.39108;-227.7977;-2526.634
23289;-63.0336;-224.3572;-2528.528
23309;-62.73912;-222.0665;-2529.021
23349;-61.98259;-220.8536;-2529.705
23379;-63.22551;-212.9576;-2533.927
23419;-64.09699;-212.5602;-2533.792
23469;-65.07571;-212.4081;-2533.29
23489;-73.95438;-198.769;-2528.666
23509;-77.79137;-195.4657;-2527.982
23549;-79.78345;-191.4311;-2527.424
23579;-79.19717;-188.876;-2526.565
23619;-77.5439;-188.624;-2525.863
23649;-75.68161;-191.4173;-2524.372
23679;-75.50539;-191.6036;-2524.381
23719;-77.3076;-191.2364;-2524.316
23739;-77.85238;-192.0293;-2524.076
23779;-78.34319;-186.8461;-2521.344
23819;-75.86581;-186.5908;-2520.002
23859;-75.25547;-189.4851;-2520.066
23879;-72.95209;-172.5488;-2516.455
23909;-72.2024;-180.8988;-2519.774
23949;-68.29636;-179.4725;-2517.553
23979;-69.57008;-182.0883;-2519.749
24009;-70.97247;-184.2605;-2520.789
24049;-65.88167;-187.5137;-2523.391
24079;-62.93204;-187.2125;-2524.296
24109;-62.1643;-187.7839;-2524.155
24149;-64.34435;-186.7465;-2524.182
24179;-62.13215;-190.7121;-2524.865
24209;-62.65535;-194.9247;-2526.721
24249;-61.44938;-204.2485;-2527.014
24279;-59.02817;-207.9732;-2527.519
24309;-57.91727;-208.4423;-2528.197
24339;-56.83823;-211.3072;-2527.326
24379;-59.72259;-215.219;-2524.373
24409;-58.12892;-218.2181;-2522.397
24449;-55.31669;-221.5674;-2520.616
24479;-53.57895;-225.2963;-2518.679
24509;-51.87215;-229.6447;-2517.891
24559;-50.1212;-232.8822;-2516.306
24589;-49.14668;-235.107;-2514.964
24609;-48.01298;-236.875;-2514.258
24659;-46.69343;-238.1843;-2513.589
24689;-47.42595;-239.2387;-2512.977
24709;-49.55375;-241.6753;-2512.394
24759;-52.15511;-243.9466;-2511.151
24779;-52.76728;-245.8689;-2510.958
24799;-56.54494;-249.6969;-2509.414
24859;-60.62732;-253.3916;-2508.822
24889;-60.52469;-254.0974;-2508.595
24919;-60.68476;-254.5285;-2507.988
24959;-60.1654;-255.6608;-2506.927
24989;-59.57454;-257.1005;-2504.743
25019;-59.78763;-258.5997;-2503.406
25059;-60.01188;-259.6226;-2502.077
25089;-62.43229;-262.2887;-2500.918
25119;-66.53392;-267.1602;-2499.78
25159;-84.08917;-274.9866;-2509.755
25189;-83.97353;-274.9357;-2509.764
25209;-82.81023;-272.521;-2510.297
25259;-80.63348;-272.288;-2509.278
25269;-80.53236;-271.3894;-2509.357
25309;-80.49686;-271.4067;-2509.486
25339;-79.80411;-271.5619;-2509.164
25379;-76.85305;-272.7912;-2506.186
25429;-74.98135;-271.4642;-2504.267
25459;-72.85235;-270.4842;-2502.827
25489;-70.33278;-269.847;-2501.602
25509;-68.63746;-268.6479;-2500.815
25559;-63.73645;-268.6096;-2499.136
25569;-63.72663;-268.0861;-2498.794
25609;-59.51366;-269.2204;-2496.708
25659;-56.43519;-266.623;-2497.35
25689;-54.56598;-265.0683;-2497.396
25709;-53.03463;-263.7814;-2497.853
25759;-51.95288;-262.4255;-2497.789
25789;-50.07101;-262.2047;-2498.448
25809;-47.97208;-261.6531;-2498.584
25859;-46.75301;-261.1491;-2498.466
25869;-43.87183;-260.2107;-2498.626
25909;-43.42636;-260.2918;-2498.468
25959;-40.68813;-262.6662;-2499.381
25989;-40.41945;-262.2456;-2499.559
26009;-40.38327;-260.8766;-2500.264
26059;-40.34658;-259.7495;-2500.965
26089;-41.47291;-257.8204;-2503.09
26129;-42.53267;-256.151;-2504.619
26159;-43.34023;-253.4956;-2506.448
26189;-44.84805;-250.6189;-2509.303
26229;-45.27494;-247.868;-2511.322
26259;-46.54888;-244.8628;-2512.621
26299;-46.9982;-243.5984;-2514.086
26329;-48.17085;-240.8664;-2517.542
26359;-49.63255;-238.2208;-2519.291
26389;-51.23145;-235.9709;-2521.362
26429;-51.56224;-234.0311;-2522.635
26459;-51.97909;-231.9396;-2523.762
26489;-52.25869;-230.4005;-2525.002
26509;-52.96379;-228.9508;-2525.742
26539;-53.60213;-227.4647;-2526.25
26600;-54.30942;-226.2523;-2526.585
26610;-53.62243;-224.0235;-2529.104
26650;-53.9192;-215.0749;-2534.059
26680;-54.57906;-211.7534;-2535.442
26710;-54.70671;-211.631;-2535.343
26760;-55.70491;-210.4547;-2535.175
26770;-63.33453;-197.5257;-2533.226
26810;-64.50497;-195.2485;-2533.155
26860;-65.46525;-193.1858;-2532.745
26890;-65.49529;-192.2299;-2532.716
26910;-66.26861;-189.9621;-2532.455
26950;-59.36848;-201.1195;-2527.91
26990;-59.74916;-200.1011;-2528.121
27020;-59.92708;-200.0741;-2528.393
27060;-59.46937;-200.5589;-2528.457
27090;-53.05693;-198.2931;-2531.669
27130;-41.71582;-182.7643;-2524.527
27160;-56.18268;-162.0469;-2530.474
27190;-49.22141;-162.1923;-2560.524
27230;-45.4555;-194.9614;-2537.937
27260;-49.96218;-197.2132;-2531.855
27270;-48.93017;-198.5867;-2532.279
27330;-46.66436;-199.6158;-2532.815
27360;-53.74247;-194.8298;-2530.226
27390;-56.20658;-192.3874;-2529.827
27430;-56.13856;-192.2878;-2529.849
27450;-56.42011;-192.7148;-2530.009
27490;-56.9067;-193.97;-2530.061
27520;-56.00341;-194.5023;-2531.485
27550;-55.27715;-206.666;-2528.639
27590;-54.98394;-208.0381;-2528.708
27620;-54.86571;-208.5461;-2529.291
27660;-54.25346;-211.1771;-2528.502
27690;-53.38518;-214.1978;-2527.635
27720;-50.67929;-222.3636;-2524.243
27760;-49.87938;-227.0856;-2523.345
27790;-48.66943;-230.774;-2521.114
27820;-48.46288;-233.9125;-2519.996
27860;-48.22583;-236.5671;-2519.66
27880;-49.05909;-239.1956;-2519.05
27920;-53.26196;-243.1374;-2517.569
27960;-55.23188;-245.0132;-2516.014
27990;-54.59184;-246.1889;-2515.761
28020;-54.0526;-249.6669;-2515.485
28050;-54.72302;-252.8129;-2514.469
28090;-54.00825;-255.6145;-2514.136
28120;-54.49339;-256.2275;-2513.953
28150;-55.55287;-257.0706;-2513.24
28190;-54.80077;-260.4213;-2510.938
28220;-55.69979;-262.1151;-2510.613
28260;-57.74342;-264.1429;-2511.601
28270;-63.91055;-267.7388;-2516.1
28320;-65.91245;-268.9715;-2518.14
28350;-65.89692;-268.752;-2518.554
28390;-66.10754;-268.2603;-2519.317
28400;-66.20803;-268.1173;-2519.79
28460;-66.1488;-267.8616;-2520.054
28490;-66.62168;-267.9603;-2520.562
28520;-65.59518;-268.8136;-2519.129
28560;-63.36895;-269.6658;-2516.189
28580;-61.34756;-268.5829;-2514.859
28630;-57.5158;-269.0193;-2513.371
28650;-53.72052;-267.5085;-2512.403
28690;-53.06041;-266.4985;-2512.436
28710;-52.618;-265.958;-2512.2
28760;-52.12485;-265.4719;-2511.996
28790;-51.67624;-265.3993;-2511.415
28800;-51.12084;-265.0444;-2511.704
28860;-49.1176;-263.8618;-2512.773
28890;-44.19571;-262.5793;-2514.219
28910;-42.3199;-261.1228;-2514.801
28960;-41.11932;-260.776;-2514.573
28970;-41.77637;-259.5589;-2513.712
29010;-39.01063;-259.7808;-2515.553
29060;-38.52374;-259.2498;-2515.77
29090;-38.38728;-258.3681;-2515.954
29120;-40.0712;-256.1358;-2516.493
29160;-40.8032;-255.6917;-2517.176
29190;-41.03129;-254.7658;-2517.989
29220;-41.69606;-253.4406;-2519.157
29260;-42.3466;-250.5431;-2521.75
29290;-43.47364;-248.2825;-2522.729
29321;-43.80506;-247.2932;-2523.583
29361;-43.92326;-244.4627;-2525.005
29391;-45.90362;-241.3121;-2525.533
29411;-47.08891;-236.5972;-2528.659
29451;-47.61071;-235.0989;-2529.205
29491;-48.56445;-231.9502;-2531.874
29521;-48.92776;-231.4834;-2532.601
29551;-48.92535;-229.9853;-2534.475
29581;-48.91646;-228.7412;-2534.846
29611;-48.83288;-226.6674;-2535.335
29651;-49.03461;-225.8266;-2535.573
29691;-48.59513;-225.0126;-2535.628
29711;-46.93215;-220.2724;-2536.336
29751;-45.84034;-216.6118;-2536.566
29781;-45.9468;-215.6764;-2536.452
29821;-47.96379;-206.2572;-2537.0
29851;-47.95861;-200.2611;-2539.962
29901;-48.25554;-198.3734;-2539.391
29921;-49.70784;-194.7167;-2539.32
29951;-55.76922;-185.589;-2539.871
29981;-69.71221;-174.4365;-2540.232
30021;-60.73413;-179.9965;-2539.245
30051;-64.70266;-176.3925;-2538.475
30081;-64.82623;-173.863;-2539.187
30111;-68.86148;-172.1508;-2539.124
30151;-63.18805;-173.5815;-2540.511
30181;-61.26764;-170.0332;-2543.342
30211;-57.32686;-169.1011;-2544.261
30251;-61.97111;-171.5217;-2541.047
30281;-57.93588;-174.4018;-2541.981
30311;-54.8139;-180.1158;-2541.667
30351;-53.59571;-185.6763;-2539.788
30381;-51.7935;-194.2835;-2538.718
30411;-47.56366;-200.6705;-2536.245
30451;-46.57602;-206.182;-2536.948
30481;-47.24601;-209.3468;-2536.756
30511;-46.15102;-216.2609;-2534.243
30551;-44.76935;-221.2733;-2533.161
30581;-45.58712;-222.783;-2533.153
30621;-45.13313;-226.0303;-2531.629
30651;-44.7307;-230.2955;-2530.686
30691;-44.44842;-233.5301;-2530.493
30721;-43.86723;-237.1819;-2530.143
30761;-43.61258;-238.8666;-2530.359
30791;-43.10507;-240.3251;-2529.899
30821;-42.75219;-241.1876;-2529.833
30851;-41.9217;-243.3737;-2529.299
30891;-40.84206;-245.2152;-2529.251
30911;-38.09127;-250.6187;-2529.313
30951;-41.73245;-252.9565;-2524.12
30991;-42.55967;-253.3791;-2522.527
31011;-40.94913;-254.1837;-2522.241
31051;-40.65083;-254.7402;-2521.911
31081;-38.9072;-258.5946;-2519.73
31121;-41.09756;-259.888;-2517.829
31151;-41.9934;-260.6329;-2516.844
31181;-43.90216;-265.1447;-2514.255
31221;-55.331;-268.8389;-2520.32
31251;-55.51001;-269.5233;-2521.962
31281;-55.08829;-269.7816;-2524.362
31321;-55.04028;-270.0642;-2525.224
31351;-55.51266;-271.1076;-2526.427
31381;-57.08666;-270.692;-2527.999
31411;-58.10887;-270.8311;-2528.815
31451;-58.03478;-270.5886;-2528.787
31481;-55.50624;-271.4887;-2527.013
31521;-54.8277;-271.9693;-2525.972
31551;-54.10848;-271.4883;-2525.741
31581;-51.33923;-270.0705;-2525.162
31613;-48.37602;-268.6101;-2524.69
31653;-46.71828;-267.5401;-2524.308
31683;-41.47752;-265.4677;-2524.76
31713;-38.98611;-264.921;-2524.94
31753;-36.25932;-263.9097;-2525.253
31783;-35.10872;-263.2939;-2525.138
31813;-34.79995;-264.1149;-2523.668
31853;-37.32823;-263.6411;-2519.021
31883;-37.33627;-263.2506;-2518.748
31913;-35.83443;-263.9028;-2520.453
31953;-35.37828;-262.7843;-2520.549
31983;-35.70308;-260.9257;-2521.453
32013;-37.10532;-257.7997;-2523.352
32053;-38.8823;-255.2538;-2525.036
32083;-39.17464;-254.5244;-2525.568
32133;-39.5911;-253.7682;-2526.306
32143;-40.94146;-252.2875;-2527.553
32183;-41.70551;-249.3152;-2529.339
32213;-43.24714;-246.4684;-2530.608
32243;-44.6169;-241.2004;-2533.306
32283;-46.12989;-236.9285;-2535.276
32313;-46.6438;-233.8452;-2535.196
32343;-47.47092;-229.2735;-2535.913
32383;-47.49831;-226.2595;-2536.188
32433;-48.19448;-210.1749;-2542.529
32463;-48.95891;-203.1049;-2544.681
32483;-50.76079;-196.0581;-2544.946
32513;-51.84587;-195.061;-2541.735
32553;-53.0242;-189.6345;-2541.896
32583;-60.03366;-152.0134;-2540.239
32613;-67.13538;-142.7649;-2551.281
32653;-65.89378;-137.1073;-2554.117
32683;-65.56812;-140.4573;-2555.019
32713;-90.03653;-96.7976;-2543.892
32743;-90.42977;-95.59043;-2540.593
32783;-90.46596;-96.46774;-2540.42
32813;-91.10606;-94.8131;-2539.038
32843;-90.89738;-92.93285;-2536.506
32883;-94.15801;-90.337;-2535.538
32913;-93.97511;-90.19635;-2535.442
32943;-93.33141;-89.39974;-2534.937
32983;-101.0956;-71.42535;-2529.504
33013;-95.09474;-78.13601;-2530.628
33063;-96.72015;-75.51348;-2530.821
33093;-112.646;-52.95632;-2522.66
33123;-114.8558;-58.56314;-2524.915
33143;-112.4865;-58.13548;-2523.146
33173;-106.868;-76.86648;-2526.093
33213;-111.7163;-89.27594;-2527.4
33263;-72.77226;-128.0048;-2520.01
33283;-90.28596;-119.4242;-2526.262
33313;-112.6229;-119.7538;-2521.569
33343;-113.1943;-123.5038;-2518.666
33393;-113.2632;-124.9044;-2517.469
33403;-95.14566;-126.3574;-2522.045
33463;-48.45968;-187.2384;-2525.696
33473;-48.31804;-187.3621;-2525.697
33513;-47.79683;-186.4554;-2527.302
33543;-43.63969;-197.7665;-2525.63
33583;-43.90963;-199.3336;-2526.646
33613;-44.21671;-200.5562;-2526.593
33643;-46.23436;-205.9775;-2525.861
33693;-46.35329;-206.4532;-2525.744
33703;-47.28019;-209.3194;-2525.523
33743;-47.17533;-209.8671;-2525.333
33783;-46.84236;-213.3944;-2524.961
33813;-47.03225;-218.1215;-2523.787
33843;-46.91949;-221.2274;-2522.403
33893;-46.55952;-223.2882;-2521.69
33903;-43.46456;-229.6327;-2518.477
33963;-41.96703;-231.9276;-2517.136
33983;-39.9131;-236.5827;-2515.242
34013;-39.01397;-238.9993;-2513.676
34053;-38.84024;-240.6806;-2513.276
34083;-38.91193;-243.6718;-2512.563
34113;-38.58073;-244.8315;-2512.486
34153;-37.43415;-249.4572;-2512.951
34183;-36.76689;-251.8457;-2513.982
34213;-36.20214;-251.4275;-2510.994
34253;-36.45337;-252.248;-2510.646
34283;-35.91291;-254.2253;-2510.231
34314;-35.80145;-256.4936;-2509.307
34354;-35.62165;-256.8174;-2508.716
34384;-34.82318;-256.7115;-2506.445
34414;-34.74044;-257.5677;-2505.416
34444;-35.3404;-260.1627;-2502.397
34484;-40.14976;-265.491;-2499.16
34514;-47.92212;-267.5024;-2499.297
34544;-54.91564;-269.8729;-2503.36
34584;-57.58129;-270.9298;-2505.397
34614;-58.88454;-270.656;-2506.989
34644;-59.45213;-270.3096;-2507.604
34684;-59.45266;-271.8213;-2507.964
34714;-59.23034;-271.7874;-2507.918
34744;-59.30434;-271.7397;-2507.98
34784;-58.74737;-271.7081;-2508.067
34814;-58.09601;-271.5274;-2507.784
34854;-57.12912;-272.2264;-2505.924
34884;-56.22224;-272.333;-2504.895
34914;-54.82817;-272.5302;-2503.698
34954;-53.57512;-271.8418;-2501.932
34984;-53.11476;-270.0776;-2501.174
35014;-52.71386;-269.9963;-2500.191
35054;-51.95649;-270.2229;-2498.556
35084;-51.98153;-269.5481;-2498.396
35114;-53.33722;-268.5194;-2498.158
35144;-53.26545;-268.4781;-2498.235
35184;-54.06123;-268.4177;-2498.85
35234;-53.8456;-268.7114;-2498.948
35254;-53.38999;-268.7947;-2499.199
35284;-53.47599;-268.9166;-2499.344
35314;-53.57213;-268.8974;-2499.54
35354;-52.18223;-270.9064;-2499.896
35374;-52.04427;-270.7246;-2499.965
35414;-52.80048;-270.3579;-2499.709
35454;-52.88465;-270.2828;-2499.768
35484;-52.55887;-270.0693;-2499.846
35514;-52.6012;-270.2709;-2500.129
35554;-52.08651;-268.6585;-2500.284
35584;-51.82444;-268.2887;-2500.51
35614;-51.91302;-268.2024;-2500.887
35654;-52.61818;-268.4743;-2500.609
35684;-52.47702;-268.513;-2500.66
35714;-53.13995;-268.7819;-2500.448
35754;-53.79255;-268.9534;-2500.29
35784;-53.57452;-269.4764;-2500.163
35814;-53.40818;-269.4459;-2500.201
35854;-53.04602;-270.2901;-2500.23
35884;-52.85104;-270.2192;-2500.28
35914;-52.7863;-270.3633;-2500.181
35954;-52.40062;-270.931;-2499.864
35984;-52.25909;-271.1823;-2499.883
36014;-56.8471;-271.8177;-2498.698
36044;-58.13488;-271.5239;-2498.479
36084;-59.57268;-271.4466;-2498.835
36114;-62.76648;-271.1951;-2498.548
36144;-66.00972;-272.4228;-2498.714
36174;-67.24655;-272.1277;-2498.166
36214;-67.75728;-272.4746;-2497.419
36244;-69.24921;-273.9335;-2497.299
36284;-69.96097;-273.9717;-2497.474
36314;-71.34241;-273.9151;-2498.004
36344;-73.28336;-273.8111;-2498.292
36384;-74.29683;-274.1435;-2498.079
36414;-74.53962;-274.0493;-2498.037
36444;-75.63081;-273.7607;-2498.33
36474;-75.76076;-274.1079;-2498.092
36524;-75.84806;-273.9712;-2498.112
36564;-75.8648;-273.2524;-2498.257
36574;-75.80379;-272.9678;-2498.486
36630;-76.07237;-271.379;-2499.893
36641;-75.7358;-270.5534;-2500.581
36681;-73.7407;-267.8904;-2501.753
36711;-72.97986;-266.0944;-2502.543
36761;-72.52314;-264.5279;-2503.078
36771;-71.0193;-262.1333;-2502.915
36811;-68.75594;-258.3831;-2503.706
36851;-67.85177;-257.2244;-2504.238
36891;-66.28688;-255.1427;-2504.911
36911;-65.88088;-253.5808;-2505.615
36941;-64.74766;-249.2635;-2506.158
36981;-64.60112;-247.7548;-2505.956
37031;-60.57964;-244.3378;-2507.361
37061;-57.64146;-240.528;-2508.228
37081;-56.3544;-236.8643;-2509.219
37131;-54.03287;-235.3276;-2512.68
37141;-51.52836;-228.4567;-2522.373
37181;-49.90319;-225.9202;-2524.061
37231;-49.2691;-221.0894;-2525.842
37251;-45.21923;-220.2325;-2525.168
37281;-40.37897;-215.1187;-2526.348
37311;-39.54419;-215.1946;-2526.826
37351;-41.57213;-182.1179;-2530.997
37401;-31.65876;-148.2107;-2523.679
37411;-29.95929;-144.2872;-2522.639
37461;-29.20692;-143.4916;-2522.74
37491;-26.89069;-138.9562;-2523.024
37531;-28.52729;-132.0618;-2524.184
37551;-27.89632;-131.9618;-2524.042
37581;-22.23527;-144.1916;-2514.98
37611;-22.97972;-145.44;-2514.459
37661;-23.96825;-146.1069;-2510.853
37691;-20.95997;-147.4318;-2509.449
37731;-22.11055;-148.3648;-2508.408
37761;-24.76721;-157.9706;-2501.482
37781;-26.32326;-160.6164;-2499.653
37811;-32.72072;-168.0225;-2494.052
37841;-60.74792;-235.8296;-2519.452
37881;-60.16668;-235.3475;-2517.009
37911;-60.5463;-235.995;-2512.167
37941;-60.07469;-237.3434;-2508.948
37971;-59.63963;-238.4989;-2506.311
38031;-60.10866;-239.8081;-2505.613
38041;-61.4074;-241.3129;-2504.717
38091;-62.52251;-242.8621;-2503.86
38101;-64.98838;-244.9663;-2502.56
38161;-65.86463;-246.8219;-2501.714
38181;-67.0202;-249.6522;-2500.917
38231;-67.59087;-252.4181;-2499.327
38251;-68.1791;-253.2578;-2498.881
38281;-68.94625;-254.0851;-2498.897
38311;-70.01141;-255.971;-2497.927
38362;-71.05716;-258.0771;-2496.752
38372;-73.15617;-260.3127;-2495.502
38412;-74.84041;-261.1877;-2495.792
38462;-76.57751;-262.5853;-2495.887
38482;-78.32777;-262.8935;-2496.06
38522;-79.1277;-263.4781;-2495.613
38542;-80.48939;-264.1133;-2495.003
38592;-82.06764;-264.3356;-2494.397
38622;-83.45737;-264.722;-2493.915
38652;-84.12125;-264.731;-2493.612
38672;-85.49452;-265.0126;-2493.219
38722;-85.41949;-265.3483;-2493.237
38742;-85.45676;-265.567;-2492.871
38792;-85.52299;-266.0767;-2492.609
38822;-76.53318;-268.6646;-2495.001
38852;-76.63144;-268.7063;-2494.947
38892;-75.74773;-269.2783;-2494.902
38922;-76.55275;-269.353;-2494.05
38952;-77.46245;-270.0279;-2493.552
38982;-78.44098;-269.8364;-2493.091
39012;-78.97942;-269.8698;-2493.122
39062;-80.66655;-269.6602;-2492.832
39082;-82.61945;-270.2267;-2492.988
39122;-85.04938;-270.3629;-2493.144
39152;-85.88945;-270.3977;-2493.04
39192;-87.34715;-271.36;-2493.26
39222;-88.93731;-272.2525;-2492.922
39252;-89.56081;-272.0197;-2493.498
39282;-91.45267;-272.4422;-2495.284
39322;-91.90643;-272.0559;-2495.781
39332;-92.07306;-271.83;-2496.134
39393;-91.88673;-271.7487;-2496.341
39423;-91.28028;-270.9598;-2496.723
39443;-91.38077;-270.5799;-2497.099
39493;-91.48574;-269.0297;-2498.711
39523;-91.4405;-268.0531;-2499.552
39553;-91.18565;-265.0688;-2502.636
39593;-89.14966;-264.16;-2504.849
39603;-87.97294;-262.82;-2508.53
39643;-84.88356;-259.0461;-2511.073
39693;-83.59277;-258.5133;-2511.926
39723;-82.13308;-256.2807;-2513.533
39763;-80.43972;-254.6577;-2514.348
39793;-80.09363;-253.6727;-2514.907
39823;-77.4073;-251.9816;-2515.463
39843;-76.75075;-251.9234;-2515.184
39903;-75.92921;-249.4792;-2516.741
39913;-75.18182;-246.4887;-2518.274
39953;-72.94504;-243.7568;-2518.198
39973;-73.85589;-239.9771;-2523.731
40013;-72.56926;-237.7984;-2524.897
40043;-68.57819;-235.1546;-2528.358
40083;-64.00393;-219.0927;-2533.658
40113;-60.24437;-214.1545;-2535.868
40143;-57.49159;-210.9863;-2535.947
40203;-59.86536;-215.716;-2562.852
40213;-59.56644;-215.4403;-2567.272
40263;-58.37823;-228.3178;-2570.127
40273;-75.23322;-209.9972;-2570.24
40313;-75.21442;-209.7432;-2570.934
40343;-69.54798;-211.8494;-2584.433
40383;-69.90203;-210.1402;-2583.814
40413;-66.7925;-212.1855;-2582.7
40453;-64.27206;-214.1185;-2579.591
40473;-57.23433;-210.055;-2572.318
40523;-58.72964;-205.4369;-2568.608
40553;-57.35376;-205.8783;-2567.795
40583;-55.96721;-206.3848;-2567.779
40623;-75.23019;-213.3574;-2545.128
40653;-74.90946;-217.2023;-2540.724
40683;-75.3424;-229.5612;-2528.882
40723;-75.32572;-229.6151;-2528.869
40763;-75.02242;-230.4265;-2523.198
40773;-75.669;-233.852;-2519.557
40813;-75.01488;-239.5734;-2514.501
40843;-75.18116;-239.9716;-2513.367
40873;-76.12327;-242.0144;-2511.938
40913;-76.38066;-243.6727;-2510.618
40963;-77.26769;-244.3349;-2509.72
40973;-78.96265;-246.522;-2508.574
41013;-78.99658;-248.9989;-2506.967
41043;-79.43311;-250.5481;-2506.486
41073;-80.62474;-252.3155;-2505.733
41113;-81.1556;-254.2897;-2504.682
41143;-81.37299;-256.1682;-2503.843
41193;-81.88641;-256.5971;-2503.272
41223;-82.62256;-257.8054;-2502.485
41263;-83.68217;-258.7857;-2502.179
41293;-83.9635;-259.4719;-2501.953
41323;-84.97382;-260.1724;-2501.825
41363;-85.7056;-260.8961;-2501.203
41393;-86.24907;-261.342;-2500.574
41423;-87.72443;-262.357;-2500.447
41463;-88.30806;-262.1965;-2499.809
41493;-89.63776;-263.3995;-2499.608
41523;-90.33456;-263.8397;-2499.063
41553;-90.57082;-264.2156;-2498.66
41593;-90.79111;-264.1917;-2498.135
41613;-90.71354;-264.3942;-2497.556
41658;-90.80325;-264.9562;-2496.32
41695;-90.50079;-265.3308;-2495.826
41725;-89.29422;-265.5886;-2495.238
41755;-88.20705;-267.023;-2493.967
41785;-78.53859;-271.6399;-2495.57
41825;-79.15852;-272.1542;-2495.132
41855;-80.28004;-274.1203;-2494.145
41895;-80.01975;-274.0534;-2494.16
41905;-80.82972;-273.7038;-2493.531
41945;-82.95216;-274.3982;-2493.196
41975;-84.15401;-273.9381;-2493.091
42015;-87.69302;-274.1849;-2492.39
42045;-88.89706;-273.7602;-2491.77
42085;-90.62173;-273.5759;-2491.998
42115;-91.32244;-272.9365;-2492.322
42155;-92.53458;-272.246;-2492.248
42185;-93.58498;-271.3261;-2492.641
42215;-93.56075;-270.2941;-2492.545
42245;-94.05759;-269.7542;-2492.569
42285;-94.16354;-269.1401;-2492.895
42315;-94.48214;-268.1671;-2493.714
42355;-93.97299;-267.0257;-2494.712
42385;-92.85766;-265.4491;-2496.709
42415;-91.09624;-262.7323;-2498.309
42455;-88.36353;-260.3594;-2500.745
42485;-86.23997;-258.7388;-2502.242
42525;-84.08511;-255.4421;-2503.844
42555;-82.84962;-253.6794;-2504.356
42595;-80.26352;-251.735;-2505.048
42625;-78.64328;-250.8667;-2505.624
42655;-78.14564;-250.0165;-2506.048
42685;-76.16233;-248.236;-2507.845
42725;-69.04526;-243.1817;-2511.53
42755;-68.04792;-241.604;-2511.315
42785;-65.70873;-239.1982;-2512.779
42825;-61.1035;-229.1401;-2523.31
42855;-60.34248;-224.1728;-2525.942
42885;-59.2469;-218.6754;-2528.332
42915;-55.98441;-209.4415;-2531.469
42945;-53.90528;-212.585;-2551.961
42985;-53.82795;-211.0457;-2555.119
43015;-56.04875;-213.7386;-2555.603
43055;-56.07723;-222.534;-2571.658
43085;-55.89154;-222.5855;-2573.716
43115;-52.0942;-223.6106;-2583.893
43155;-52.17729;-222.3038;-2582.699
43175;-57.02671;-228.1839;-2560.195
43215;-57.40873;-225.2129;-2559.409
43255;-49.57445;-175.6838;-2568.441
43305;-53.01488;-187.7549;-2555.952
43315;-54.12373;-215.5822;-2536.996
43355;-54.97606;-216.1;-2535.062
43386;-64.41007;-218.4477;-2536.733
43416;-62.94536;-224.9675;-2528.795
43456;-62.8061;-228.0831;-2524.724
43476;-63.73127;-230.5587;-2520.928
43516;-64.14841;-231.3942;-2519.069
43546;-65.01054;-232.2763;-2517.339
43586;-65.80612;-234.5547;-2513.834
43616;-66.95779;-238.5299;-2512.265
43646;-66.90504;-238.6259;-2511.654
43686;-66.90715;-240.432;-2510.961
43716;-67.59324;-241.4816;-2510.194
43746;-68.40713;-243.4728;-2509.462
43776;-68.77276;-245.04;-2508.859
43816;-70.61752;-247.9562;-2508.321
43846;-71.70614;-250.4481;-2508.011
43886;-72.87547;-253.6382;-2506.581
43916;-73.55242;-254.7327;-2505.668
43946;-74.06223;-256.0821;-2504.12
43986;-74.5982;-256.1035;-2503.713
44016;-75.06312;-257.1709;-2502.653
44066;-75.67024;-257.5678;-2501.797
44096;-75.80363;-259.4452;-2500.22
44116;-76.24837;-260.1731;-2499.61
44166;-76.36957;-260.3966;-2499.464
44176;-76.48973;-260.7503;-2499.189
44216;-76.83189;-260.9018;-2498.925
44246;-77.40575;-261.6378;-2499.095
44286;-78.24316;-261.873;-2499.234
44316;-78.84043;-263.071;-2499.358
44356;-80.38857;-265.2725;-2499.011
44406;-80.97948;-265.6151;-2498.32
44416;-81.54694;-265.5411;-2497.388
44446;-82.14566;-265.6115;-2496.432
44486;-81.58885;-265.5811;-2495.839
44516;-82.02872;-265.9451;-2494.081
44546;-81.72369;-265.8934;-2493.75
44586;-81.85424;-266.2643;-2493.057
44616;-81.65303;-266.2681;-2492.486
44646;-81.54359;-266.2603;-2492.407
44686;-80.77986;-266.0551;-2491.862
44706;-79.0266;-266.5704;-2492.175
44746;-77.46587;-266.8094;-2492.557
44776;-77.71023;-266.7831;-2492.362
44816;-78.22868;-266.4691;-2492.0
44846;-78.95621;-266.6708;-2491.551
44876;-80.44821;-267.2693;-2490.8
44916;-81.57024;-267.0003;-2490.757
44946;-81.93288;-266.9198;-2490.207
44976;-82.04079;-267.5916;-2490.531
45016;-82.14113;-267.9184;-2490.752
45046;-82.14306;-268.1686;-2490.97
45086;-82.3818;-268.3921;-2490.881
45126;-82.47829;-268.3385;-2491.114
45146;-83.04533;-267.9498;-2491.353
45196;-83.12686;-267.6809;-2491.291
45226;-83.14962;-267.2212;-2491.507
45236;-83.1887;-266.5443;-2491.743
45276;-83.13089;-266.3943;-2491.86
45316;-81.90113;-264.866;-2493.646
45346;-80.72963;-264.4009;-2494.915
45376;-80.4237;-263.3219;-2496.776
45416;-78.75827;-261.381;-2498.327
45446;-77.33123;-260.52;-2499.798
45476;-75.58369;-258.8452;-2501.056
45516;-75.41096;-257.5563;-2502.225
45546;-74.45047;-254.912;-2503.134
45596;-71.41423;-252.8395;-2504.316
45626;-70.49622;-252.0143;-2504.618
45656;-68.89847;-249.9198;-2504.967
45676;-66.54871;-248.1458;-2506.116
45726;-65.68463;-245.8041;-2506.613
45756;-64.90555;-245.4144;-2507.056
45796;-64.52393;-245.1113;-2507.411
45816;-64.06597;-244.3812;-2507.996
45846;-63.43291;-243.0683;-2509.071
45896;-63.44283;-244.0714;-2509.89
45906;-63.38243;-243.462;-2511.169
45966;-60.41085;-239.628;-2516.416
45996;-60.70578;-238.8252;-2517.457
46006;-61.66629;-234.7626;-2519.974
46046;-62.32228;-231.7293;-2524.289
46096;-62.47509;-231.355;-2525.021
46126;-59.87123;-232.1622;-2527.243
46166;-57.85832;-230.182;-2530.7
46186;-57.35287;-231.0372;-2530.39
46226;-58.39044;-231.2056;-2530.728
46246;-59.64023;-231.9007;-2530.18
46296;-59.76894;-232.5735;-2529.682
46316;-59.18163;-231.4514;-2530.416
46346;-59.82754;-234.9367;-2529.018
46386;-60.6686;-237.1859;-2528.217
46416;-61.61752;-237.644;-2526.67
46456;-61.59243;-239.0044;-2525.294
46486;-62.02005;-240.5233;-2523.246
46516;-64.49574;-242.9436;-2521.835
46546;-65.73644;-245.8794;-2520.384
46586;-67.34077;-247.9953;-2520.215
46616;-68.29477;-249.7658;-2519.049
46656;-68.89398;-251.1347;-2518.346
46686;-69.64574;-253.1401;-2517.769
46718;-71.13119;-254.3332;-2517.207
46748;-72.21487;-257.2492;-2516.062
46788;-73.05522;-258.0341;-2515.475
46838;-74.49064;-259.7687;-2514.816
46848;-76.60107;-259.7971;-2515.662
46888;-77.35056;-260.7871;-2515.223
46918;-77.82735;-261.0951;-2515.194
46948;-78.26637;-261.8579;-2514.906
46978;-79.57877;-263.9491;-2515.028
47018;-80.37962;-264.393;-2515.913
47048;-81.65244;-265.7679;-2515.461
47078;-83.84101;-266.3782;-2516.865
47118;-86.12901;-268.5641;-2515.457
47148;-86.56622;-267.8388;-2515.923
47178;-86.90881;-268.4382;-2515.402
47218;-87.1229;-269.5833;-2514.587
47248;-87.34591;-270.6358;-2513.588
47278;-88.04608;-270.7479;-2513.406
47318;-87.94341;-270.7154;-2513.36
47348;-88.10137;-270.4057;-2514.425
47388;-88.11024;-270.4572;-2514.418
47418;-87.52286;-270.5384;-2514.283
47448;-87.37728;-270.6098;-2514.191
47488;-87.19785;-270.5048;-2514.28
47518;-86.99951;-270.8785;-2513.769
47548;-86.96616;-271.2048;-2513.198
47578;-87.09576;-271.3647;-2513.092
47618;-87.28316;-271.5973;-2512.706
47668;-88.43939;-271.7809;-2513.226
47698;-88.78172;-272.1291;-2513.19
47708;-89.0245;-272.3478;-2513.235
47768;-90.30628;-272.7169;-2513.312
47778;-90.53452;-272.9612;-2513.918
47818;-91.49677;-273.2879;-2514.402
47848;-92.69901;-273.5833;-2514.205
47878;-92.75212;-273.5016;-2514.107
47918;-92.80588;-273.4185;-2514.091
47948;-92.75463;-272.0477;-2513.596
47978;-91.94714;-270.757;-2513.097
48008;-91.42773;-269.6216;-2512.684
48048;-91.12627;-268.9365;-2512.488
48098;-90.26658;-267.8578;-2512.456
48118;-88.80485;-267.0155;-2512.753
48158;-86.60986;-265.8946;-2513.355
48198;-83.67454;-263.9161;-2514.814
48228;-81.93292;-263.1316;-2515.583
48258;-79.71651;-262.571;-2516.408
48298;-77.74043;-261.6375;-2517.555
48318;-75.89066;-259.3191;-2517.764
48348;-74.69544;-258.2258;-2518.596
48408;-73.69565;-257.297;-2519.117
48428;-72.22264;-256.4455;-2519.942
48458;-70.28371;-253.8808;-2520.749
48498;-69.65314;-253.1006;-2520.987
48528;-67.90193;-250.3267;-2521.708
48558;-65.48944;-247.162;-2522.464
48598;-64.90041;-245.9647;-2522.573
48618;-64.70822;-244.9025;-2523.216
48658;-63.13441;-244.2805;-2524.891
48678;-63.92296;-243.1457;-2525.552
48728;-63.30107;-243.003;-2526.225
48738;-61.00132;-240.584;-2527.07
48778;-59.59284;-239.6615;-2529.538
48828;-59.59182;-239.6335;-2529.551
48858;-59.64174;-237.574;-2530.194
48888;-61.63507;-234.7726;-2531.853
48928;-61.65265;-234.0192;-2532.227
48948;-61.64597;-233.6066;-2532.549
48998;-61.95653;-233.847;-2532.691
49018;-62.39519;-236.1489;-2531.47
49048;-62.54447;-236.084;-2531.687
49078;-63.8983;-240.6642;-2530.273
49118;-64.03438;-241.0857;-2529.512
49148;-64.6857;-241.5419;-2529.655
49178;-66.30447;-246.4025;-2528.012
49218;-68.11742;-248.5098;-2526.745
49248;-70.0034;-249.9839;-2525.77
49278;-70.38923;-251.679;-2524.908
49318;-71.29834;-252.7539;-2524.775
49348;-73.40335;-255.2581;-2523.073
49378;-74.05698;-256.5314;-2522.769
49418;-77.04995;-258.9935;-2522.089
49448;-77.52297;-259.2397;-2522.067
49478;-78.66285;-260.0079;-2522.033
49518;-79.69494;-260.2103;-2522.429
49568;-80.83448;-260.364;-2522.955
49578;-81.94218;-261.5854;-2521.704
49628;-82.72984;-263.0443;-2520.332
49658;-83.0814;-263.6791;-2519.374
49678;-83.6861;-263.8498;-2518.725
49718;-84.26602;-264.4443;-2518.199
49748;-84.9829;-264.9611;-2516.475
49788;-86.455;-265.5164;-2514.835
49818;-87.17606;-265.9774;-2513.618
49858;-87.58955;-266.331;-2512.089
49888;-87.69414;-266.3777;-2511.297
49918;-87.43719;-266.1342;-2510.351
49948;-87.31259;-266.1212;-2509.874
49988;-86.86266;-266.2949;-2509.766
50018;-86.82312;-266.3332;-2509.737
50058;-86.68456;-266.6702;-2509.472
50078;-86.75918;-266.6138;-2509.334
50118;-86.70739;-266.7996;-2509.189
50158;-86.66644;-266.9922;-2509.119
50178;-86.75285;-267.713;-2509.295
50218;-86.88438;-268.2885;-2509.378
50248;-87.33039;-268.3911;-2509.331
50288;-87.50661;-268.984;-2509.434
50318;-88.38895;-268.7648;-2509.697
50348;-88.57925;-268.9841;-2509.581
50389;-88.5724;-268.9376;-2509.562
50419;-89.10625;-268.2484;-2509.167
50449;-89.42104;-267.7679;-2508.769
50489;-89.75486;-266.4598;-2508.436
50519;-89.71891;-266.0539;-2508.282
50549;-89.35321;-265.6717;-2508.251
50579;-88.78163;-265.0385;-2508.472
50619;-87.52248;-264.5894;-2508.94
50649;-85.99152;-263.5546;-2509.701
50679;-85.40216;-262.8592;-2510.056
50719;-83.25012;-260.9106;-2511.217
50749;-82.45817;-260.0371;-2511.813
50779;-81.76933;-259.3886;-2512.1
50819;-80.78516;-258.4122;-2512.359
50849;-78.98318;-255.827;-2513.59
50899;-77.46994;-254.446;-2514.272
50929;-75.7688;-252.4163;-2515.282
50969;-73.08896;-248.6911;-2515.749
50999;-72.13004;-247.4012;-2515.755
51019;-72.1404;-247.3609;-2515.755
51059;-71.27182;-246.7569;-2516.08
51089;-70.97678;-241.5933;-2518.022
51119;-70.49476;-240.2529;-2519.316
51149;-68.37427;-237.8309;-2520.657
51189;-67.91518;-237.2429;-2521.5
51219;-67.56106;-236.248;-2522.544
51249;-63.67563;-226.1507;-2533.815
51289;-62.67167;-224.3412;-2534.8
51319;-62.16557;-223.4667;-2536.146
51349;-62.02607;-223.5615;-2536.396
51389;-62.25226;-223.7063;-2535.768
51409;-60.90465;-227.5707;-2534.391
51449;-60.81632;-225.9734;-2536.38
51499;-60.79754;-227.2006;-2535.061
51509;-61.42219;-230.3732;-2531.365
51549;-62.34205;-231.2529;-2529.982
51579;-63.46193;-232.8956;-2528.366
51619;-64.31709;-233.993;-2527.123
51669;-65.08711;-234.6887;-2526.232
51679;-65.19277;-234.8926;-2525.976
51720;-66.56499;-236.9265;-2524.907
51743;-68.40457;-239.5055;-2524.049
51783;-69.39452;-243.2477;-2522.099
51813;-70.03233;-245.0748;-2521.382
51843;-71.90366;-247.2073;-2520.467
51883;-73.11148;-249.3912;-2519.903
51913;-75.41988;-251.0196;-2518.614
51943;-77.27491;-253.4608;-2517.632
51983;-78.4426;-256.2118;-2516.016
52013;-79.43462;-258.5471;-2514.18
52043;-80.42804;-259.6744;-2512.505
52083;-81.33895;-260.724;-2511.494
52113;-82.03468;-262.1071;-2510.86
52153;-83.76355;-263.2051;-2510.761
52183;-83.84357;-263.3055;-2510.361
52213;-84.39903;-263.2884;-2509.939
52253;-84.91072;-263.3949;-2509.773
52283;-87.0556;-263.7181;-2507.113
52313;-89.57384;-263.4569;-2505.458
52353;-89.74106;-263.3898;-2504.588
52383;-89.77731;-263.8585;-2503.645
52413;-89.53503;-263.6267;-2503.342
52453;-88.93822;-264.0446;-2503.092
52483;-87.63119;-265.3902;-2501.864
52533;-78.85059;-269.505;-2502.382
52563;-74.63819;-272.0683;-2504.461
52603;-72.48333;-273.0725;-2505.637
52613;-71.77278;-273.1813;-2506.379
52653;-70.48218;-274.492;-2507.536
52683;-69.74992;-275.4123;-2508.804
52713;-69.5474;-275.4855;-2508.759
52743;-69.36263;-275.4994;-2508.747
52783;-69.25875;-275.4667;-2508.606
52813;-69.47189;-275.5531;-2508.826
52863;-76.57729;-273.365;-2503.865
52873;-78.61047;-273.3084;-2502.836
52933;-80.46264;-272.6949;-2502.496
52953;-82.94416;-273.8783;-2501.579
52973;-85.07413;-274.8307;-2500.921
53013;-86.61491;-275.1121;-2500.118
53063;-89.25874;-275.3152;-2499.891
53073;-90.62834;-275.8406;-2499.618
53133;-91.78344;-277.5419;-2499.072
53163;-92.02867;-277.6756;-2499.165
53193;-94.16078;-278.2032;-2499.875
53213;-94.62281;-277.91;-2500.053
53243;-96.1193;-276.9005;-2499.892
53303;-96.79311;-276.2223;-2499.533
53313;-97.78368;-274.8893;-2499.586
53343;-98.59533;-273.887;-2499.824
53393;-99.09891;-272.9413;-2500.356
53413;-99.23636;-271.1242;-2501.004
53443;-99.08707;-270.6226;-2501.671
53493;-99.09646;-269.533;-2502.833
53533;-97.53632;-268.7852;-2504.759
53543;-96.8773;-268.0213;-2505.585
53583;-94.86874;-266.753;-2506.056
53613;-92.10882;-264.4771;-2506.872
53643;-91.06351;-262.7771;-2507.515
53683;-91.2345;-261.3745;-2507.77
53713;-90.31266;-258.0522;-2509.439
53763;-88.18489;-255.7709;-2509.424
53793;-86.74237;-253.3293;-2508.762
53833;-85.29419;-250.8536;-2508.821
53853;-82.19974;-245.623;-2510.101
53893;-81.24547;-244.5918;-2510.212
53923;-80.67888;-241.1058;-2513.565
53953;-79.06526;-235.9246;-2515.612
53993;-81.08441;-230.3349;-2522.604
54023;-82.35033;-227.8789;-2527.952
54063;-78.36331;-225.0052;-2529.901
54083;-73.24075;-218.5981;-2531.058
54113;-58.25336;-199.6182;-2534.831
54163;-58.88424;-197.2096;-2539.536
54183;-61.62566;-214.1577;-2562.002
54233;-70.13162;-205.9474;-2568.879
54243;-76.82793;-198.4747;-2575.161
54283;-76.12115;-202.0071;-2586.285
54333;-71.54688;-200.733;-2598.537
54353;-67.79225;-205.9357;-2596.14
54383;-43.45391;-163.5589;-2584.383
54424;-40.56525;-169.6103;-2574.81
54454;-39.55128;-170.3941;-2571.067
54484;-40.25694;-171.3092;-2570.904
54514;-40.5785;-171.3168;-2570.916
54554;-40.66903;-171.0753;-2571.115
54584;-42.44653;-168.5595;-2580.123
54614;-51.85937;-166.5894;-2572.619
54654;-51.02338;-167.9189;-2571.819
54704;-49.28131;-176.3558;-2555.273
54714;-61.04444;-191.35;-2548.312
54754;-79.18707;-205.2746;-2543.498
54784;-72.82323;-220.5952;-2538.719
54814;-76.63528;-221.5843;-2537.486
54854;-77.05214;-222.7398;-2535.202
54884;-78.89349;-224.7282;-2531.703
54934;-79.38397;-232.8222;-2524.478
54944;-81.39397;-238.4097;-2520.467
55004;-84.73054;-243.2145;-2518.237
55014;-87.38233;-247.6035;-2516.536
55054;-88.35839;-250.1263;-2515.502
55104;-89.07299;-253.7502;-2513.845
55134;-89.03577;-255.2918;-2512.684
55144;-89.86591;-257.1075;-2511.683
55174;-90.01313;-258.6945;-2510.91
55214;-89.57489;-259.8253;-2510.143
55254;-89.37083;-261.7327;-2509.474
55284;-88.79803;-263.8346;-2508.973
55314;-88.34486;-265.3831;-2508.329
55344;-88.96763;-265.5378;-2506.903
55384;-89.41187;-265.8059;-2506.414
55414;-90.27589;-265.8073;-2505.116
55444;-90.61639;-266.3464;-2504.332
55484;-91.48006;-266.4261;-2503.547
55514;-92.24538;-266.9393;-2503.448
55544;-92.91175;-267.4166;-2503.503
55584;-92.96097;-267.5696;-2503.692
55614;-92.46454;-269.025;-2503.857
55654;-83.54643;-272.7895;-2507.209
55684;-82.97459;-273.1778;-2507.365
55714;-77.65684;-274.9547;-2510.316
55754;-75.95297;-275.7609;-2511.17
55774;-74.808;-276.0963;-2511.563
55814;-73.22861;-275.8353;-2513.033
55854;-73.05682;-275.8427;-2512.9
55884;-72.84967;-276.0122;-2513.159
55934;-72.42784;-276.032;-2512.984
55944;-72.22421;-276.1024;-2512.672
55984;-72.63012;-275.9811;-2511.926
56014;-76.26691;-275.3657;-2507.997
56054;-79.76308;-274.5256;-2505.99
56094;-81.52315;-274.5737;-2505.158
56114;-84.75453;-273.7752;-2504.82
56154;-86.61259;-274.2041;-2504.56
56184;-89.73269;-274.5441;-2504.441
56234;-90.78038;-274.8987;-2504.105
56264;-91.78159;-275.3139;-2504.292
56284;-94.37505;-276.3621;-2504.283
56314;-94.85941;-276.1866;-2504.263
56344;-95.80813;-275.8155;-2504.433
56384;-96.14167;-275.6595;-2504.571
56434;-96.89309;-274.9195;-2504.225
56444;-98.89823;-272.1822;-2503.572
56494;-98.63532;-271.5602;-2503.583
56534;-98.5153;-270.9795;-2503.758
56554;-98.04701;-270.4298;-2504.099
56584;-97.76298;-270.0635;-2504.401
56624;-97.3056;-269.0774;-2504.869
56664;-95.82257;-267.7299;-2506.037
56694;-95.85889;-267.0897;-2506.729
56724;-95.0583;-265.5832;-2507.674
56766;-94.93593;-263.8233;-2508.483
56796;-94.22009;-262.7207;-2509.577
56826;-91.4898;-258.3151;-2510.396
56856;-90.0809;-255.4395;-2510.293
56896;-87.48193;-251.7523;-2510.228
56926;-86.31684;-250.6669;-2510.176
56956;-84.23312;-247.6531;-2510.156
56996;-84.20134;-245.4368;-2510.751
57026;-83.79535;-243.4026;-2512.176
57046;-79.72124;-230.3479;-2520.601
57086;-79.53922;-230.0838;-2520.578
57116;-79.77924;-229.4859;-2521.165
57146;-80.32661;-228.6846;-2525.217
57186;-74.60658;-218.0372;-2532.181
57216;-71.00475;-212.0803;-2538.436
57246;-69.64728;-203.743;-2540.171
57276;-65.61958;-192.9113;-2553.295
57336;-66.64256;-191.0908;-2555.486
57366;-61.10324;-185.7543;-2554.847
57386;-55.97393;-216.1443;-2528.766
57436;-54.76117;-201.0408;-2529.153
57446;-50.80936;-192.1066;-2535.726
57486;-54.78149;-183.1759;-2559.853
57516;-43.26273;-167.302;-2548.38
57546;-51.13205;-186.1526;-2567.852
57586;-54.65316;-189.3419;-2561.971
57616;-53.13298;-188.951;-2566.346
57646;-53.11102;-189.0311;-2566.591
57686;-59.05993;-192.0418;-2558.391
57736;-59.41082;-186.66;-2563.056
57756;-63.20307;-194.5442;-2555.698
57786;-64.14764;-197.2286;-2554.051
57816;-67.46029;-214.2956;-2547.998
57846;-73.18195;-219.5251;-2536.478
57886;-73.19603;-220.6457;-2534.773
57916;-73.70432;-228.8734;-2529.824
57946;-74.67358;-229.8482;-2528.583
57986;-75.5792;-236.7535;-2525.269
58036;-77.37936;-237.883;-2524.526
58066;-76.84976;-242.0014;-2521.825
58076;-77.41493;-242.6032;-2521.836
58116;-78.09121;-244.9168;-2520.775
58146;-78.48669;-247.1797;-2519.365
58186;-78.56385;-249.7974;-2518.857
58216;-79.91;-251.4753;-2518.214
58246;-81.43885;-252.8278;-2517.747
58286;-83.09242;-254.9688;-2517.169
58316;-84.96779;-257.2346;-2516.953
58346;-85.39096;-258.1776;-2516.532
58386;-85.92734;-258.579;-2516.662
58416;-86.9294;-259.5952;-2516.014
58446;-88.17223;-260.7082;-2515.899
58496;-89.19349;-260.9587;-2515.273
58516;-91.23083;-262.0335;-2514.504
58546;-90.97195;-263.4897;-2513.364
58596;-90.91669;-263.5941;-2512.985
58616;-90.92155;-263.6534;-2512.811
58646;-90.74247;-264.1571;-2512.469
58676;-91.092;-265.2023;-2511.88
58716;-91.42643;-265.7947;-2511.882
58746;-91.93716;-266.0556;-2510.683
58776;-92.70301;-266.2387;-2510.199
58816;-93.58218;-265.7043;-2508.898
58846;-95.18205;-265.493;-2508.171
58896;-95.71327;-264.9109;-2506.927
58926;-95.85345;-264.9653;-2506.914
58966;-95.33612;-265.7904;-2506.536
58986;-95.27048;-266.4019;-2505.907
59006;-93.39984;-266.5625;-2504.481
59046;-92.31287;-266.9062;-2503.801
59096;-89.34612;-266.6259;-2503.343
59126;-76.40176;-269.9882;-2505.588
59156;-74.08965;-270.3832;-2505.747
59196;-71.56872;-270.6268;-2507.048
59206;-69.99493;-270.8394;-2507.562
59266;-69.59251;-271.4857;-2507.705
59286;-69.35795;-272.101;-2508.084
59306;-78.53362;-270.8503;-2503.501
59346;-80.56803;-270.6415;-2502.779
59396;-82.61324;-270.2797;-2503.241
59406;-85.06314;-270.264;-2503.91
59446;-89.59772;-269.7931;-2504.887
59496;-90.19314;-270.2082;-2505.074
59526;-90.67086;-270.4523;-2505.173
59566;-91.01779;-270.5016;-2505.145
59586;-92.12183;-272.1717;-2504.595
59616;-92.96378;-272.7651;-2504.847
59656;-94.43623;-272.7431;-2505.102
59696;-95.24866;-272.8281;-2505.275
59706;-97.12688;-271.8271;-2505.401
59746;-97.21904;-271.7611;-2505.354
59796;-96.97687;-271.9827;-2505.137
59826;-96.95146;-271.696;-2505.023
59846;-97.02441;-271.5869;-2505.125
59896;-96.93048;-271.0376;-2505.938
59906;-96.8449;-270.1293;-2506.892
59946;-96.82333;-269.4456;-2508.182
59986;-95.76931;-269.0125;-2509.521
60036;-94.69528;-268.2811;-2510.89
60066;-93.25027;-267.363;-2511.868
60076;-92.78825;-266.4341;-2513.021
60136;-92.80704;-265.6065;-2514.18
60146;-92.5428;-264.9469;-2514.574
60186;-91.36227;-263.3804;-2515.014
60236;-90.86507;-262.637;-2515.732
60266;-89.50147;-260.5621;-2517.163
60276;-86.54931;-258.3895;-2518.189
60336;-86.37849;-257.7281;-2518.348
60346;-84.16559;-256.2352;-2518.608
60386;-83.09839;-255.2733;-2519.033
60436;-82.66126;-253.0714;-2520.5
60456;-82.15395;-251.7969;-2520.417
60486;-80.14953;-246.8308;-2523.209
60516;-80.87084;-243.8212;-2525.156
60546;-78.9986;-236.3589;-2529.734
60586;-77.78938;-233.2372;-2533.404
60616;-76.83836;-231.6524;-2535.314
60646;-79.68144;-225.1952;-2544.572
60686;-75.56723;-223.6258;-2546.744
60716;-71.21699;-217.5279;-2549.178
60766;-72.50402;-216.0153;-2549.016
60776;-68.81103;-203.8474;-2550.251
60836;-68.63852;-203.6882;-2550.251
60866;-77.52306;-185.4917;-2557.477
60876;-51.14198;-188.2528;-2590.542
60936;-57.71427;-178.9933;-2586.201
60946;-67.11718;-181.5576;-2566.758
60986;-67.83422;-181.606;-2567.566
61016;-75.08141;-198.4075;-2551.199
61046;-76.16978;-197.4582;-2550.924
61076;-73.89331;-200.4617;-2550.597
61116;-71.96796;-213.5496;-2544.014
61146;-72.66928;-222.4004;-2539.906
61176;-72.79323;-222.682;-2539.072
61216;-73.2151;-225.8345;-2536.352
61246;-73.68771;-225.8384;-2536.023
61296;-77.91743;-231.3461;-2531.351
61306;-76.82124;-236.2113;-2529.153
61366;-76.93454;-236.6429;-2528.125
61396;-77.939;-240.5958;-2524.761
61406;-78.3557;-243.2483;-2521.728
61446;-77.78941;-245.8319;-2519.589
61476;-78.5825;-250.2041;-2516.017
61516;-80.53239;-251.9913;-2514.852
61546;-81.93967;-253.665;-2513.831
61596;-83.22988;-254.6895;-2512.709
61626;-84.50899;-255.6009;-2511.907
61646;-85.59026;-256.3662;-2511.404
61696;-86.95595;-256.9214;-2511.833
61726;-87.93089;-258.7716;-2511.013
61746;-89.94973;-260.9444;-2509.204
61799;-92.04807;-262.1362;-2507.309
61809;-93.414;-262.5948;-2507.429
61849;-94.33981;-263.558;-2506.856
61879;-94.87579;-264.1714;-2507.035
61929;-96.10778;-265.3645;-2506.882
61959;-96.3677;-266.4901;-2506.95
61999;-96.45877;-267.0897;-2505.918
62029;-96.56866;-267.2337;-2505.65
62049;-96.33743;-267.4424;-2505.154
62099;-96.25064;-267.4894;-2505.176
62139;-94.78174;-268.0809;-2504.711
62149;-92.35852;-266.0515;-2504.506
62189;-91.93903;-265.8552;-2504.033
62219;-90.16447;-266.1675;-2503.254
62259;-83.21649;-267.6658;-2503.63
62289;-77.51719;-269.6373;-2504.802
62319;-74.64488;-271.0582;-2504.808
62359;-72.56054;-271.1405;-2505.038
62389;-71.02588;-270.4734;-2506.111
62419;-70.09222;-270.3722;-2506.278
62459;-69.25409;-270.5093;-2506.96
62489;-68.83577;-270.6972;-2507.467
62519;-68.61177;-270.8817;-2507.487
62549;-68.64986;-270.965;-2507.574
62589;-68.50525;-271.143;-2507.744
62619;-68.52457;-272.1543;-2508.038
62649;-68.45966;-272.1032;-2508.26
62689;-68.33714;-272.2012;-2508.746
62719;-68.34932;-272.3128;-2508.851
62749;-68.41885;-272.4772;-2509.071
62789;-70.63355;-273.6415;-2509.716
62819;-79.75639;-274.6452;-2508.906
62849;-82.90896;-274.0334;-2508.982
62889;-86.72961;-273.2538;-2509.139
62919;-90.07628;-273.7438;-2509.491
62949;-91.33996;-273.78;-2509.526
62979;-93.12054;-273.0276;-2511.632
63019;-93.91193;-273.7011;-2511.783
63049;-96.8035;-273.6754;-2512.739
63079;-97.9203;-273.9034;-2512.89
63119;-97.98896;-274.0518;-2513.131
63149;-98.22175;-273.8404;-2513.085
63179;-99.97611;-273.2181;-2513.134
63219;-100.2039;-272.5312;-2513.037
63249;-101.1816;-270.9537;-2512.162
63279;-100.7963;-270.4017;-2511.956
63319;-101.0684;-268.8646;-2512.269
63349;-99.74609;-267.6722;-2512.896
63389;-98.51763;-265.7335;-2514.367
63419;-96.09343;-262.9705;-2515.782
63449;-93.36938;-260.0741;-2516.732
63489;-92.95951;-259.0802;-2517.325
63509;-90.36014;-256.2151;-2518.921
63549;-90.24692;-254.7965;-2519.898
63579;-89.21272;-252.4962;-2519.862
63639;-88.65975;-251.021;-2520.111
63659;-86.67991;-248.4743;-2521.681
63699;-86.1111;-245.1402;-2523.027
63729;-86.47567;-238.925;-2523.595
63749;-85.14489;-225.0693;-2529.853
63789;-85.24216;-224.1505;-2530.239
63819;-86.28384;-223.446;-2532.559
63849;-87.5727;-222.8579;-2537.17
63879;-85.71777;-220.2697;-2538.344
63919;-80.63857;-209.5447;-2536.344
63949;-68.41035;-197.3067;-2542.976
63999;-60.48451;-155.4247;-2546.599
64029;-57.93372;-185.5859;-2563.648
64049;-59.74953;-186.1815;-2562.341
64079;-60.51666;-185.0959;-2561.765
64119;-72.41274;-175.5789;-2565.686
64149;-75.84098;-187.4142;-2557.897
64199;-76.2137;-179.8233;-2566.081
64229;-75.69768;-179.8439;-2565.236
64259;-76.4484;-179.4403;-2564.487
64289;-72.51347;-181.1723;-2566.716
64329;-64.78487;-192.3002;-2554.355
64359;-67.31126;-193.1168;-2547.632
64389;-70.41256;-191.4355;-2546.789
64429;-70.05021;-200.7989;-2546.197
64459;-85.39323;-210.6586;-2538.469
64499;-85.02553;-218.0811;-2533.844
64529;-83.26332;-220.1673;-2529.556
64559;-83.2957;-226.6368;-2528.124
64599;-86.62105;-233.4841;-2521.808
64629;-84.95729;-235.4683;-2521.101
64659;-85.42274;-236.1109;-2520.207
64689;-85.6155;-237.5557;-2519.183
64729;-85.66237;-241.0609;-2517.527
64759;-86.23879;-244.9565;-2516.08
64789;-87.66317;-248.554;-2515.05
64819;-87.95258;-250.9049;-2514.111
64859;-88.42723;-252.7908;-2513.735
64889;-89.35601;-254.4768;-2513.206
64929;-90.15981;-257.4445;-2511.175
64959;-90.63936;-258.5396;-2510.242
64989;-90.66341;-258.9441;-2509.797
65029;-90.63345;-259.9539;-2508.027
65059;-91.45067;-261.7024;-2505.323
65089;-92.39431;-263.1807;-2503.375
65129;-93.44526;-263.0945;-2501.301
65159;-94.26454;-263.6516;-2499.442
65189;-95.22736;-264.523;-2498.375
65219;-95.61902;-264.5236;-2498.168
65259;-95.97305;-264.1216;-2498.138
65289;-96.01172;-264.1459;-2498.137
65329;-96.17071;-264.5743;-2498.234
65349;-96.1284;-264.9231;-2498.481
65389;-94.01193;-266.3776;-2499.379
65419;-93.47334;-267.6471;-2499.197
65449;-85.71355;-270.9598;-2502.609
65479;-83.84061;-271.3187;-2503.114
65519;-81.49798;-271.5222;-2503.732
65549;-80.45458;-271.8107;-2504.301
65589;-80.25405;-272.017;-2504.19
65619;-79.91785;-272.0745;-2504.377
65659;-79.83961;-272.1864;-2504.122
65689;-79.80014;-272.2435;-2504.138
65719;-79.77303;-272.2683;-2504.134
65759;-80.74985;-272.3748;-2503.077
65789;-80.55096;-272.1049;-2502.995
65819;-79.99535;-272.2794;-2503.231
65859;-80.67371;-271.7212;-2502.708
65889;-81.95896;-271.1942;-2501.316
65919;-81.08942;-271.4688;-2501.59
65959;-81.71162;-271.3463;-2501.149
65979;-82.02782;-271.2448;-2500.783
66019;-84.242;-271.8141;-2500.156
66049;-84.2944;-271.6877;-2500.134
66089;-86.00974;-271.6829;-2500.251
66119;-86.70447;-271.5362;-2499.624
66159;-86.97185;-271.6802;-2499.486
66189;-86.98146;-271.3119;-2499.364
66219;-87.66677;-271.6523;-2499.484
66249;-88.5806;-271.4449;-2499.322
66289;-88.9007;-271.3444;-2499.138
66319;-89.58247;-271.5336;-2499.085
66349;-89.70361;-271.5039;-2499.163
66389;-90.13423;-271.8096;-2499.413
66420;-90.08366;-271.5993;-2499.313
66450;-90.30466;-272.1556;-2499.852
66490;-90.03747;-272.3102;-2499.873
66520;-89.91411;-271.7722;-2500.152
66550;-89.87928;-271.6241;-2500.184
66580;-89.68349;-271.5269;-2500.391
66620;-89.66176;-271.4484;-2500.488
66650;-89.46443;-271.3651;-2501.116
66700;-89.24517;-271.0711;-2501.71
66710;-88.8754;-271.1261;-2502.132
66750;-88.46105;-271.0235;-2502.239
66801;-88.47338;-270.9616;-2502.311
66832;-88.35022;-270.7757;-2502.394
66842;-87.65227;-270.8462;-2503.112
66902;-87.63562;-270.7448;-2503.342
66922;-87.6482;-270.5385;-2503.416
66942;-87.62829;-270.5545;-2503.448
66982;-87.62415;-270.5653;-2503.488
67012;-87.545;-270.5657;-2503.568
67052;-87.65408;-270.623;-2503.572
67082;-87.43016;-270.5571;-2503.587
67132;-87.20753;-270.7624;-2503.262
67152;-87.29136;-270.3543;-2503.308
67182;-87.01609;-269.7001;-2503.283
67232;-86.67748;-269.6381;-2503.382
67252;-86.38396;-269.2097;-2503.19
67282;-86.05503;-269.2103;-2503.186
67312;-85.38656;-268.7203;-2503.135
67362;-84.81887;-268.5052;-2502.834
67392;-84.56281;-268.593;-2502.343
67432;-84.31558;-268.5083;-2502.44
67462;-83.64332;-268.784;-2502.539
67502;-79.02296;-268.699;-2504.054
67512;-79.09117;-268.5068;-2503.829
67562;-79.08085;-268.4474;-2503.645
67592;-79.11911;-268.4295;-2503.623
67632;-79.24903;-268.5092;-2503.624
67662;-79.27294;-268.1892;-2504.031
67692;-80.25079;-267.9306;-2504.454
67732;-80.41321;-267.9166;-2504.584
67762;-80.35729;-267.7752;-2504.67
67792;-80.34912;-267.8823;-2504.655
67832;-80.41948;-268.2182;-2505.171
67862;-80.79899;-268.3868;-2505.539
67892;-80.87103;-268.479;-2505.772
67932;-82.12074;-269.3657;-2508.079
67962;-83.83933;-269.5561;-2508.935
67992;-85.59237;-269.069;-2509.799
68022;-87.84288;-269.0733;-2510.388
68062;-88.16488;-269.0897;-2510.303
68092;-87.37428;-269.4385;-2509.689
68122;-87.35104;-269.4881;-2509.642
68162;-87.33228;-269.6558;-2509.377
68192;-86.87562;-269.6545;-2509.544
68222;-87.41412;-268.6028;-2509.643
68262;-88.00915;-267.8318;-2508.97
68292;-87.65948;-267.6506;-2508.525
68322;-87.15752;-267.1127;-2507.899
68362;-84.95213;-267.0176;-2505.919
68392;-84.18013;-266.5473;-2505.849
68422;-84.02606;-265.9807;-2505.533
68462;-82.58846;-265.1245;-2505.037
68482;-81.77481;-265.3122;-2503.198
68522;-78.22722;-264.8182;-2500.858
68552;-71.84547;-262.8345;-2500.348
68592;-67.04456;-262.0825;-2498.777
68622;-60.45981;-261.2677;-2495.731
68662;-55.31792;-260.0624;-2495.931
68692;-44.82717;-258.6481;-2499.553
68722;-34.36655;-256.394;-2502.782
68752;-25.90604;-255.0961;-2505.061
68792;-11.61798;-252.1112;-2508.142
68822;3.439676;-249.6128;-2511.063
68852;16.37327;-249.2964;-2513.123
68892;27.55747;-248.6456;-2515.01
68922;34.35729;-248.0864;-2516.123
68972;50.17992;-244.7248;-2519.017
68982;60.23194;-242.4717;-2520.187
69022;69.32516;-239.9694;-2521.866
69052;76.74539;-238.151;-2522.84
69102;81.41411;-235.5907;-2521.814
69112;84.97443;-235.193;-2521.443
69152;89.34866;-235.2923;-2520.097
69182;93.73711;-236.0626;-2519.172
69222;96.24609;-236.3226;-2518.501
69252;97.80005;-236.2068;-2517.462
69282;101.8847;-235.0042;-2515.55
69322;106.5944;-235.0342;-2515.129
69352;109.2799;-234.2685;-2514.599
69382;112.8099;-234.2207;-2515.467
69423;113.9381;-234.4717;-2516.285
69473;115.8547;-234.9508;-2517.686
69483;117.0076;-237.8834;-2519.635
69513;118.0189;-241.4524;-2520.664
69553;119.6505;-242.3752;-2521.679
69583;122.376;-242.8799;-2522.945
69613;124.87;-243.7613;-2523.55
69653;129.0111;-244.3859;-2523.788
69683;135.5653;-246.3977;-2523.735
69723;141.9052;-246.1668;-2522.322
69753;148.8687;-245.4481;-2520.427
69803;157.3146;-247.4211;-2517.932
69813;170.8223;-249.0086;-2512.954
69853;192.656;-249.7249;-2505.036
69903;212.451;-252.0199;-2501.024
69913;233.1535;-251.3937;-2496.462
69953;255.1862;-254.674;-2494.593
69983;284.3853;-255.7649;-2489.707
70013;319.9238;-260.0652;-2487.713
70053;341.5313;-254.8231;-2484.094
70083;361.9502;-245.7286;-2480.067
70123;386.6992;-240.0121;-2477.974
70153;407.6759;-231.7711;-2481.629
70183;427.269;-226.9827;-2480.223
70213;457.5631;-215.0888;-2478.682
70253;491.1591;-205.4489;-2480.337
70303;497.9323;-202.0538;-2478.549
70323;513.191;-195.5937;-2477.235
70363;519.9825;-192.7226;-2478.304
70383;540.6992;-182.8174;-2482.09
70413;549.8985;-172.4771;-2485.324
70453;559.1366;-156.3344;-2491.354
70483;571.8367;-142.3853;-2495.183
70533;579.4874;-136.0351;-2499.738
