
0;-594.1248;294.0333;-2320.071
60;-570.2659;319.0907;-2339.492
110;-560.1464;329.5066;-2353.281
140;-550.0017;329.2449;-2358.475
160;-542.3953;329.7842;-2360.889
210;-537.0587;329.758;-2359.581
250;-534.0841;330.2991;-2356.497
270;-533.5956;331.2243;-2350.375
310;-534.9529;330.4371;-2336.591
340;-544.2214;329.9554;-2304.35
380;-548.7865;331.7403;-2264.605
410;-539.9006;309.1771;-2214.093
440;-543.5427;312.0692;-2169.199
480;-533.6232;296.7475;-2111.985
510;-497.3997;241.7144;-2081.345
540;-471.0823;193.2387;-2061.965
570;-449.8626;150.7162;-2031.081
610;-425.7443;94.44595;-2021.084
640;-410.7168;45.48632;-2008.296
662;-323.0094;-24.33883;-1968.156
712;-299.521;-77.89558;-1969.68
742;-287.9651;-87.00074;-1985.439
772;-275.4913;-103.1939;-2009.533
802;-263.9121;-259.1708;-1934.195
842;-252.8869;-307.8105;-1953.718
872;-258.9088;-358.7991;-1982.298
902;-259.1528;-407.7057;-2018.151
942;-255.6735;-456.1528;-2049.173
972;-256.4107;-492.0094;-2091.487
1002;-254.7325;-498.3469;-2150.447
1042;-254.1864;-517.3063;-2180.083
1072;-255.7232;-526.3763;-2200.746
1102;-256.2885;-533.2797;-2225.055
1142;-244.4579;-535.2078;-2236.339
1172;-241.328;-536.9949;-2243.16
1202;-243.897;-537.9466;-2248.506
1242;-242.6245;-540.4993;-2249.723
1272;-247.4561;-540.2169;-2251.491
1302;-254.3298;-529.3903;-2261.435
1342;-255.5317;-529.7952;-2260.518
1372;-256.339;-528.7014;-2258.506
1402;-256.4193;-526.5692;-2256.983
1442;-258.4798;-531.6193;-2246.437
1472;-257.7885;-527.2207;-2247.883
1502;-257.7767;-530.2467;-2243.497
1532;-257.8668;-531.4839;-2240.869
1572;-257.5872;-533.3406;-2238.135
1602;-256.5179;-534.5225;-2234.845
1632;-247.1383;-534.132;-2233.967
1672;-248.2718;-535.3729;-2232.84
1702;-248.6705;-535.5695;-2232.327
1732;-249.1301;-535.5263;-2232.461
1772;-242.937;-533.9995;-2233.183
1802;-244.8626;-534.1348;-2233.226
1832;-246.1191;-534.0359;-2233.173
1872;-242.8159;-533.4224;-2233.46
1902;-245.4929;-534.348;-2232.218
1952;-242.2955;-533.4781;-2233.35
1962;-245.1634;-534.8762;-2232.444
2002;-242.8288;-534.7182;-2232.479
2032;-240.8722;-534.4265;-2233.32
2072;-240.0004;-534.4073;-2233.704
2104;-239.2325;-534.3605;-2233.606
2134;-238.7889;-534.4355;-2233.747
2164;-242.9751;-536.0228;-2232.017
2214;-245.1625;-537.1052;-2231.425
2254;-246.7069;-537.6639;-2231.334
2284;-247.4;-538.2463;-2231.265
2294;-248.1327;-539.0978;-2231.396
2334;-248.7325;-539.6978;-2231.546
2384;-249.6312;-540.1447;-2231.699
2414;-251.8792;-541.009;-2232.16
2444;-256.3499;-540.2744;-2233.778
2484;-283.2391;-515.1854;-2241.881
2514;-311.4153;-505.2351;-2246.08
2544;-352.9049;-488.7756;-2251.01
2564;-390.5529;-457.8915;-2254.782
2614;-449.1751;-422.5141;-2250.152
2644;-493.4742;-367.9249;-2251.655
2664;-530.5431;-310.5031;-2260.147
2714;-570.5084;-238.136;-2263.162
2744;-598.9524;-157.7166;-2268.406
2754;-618.8099;-91.08162;-2276.495
2814;-634.261;-18.39414;-2301.853
2844;-627.0903;64.62595;-2319.469
2884;-627.9559;134.8942;-2330.822
2914;-680.265;242.4685;-2338.616
2944;-656.961;316.9984;-2369.759
2984;-613.649;374.4684;-2399.658
3014;-516.2505;373.4215;-2434.165
3044;-507.9582;452.1052;-2466.909
3084;-465.0647;491.3656;-2490.966
3114;-455.9167;576.4225;-2526.127
3144;-411.8969;574.999;-2543.041
3184;-377.406;607.6876;-2552.353
3214;-334.5284;562.3536;-2542.232
3244;-327.8724;561.8657;-2541.885
3274;-322.1282;560.9426;-2540.173
3314;-319.8738;559.4027;-2536.921
3344;-320.2313;559.6283;-2535.008
3374;-330.8556;559.0216;-2528.065
3404;-385.603;583.9689;-2517.011
3444;-427.6925;577.6449;-2499.836
3474;-472.5463;562.6415;-2481.678
3514;-526.6854;515.2675;-2462.784
3544;-501.0101;376.7628;-2436.88
3574;-606.3879;380.3524;-2423.211
3614;-630.6727;292.6248;-2393.533
3644;-658.6894;225.8597;-2372.572
3674;-592.3698;117.4925;-2351.308
3714;-619.6388;37.49522;-2341.835
3744;-605.2575;-39.86443;-2308.594
3784;-590.1384;-114.7821;-2289.084
3814;-586.7676;-186.4219;-2269.269
3844;-609.7794;-298.3683;-2225.774
3874;-562.8052;-356.7212;-2215.556
3914;-496.0934;-389.2508;-2225.041
3944;-449.1209;-413.7241;-2222.567
3974;-413.4874;-460.3062;-2204.463
4014;-368.8177;-465.3935;-2226.527
4044;-341.3108;-477.8613;-2232.442
4074;-321.0945;-489.7162;-2229.564
4104;-284.5125;-508.4667;-2223.234
4124;-263.6625;-510.6546;-2234.943
4174;-246.4495;-541.9593;-2220.35
4214;-235.064;-538.7485;-2227.51
4244;-232.3723;-537.0489;-2230.36
4274;-235.7609;-539.883;-2230.449
4304;-238.7191;-540.4626;-2229.735
4344;-265.0923;-521.6635;-2237.789
4374;-289.3533;-509.1837;-2232.748
4404;-323.9138;-486.8537;-2235.462
4434;-366.0893;-453.9194;-2236.146
4474;-410.3089;-414.8506;-2229.784
4504;-450.0539;-373.4873;-2236.27
4534;-499.4691;-341.6347;-2231.271
4574;-541.8086;-285.3366;-2246.816
4604;-584.3032;-188.6431;-2256.882
4634;-607.1294;-123.5916;-2266.831
4674;-618.3657;-47.81882;-2281.812
4704;-626.5158;17.36463;-2306.842
4734;-641.4261;120.258;-2327.666
4774;-603.967;185.2776;-2346.47
4804;-584.4872;263.9688;-2364.104
4834;-544.5636;343.6557;-2405.708
4874;-544.2024;456.7405;-2432.592
4904;-428.0125;440.7415;-2465.015
4934;-416.7444;549.5704;-2487.564
4974;-352.2339;548.6579;-2501.774
5004;-307.5137;631.4666;-2526.197
5034;-278.3082;632.6885;-2534.537
5064;-247.5252;648.2711;-2544.134
5104;-244.2472;650.034;-2544.66
5134;-243.4464;650.5981;-2543.31
5184;-254.865;633.9428;-2528.085
5214;-280.8831;624.5855;-2507.636
5234;-319.1484;612.4091;-2482.499
5274;-355.1007;545.2991;-2469.02
5304;-416.4605;576.4364;-2448.388
5334;-466.5941;555.2364;-2416.824
5364;-528.0993;520.6788;-2392.33
5404;-498.8525;368.3453;-2384.612
5434;-593.272;362.7065;-2344.628
5464;-623.4603;293.4355;-2317.826
5514;-652.6698;219.1769;-2291.236
5534;-601.1738;106.7741;-2283.803
5564;-603.7591;32.17295;-2256.132
5594;-605.8082;-49.09022;-2248.726
5634;-586.6665;-123.1505;-2228.397
5664;-579.4801;-193.1384;-2219.507
5714;-563.3016;-278.2715;-2200.483
5744;-523.1259;-321.251;-2206.535
5784;-483.1596;-370.589;-2207.581
5814;-442.5072;-410.7161;-2203.991
5844;-394.441;-440.0009;-2213.633
5884;-367.2711;-461.8535;-2215.92
5914;-331.8252;-486.1203;-2222.486
5944;-295.5429;-502.9121;-2216.746
5984;-268.7711;-515.2703;-2223.33
6014;-249.1915;-536.415;-2213.251
6044;-234.5816;-531.6469;-2223.769
6064;-232.2114;-530.4869;-2227.015
6114;-231.4656;-530.6786;-2227.924
6124;-237.4268;-533.5852;-2227.005
6164;-242.5369;-526.1194;-2235.102
6214;-275.5743;-514.9405;-2227.979
6244;-309.933;-499.3714;-2223.936
6284;-338.2755;-476.2852;-2228.325
6314;-382.6376;-441.4816;-2224.277
6344;-429.9437;-412.2292;-2219.925
6374;-472.9243;-365.5482;-2216.032
6414;-515.4383;-312.458;-2220.824
6444;-546.9189;-243.703;-2214.619
6474;-580.6061;-154.8424;-2220.317
6514;-599.085;-83.46909;-2233.434
6544;-617.4453;-28.0319;-2259.614
6574;-644.7289;61.04472;-2269.797
6614;-611.4808;138.1424;-2307.929
6644;-597.7593;184.8027;-2317.536
6674;-570.9089;259.1613;-2352.117
6704;-549.3592;322.6303;-2372.691
6744;-493.8151;369.309;-2414.292
6774;-524.3798;479.4086;-2423.137
6804;-465.0948;508.9859;-2446.162
6844;-428.4731;570.762;-2482.253
6874;-354.4105;525.2744;-2487.936
6904;-312.0583;547.2149;-2498.514
6934;-301.0331;552.5708;-2505.155
6974;-253.727;632.6612;-2526.157
7004;-240.7995;644.9814;-2528.912
7044;-228.6184;650.6973;-2525.629
7074;-226.0174;648.2668;-2520.584
7106;-230.0486;639.757;-2503.849
7139;-249.7475;622.3055;-2479.341
7179;-273.157;618.2218;-2467.009
7209;-314.4651;601.2421;-2438.168
7239;-352.191;533.4758;-2425.303
7269;-405.2852;538.5311;-2388.501
7309;-459.0553;521.9321;-2342.64
7339;-480.0945;417.2076;-2329.468
7369;-499.9946;321.494;-2304.841
7409;-548.3278;275.0222;-2271.244
7439;-547.5948;166.4609;-2242.866
7469;-544.7686;107.1255;-2214.317
7509;-554.9276;-4.163935;-2187.311
7539;-556.2776;-76.84956;-2184.49
7569;-546.8334;-163.2141;-2183.115
7609;-515.7875;-230.4699;-2177.933
7639;-508.2374;-295.9702;-2174.253
7669;-465.2008;-348.4347;-2179.433
7699;-431.9289;-389.935;-2181.973
7739;-394.7069;-420.9682;-2192.683
7789;-362.3423;-451.1876;-2201.126
7799;-331.0899;-477.4186;-2210.418
7839;-313.3903;-502.4712;-2207.159
7869;-290.0525;-510.519;-2209.139
7899;-262.3143;-516.4112;-2223.615
7939;-250.7832;-534.1903;-2219.539
7969;-235.6494;-532.0422;-2229.233
7999;-231.6294;-532.3135;-2231.878
8039;-230.4849;-532.5645;-2232.124
8069;-234.0094;-536.8321;-2228.627
8099;-244.0023;-526.3417;-2241.756
8139;-275.0118;-512.7926;-2225.061
8189;-298.8474;-501.8477;-2226.527
8219;-337.0886;-469.4597;-2233.191
8249;-379.6873;-432.9014;-2223.495
8259;-427.5019;-392.8385;-2227.991
8299;-476.2432;-350.0359;-2227.675
8329;-521.2319;-298.4073;-2232.966
8369;-561.9715;-216.9867;-2232.892
8399;-585.9756;-144.2937;-2236.886
8429;-602.6323;-63.43908;-2255.106
8469;-618.921;-7.104873;-2280.656
8499;-610.6453;79.88163;-2300.089
8549;-620.2876;162.9137;-2320.304
8579;-589.3867;207.8528;-2334.019
8599;-554.8128;287.6371;-2360.619
8649;-521.3723;345.6571;-2392.861
8679;-474.1273;392.8592;-2421.118
8719;-502.4376;541.3348;-2441.762
8749;-437.5707;569.4935;-2479.379
8779;-386.6202;587.6331;-2498.312
8809;-321.0182;557.6072;-2501.702
8849;-290.0572;625.2242;-2522.455
8879;-262.2306;624.0933;-2528.678
8909;-251.1853;627.935;-2530.349
8949;-244.9196;631.9942;-2530.081
8979;-243.5911;632.4252;-2528.272
9009;-246.3385;633.1305;-2516.87
9049;-264.8399;616.7385;-2485.407
9079;-292.924;611.8251;-2463.697
9109;-322.4884;533.4368;-2452.355
9149;-374.4338;549.1824;-2417.387
9179;-420.1061;530.6845;-2380.368
9209;-452.1427;456.6517;-2355.192
9229;-469.1768;369.4669;-2335.382
9279;-558.0635;368.8598;-2285.161
9309;-560.6429;264.399;-2260.492
9329;-542.2286;158.8579;-2247.825
9379;-547.2819;93.2731;-2223.905
9409;-558.7203;-3.782997;-2206.538
9439;-552.0742;-87.27129;-2197.981
9479;-532.8354;-173.9489;-2187.742
9509;-513.6011;-257.4781;-2179.827
9539;-482.4516;-326.566;-2175.007
9579;-453.67;-396.7901;-2162.749
9609;-419.9985;-460.1605;-2162.568
9639;-375.1817;-488.8179;-2181.786
9679;-341.2388;-512.6291;-2192.119
9709;-314.0123;-522.1271;-2199.052
9739;-288.3977;-530.455;-2199.812
9779;-249.8732;-515.1061;-2226.368
9809;-246.2119;-520.5269;-2224.593
9839;-231.8093;-525.2422;-2228.499
9869;-227.3681;-524.8815;-2230.532
9909;-223.1534;-524.7338;-2230.208
9939;-222.6181;-525.5389;-2229.451
9969;-232.4288;-528.7051;-2221.397
10009;-253.6637;-511.4065;-2223.403
10039;-277.3918;-501.2331;-2217.177
10069;-315.2865;-482.6989;-2217.042
10109;-355.1818;-451.4216;-2220.874
10139;-404.4087;-411.4557;-2220.584
10169;-452.9453;-381.7722;-2219.757
10209;-502.3109;-321.7471;-2242.323
10239;-546.5911;-245.922;-2237.126
10269;-583.4241;-142.6603;-2248.319
10309;-600.2097;-81.09233;-2267.73
10339;-613.5569;-4.571943;-2298.466
10369;-605.7307;80.38428;-2323.579
10409;-592.762;147.9855;-2342.264
10439;-585.5055;220.0947;-2360.562
10469;-545.8279;291.5818;-2390.016
10499;-511.2466;342.8214;-2413.658
10539;-523.8615;453.7584;-2432.141
10569;-452.892;474.7259;-2461.284
10609;-430.9379;561.6546;-2485.475
10639;-383.6256;579.3761;-2500.849
10669;-323.0248;551.0752;-2496.9
10719;-290.6852;602.4995;-2507.072
10729;-269.0471;616.7148;-2509.013
10769;-241.6313;637.4855;-2511.332
10799;-239.8508;628.7632;-2509.332
10839;-238.573;637.6263;-2505.042
10869;-260.6083;618.261;-2483.292
10899;-287.0776;607.9729;-2465.291
10949;-329.3285;543.8118;-2456.494
10959;-382.2909;559.8834;-2435.49
11019;-441.4673;543.3945;-2404.143
11049;-470.959;450.1581;-2389.21
11089;-483.0748;358.379;-2375.425
11099;-531.3116;307.5387;-2339.891
11149;-602.1772;271.9092;-2299.539
11179;-567.0784;156.2367;-2294.915
11219;-575.6972;81.86986;-2271.252
11249;-581.7037;-12.70757;-2245.054
11259;-576.8821;-86.41371;-2231.542
11319;-553.9469;-175.7884;-2216.761
11349;-545.4451;-268.5695;-2194.975
11379;-533.595;-354.2009;-2178.791
11419;-464.2909;-398.5919;-2193.523
11449;-418.8161;-452.3171;-2182.716
11479;-364.8674;-461.5666;-2215.696
11519;-328.3368;-486.2186;-2227.833
11549;-298.3156;-504.4579;-2226.816
11579;-263.7289;-525.5989;-2234.823
11609;-242.4257;-533.852;-2243.211
11649;-235.0455;-536.3921;-2244.188
11680;-236.4664;-536.0728;-2241.48
11710;-238.4753;-537.4158;-2240.493
11750;-239.8144;-536.7856;-2240.915
11780;-267.6508;-523.0495;-2228.807
11810;-306.3347;-504.3393;-2224.068
11850;-337.2191;-476.5432;-2228.193
11880;-380.0426;-433.1577;-2218.504
11910;-425.3866;-388.6654;-2220.512
11950;-474.7052;-343.3491;-2213.143
11980;-507.2058;-298.7276;-2207.398
12010;-555.4329;-199.6541;-2205.632
12050;-584.5237;-130.6643;-2218.376
12080;-601.5604;-50.88985;-2243.216
12110;-602.5599;24.76019;-2249.694
12135;-600.058;92.62585;-2279.35
12175;-646.0319;197.5543;-2275.353
12215;-634.2365;276.4726;-2304.484
12245;-582.7413;336.5204;-2342.652
12275;-495.2623;347.2786;-2377.239
12305;-500.0567;443.5373;-2405.423
12345;-492.0788;548.9653;-2433.824
12375;-433.1648;580.8192;-2471.806
12405;-370.3376;573.8749;-2490.906
12445;-311.6549;547.2305;-2493.441
12475;-282.4178;621.7137;-2526.698
12505;-252.5201;637.2097;-2540.165
12545;-243.3143;639.4977;-2543.518
12575;-227.6923;645.3942;-2545.305
12605;-213.7628;662.2453;-2542.713
12645;-234.2508;638.725;-2527.456
12675;-255.5354;626.4996;-2510.793
12705;-300.2211;613.7467;-2482.509
12745;-326.5023;544.2838;-2466.06
12775;-377.7813;536.1268;-2446.106
12805;-449.2741;562.6758;-2418.154
12835;-473.3365;457.7326;-2393.28
12875;-487.0449;364.5751;-2369.666
12905;-593.4908;361.0775;-2332.609
12935;-620.442;277.3653;-2305.361
12975;-638.4502;195.3603;-2279.431
13005;-660.9633;96.58466;-2252.07
13035;-592.515;0.5715098;-2253.608
13075;-586.5146;-74.29539;-2237.606
13105;-566.9112;-151.6772;-2223.668
13135;-589.3598;-246.5632;-2197.705
13175;-586.9345;-348.6169;-2169.341
13205;-513.7199;-386.4379;-2186.725
13235;-450.4265;-419.1231;-2191.032
13275;-397.7556;-456.9706;-2193.308
13305;-349.8272;-472.2577;-2209.33
13335;-314.1162;-494.6204;-2212.767
13365;-265.7787;-506.0112;-2212.336
13405;-239.874;-531.1519;-2203.307
13435;-228.0964;-526.767;-2208.033
13465;-221.141;-524.6014;-2211.339
13505;-220.2581;-525.4238;-2209.228
13535;-220.1664;-526.3073;-2207.89
13565;-246.0326;-510.0594;-2211.087
13605;-271.1964;-501.0241;-2204.185
13635;-309.4846;-485.7953;-2215.001
13665;-349.783;-462.072;-2225.24
13705;-388.237;-431.784;-2227.623
13735;-442.9456;-397.9949;-2232.166
13765;-488.9724;-347.5034;-2247.121
13805;-528.3203;-293.257;-2259.883
13835;-569.597;-202.7104;-2270.468
13865;-595.438;-124.1262;-2295.168
13915;-611.4263;-53.83436;-2321.129
13945;-615.3135;15.64757;-2346.889
13965;-617.9215;106.9361;-2365.814
14015;-593.4028;164.4047;-2380.964
14045;-590.7673;238.255;-2407.128
14085;-554.0983;311.0653;-2432.851
14115;-500.373;361.1826;-2458.885
14145;-473.2965;431.398;-2488.725
14185;-440.4706;482.2188;-2506.026
14215;-412.8324;554.7391;-2526.697
14245;-359.5022;555.8884;-2534.315
14285;-308.6622;557.4885;-2533.107
14315;-281.2248;618.3657;-2539.684
14345;-259.5865;628.3458;-2535.391
14385;-251.1778;630.5066;-2530.155
14415;-245.9754;632.5574;-2519.967
14445;-246.0008;626.1581;-2507.066
14485;-266.5453;615.2229;-2482.817
14515;-297.2159;607.4576;-2465.699
14545;-343.0618;577.9896;-2452.581
14585;-389.9194;544.7462;-2429.964
14605;-452.2855;540.6862;-2402.668
14645;-476.9478;433.8336;-2391.743
14685;-502.3594;346.2716;-2372.603
14715;-550.7094;290.6001;-2347.644
14745;-618.7172;233.5903;-2316.778
14775;-636.4495;169.3233;-2293.647
14815;-580.7037;39.3945;-2276.147
14845;-579.5217;-44.10888;-2257.146
14875;-560.7268;-129.1734;-2232.633
14915;-580.9681;-244.6158;-2191.076
14945;-504.4634;-307.4213;-2197.38
14975;-473.7756;-387.0919;-2174.982
15005;-409.3598;-431.1118;-2180.789
15045;-350.2883;-452.5034;-2204.518
15075;-319.3276;-474.578;-2208.213
15115;-270.4286;-497.0348;-2216.122
15145;-231.5352;-525.5793;-2228.115
15175;-227.1453;-526.8599;-2229.913
15205;-225.5987;-526.4083;-2232.553
15245;-223.807;-527.2845;-2233.485
15275;-231.781;-529.5214;-2239.484
15305;-281.469;-508.0231;-2220.676
15345;-319.674;-480.5811;-2224.794
15375;-356.5785;-448.5721;-2225.487
15405;-397.392;-417.6887;-2219.721
15445;-443.5881;-386.5211;-2214.031
15475;-496.7066;-339.3573;-2221.7
15505;-527.344;-283.764;-2232.963
15535;-559.0856;-194.7874;-2237.644
15575;-578.8844;-129.0068;-2247.862
15605;-591.4187;-50.12842;-2268.755
15635;-599.666;6.28607;-2293.045
15675;-591.2175;91.5018;-2319.227
15705;-591.2677;165.1598;-2330.97
15735;-621.7769;258.2258;-2349.702
15775;-605.3641;344.1465;-2378.072
15805;-508.0408;363.9262;-2417.242
15835;-488.6761;437.5176;-2436.694
15875;-473.274;544.1597;-2465.939
15905;-400.3911;568.7801;-2488.206
15935;-335.248;556.8276;-2495.928
15975;-292.6345;620.4399;-2517.019
16025;-245.2017;627.4159;-2529.746
16035;-225.1744;636.9591;-2536.746
16075;-208.1974;649.0464;-2541.39
16105;-194.0278;667.0387;-2543.499
16155;-209.5073;645.4804;-2530.434
16185;-221.4791;639.6557;-2524.033
16215;-254.2347;622.1694;-2501.977
16235;-281.8346;614.5326;-2486.955
16265;-323.3598;545.3804;-2466.562
16305;-379.7213;539.6541;-2450.155
16335;-439.3322;535.1207;-2421.185
16375;-511.9531;511.3198;-2398.745
16405;-492.0406;357.3069;-2391.055
16435;-577.5034;332.2698;-2355.824
16465;-623.2902;248.8505;-2329.788
16505;-670.9702;166.3863;-2300.144
16555;-587.4378;44.81084;-2296.104
16575;-589.5754;-36.52157;-2278.083
16605;-575.9026;-113.3529;-2256.216
16655;-556.0663;-187.062;-2237.807
16685;-544.9662;-297.5036;-2217.13
16716;-491.8374;-355.6432;-2223.184
16746;-443.4789;-414.6671;-2216.315
16786;-393.5261;-468.2158;-2211.75
16816;-344.7228;-485.2804;-2233.237
16846;-310.0861;-502.9842;-2232.167
16886;-263.9971;-517.0004;-2236.333
16896;-241.856;-526.8608;-2237.772
16936;-226.5415;-526.0292;-2234.597
16966;-225.7923;-523.5383;-2234.774
17016;-233.2969;-530.7458;-2221.346
17026;-240.5494;-518.9218;-2224.958
17066;-276.0461;-502.6778;-2207.198
17116;-299.4104;-492.918;-2212.651
17146;-344.5795;-460.6711;-2212.566
17181;-381.3707;-427.3202;-2211.734
17214;-430.1685;-385.5135;-2210.393
17244;-482.8988;-344.8529;-2211.047
17284;-524.9997;-297.477;-2214.418
17314;-568.4363;-197.8058;-2226.403
17344;-590.1312;-124.9776;-2230.732
17384;-607.52;-39.55317;-2261.264
17414;-611.8629;23.04584;-2274.341
17444;-614.9692;108.8846;-2301.1
17484;-597.5627;175.5075;-2312.991
17514;-571.2238;241.3572;-2344.851
17544;-544.9483;315.1579;-2367.635
17574;-493.3551;357.2274;-2393.457
17614;-484.0393;436.8116;-2419.438
17644;-441.3487;499.5679;-2438.509
17684;-406.3445;560.9467;-2462.913
17715;-333.2158;513.5754;-2458.448
17745;-296.507;605.6085;-2475.77
17775;-262.6661;618.0189;-2486.269
17805;-240.0594;632.9449;-2491.053
17845;-234.8369;635.5405;-2491.147
17875;-234.0173;636.5403;-2489.356
17915;-243.0486;626.7776;-2479.412
17945;-275.2929;615.0709;-2462.112
17995;-316.6274;602.5557;-2441.614
18005;-373.9825;583.6675;-2433.229
18045;-425.4462;548.5559;-2411.877
18075;-461.5681;456.695;-2389.33
18105;-483.916;369.3625;-2366.351
18145;-532.9642;314.316;-2348.741
18175;-620.2894;278.0777;-2317.595
18205;-642.8868;199.7875;-2292.421
18245;-590.5361;91.7877;-2280.347
18275;-595.1593;0.2715159;-2257.496
18305;-587.2965;-79.89026;-2240.787
18335;-561.5077;-165.2245;-2218.604
18375;-594.9727;-285.6661;-2183.444
18405;-551.6876;-360.7413;-2171.003
18435;-489.2204;-407.8055;-2178.052
18475;-432.7535;-448.3019;-2178.248
18505;-371.967;-465.3763;-2182.675
18535;-333.3951;-501.6349;-2187.637
18575;-297.9644;-504.2388;-2192.837
18605;-257.814;-519.2466;-2203.179
18635;-220.3739;-533.2939;-2205.469
18675;-220.1765;-532.9838;-2205.045
18705;-226.1878;-534.0803;-2202.143
18736;-249.7382;-519.3456;-2212.64
18786;-274.5843;-507.1823;-2199.395
18816;-301.6932;-497.6797;-2204.761
18836;-338.1321;-477.6993;-2212.237
18866;-381.9503;-437.8722;-2206.15
18906;-426.304;-393.7322;-2212.724
18936;-475.2594;-353.2079;-2206.687
18966;-518.2759;-300.6567;-2216.031
19006;-562.0842;-217.8092;-2224.733
19036;-589.7003;-131.8022;-2232.163
19066;-604.5905;-60.53537;-2248.091
19106;-609.576;17.25298;-2271.431
19136;-600.7283;111.9917;-2299.465
19166;-675.3881;220.3437;-2305.477
19206;-624.6518;283.5937;-2340.989
19236;-605.7507;374.5965;-2371.401
19266;-492.8468;371.3903;-2401.042
19306;-534.1509;515.1977;-2435.02
19336;-477.1651;554.0625;-2452.459
19386;-428.8842;579.431;-2474.519
19416;-391.7929;597.3631;-2489.436
19446;-335.6623;545.9459;-2480.664
19486;-321.9705;549.0193;-2478.914
19516;-296.1805;620.6528;-2489.525
19546;-295.2056;620.222;-2489.23
19566;-294.4573;618.3834;-2486.603
19616;-298.0318;617.4516;-2478.153
19646;-315.9323;609.3599;-2459.683
19666;-344.3512;536.6682;-2434.742
19716;-396.4037;582.1844;-2409.214
19746;-439.007;550.0846;-2366.148
19786;-465.2794;468.2085;-2338.75
19816;-504.1271;416.455;-2311.109
19846;-515.1707;323.6054;-2280.867
19886;-580.851;290.425;-2231.067
19916;-609.9147;209.7149;-2199.107
19946;-622.7298;108.4045;-2164.061
19976;-634.9623;8.80934;-2129.205
20026;-566.3789;-94.39555;-2153.62
20046;-564.0975;-186.2424;-2125.829
20076;-513.9111;-275.6877;-2124.62
20116;-459.8428;-341.4082;-2146.289
20146;-418.5468;-401.2949;-2147.235
20176;-367.3703;-437.7575;-2168.052
20206;-330.3846;-469.1537;-2185.559
20246;-291.5377;-492.0795;-2192.21
20276;-253.3937;-525.4177;-2184.075
20316;-230.469;-525.6573;-2201.175
20346;-226.3394;-524.8114;-2203.063
20376;-222.8989;-524.2554;-2203.211
20416;-222.6252;-523.5718;-2203.081
20446;-223.5041;-523.886;-2200.117
20476;-240.436;-522.9953;-2195.239
20506;-245.189;-523.1565;-2191.565
20546;-255.2861;-502.3818;-2198.254
20576;-257.2737;-502.4639;-2197.448
20606;-259.2284;-503.7281;-2195.707
20646;-260.2627;-508.9315;-2193.75
20676;-259.9099;-506.5063;-2197.118
20706;-259.9457;-503.7351;-2201.832
20746;-259.6709;-517.7275;-2196.551
20776;-257.6606;-523.7367;-2195.474
20806;-257.5104;-523.9277;-2195.525
20846;-257.3227;-523.994;-2195.719
20876;-257.2987;-523.993;-2195.726
20906;-256.9545;-524.0202;-2195.521
20936;-256.7828;-523.8438;-2195.122
20976;-257.0178;-523.7711;-2194.532
21006;-257.1748;-523.8073;-2192.745
21036;-257.5706;-502.4525;-2197.898
21076;-259.0441;-502.2313;-2196.678
21106;-259.8621;-501.2135;-2195.471
21136;-261.0292;-500.8222;-2194.632
21176;-260.9402;-496.6996;-2196.051
21206;-260.6414;-498.4769;-2194.917
21236;-259.9402;-499.5677;-2194.115
21276;-250.7077;-518.5375;-2181.763
21306;-250.3813;-505.7012;-2189.191
21336;-223.5672;-545.6954;-2171.106
21376;-232.4711;-533.825;-2176.776
21406;-232.1703;-533.3323;-2177.491
21436;-223.9369;-532.6884;-2178.481
21476;-224.0869;-532.5574;-2178.326
21506;-224.5622;-527.2007;-2181.133
21536;-223.6517;-524.8796;-2182.612
21566;-223.3961;-523.5864;-2182.891
21606;-224.4608;-522.822;-2183.608
21636;-228.5228;-522.7524;-2182.395
21666;-233.4585;-525.1261;-2181.416
21706;-239.524;-524.9156;-2183.257
21756;-245.19;-524.4902;-2184.181
21786;-250.1206;-526.2709;-2184.271
21816;-259.9492;-516.6918;-2191.397
21856;-263.059;-515.2259;-2192.369
21886;-266.7247;-514.9599;-2193.146
21916;-270.5336;-516.7382;-2193.526
21936;-274.1247;-517.3434;-2194.81
21986;-277.7623;-518.1456;-2195.344
22006;-279.4549;-520.1202;-2194.712
22036;-281.1312;-523.1955;-2193.826
22086;-281.4967;-523.6176;-2193.041
22096;-281.4344;-523.6206;-2192.722
22156;-280.821;-522.7797;-2192.371
22186;-279.2491;-522.2715;-2191.695
22217;-274.8808;-521.4012;-2193.101
22247;-271.2737;-514.8424;-2196.004
22287;-269.2219;-510.196;-2197.531
22317;-269.1552;-509.7993;-2197.419
22347;-268.8993;-509.1212;-2197.528
22387;-268.8565;-508.7426;-2197.485
22417;-268.4037;-506.541;-2198.033
22447;-268.591;-506.465;-2198.112
22487;-268.9596;-506.4413;-2198.288
22517;-269.5717;-507.1152;-2198.278
22547;-270.7792;-508.1106;-2198.232
22577;-271.9308;-510.1046;-2198.262
22617;-272.6643;-511.138;-2198.382
22647;-273.6199;-510.159;-2199.905
22677;-273.8876;-511.3021;-2200.358
22717;-273.7707;-511.5498;-2200.466
22747;-273.5021;-511.666;-2200.802
22777;-272.8915;-510.9953;-2202.185
22817;-268.9552;-506.8959;-2206.777
22847;-265.03;-517.1292;-2204.22
22877;-259.4604;-512.4927;-2208.176
22917;-252.2268;-501.7565;-2215.852
22947;-247.4081;-501.4939;-2216.4
22977;-241.0916;-516.9724;-2205.237
23017;-238.3905;-521.0675;-2203.906
23047;-226.8701;-518.9388;-2204.902
23077;-223.329;-517.1245;-2205.99
23107;-220.1697;-515.4335;-2207.06
23147;-219.1644;-517.8474;-2205.661
23177;-218.3916;-519.9808;-2202.761
23207;-217.9174;-521.8488;-2202.17
23247;-222.4443;-521.6171;-2202.381
23277;-228.6927;-523.1054;-2201.093
23307;-234.8387;-517.8286;-2204.21
23347;-244.6333;-523.1152;-2203.791
23377;-248.5815;-524.5298;-2203.492
23407;-258.4231;-498.5508;-2220.094
23447;-263.1565;-507.1501;-2214.388
23477;-264.9482;-508.526;-2212.749
23507;-269.3736;-512.6529;-2210.075
23547;-272.9058;-517.1996;-2207.51
23577;-276.1318;-521.8875;-2204.863
23607;-280.266;-528.7186;-2199.857
23637;-281.3936;-530.7715;-2198.627
23687;-282.2657;-532.4268;-2198.314
23707;-282.3561;-532.6151;-2197.779
23737;-281.9632;-535.4478;-2194.329
23777;-281.6783;-535.5115;-2193.437
23807;-279.5439;-531.2975;-2194.842
23837;-274.6811;-531.5492;-2196.562
23877;-271.5533;-530.9142;-2197.873
23907;-269.5871;-530.8583;-2199.85
23937;-268.775;-531.2123;-2200.535
23977;-268.6823;-525.3217;-2203.894
24007;-269.1806;-524.005;-2204.589
24037;-269.6473;-522.7186;-2205.163
24077;-269.9955;-522.6877;-2206.056
24107;-271.5211;-523.1984;-2206.792
24137;-272.6988;-522.4341;-2208.233
24167;-274.7521;-522.0857;-2210.476
24207;-276.8212;-519.2477;-2213.445
24237;-277.7777;-518.6569;-2215.061
24267;-278.9647;-518.8694;-2217.456
24307;-279.1341;-519.6193;-2218.487
24337;-278.7808;-516.027;-2223.618
24367;-278.2704;-514.7335;-2225.586
24407;-277.1807;-513.5701;-2228.011
24437;-276.7437;-513.8232;-2229.344
24467;-275.2982;-511.7809;-2234.365
24507;-269.7199;-503.5154;-2243.346
24557;-268.1024;-502.7118;-2243.557
24567;-265.9406;-506.278;-2243.022
24607;-264.7508;-510.3558;-2240.459
24657;-261.8475;-508.6712;-2241.338
24687;-258.0149;-511.7507;-2241.135
24717;-256.8737;-513.6873;-2240.201
24748;-250.8293;-522.7448;-2232.705
24788;-242.9136;-533.2402;-2228.62
24818;-244.442;-517.1226;-2234.716
24848;-244.9055;-517.2205;-2235.387
24868;-248.6318;-523.338;-2229.918
24898;-250.2117;-525.981;-2229.302
24938;-252.0481;-516.9247;-2234.104
24968;-253.1452;-513.5963;-2235.865
25008;-254.959;-511.7959;-2238.206
25048;-258.418;-518.4731;-2235.777
25068;-260.5855;-510.3687;-2239.28
25118;-260.7956;-509.848;-2240.424
25148;-260.9579;-509.6972;-2240.669
25178;-265.6295;-514.9091;-2238.035
25218;-268.3095;-517.1471;-2236.713
25248;-270.2655;-519.977;-2234.891
25278;-271.0141;-520.4592;-2234.278
25318;-271.884;-520.9385;-2234.059
25348;-272.6844;-521.516;-2233.141
25378;-272.9395;-521.6802;-2232.481
25418;-272.4922;-524.228;-2231.485
25448;-271.7104;-525.4861;-2230.588
25478;-271.9201;-524.349;-2229.771
25508;-272.0077;-524.4789;-2229.352
25548;-271.0446;-525.715;-2229.028
25578;-270.0189;-527.4474;-2227.871
25618;-268.9289;-530.4597;-2226.14
25648;-268.6159;-530.6385;-2225.645
25678;-269.0774;-530.3844;-2224.987
25708;-269.3479;-530.4659;-2224.744
25748;-269.9981;-530.1061;-2224.514
25778;-270.7331;-528.7524;-2224.459
25808;-271.6048;-525.8237;-2224.376
25848;-273.0155;-522.8353;-2224.586
25878;-274.5502;-519.3636;-2225.403
25908;-275.1609;-519.4678;-2224.708
25948;-275.8214;-518.5255;-2224.451
25978;-276.1739;-517.4193;-2223.977
26008;-275.8951;-515.6324;-2223.553
26048;-275.8732;-512.7889;-2223.725
26078;-275.6084;-510.5811;-2223.543
26108;-275.2843;-509.3985;-2223.418
26148;-274.291;-508.1791;-2223.503
26178;-273.5894;-508.1826;-2223.519
26208;-272.2931;-507.8572;-2222.983
26238;-267.2401;-504.319;-2225.981
26278;-264.0083;-502.7691;-2227.024
26308;-261.1104;-508.7676;-2225.385
26338;-254.7169;-521.9302;-2220.948
26378;-243.1122;-530.3373;-2219.225
26408;-243.6018;-529.8483;-2217.823
26438;-243.3977;-529.88;-2217.12
26478;-239.6188;-530.2757;-2216.7
26508;-240.0227;-530.6614;-2215.731
26538;-241.9796;-530.3424;-2215.042
26578;-244.5288;-529.9556;-2215.076
26608;-250.7366;-522.6319;-2221.436
26638;-253.8743;-515.3091;-2225.94
26678;-255.8719;-510.6677;-2231.406
26708;-258.0544;-511.7232;-2231.869
26738;-260.3581;-509.1005;-2235.359
26768;-264.5231;-512.6625;-2235.951
26818;-267.3659;-515.7668;-2235.927
26858;-270.0696;-518.6705;-2235.845
26868;-273.4141;-524.1835;-2234.688
26908;-275.5197;-525.8456;-2233.934
26938;-278.7094;-533.9714;-2230.505
26968;-279.4062;-533.6524;-2229.751
27018;-279.9562;-533.6277;-2228.897
27038;-280.4017;-533.8199;-2227.99
27068;-280.1025;-534.4444;-2227.62
27108;-279.5551;-537.3126;-2225.777
27138;-277.347;-540.6887;-2223.545
27188;-275.3724;-540.8947;-2223.707
27218;-273.2784;-542.715;-2222.856
27238;-272.4729;-541.8766;-2223.007
27270;-271.1512;-544.1838;-2222.697
27300;-271.7361;-537.3783;-2224.589
27350;-272.1918;-532.0657;-2225.475
27370;-272.4818;-532.509;-2225.318
27420;-273.0137;-536.2249;-2223.367
27450;-273.3729;-536.4786;-2223.223
27470;-275.6677;-538.825;-2222.181
27500;-277.6844;-532.3146;-2225.764
27540;-279.6931;-528.439;-2228.839
27570;-279.9146;-528.1805;-2228.818
27600;-280.2152;-527.8261;-2228.95
27640;-280.4762;-527.3998;-2228.906
27670;-280.8083;-526.3591;-2229.433
27700;-280.8334;-526.2334;-2229.458
27740;-281.3901;-521.0862;-2231.754
27770;-281.5339;-520.1943;-2231.743
27800;-281.6385;-519.3099;-2231.713
27830;-281.1708;-518.8596;-2231.796
27870;-279.7722;-517.1473;-2231.231
27900;-278.5775;-516.5726;-2230.333
27940;-277.2399;-516.5825;-2229.457
27980;-273.1812;-512.2136;-2229.884
28020;-269.0057;-507.9522;-2230.195
28050;-264.4597;-510.0775;-2229.459
28070;-260.966;-512.5753;-2228.927
28120;-259.6762;-512.0771;-2228.783
28150;-257.3306;-513.0389;-2226.966
28180;-255.9854;-511.2045;-2227.636
28210;-255.8643;-510.3135;-2227.666
28250;-255.5209;-522.0663;-2222.854
28280;-256.5396;-513.2919;-2228.793
28310;-257.2182;-512.9396;-2230.166
28340;-258.1523;-512.7065;-2230.957
28380;-260.9576;-510.7484;-2235.565
28410;-262.7156;-510.3663;-2237.405
28450;-266.0479;-512.926;-2236.873
28480;-268.6131;-513.8817;-2237.45
28500;-273.8336;-533.8239;-2230.06
28530;-276.3321;-531.3138;-2232.205
28570;-277.5336;-530.3799;-2232.544
28600;-278.9105;-531.3749;-2232.603
28650;-279.8824;-532.1598;-2232.71
28680;-280.6547;-532.9426;-2232.305
28720;-280.9229;-533.3112;-2231.294
28750;-279.6431;-535.0471;-2229.866
28780;-279.4011;-534.7971;-2229.5
28820;-277.6815;-531.0607;-2229.649
28850;-276.3404;-528.6051;-2229.588
28880;-274.2536;-528.9518;-2229.693
28910;-272.3883;-525.5398;-2230.335
28950;-266.8872;-516.1505;-2233.382
28980;-265.7876;-515.3313;-2233.664
29010;-264.5254;-514.6326;-2232.987
29030;-263.1519;-520.2289;-2227.204
29060;-260.5981;-511.2398;-2229.853
29100;-260.3525;-520.3336;-2222.484
29150;-260.1268;-522.1615;-2220.843
29180;-260.3343;-523.1737;-2219.508
29210;-260.4731;-523.3432;-2219.051
29250;-260.6716;-523.6005;-2218.553
29280;-260.7733;-523.771;-2218.04
29310;-260.8231;-523.955;-2217.779
29340;-264.9797;-507.6675;-2229.171
29380;-259.139;-524.93;-2216.056
29410;-259.1237;-525.0415;-2215.919
29440;-255.2801;-507.9955;-2228.516
29480;-255.421;-508.8288;-2228.599
29510;-255.4073;-509.7011;-2229.076
29540;-255.2615;-516.192;-2229.244
29580;-255.0925;-519.8278;-2227.683
29610;-253.3353;-522.7668;-2226.577
29640;-250.7794;-524.4374;-2227.412
29660;-248.1217;-525.2708;-2226.889
29710;-245.96;-525.9742;-2226.342
29740;-242.071;-529.3116;-2225.335
29780;-231.7446;-526.6302;-2227.998
29810;-229.7024;-526.0413;-2227.769
29840;-230.735;-526.7338;-2227.065
29870;-229.3888;-526.6768;-2227.723
29910;-230.2806;-519.4671;-2229.136
29940;-235.9071;-522.6788;-2223.778
29970;-238.3736;-523.7039;-2224.222
30010;-242.2351;-527.6613;-2221.231
30040;-244.8591;-527.5805;-2220.626
30070;-246.5124;-527.8856;-2220.29
30110;-249.2879;-527.8664;-2220.049
30140;-251.7248;-528.2287;-2219.748
30190;-252.8287;-528.7194;-2219.071
30200;-254.4731;-528.2567;-2218.985
30240;-258.2024;-511.6812;-2229.458
30270;-259.5716;-511.5187;-2229.8
30310;-260.3064;-511.4759;-2229.546
30340;-260.6508;-510.6401;-2229.815
30370;-261.0877;-510.0422;-2229.672
30410;-261.788;-508.1647;-2230.303
30440;-262.2367;-506.9345;-2230.254
30470;-264.2984;-509.2535;-2228.132
30500;-265.4271;-511.4899;-2227.169
30540;-265.6331;-511.5046;-2226.946
30570;-265.9603;-511.3387;-2226.537
30610;-265.5827;-510.0458;-2227.438
30640;-265.1273;-509.7445;-2227.863
30670;-265.3624;-509.8676;-2227.538
30710;-265.0726;-508.9983;-2227.956
30740;-264.3544;-507.3654;-2229.711
30770;-262.9;-521.8346;-2225.558
30820;-261.8752;-512.5692;-2231.212
30850;-261.4476;-511.8306;-2232.325
30890;-261.6093;-511.6613;-2232.755
30920;-261.5027;-511.9404;-2232.843
30950;-260.9795;-522.7348;-2228.333
30980;-261.7151;-517.5085;-2231.72
31020;-261.6998;-512.7523;-2235.528
31040;-261.3806;-518.9551;-2232.822
31070;-261.2064;-520.5298;-2232.552
31120;-260.5873;-522.5605;-2230.955
31130;-260.6746;-523.5306;-2230.84
31170;-256.9929;-511.3716;-2239.441
31200;-256.9053;-511.323;-2239.242
31250;-256.8767;-511.5148;-2239.075
31280;-254.7644;-519.2094;-2235.254
31300;-252.3799;-522.2435;-2233.308
31350;-248.7888;-526.1526;-2233.563
31380;-244.6064;-529.4956;-2231.678
31420;-241.7927;-530.1144;-2233.07
31450;-238.0669;-526.209;-2236.963
31480;-226.3132;-521.425;-2239.797
31510;-223.0143;-520.8791;-2239.366
31550;-222.2789;-522.6888;-2238.615
31580;-227.6047;-527.1355;-2234.71
31610;-232.2519;-528.0055;-2231.47
31650;-235.9557;-528.2975;-2231.802
31680;-239.9627;-529.9305;-2231.074
31710;-246.3016;-532.1262;-2228.13
31751;-244.3009;-538.1556;-2228.195
31781;-246.692;-535.7645;-2230.924
31811;-255.8313;-523.3071;-2239.305
31841;-260.5222;-520.6384;-2238.813
31881;-261.1566;-519.7479;-2239.085
31911;-264.1455;-518.8041;-2238.805
31941;-266.3389;-517.0731;-2238.542
31981;-268.2396;-518.5452;-2237.829
32011;-269.5738;-519.7003;-2236.363
32041;-270.6544;-520.8282;-2235.333
32081;-270.6157;-528.1069;-2233.004
32111;-271.0473;-528.2099;-2231.941
32141;-270.7325;-528.2947;-2231.865
32181;-270.3395;-528.5426;-2231.558
32211;-270.2994;-527.9949;-2231.309
32241;-269.4832;-528.0349;-2230.95
32283;-267.4322;-530.2424;-2228.658
32313;-265.4116;-528.4359;-2229.268
32343;-264.5858;-529.116;-2228.846
32373;-262.2935;-524.2754;-2232.095
32413;-261.9307;-512.7938;-2235.987
32443;-261.8199;-506.8305;-2240.764
32473;-261.9322;-506.5067;-2241.405
32513;-262.5429;-506.4426;-2242.261
32543;-262.9799;-507.2625;-2242.485
32573;-263.1572;-508.6535;-2242.237
32603;-263.7433;-510.927;-2241.556
32643;-264.6119;-513.9333;-2240.498
32673;-264.7292;-513.9302;-2240.381
32713;-264.8774;-514.4598;-2240.048
32743;-264.9687;-514.0146;-2239.754
32773;-265.6537;-518.8898;-2233.136
32803;-263.8804;-512.5907;-2237.009
32843;-263.8205;-508.8879;-2238.002
32873;-263.7487;-507.2998;-2238.123
32923;-263.1068;-505.7374;-2236.912
32933;-261.5933;-504.6974;-2236.923
32973;-259.9391;-506.1536;-2236.468
33023;-258.8916;-504.1904;-2236.453
33053;-255.9959;-504.5739;-2235.273
33093;-254.0459;-504.9629;-2233.763
33123;-246.4622;-523.6678;-2217.497
33133;-246.0291;-523.8009;-2217.735
33173;-245.0335;-524.0247;-2217.663
33203;-243.0597;-525.5572;-2217.059
33243;-241.3299;-526.978;-2216.948
33273;-233.5906;-528.1976;-2217.875
33303;-231.4759;-529.3094;-2217.628
33333;-229.2451;-529.5259;-2218.09
33373;-227.8811;-529.004;-2218.538
33403;-226.4116;-529.2369;-2218.372
33433;-228.0906;-530.241;-2217.552
33473;-234.8693;-530.2991;-2216.065
33503;-237.8622;-530.6165;-2216.547
33533;-242.0355;-532.451;-2215.348
33573;-244.6978;-531.0419;-2215.748
33623;-247.2301;-531.4139;-2215.524
33653;-254.4732;-513.0988;-2225.38
33693;-258.9039;-511.0899;-2224.845
33703;-260.9656;-511.7477;-2224.035
33743;-264.3819;-515.2125;-2222.177
33774;-265.5122;-516.0792;-2221.743
33804;-267.2517;-517.7137;-2220.124
33834;-267.5407;-518.3297;-2219.968
33874;-267.2563;-519.1242;-2220.262
33904;-266.8256;-524.2249;-2218.899
33934;-266.9394;-525.9415;-2218.121
33974;-266.2804;-527.4802;-2217.217
34024;-265.1928;-521.1772;-2219.073
34034;-263.2661;-525.3776;-2218.026
34074;-260.1256;-512.9422;-2221.259
34104;-259.5257;-509.4973;-2223.394
34154;-259.6567;-515.2599;-2217.173
34164;-259.0396;-510.5104;-2219.409
34204;-259.7214;-510.4417;-2218.36
34234;-259.8492;-506.2889;-2220.14
34274;-259.9365;-505.3715;-2220.231
34324;-260.2289;-505.2636;-2219.94
34354;-260.3919;-505.7047;-2219.718
34384;-260.3855;-503.0885;-2220.562
34414;-260.6378;-502.8397;-2220.732
34434;-260.7575;-502.7859;-2220.745
34474;-261.2562;-502.6335;-2220.557
34504;-261.6057;-502.2666;-2220.552
34534;-263.0206;-504.757;-2217.295
34564;-263.2026;-504.5741;-2216.542
34604;-262.9409;-502.6822;-2216.135
34634;-262.6934;-500.8928;-2215.792
34664;-262.0837;-499.9339;-2215.386
34704;-261.0953;-497.6259;-2214.848
34734;-259.636;-496.2933;-2214.657
34784;-257.0266;-498.7326;-2212.997
34814;-252.7135;-515.9288;-2202.652
34834;-250.3664;-518.8325;-2200.463
34884;-247.4614;-520.0075;-2200.365
34914;-244.9349;-520.7896;-2199.389
34954;-242.3882;-521.5947;-2199.458
34984;-237.4593;-524.3189;-2198.916
35014;-227.6644;-524.3752;-2198.718
35054;-224.2585;-522.9913;-2199.574
35084;-222.2252;-522.3676;-2200.65
35114;-224.3062;-523.1694;-2201.24
35144;-227.7493;-523.178;-2200.949
35184;-233.2616;-522.7091;-2202.319
35214;-238.6259;-522.7088;-2202.28
35254;-244.0051;-505.703;-2216.123
35284;-251.546;-521.3024;-2207.371
35314;-253.8353;-511.2902;-2216.086
35354;-256.7475;-507.0233;-2218.882
35384;-260.1354;-507.0659;-2218.489
35414;-262.8763;-507.2848;-2218.023
35444;-265.4603;-509.2506;-2216.985
35484;-270.2003;-515.1237;-2214.029
35514;-275.5936;-526.2762;-2209.855
35554;-276.3608;-534.6635;-2208.482
35574;-276.9241;-535.9704;-2208.079
35614;-276.7962;-538.6549;-2208.061
35644;-275.7044;-534.4772;-2210.123
35674;-275.0767;-532.269;-2210.298
35714;-273.0903;-531.827;-2211.752
35744;-271.8665;-532.0259;-2211.502
35774;-270.6557;-531.6799;-2212.126
35814;-268.1696;-522.4835;-2216.608
35844;-266.8752;-520.9423;-2217.829
35874;-263.5869;-512.3817;-2223.329
35914;-261.0798;-517.5435;-2221.632
35944;-261.1249;-519.7976;-2220.448
35984;-261.0891;-521.8361;-2219.399
36014;-260.9671;-522.8051;-2218.65
36044;-260.5988;-523.7116;-2218.067
36084;-260.2863;-525.0284;-2217.657
36114;-259.9638;-519.8622;-2222.651
36144;-259.802;-521.7858;-2222.232
36174;-259.6097;-522.4357;-2221.792
36214;-259.3672;-523.5019;-2221.559
36244;-257.4238;-515.2332;-2227.979
36274;-258.2594;-522.2816;-2225.99
36314;-258.6346;-524.0096;-2225.504
36344;-256.7466;-516.4065;-2230.349
36374;-257.1991;-520.5098;-2228.912
36414;-257.3428;-522.3566;-2227.787
36444;-246.4467;-530.1286;-2222.78
36474;-250.9702;-507.7416;-2232.106
36504;-251.7601;-517.2089;-2226.535
36544;-251.2204;-520.1204;-2223.45
36574;-250.8295;-521.9559;-2221.468
36604;-250.6079;-523.0134;-2220.845
36644;-250.0302;-523.2949;-2221.436
36674;-247.5485;-524.5349;-2219.961
36704;-227.9872;-515.6207;-2235.088
36744;-236.0723;-526.7124;-2221.551
36774;-236.0258;-526.777;-2221.368
36804;-235.9505;-526.687;-2221.18
36844;-236.1165;-526.5322;-2219.911
36874;-232.1524;-515.676;-2227.168
36904;-246.7267;-522.363;-2219.053
36944;-246.9904;-523.9211;-2217.593
36974;-247.9744;-524.8182;-2215.359
37024;-250.2065;-526.8416;-2214.792
37044;-251.4394;-526.7424;-2215.003
37074;-253.2877;-511.12;-2226.434
37104;-253.8145;-511.0648;-2226.576
37134;-256.4531;-519.7431;-2221.368
37174;-256.9533;-514.5577;-2223.43
37204;-258.2645;-520.6099;-2220.441
37234;-258.1856;-511.3121;-2226.606
37274;-257.8344;-509.0724;-2228.315
37308;-257.8293;-509.107;-2229.092
37358;-257.7939;-508.7617;-2229.216
37368;-257.157;-522.0546;-2220.255
37408;-255.5269;-514.5464;-2226.13
37438;-254.6753;-514.9603;-2226.327
37468;-253.4776;-515.5251;-2226.345
37498;-252.9498;-513.7744;-2226.591
37538;-250.5271;-511.8054;-2227.392
37568;-248.4702;-523.1539;-2218.861
37598;-231.5672;-535.1257;-2218.192
37638;-230.1324;-516.4197;-2225.144
37668;-226.9169;-519.1158;-2223.911
37718;-224.2491;-524.065;-2221.8
37748;-224.4773;-518.1841;-2229.573
37768;-224.2308;-518.4664;-2229.964
37818;-220.391;-518.6608;-2228.229
37848;-218.4829;-518.357;-2227.716
37878;-217.5754;-517.8674;-2227.915
37918;-220.3201;-527.7925;-2224.991
37948;-220.8109;-527.3593;-2225.19
37968;-226.8462;-519.3442;-2229.465
38018;-238.8329;-513.2664;-2230.204
38048;-261.7296;-509.3331;-2222.825
38088;-292.8867;-501.2639;-2222.237
38118;-320.2588;-483.2172;-2227.113
38148;-356.1334;-465.7685;-2219.444
38178;-397.4638;-445.5219;-2214.67
38218;-443.0307;-419.1841;-2218.898
38248;-471.753;-389.274;-2223.82
38278;-513.7905;-345.0982;-2228.428
38318;-570.6394;-318.5643;-2219.082
38348;-635.9017;-289.345;-2211.742
38378;-637.3981;-236.165;-2240.247
38418;-691.2153;-187.3798;-2252.867
38448;-699.8132;-159.4284;-2256.751
38478;-800.7142;-103.7584;-2256.217
38518;-809.92;-61.66906;-2266.158
38548;-837.1826;-24.1595;-2276.927
38578;-761.3923;0.6185956;-2301.146
38608;-808.7178;27.82689;-2309.532
38648;-845.4578;58.9476;-2316.148
38678;-860.1182;76.00001;-2322.709
38708;-852.4042;78.20022;-2328.174
38748;-903.3553;123.1526;-2337.35
38778;-905.0656;124.44;-2338.464
38808;-909.1886;127.2429;-2341.275
38848;-908.7322;127.3931;-2343.395
38878;-941.8152;149.3239;-2364.705
