
0;157.6522;-57.46724;-2467.902
60;157.3183;-56.24963;-2469.342
110;157.1608;-55.39302;-2469.679
140;156.9335;-54.8327;-2470.031
160;156.8268;-54.93437;-2469.875
210;156.7987;-55.0952;-2469.727
250;156.758;-55.09653;-2469.721
270;156.4035;-55.23912;-2469.272
310;156.339;-55.6832;-2469.08
340;155.9404;-56.09668;-2468.664
380;155.8215;-56.26132;-2468.907
410;155.848;-56.83047;-2469.824
440;154.9049;-57.30082;-2471.306
480;154.4711;-57.70087;-2472.945
510;153.1357;-58.62117;-2473.74
540;152.3034;-59.31599;-2476.094
570;152.9708;-60.53877;-2480.469
610;152.6117;-62.02177;-2482.574
640;152.0347;-62.44354;-2483.435
662;151.4353;-62.79728;-2485.612
712;150.7947;-62.99115;-2486.867
742;149.6623;-62.63189;-2488.249
772;148.0711;-61.97924;-2489.823
802;147.4752;-62.07533;-2489.988
842;146.7813;-62.25191;-2489.886
872;146.2793;-62.64442;-2489.663
902;145.4847;-62.95917;-2488.804
942;143.0676;-64.05421;-2485.178
972;142.5732;-64.37197;-2483.094
1002;141.5314;-64.1546;-2479.595
1042;141.2995;-64.21119;-2477.775
1072;141.3526;-64.12485;-2475.145
1102;141.4466;-64.07313;-2473.373
1142;141.2065;-63.45015;-2470.426
1172;141.1494;-63.1622;-2468.058
1202;141.1071;-62.52026;-2465.164
1242;141.2473;-61.97123;-2461.864
1272;140.9898;-60.72045;-2458.646
1302;140.8701;-60.0309;-2456.625
1342;140.8412;-59.53036;-2455.362
1372;140.9596;-58.96299;-2454.334
1402;141.1951;-58.84459;-2453.325
1442;141.2969;-58.80134;-2452.469
1472;141.3463;-58.79169;-2451.784
1502;141.716;-58.76122;-2451.115
1532;142.0215;-58.75737;-2450.557
1572;142.0691;-58.7453;-2450.372
1602;142.1812;-58.6139;-2450.332
1632;142.2572;-58.62185;-2450.269
1672;142.2481;-58.50352;-2450.193
1702;142.3764;-58.43615;-2450.292
1732;142.4476;-58.40134;-2450.277
1772;142.5956;-58.41986;-2450.078
1802;142.6738;-58.35144;-2450.094
1832;142.708;-58.39468;-2449.966
1872;142.9267;-58.26073;-2450.167
1902;143.0475;-58.22702;-2450.232
1952;143.3295;-58.1129;-2450.517
1962;143.6152;-58.01776;-2450.758
2002;143.6782;-57.99151;-2450.84
2032;143.8465;-57.82723;-2451.039
2072;143.9537;-57.78771;-2451.148
2104;143.9917;-57.77669;-2451.197
2134;144.0087;-57.73197;-2451.256
2164;144.0134;-57.75801;-2451.231
2214;144.01;-57.75547;-2451.234
2254;144.0892;-57.77464;-2451.289
2284;144.1468;-57.83828;-2451.397
2294;144.1658;-57.84849;-2451.426
2334;144.1785;-57.83784;-2451.629
2384;144.1129;-57.86858;-2451.612
2414;144.1034;-57.7818;-2451.797
2444;144.1214;-57.78734;-2451.827
2484;144.0765;-57.78289;-2451.863
2514;144.1438;-57.83286;-2451.977
2544;144.2089;-57.83419;-2452.003
2564;144.6409;-57.84251;-2452.33
2614;145.0616;-57.87555;-2452.514
2644;145.8486;-58.15031;-2452.711
2664;147.0399;-58.49088;-2453.12
2714;148.5459;-58.48135;-2454.007
2744;148.9988;-58.66344;-2453.841
2754;149.3964;-58.82088;-2453.627
2814;149.5252;-58.91504;-2452.931
2844;149.8421;-58.8723;-2452.314
2884;150.1862;-58.91895;-2451.786
2914;150.0234;-58.32343;-2451.151
2944;149.222;-57.43723;-2448.968
2984;146.702;-55.11131;-2446.395
3014;146.168;-54.38955;-2445.311
3044;145.2982;-54.49087;-2443.984
3084;145.8978;-50.69087;-2446.287
3114;145.666;-48.09264;-2447.814
3144;144.6988;-45.7823;-2448.179
3184;144.4818;-45.46939;-2448.075
3214;144.5199;-45.41984;-2448.006
3244;143.3854;-43.84115;-2447.6
3274;143.4895;-44.14244;-2447.598
3314;143.7395;-44.6302;-2447.384
3344;145.2957;-45.46199;-2448.374
3374;136.1165;-32.65643;-2450.239
3404;139.304;-35.87348;-2451.118
3444;144.5365;-39.61687;-2453.012
3474;149.0461;-42.99316;-2454.694
3514;146.4902;-48.17636;-2448.785
3544;145.6435;-48.77519;-2446.958
3574;146.1808;-49.41277;-2446.535
3614;147.0669;-49.81572;-2446.66
3644;148.5475;-50.76221;-2446.937
3674;153.0209;-53.4292;-2448.374
3714;154.23;-53.52167;-2448.786
3744;154.8552;-53.67611;-2448.887
3784;155.438;-53.92236;-2448.911
3814;155.2352;-54.18747;-2448.518
3844;155.0665;-54.75393;-2447.991
3874;154.2926;-55.44355;-2447.136
3914;153.5841;-55.68999;-2446.573
3944;152.2778;-55.65205;-2446.103
3974;150.5461;-55.49721;-2445.526
4014;147.7214;-54.93439;-2444.733
4044;145.8198;-54.94413;-2444.115
4074;144.6756;-54.83588;-2443.883
4104;143.6641;-54.79451;-2443.568
4124;142.7877;-54.80017;-2443.236
4174;141.8931;-54.59755;-2443.276
4214;141.4115;-54.71387;-2443.133
4244;141.0015;-54.86456;-2442.969
4274;140.672;-54.84387;-2443.004
4304;140.4274;-54.86803;-2442.912
4344;140.3122;-54.85473;-2442.971
4374;140.2512;-54.84263;-2442.971
4404;140.2759;-54.86338;-2443.003
4434;140.5477;-54.92428;-2443.276
4474;142.4221;-55.52842;-2444.455
4504;144.4047;-56.42446;-2445.952
4534;145.9116;-56.96885;-2447.343
4574;146.835;-56.96667;-2448.141
4604;147.1198;-56.82602;-2448.469
4634;147.2043;-56.84335;-2448.482
4674;148.9932;-57.04731;-2450.117
4704;149.2947;-56.72253;-2450.398
4734;149.2807;-56.48934;-2450.536
4774;148.1415;-55.20509;-2449.697
4804;143.7035;-52.41366;-2446.953
4834;137.2186;-48.18247;-2443.708
4874;132.9921;-46.44865;-2440.823
4904;131.6428;-38.7118;-2444.45
4934;130.9241;-36.8429;-2444.922
4974;107.7496;-37.53999;-2422.175
5004;106.2234;-37.18913;-2420.948
5034;112.5983;-41.64128;-2423.053
5064;122.217;-43.80631;-2430.304
5104;126.002;-44.17751;-2432.92
5134;128.2526;-44.88567;-2433.904
5184;128.9354;-46.21027;-2433.608
5214;126.6839;-45.85974;-2431.808
5234;126.171;-46.71161;-2431.015
5274;126.0091;-46.64009;-2430.895
5304;129.8458;-41.16861;-2437.915
5334;132.2685;-40.31161;-2440.584
5364;131.3866;-42.77608;-2438.438
5404;131.2063;-43.69841;-2437.665
5434;130.972;-43.72405;-2437.116
5464;132.0062;-44.41821;-2436.963
5514;133.7791;-45.30449;-2437.329
5534;135.4062;-46.14384;-2437.875
5564;136.3369;-46.57241;-2438.249
5594;136.6745;-47.28983;-2438.042
5634;136.7986;-47.32694;-2438.039
5664;136.7701;-47.42065;-2437.917
5714;136.5788;-47.58836;-2437.355
5744;136.5546;-47.65723;-2437.221
5784;135.7704;-47.86623;-2435.813
5814;134.6379;-48.15219;-2434.351
5844;133.9973;-48.30833;-2433.779
5884;132.8337;-48.59328;-2432.452
5914;132.3229;-48.42253;-2432.161
5944;131.6256;-48.5027;-2431.625
5984;130.8434;-49.19482;-2430.429
6014;130.6072;-49.30832;-2430.009
6044;130.4394;-49.40152;-2429.622
6064;130.399;-49.52735;-2429.512
6114;130.3235;-49.61114;-2429.389
6124;130.4118;-49.72277;-2429.365
6164;130.5689;-49.95953;-2429.235
6214;130.686;-50.12555;-2429.005
6244;131.2566;-50.52329;-2428.968
6284;132.2944;-50.93359;-2429.009
6314;134.0701;-51.14275;-2429.591
6344;137.556;-52.53886;-2430.428
6374;140.5443;-53.86254;-2430.568
6414;143.1916;-54.76338;-2430.611
6444;144.8166;-55.67619;-2430.496
6474;147.1984;-55.97171;-2430.843
6514;149.0397;-56.2811;-2431.152
6544;149.8733;-56.63562;-2431.175
6574;150.6543;-56.52784;-2431.584
6614;151.153;-56.4441;-2431.81
6644;150.7964;-55.62383;-2431.788
6674;149.9133;-54.64757;-2431.599
6704;148.5009;-53.02911;-2431.958
6744;147.8892;-46.59605;-2437.116
6774;146.6528;-43.90929;-2437.802
6804;146.1956;-42.99025;-2438.339
6844;142.1298;-43.58892;-2434.152
6874;139.15;-44.57315;-2430.661
6904;135.9131;-46.42207;-2426.724
6934;134.6986;-48.49185;-2424.958
6974;134.7742;-48.45829;-2425.011
7004;135.541;-48.2925;-2426.102
7044;135.7678;-48.16548;-2426.906
7074;136.431;-48.37397;-2427.836
7106;136.4523;-49.05056;-2427.738
7139;136.5489;-50.28369;-2427.44
7179;123.2194;-44.08283;-2423.076
7209;144.2019;-45.2023;-2440.537
7239;144.4024;-43.92512;-2441.791
7269;144.3567;-42.12628;-2443.645
7309;145.8512;-42.43194;-2444.885
7339;145.7643;-44.37842;-2442.975
7369;145.5175;-45.28646;-2442.083
7409;146.4224;-46.72311;-2441.656
7439;147.9449;-49.01403;-2441.556
7469;149.5147;-49.94505;-2442.555
7509;150.9035;-51.39557;-2442.911
7539;151.0424;-52.16207;-2442.307
7569;150.4638;-53.11808;-2441.083
7609;150.2425;-53.555;-2440.398
7639;149.8761;-54.10402;-2439.53
7669;148.7244;-54.19441;-2438.467
7699;146.7196;-53.62526;-2437.094
7739;144.0584;-53.22431;-2434.777
7789;140.7449;-52.63465;-2432.444
7799;138.6822;-52.51986;-2430.409
7839;137.4139;-52.45916;-2429.381
7869;136.4207;-52.03444;-2428.635
7899;135.7215;-51.81721;-2428.022
7939;134.9697;-51.77792;-2427.051
7969;134.7001;-51.72818;-2426.691
7999;134.6534;-51.66705;-2426.625
8039;134.7959;-51.62998;-2426.502
8069;134.9182;-51.6266;-2426.367
8099;135.2033;-51.71824;-2426.094
8139;136.1462;-51.97974;-2426.041
8189;137.2979;-52.12416;-2426.114
8219;138.568;-52.53401;-2426.032
8249;140.5844;-53.2558;-2425.976
8259;143.2898;-54.35179;-2425.907
8299;146.5439;-54.55437;-2427.151
8329;148.7112;-54.61597;-2427.736
8369;150.4935;-54.31658;-2428.402
8399;151.5362;-53.62847;-2429.007
8429;152.2899;-53.37314;-2429.306
8469;152.2971;-52.64235;-2429.368
8499;152.3807;-52.57861;-2429.368
8549;152.7178;-52.16637;-2429.766
8579;152.7396;-52.14972;-2429.768
8599;151.6957;-51.42443;-2429.541
8649;150.612;-50.18528;-2429.529
8679;147.9365;-42.07613;-2433.863
8719;148.7396;-40.41807;-2434.689
8749;149.0781;-40.34438;-2434.827
8779;143.7762;-45.37884;-2426.957
8809;140.9841;-48.08939;-2422.26
8849;140.838;-52.8648;-2420.315
8879;140.8226;-53.04222;-2420.35
8909;143.0626;-53.6866;-2423.09
8949;143.9637;-53.52784;-2424.229
8979;145.7677;-53.74659;-2426.167
9009;145.6315;-53.99578;-2426.394
9049;145.5822;-54.88846;-2426.123
9079;157.4613;-49.84441;-2438.211
9109;160.7594;-48.84466;-2440.904
9149;162.8744;-48.57365;-2442.951
9179;164.7294;-48.26292;-2445.66
9209;163.0393;-49.89444;-2443.716
9229;161.1876;-50.79463;-2441.74
9279;161.4893;-50.84573;-2442.1
9309;163.2023;-51.25769;-2443.427
9329;163.391;-51.47349;-2443.573
9379;164.8255;-51.88851;-2444.835
9409;165.7527;-52.62949;-2445.396
9439;165.674;-52.63284;-2445.424
9479;161.9088;-51.85518;-2443.963
9509;161.2459;-52.23381;-2443.544
9539;159.3721;-52.47124;-2442.788
9579;157.6489;-53.07964;-2441.947
9609;153.9924;-52.82948;-2440.511
9639;150.8217;-52.34767;-2439.082
9679;149.3897;-52.01881;-2438.122
9709;147.3235;-51.70355;-2436.729
9739;146.4389;-51.78665;-2435.938
9779;145.2611;-51.43099;-2435.108
9809;144.5802;-51.47989;-2434.375
9839;144.239;-51.69999;-2433.65
9869;144.0476;-51.43731;-2433.396
9909;143.8732;-51.54596;-2432.952
9939;143.7274;-51.54617;-2432.705
9969;143.6285;-51.63916;-2432.559
10009;143.6454;-51.78852;-2432.398
10039;143.9484;-52.04066;-2432.411
10069;145.2074;-52.43169;-2432.85
10109;145.7713;-52.49443;-2432.999
10139;147.0021;-52.65979;-2433.397
10169;148.2051;-52.91321;-2433.694
10209;150.3592;-52.84124;-2434.361
10239;151.6881;-52.69928;-2434.503
10269;153.4928;-52.63298;-2435.059
10309;154.6681;-52.63673;-2435.25
10339;155.2791;-52.47784;-2435.343
10369;155.6859;-52.42233;-2434.996
10409;155.6599;-52.3042;-2434.608
10439;155.2426;-51.83607;-2433.965
10469;153.8074;-50.98802;-2432.995
10499;151.5096;-49.97541;-2430.871
10539;149.2977;-48.55169;-2429.755
10569;150.4672;-44.31065;-2433.001
10609;142.5678;-41.51248;-2428.656
10639;142.264;-38.36747;-2430.257
10669;141.5575;-36.5733;-2430.834
10719;134.5179;-38.32712;-2423.67
10729;134.6559;-41.27281;-2422.549
10769;134.9498;-44.67012;-2421.803
10799;136.5525;-47.0799;-2422.385
10839;136.4848;-47.40429;-2422.404
10869;136.4005;-47.74824;-2422.339
10899;144.4946;-40.42472;-2432.879
10949;143.8499;-43.20127;-2431.341
10959;150.0576;-41.79757;-2438.061
11019;148.7639;-44.99196;-2436.171
11049;149.1774;-46.75547;-2435.61
11089;149.5076;-48.68904;-2434.841
11099;149.6438;-49.78712;-2434.474
11149;152.2718;-50.55964;-2435.968
11179;153.7509;-50.99159;-2437.254
11219;156.8592;-50.65679;-2440.303
11249;156.7167;-50.69078;-2440.308
11259;156.7397;-51.37597;-2440.333
11319;156.6265;-51.51566;-2440.372
11349;156.3439;-52.27364;-2440.087
11379;155.8656;-52.91159;-2439.781
11419;153.9786;-54.14022;-2438.532
11449;151.9982;-54.48959;-2437.703
11479;150.2569;-54.70594;-2437.099
11519;148.7916;-55.03591;-2436.445
11549;147.3784;-54.93047;-2435.97
11579;145.1713;-54.07314;-2435.171
11609;143.6106;-53.81546;-2434.62
11649;141.2954;-52.89636;-2433.433
11680;140.3839;-52.47145;-2433.045
11710;140.3395;-52.47218;-2433.037
11750;140.3067;-52.42548;-2433.038
11780;140.2186;-52.33361;-2432.955
11810;140.3798;-52.33025;-2432.872
11850;140.809;-52.45774;-2432.922
11880;142.5949;-52.54665;-2433.217
11910;144.3124;-52.41567;-2433.62
11950;146.1142;-52.34215;-2434.06
11980;151.2522;-52.75804;-2435.885
12010;153.0754;-53.20906;-2436.394
12050;155.044;-53.53572;-2437.094
12080;156.4746;-53.35792;-2437.868
12110;157.6945;-53.75609;-2438.046
12135;158.576;-53.89788;-2438.424
12175;160.1373;-53.26553;-2439.648
12215;160.3133;-52.57861;-2440.056
12245;159.1659;-50.51786;-2440.2
12275;158.5963;-49.3276;-2440.852
12305;155.5959;-48.48067;-2439.487
12345;155.3963;-48.25932;-2439.589
12375;155.9568;-46.07414;-2442.787
12405;146.8699;-45.2526;-2436.623
12445;129.8816;-43.96547;-2424.708
12475;130.3302;-46.15626;-2424.245
12505;132.3027;-49.8483;-2424.754
12545;132.705;-50.11211;-2425.153
12575;135.5041;-51.08644;-2427.4
12605;135.5242;-51.43839;-2427.308
12645;136.0138;-52.39204;-2427.3
12675;136.2394;-52.59645;-2427.494
12705;144.5067;-42.58253;-2441.264
12745;149.1403;-42.46413;-2445.872
12775;150.276;-42.53818;-2446.469
12805;152.7819;-42.57975;-2447.881
12835;153.1621;-46.03703;-2445.739
12875;153.6346;-46.26183;-2445.7
12905;153.3647;-46.83316;-2444.824
12935;154.0944;-47.80166;-2444.422
12975;156.2618;-48.47216;-2445.681
13005;156.7252;-48.38473;-2446.048
13035;156.8094;-48.45599;-2446.091
13075;155.9019;-48.94748;-2445.127
13105;154.1242;-49.47141;-2443.516
13135;152.7432;-50.30265;-2442.158
13175;150.2732;-50.53088;-2440.111
13205;147.8478;-50.58915;-2438.136
13235;145.1111;-49.55806;-2436.567
13275;142.487;-48.84633;-2434.969
13305;140.1216;-48.28456;-2433.507
13335;139.3947;-48.27464;-2433.175
13365;136.9165;-48.55229;-2430.733
13405;136.1665;-48.40157;-2429.861
13435;135.7696;-48.18143;-2429.212
13465;135.5561;-48.18258;-2428.533
13505;135.6688;-48.29621;-2428.269
13535;135.3313;-48.91296;-2426.619
13565;135.6645;-49.25653;-2425.403
13605;136.5022;-49.45537;-2425.077
13635;138.5999;-50.59911;-2424.109
13665;139.3829;-50.64848;-2423.445
13705;141.207;-50.54783;-2422.946
13735;144.4843;-50.75828;-2423.418
13765;147.3746;-50.31607;-2424.233
13805;149.0546;-49.57499;-2424.423
13835;150.0972;-49.63892;-2424.263
13865;154.3831;-49.53627;-2425.211
13915;154.7724;-49.50233;-2425.04
13945;155.0723;-49.61845;-2424.437
13965;155.3566;-49.31017;-2424.354
14015;154.6792;-48.95249;-2423.449
14045;154.8011;-48.71274;-2423.353
14085;151.6407;-47.63654;-2420.974
14115;148.1904;-45.94313;-2418.808
14145;149.185;-41.2982;-2422.235
14185;149.0774;-39.64462;-2423.044
14215;144.708;-34.41913;-2422.489
14245;135.2299;-35.37267;-2412.832
14285;124.1923;-33.4634;-2405.227
14315;128.4413;-38.56246;-2406.207
14345;130.3207;-40.68025;-2406.661
14385;134.5694;-46.15144;-2406.363
14415;136.0759;-48.39164;-2406.925
14445;138.385;-50.24875;-2408.135
14485;140.13;-50.78168;-2409.85
14515;148.3012;-43.17612;-2422.846
14545;148.9244;-40.73611;-2424.639
14585;150.9894;-38.79584;-2427.357
14605;150.6692;-39.71318;-2426.124
14645;151.5196;-41.13829;-2425.897
14685;152.3511;-41.66767;-2426.224
14715;159.8447;-41.17964;-2431.795
14745;162.8027;-41.75532;-2432.928
14775;165.7667;-43.9106;-2433.59
14815;166.0718;-44.16464;-2433.522
14845;166.3525;-43.95041;-2433.875
14875;166.2747;-44.09325;-2433.72
14915;165.6768;-44.41796;-2433.224
14945;163.0962;-45.3254;-2431.563
14975;161.3677;-45.67441;-2430.509
15005;157.8423;-46.61629;-2428.383
15045;155.5583;-47.04061;-2427.332
15075;154.4923;-47.81746;-2427.151
15115;153.4489;-48.37364;-2426.924
15145;152.3479;-48.81814;-2426.691
15175;151.3852;-48.94407;-2426.851
15205;150.6553;-49.00024;-2426.782
15245;150.4126;-49.12122;-2426.883
15275;150.0703;-49.16773;-2426.822
15305;149.9953;-49.25515;-2426.803
15345;149.9982;-49.34554;-2426.765
15375;150.1347;-49.5356;-2426.598
15405;151.0268;-49.8037;-2426.543
15445;153.0526;-49.70551;-2427.005
15475;157.1235;-50.84445;-2428.454
15505;160.1758;-51.32837;-2429.053
15535;163.1739;-51.49902;-2430.144
15575;166.8925;-51.20788;-2432.489
15605;169.7485;-51.68687;-2433.953
15635;170.9587;-51.66602;-2434.603
15675;171.2102;-51.75318;-2434.721
15705;172.3047;-51.69599;-2435.4
15735;172.1186;-51.62049;-2435.441
15775;171.3095;-51.72829;-2434.838
15805;168.9233;-50.49682;-2434.264
15835;166.2103;-51.06129;-2433.466
15875;161.5383;-50.43565;-2431.796
15905;162.1012;-48.58196;-2434.678
15935;152.829;-51.63721;-2428.007
15975;149.2379;-54.16643;-2424.921
16025;148.8787;-54.40234;-2424.752
16035;149.1352;-55.18746;-2424.781
16075;149.043;-55.62435;-2424.57
16105;166.7579;-55.91953;-2437.582
16155;163.9644;-56.89787;-2435.533
16185;163.1473;-59.16142;-2434.484
16215;160.1266;-61.03631;-2431.729
16235;159.0542;-61.20673;-2430.579
16265;164.4992;-54.41604;-2438.406
16305;166.914;-52.37209;-2441.168
16335;171.5965;-51.26891;-2444.914
16375;166.211;-54.05033;-2437.825
16405;170.2006;-51.86881;-2441.861
16435;170.8505;-51.69212;-2442.234
16465;172.0409;-51.96334;-2442.411
16505;172.6476;-53.01944;-2442.045
16555;172.3952;-53.18855;-2441.501
16575;170.519;-52.67927;-2440.274
16605;170.2668;-52.47978;-2440.151
16655;167.3415;-52.27738;-2438.351
16685;162.743;-52.68499;-2435.204
16716;160.4864;-53.29493;-2433.354
16746;158.5693;-53.72588;-2431.785
16786;154.1167;-53.68317;-2429.403
16816;152.8265;-54.33631;-2428.917
16846;151.2832;-55.07268;-2427.865
16886;149.7468;-55.02971;-2426.81
16896;148.6969;-54.60616;-2426.66
16936;147.8846;-54.26712;-2426.322
16966;147.2484;-54.05455;-2425.889
17016;147.1071;-53.97541;-2425.528
17026;147.2411;-53.82681;-2425.344
17066;147.4184;-53.56028;-2424.905
17116;147.964;-53.42419;-2423.962
17146;149.1568;-53.4163;-2423.389
17181;150.0682;-52.94481;-2422.811
17214;152.8048;-53.29356;-2422.175
17244;158.112;-53.65153;-2422.366
17284;160.6345;-53.79712;-2422.358
17314;161.2591;-53.32271;-2421.984
17344;161.9138;-53.17926;-2421.307
17384;162.9722;-52.13603;-2421.248
17414;162.9;-51.63216;-2420.431
17444;163.1235;-51.08336;-2420.145
17484;163.0748;-50.41221;-2419.906
17514;159.287;-48.20638;-2416.502
17544;156.7501;-46.93002;-2415.253
17574;152.244;-45.29583;-2412.814
17614;146.5587;-43.67917;-2409.486
17644;148.1528;-37.5943;-2414.836
17684;148.0085;-35.34718;-2416.273
17715;142.1554;-40.71532;-2408.281
17745;139.66;-42.93914;-2404.65
17775;139.851;-46.47961;-2403.35
17805;142.0361;-47.99332;-2404.874
17845;145.555;-50.34128;-2406.89
17875;145.8596;-51.14894;-2406.991
17915;145.8792;-51.58635;-2406.959
17945;138.4343;-47.51392;-2403.992
17995;148.0782;-42.98529;-2414.519
18005;149.8798;-40.77633;-2416.881
18045;151.9473;-40.73332;-2418.758
18075;150.3935;-43.82307;-2415.889
18105;152.3621;-41.8139;-2418.311
18145;152.1578;-42.33512;-2417.73
18175;152.1458;-43.56931;-2416.656
18205;155.3729;-45.097;-2417.406
18245;157.5719;-45.92291;-2418.412
18275;159.2009;-46.44393;-2419.404
18305;159.9332;-47.1801;-2419.604
18335;159.9142;-47.28004;-2419.506
18375;159.8587;-47.37619;-2419.51
18405;159.6639;-47.86098;-2419.359
18435;158.5187;-48.59232;-2418.665
18475;157.6069;-48.80024;-2418.462
18505;156.5083;-48.91281;-2418.076
18535;155.0698;-49.16042;-2417.425
18575;153.6965;-49.50121;-2416.83
18605;152.8659;-49.90924;-2416.449
18635;151.9514;-50.03452;-2416.107
18675;151.6009;-49.97811;-2415.885
18705;150.8087;-50.03219;-2415.339
18736;150.1733;-50.04594;-2414.486
18786;149.7907;-50.01918;-2413.876
18816;149.8913;-49.99138;-2413.602
18836;149.9625;-49.88316;-2413.46
18866;150.2362;-49.92005;-2413.115
18906;150.636;-49.75298;-2412.823
18936;151.2888;-49.81865;-2412.192
18966;152.4422;-49.85435;-2411.979
19006;155.4726;-50.36792;-2412.146
19036;156.7232;-50.35166;-2412.223
19066;158.9232;-50.24591;-2412.969
19106;160.6609;-49.89144;-2413.809
19136;161.663;-49.31885;-2414.4
19166;162.1679;-48.74293;-2415.082
19206;162.0162;-48.17707;-2415.228
19236;157.489;-45.93726;-2414.523
19266;156.2984;-44.63622;-2414.882
19306;154.7147;-44.35634;-2414.322
19336;153.4768;-44.52867;-2414.123
19386;156.31;-41.4444;-2420.141
19416;150.4438;-45.6303;-2415.118
19446;151.1525;-43.06358;-2419.433
19486;134.2164;-41.13853;-2406.914
19516;136.3609;-44.30731;-2407.701
19546;137.4045;-46.35993;-2407.848
19566;137.6297;-47.04517;-2407.985
19616;133.8422;-44.37396;-2407.426
19646;158.0981;-42.57142;-2430.532
19666;158.3889;-42.52992;-2430.907
19716;148.8952;-45.36843;-2421.242
19746;155.9218;-43.67892;-2428.486
19786;153.4815;-47.00714;-2424.942
19816;150.5876;-48.18892;-2421.194
19846;150.4379;-48.62436;-2420.831
19886;153.4877;-47.79189;-2422.95
19916;156.1354;-48.37091;-2424.46
19946;157.5765;-49.11036;-2425.39
19976;159.8505;-50.16484;-2427.025
20026;159.7378;-50.80086;-2426.966
20046;159.3403;-51.35693;-2426.827
20076;158.6875;-51.83176;-2426.477
20116;158.1383;-52.09972;-2426.489
20146;156.1753;-53.06849;-2425.716
20176;154.245;-53.95795;-2424.935
20206;151.9752;-54.45285;-2424.401
20246;150.2445;-54.60095;-2423.757
20276;148.3293;-53.88717;-2423.561
20316;145.7566;-52.8207;-2422.298
20346;144.2796;-52.43867;-2420.897
20376;144.1426;-52.33327;-2420.545
20416;144.0125;-52.00933;-2420.126
20446;144.6549;-51.67308;-2420.002
20476;145.1684;-51.43477;-2419.723
20506;145.628;-51.38146;-2419.419
20546;146.2054;-51.42006;-2418.937
20576;146.6786;-51.3156;-2418.861
20606;146.8888;-51.18098;-2418.805
20646;147.0624;-51.07405;-2418.785
20676;147.0989;-51.18037;-2418.61
20706;146.8278;-51.41279;-2418.331
20746;145.7012;-51.67018;-2417.72
20776;142.8605;-50.47979;-2417.322
20806;141.8073;-49.85569;-2417.738
20846;139.9248;-48.99478;-2418.626
20876;138.1757;-48.30091;-2420.567
20906;137.8221;-47.8553;-2423.309
20936;136.404;-46.29222;-2425.454
20976;135.5515;-42.70585;-2429.202
21006;136.3789;-37.50663;-2433.883
21036;138.831;-30.08367;-2438.256
21076;142.0515;-13.07566;-2445.551
21106;139.7247;7.830442;-2450.597
21136;139.5473;23.9889;-2457.006
21176;138.1926;36.50405;-2464.786
21206;134.7126;47.94313;-2470.922
21236;127.9898;57.27798;-2477.04
21276;116.1548;67.0106;-2482.165
21306;108.8387;71.4258;-2483.519
21336;95.06241;69.14054;-2477.354
21376;93.29572;69.65839;-2478.409
21406;92.45964;70.00777;-2480.123
21436;90.84966;69.68523;-2482.041
21476;88.82748;69.33431;-2482.645
21506;84.69574;72.04384;-2479.436
21536;89.72282;111.4598;-2519.639
21566;89.77884;78.97448;-2491.338
21606;91.77168;77.94656;-2491.718
21636;99.21629;73.91145;-2492.446
21666;105.4676;70.43935;-2491.744
21706;111.0433;64.19289;-2487.062
21756;115.5688;54.64516;-2481.868
21786;117.6036;44.34889;-2475.048
21816;116.4439;31.35173;-2466.909
21856;115.7541;15.91688;-2459.286
21886;117.5229;7.708704;-2456.258
21916;119.5981;-2.346069;-2452.671
21936;122.0875;-10.58261;-2449.514
21986;124.2087;-20.23426;-2444.64
22006;125.5406;-25.36416;-2442.958
22036;131.001;-33.3567;-2442.667
22086;132.7698;-37.35928;-2441.344
22096;134.8305;-39.77672;-2441.054
22156;136.2273;-41.81768;-2440.478
22186;140.9121;-45.39766;-2440.899
22217;142.5984;-47.05599;-2440.48
22247;143.8299;-48.66265;-2439.735
22287;144.8289;-49.65294;-2439.503
22317;145.4696;-50.31718;-2439.574
22347;145.5948;-50.46966;-2439.833
22387;145.5324;-50.64016;-2440.202
22417;144.6623;-50.4538;-2441.314
22447;143.4249;-49.64894;-2443.716
22487;140.9456;-47.8687;-2445.202
22517;139.8191;-46.94248;-2445.733
22547;138.8335;-44.09273;-2447.218
22577;138.2488;-36.69762;-2450.235
22617;140.534;-29.46995;-2453.211
22647;140.9583;-13.99384;-2457.038
22677;142.3356;9.738068;-2464.587
22717;141.8147;25.90683;-2470.817
22747;140.3272;38.80309;-2478.103
22777;137.7217;46.94442;-2483.762
22817;130.9281;55.78702;-2489.826
22847;119.1427;60.94287;-2491.766
22877;107.2606;66.57079;-2487.41
22917;104.2411;68.6862;-2490.21
22947;112.7123;76.00423;-2505.086
22977;112.7059;76.03345;-2504.992
23017;105.5776;72.22416;-2494.025
23047;102.3351;70.03738;-2488.284
23077;102.2373;70.14702;-2487.752
23107;102.3049;69.69399;-2487.547
23147;104.1735;70.009;-2489.484
23177;109.2672;70.95361;-2495.558
23207;103.0735;135.348;-2535.557
23247;95.40358;85.49874;-2502.009
23277;97.58862;85.24552;-2502.255
23307;104.0251;84.84393;-2504.18
23347;112.9273;76.04933;-2501.441
23377;119.8752;60.32313;-2494.38
23407;122.5619;53.51608;-2490.6
23447;125.0377;45.78207;-2486.968
23477;126.1242;34.53087;-2482.092
23507;126.8304;25.69087;-2478.659
23547;128.2727;17.15785;-2475.494
23577;129.7057;1.775749;-2470.143
23607;129.2844;-10.19803;-2464.358
23637;131.4486;-20.74642;-2460.927
23687;136.2475;-30.13926;-2457.394
23707;138.0103;-34.63177;-2454.783
23737;141.0746;-39.89575;-2450.942
23777;143.1394;-42.50845;-2449.294
23807;145.466;-44.007;-2449.056
23837;148.2932;-46.35962;-2448.535
23877;151.3697;-48.97892;-2446.832
23907;153.8277;-50.51223;-2446.003
23937;155.7663;-51.76146;-2445.637
23977;155.8898;-52.05315;-2445.111
24007;155.694;-52.35781;-2444.478
24037;155.6934;-52.38904;-2444.494
24077;155.4089;-52.27892;-2444.639
24107;153.6751;-52.15974;-2444.753
24137;152.9975;-51.46158;-2445.923
24167;151.8511;-49.7949;-2447.231
24207;150.4824;-47.85161;-2447.677
24237;149.1933;-41.8674;-2449.639
24267;148.0449;-36.1368;-2450.772
24307;148.2467;-28.20668;-2452.782
24337;150.7662;-10.28398;-2457.045
24367;150.914;-0.02818648;-2458.659
24407;152.0603;23.15188;-2468.398
24437;150.2158;34.06849;-2475.086
24467;144.9441;42.29416;-2479.51
24507;138.1702;54.87352;-2487.848
24557;126.8498;59.81005;-2489.987
24567;118.8683;64.45711;-2490.57
24607;117.1075;70.85882;-2503.285
24657;117.8664;75.82072;-2511.199
24687;118.8844;78.18947;-2513.18
24717;117.8536;78.56074;-2512.0
24748;116.0655;77.55802;-2510.272
24788;115.2572;77.91185;-2509.314
24818;115.3219;78.09464;-2509.603
24848;114.1176;78.13457;-2509.935
24868;98.69085;145.369;-2541.696
24898;95.41319;136.3606;-2536.481
24938;95.42672;70.12218;-2486.666
24968;98.40691;70.23259;-2489.106
25008;105.3143;68.4802;-2491.252
25048;116.8391;66.68279;-2495.541
25068;120.4418;60.71158;-2492.912
25118;121.6672;52.40249;-2487.647
25148;121.7795;40.66004;-2478.357
25178;122.5066;31.57311;-2472.463
25218;123.5823;25.98554;-2468.964
25248;119.578;3.413233;-2451.283
25278;119.7489;0.1902927;-2448.04
25318;123.457;-8.325794;-2444.488
25348;127.8493;-14.04194;-2442.217
25378;135.7428;-20.51391;-2440.982
25418;140.2105;-27.90503;-2436.656
25448;143.7497;-32.59167;-2434.145
25478;145.1463;-35.75336;-2430.912
25508;146.3745;-37.32081;-2429.584
25548;150.1135;-41.68116;-2427.541
25578;151.1861;-43.03478;-2426.09
25618;153.2247;-44.33089;-2425.902
25648;154.8575;-45.13765;-2425.805
25678;156.0729;-45.99202;-2426.079
25708;155.8109;-46.15784;-2426.173
25748;155.5229;-46.27132;-2426.458
25778;154.4894;-46.36682;-2427.373
25808;150.6314;-44.90261;-2428.952
25848;148.1764;-42.9823;-2431.33
25878;144.2514;-39.9399;-2434.196
25908;141.9037;-36.23;-2437.406
25948;141.8172;-30.95483;-2442.716
25978;141.8309;-26.56635;-2445.579
26008;141.7252;-18.99096;-2448.867
26048;145.0388;6.853864;-2461.167
26078;143.6796;18.71668;-2466.69
26108;144.8757;33.37233;-2475.816
26148;144.3951;45.30462;-2484.208
26178;138.9633;49.70092;-2487.169
26208;128.04;62.0447;-2494.214
26238;114.3765;66.67102;-2489.705
26278;104.1916;72.98341;-2494.443
26308;109.3923;81.24666;-2510.861
26338;109.7613;81.22556;-2511.603
26378;109.665;81.52863;-2510.326
26408;108.8293;81.09135;-2508.801
26438;78.09525;57.99853;-2463.33
26478;112.9469;80.84166;-2517.027
26508;113.0187;80.74396;-2516.951
26538;111.2345;81.63612;-2516.956
26578;107.3894;82.42722;-2513.885
26608;107.5286;83.34798;-2513.787
26638;109.4358;81.61365;-2512.152
26678;112.2609;77.83045;-2509.326
26708;119.788;71.57838;-2506.868
26738;124.5691;65.01549;-2504.589
26768;128.5634;52.63464;-2499.919
26818;130.7611;41.56857;-2493.968
26858;129.556;32.68951;-2489.117
26868;128.3002;22.2528;-2482.662
26908;126.1795;3.186309;-2467.003
26938;126.2676;-5.103559;-2462.277
26968;128.4514;-11.67258;-2459.822
27018;132.3681;-19.86152;-2456.358
27038;136.3379;-27.65606;-2451.928
27068;139.6628;-31.29325;-2450.493
27108;141.8059;-35.80893;-2447.14
27138;144.9153;-40.55194;-2443.0
27188;149.2914;-47.26751;-2437.352
27218;151.311;-49.15405;-2436.039
27238;153.5202;-50.10828;-2435.765
27270;155.2811;-50.45005;-2435.77
27300;156.1551;-50.71915;-2435.711
27350;156.2727;-50.86035;-2435.633
27370;156.036;-51.06728;-2435.192
27420;155.6706;-51.18161;-2435.146
27450;154.5486;-50.47085;-2435.574
27470;151.3829;-48.25784;-2437.956
27500;146.7247;-45.67508;-2438.772
27540;142.9534;-43.79698;-2439.869
27570;140.3011;-41.19341;-2441.3
27600;138.3603;-35.14218;-2445.369
27640;137.9949;-31.88661;-2447.163
27670;137.45;-27.45065;-2449.365
27700;139.1718;-16.1155;-2455.032
27740;141.3873;9.427649;-2465.506
27770;142.9764;21.00017;-2471.533
27800;144.6916;35.24285;-2479.667
27830;141.836;45.29984;-2485.917
27870;137.0017;56.44256;-2495.454
27900;127.3419;64.25659;-2500.808
27940;117.5689;71.67117;-2504.62
27980;108.3141;75.84764;-2507.503
28020;111.7008;82.72311;-2520.296
28050;111.6443;82.75227;-2520.427
28070;95.62978;141.2836;-2550.044
28120;95.48215;141.1121;-2550.957
28150;95.08292;141.4468;-2551.168
28180;94.4925;143.3496;-2554.367
28210;140.9454;111.043;-2584.569
28250;86.68594;149.4977;-2566.422
28280;98.35371;106.3986;-2536.787
28310;99.25884;91.51476;-2523.353
28340;103.6874;81.15226;-2519.532
28380;109.4006;76.73452;-2520.581
28410;114.4896;68.65141;-2518.032
28450;119.8578;60.14799;-2516.458
28480;119.1978;40.25792;-2500.817
28500;116.9906;30.31593;-2492.33
28530;114.8703;13.30348;-2480.596
28570;114.8282;4.447263;-2475.165
28600;115.1887;-1.674701;-2471.491
28650;118.0243;-11.89667;-2467.34
28680;122.1794;-21.98218;-2463.098
28720;125.4878;-27.39932;-2460.373
28750;129.4851;-35.4952;-2455.29
28780;130.9984;-38.04943;-2452.833
28820;133.4772;-40.71895;-2450.622
28850;136.2325;-42.81512;-2449.373
28880;139.245;-45.4913;-2448.17
28910;141.0898;-46.87869;-2447.224
28950;142.4113;-48.15566;-2445.443
28980;144.3789;-49.56046;-2444.769
29010;144.4821;-49.55293;-2444.671
29030;144.2507;-49.59621;-2444.263
29060;144.2664;-49.53125;-2444.328
29100;144.1025;-49.11564;-2445.052
29150;143.5463;-48.55908;-2445.859
29180;142.002;-46.90334;-2447.249
29210;140.3946;-43.97496;-2450.233
29250;138.2045;-39.44924;-2452.805
29280;138.0527;-36.55635;-2454.314
29310;138.2854;-32.54869;-2456.108
29340;139.2257;-22.6896;-2460.038
29380;143.9121;-1.381545;-2469.096
29410;143.4259;15.6305;-2473.76
29440;146.1624;29.11954;-2479.617
29480;145.7121;42.02388;-2488.522
29510;142.388;48.59028;-2492.917
29540;137.2265;55.66806;-2497.972
29580;123.1878;68.09257;-2503.223
29610;116.1021;97.74216;-2525.094
29640;132.4025;109.1786;-2550.992
29660;127.189;106.4871;-2546.848
29710;128.1132;106.9358;-2546.213
29740;126.9875;107.4042;-2539.932
29780;124.9611;106.3509;-2536.593
29810;124.8382;106.4139;-2536.392
29840;125.2102;106.4055;-2539.239
29870;127.1574;106.1027;-2544.266
29910;127.2778;105.768;-2547.407
29940;106.7027;119.5452;-2547.138
29970;101.1586;80.20906;-2516.15
30010;103.3436;78.55241;-2516.739
30040;111.506;74.68613;-2521.387
30070;115.1965;65.59934;-2516.47
30110;118.9123;59.38637;-2515.256
30140;121.2376;44.59233;-2508.233
30190;120.3715;34.62857;-2500.95
30200;119.1853;23.42273;-2494.517
30240;118.1736;4.354641;-2481.397
30270;117.7638;-0.8567902;-2478.642
30310;118.0916;-8.889305;-2473.822
30340;120.6775;-19.3098;-2468.569
30370;124.1953;-24.39353;-2467.255
30410;129.2586;-35.51104;-2462.189
30440;131.9062;-38.31188;-2460.888
30470;134.6051;-41.12592;-2458.478
30500;137.1953;-43.04564;-2457.034
30540;140.2081;-45.74343;-2454.575
30570;142.1349;-47.12585;-2453.178
30610;144.5656;-49.23602;-2451.535
30640;146.0582;-50.35673;-2450.909
30670;146.2877;-50.85885;-2450.409
30710;146.1472;-50.48893;-2450.387
30740;146.1455;-50.41513;-2450.52
30770;146.094;-49.43012;-2452.223
30820;144.8901;-48.31706;-2453.489
30850;144.0374;-47.98333;-2453.875
30890;143.0424;-46.72518;-2456.173
30920;140.6695;-42.68583;-2460.109
30950;140.2343;-39.58355;-2463.057
30980;140.5325;-33.37994;-2466.985
31020;141.9196;-26.00944;-2471.544
31040;142.4113;-16.08415;-2474.197
31070;145.8769;7.537215;-2485.231
31120;147.405;18.05655;-2490.361
31130;149.1086;35.08099;-2501.299
31170;146.6397;40.95951;-2504.222
31200;139.082;55.68249;-2511.796
31250;129.4119;63.65159;-2513.665
31280;117.9353;64.31592;-2509.331
31300;116.5952;76.58304;-2524.644
31350;121.2206;81.7634;-2534.925
31380;129.2383;84.3578;-2542.598
31420;129.7397;84.36524;-2541.099
31450;128.8926;83.41419;-2540.026
31480;128.0022;81.62395;-2538.649
31510;126.6184;80.2233;-2537.404
31550;86.81491;56.43004;-2496.867
31580;129.6233;80.64636;-2546.728
31610;99.62113;137.7856;-2552.995
31650;97.53663;76.98335;-2521.974
31680;98.25333;77.13064;-2521.666
31710;103.5339;75.93487;-2522.364
31751;111.1673;68.98357;-2521.512
31781;115.4096;62.43469;-2519.466
31811;120.0094;54.29678;-2515.415
31841;122.3408;43.55943;-2509.448
31881;122.5095;34.62291;-2503.321
31911;117.6491;9.020813;-2485.008
31941;118.175;5.218536;-2483.041
31981;119.2527;-0.4422555;-2480.133
32011;121.3225;-8.223631;-2476.916
32041;124.7538;-16.99118;-2474.721
32081;129.2743;-24.77835;-2472.757
32111;133.3324;-33.18508;-2469.125
32141;137.9837;-39.27261;-2466.911
32181;141.1862;-42.99796;-2464.493
32211;141.6984;-43.54175;-2463.014
32241;145.3403;-46.41127;-2460.844
32283;147.2101;-47.84687;-2459.127
32313;150.5663;-49.38584;-2458.675
32343;153.5375;-51.07627;-2456.914
32373;157.1717;-53.04401;-2454.146
32413;157.52;-53.31329;-2453.395
32443;157.3162;-53.42274;-2453.014
32473;157.103;-53.41605;-2452.798
32513;156.3236;-52.82947;-2452.52
32543;154.8358;-51.97552;-2452.446
32573;152.8209;-50.25795;-2453.036
32603;150.1162;-48.36076;-2453.353
32643;148.1206;-46.61179;-2453.815
32673;145.1973;-43.29141;-2455.035
32713;144.5317;-40.49122;-2456.623
32743;146.0396;-32.56556;-2462.267
32773;146.0881;-27.66004;-2464.012
32803;146.8933;-17.66813;-2466.232
32843;147.6183;-4.466421;-2469.967
32873;149.2601;19.63171;-2479.599
32923;148.7518;28.91386;-2483.875
32933;146.643;39.937;-2489.499
32973;140.3223;47.52678;-2492.671
33023;130.345;57.03519;-2497.907
33053;123.6933;63.46339;-2500.301
33093;108.921;63.03872;-2493.985
33123;107.8437;64.13837;-2496.53
33133;106.7878;64.7475;-2498.374
33173;108.4294;65.51599;-2500.864
33203;109.3893;65.09373;-2500.608
33243;109.5185;63.48203;-2499.096
33273;109.5567;63.46567;-2499.087
33303;110.1983;64.15424;-2500.918
33333;164.9365;74.50822;-2543.697
33373;93.50779;133.8349;-2536.22
33403;95.10147;103.0773;-2520.482
33433;96.80602;87.41542;-2506.505
33473;100.5191;82.84686;-2504.516
33503;108.0609;73.76648;-2502.057
33533;113.504;66.59497;-2497.561
33573;116.3814;58.42841;-2492.27
33623;117.6477;46.66034;-2483.883
33653;118.8073;31.12144;-2471.709
33693;117.1732;16.91923;-2460.802
33703;117.1821;4.985069;-2451.02
33743;119.7539;-1.304438;-2447.541
33774;123.715;-10.44971;-2441.3
33804;127.9171;-17.09704;-2437.851
33834;135.4485;-30.83043;-2430.966
33874;139.1432;-35.71819;-2428.732
33904;141.9443;-39.09367;-2426.245
33934;144.3123;-40.22112;-2425.938
33974;148.7157;-41.95444;-2425.444
34024;152.8058;-44.35455;-2424.008
34034;155.2718;-45.38286;-2423.55
34074;160.2591;-47.44588;-2423.722
34104;162.4169;-47.943;-2424.308
34154;162.9033;-48.10882;-2424.38
34164;163.299;-48.10401;-2424.581
34204;163.0382;-47.77954;-2424.44
34234;162.6418;-47.63041;-2424.522
34274;161.3293;-47.38718;-2424.653
34324;159.2151;-46.27158;-2425.552
34354;157.1102;-44.91166;-2427.424
34384;154.8418;-40.96397;-2430.609
34414;152.2191;-36.49054;-2434.157
34434;151.0063;-32.46637;-2437.802
34474;151.4536;-28.53225;-2442.115
34504;152.671;-21.50625;-2446.916
34534;154.8026;-12.67501;-2451.663
34564;154.9793;-5.031516;-2453.783
34604;155.5267;20.13663;-2464.508
34634;156.6054;32.07182;-2472.732
34664;155.1897;41.19674;-2479.25
34704;149.6625;50.53387;-2486.219
34734;143.8152;63.89202;-2500.193
34784;133.8297;75.81264;-2508.92
34814;126.6811;82.93829;-2511.976
34834;120.787;81.41655;-2511.693
34884;60.62244;64.44865;-2484.46
34914;69.81907;56.60503;-2485.104
34954;139.4391;83.62282;-2530.792
34984;137.4514;82.86816;-2530.264
35014;184.4522;50.97355;-2551.553
35054;184.4513;50.95967;-2551.539
35084;126.4782;83.30807;-2533.138
35114;108.3465;132.748;-2545.78
35144;107.0089;115.9201;-2539.797
35184;110.0501;93.9662;-2529.476
35214;114.0544;88.39385;-2528.204
35254;122.119;78.86885;-2526.155
35284;126.1748;65.06412;-2519.953
35314;127.9161;55.94658;-2514.957
35354;129.1842;42.95793;-2507.157
35384;128.6715;33.80193;-2501.489
35414;127.598;24.86706;-2496.119
35444;126.2086;1.974804;-2480.33
35484;126.6294;-2.405777;-2478.217
35514;127.221;-9.944519;-2473.645
35554;128.6045;-17.86016;-2470.356
35574;133.6445;-27.26479;-2468.017
35614;137.5318;-33.40417;-2465.515
35644;140.265;-37.24755;-2463.475
35674;144.3457;-41.07821;-2461.708
35714;146.9712;-43.51519;-2460.717
35744;151.0983;-46.9383;-2460.489
35774;153.4085;-49.41885;-2458.559
35814;155.2648;-51.5321;-2456.324
35844;157.3745;-52.93967;-2455.258
35874;160.1311;-54.55497;-2454.575
35914;161.073;-54.80022;-2454.472
35944;161.379;-55.20086;-2454.006
35984;161.355;-55.25284;-2453.903
36014;161.3301;-55.43707;-2453.778
36044;160.1911;-55.17701;-2453.122
36084;159.6198;-54.69516;-2453.277
36114;155.0908;-53.4138;-2451.579
36144;153.3885;-51.53032;-2452.296
36174;149.6426;-48.61206;-2452.708
36214;148.1438;-47.26248;-2452.799
36244;144.3851;-41.43464;-2454.957
36274;143.7721;-37.98341;-2456.903
36314;142.8806;-32.82683;-2458.936
36344;143.4483;-24.52531;-2462.438
36374;146.5387;-9.251307;-2469.412
36414;145.6738;-2.322812;-2469.987
36444;146.7725;23.2798;-2480.938
36474;147.8103;32.18291;-2485.742
36504;149.0435;46.47978;-2495.73
36544;144.5473;56.90442;-2502.542
36574;140.8739;65.21841;-2508.101
36604;132.1288;70.96098;-2510.474
36644;121.9987;76.32464;-2510.77
36674;113.1647;99.07797;-2525.635
36704;104.809;127.4542;-2535.863
36744;104.7308;127.806;-2536.052
36774;104.2054;127.8174;-2535.803
36804;103.7727;127.9208;-2535.858
36844;103.4787;127.937;-2536.081
36874;91.82333;81.05798;-2513.823
36904;93.98009;87.14438;-2519.944
36944;96.61879;91.38028;-2522.239
36974;98.74595;91.45774;-2521.933
37024;102.8563;89.04765;-2521.616
37044;112.5871;82.8004;-2521.145
37074;118.244;76.17484;-2518.264
37104;123.6983;66.74225;-2515.099
37134;126.2881;49.10638;-2503.054
37174;126.0752;40.5662;-2495.756
37204;125.6491;33.1181;-2490.551
37234;125.1267;22.03074;-2483.072
37274;122.5116;0.3969129;-2465.154
37308;123.256;-3.336687;-2463.696
37358;126.0716;-10.29542;-2461.215
37368;131.7044;-19.45204;-2457.496
37408;138.7188;-29.54325;-2452.823
37438;144.5007;-37.91324;-2448.955
37468;149.0946;-41.62016;-2448.69
37498;151.257;-42.40161;-2448.172
37538;156.4438;-43.42504;-2447.635
37568;159.7692;-45.61333;-2444.653
37598;166.6447;-48.20147;-2445.564
37638;172.5227;-48.87619;-2446.718
37668;175.9332;-49.09867;-2447.502
37718;177.533;-48.48227;-2448.22
37748;179.6728;-48.44867;-2448.094
37768;181.509;-48.41687;-2447.335
37818;183.4639;-47.62494;-2446.206
37848;186.0967;-45.93328;-2445.12
37878;189.177;-45.13944;-2442.637
37918;191.347;-44.45958;-2438.829
37948;198.0644;-45.21392;-2436.085
37968;201.6334;-46.23847;-2433.424
38018;204.1739;-48.30952;-2429.614
38048;205.3484;-48.97121;-2426.757
38088;206.3122;-49.64264;-2425.051
38118;206.2691;-49.85104;-2423.413
38148;203.7165;-49.73831;-2420.754
38178;199.7583;-49.85131;-2418.2
38218;190.769;-49.08218;-2415.427
38248;181.3442;-49.91535;-2412.895
38278;172.3107;-50.72967;-2411.539
38318;160.0648;-52.96711;-2409.723
38348;149.1366;-53.00497;-2408.127
38378;132.372;-52.44261;-2406.293
38418;114.7825;-53.71814;-2400.028
38448;93.50014;-52.15263;-2390.745
38478;74.39851;-51.81382;-2382.014
38518;62.04948;-48.29346;-2379.81
38548;40.96577;-45.39585;-2371.398
38578;27.23546;-43.79761;-2366.747
38608;13.70375;-40.49393;-2362.92
38648;-2.322946;-36.96072;-2359.276
38678;-15.50834;-33.92176;-2356.304
38708;-32.70389;-32.36633;-2350.192
38748;-43.43678;-30.67317;-2347.183
38778;-55.18597;-28.12354;-2341.911
38808;-69.12067;-25.24845;-2337.292
38848;-82.27171;-24.14782;-2331.669
38878;-91.5285;-22.45381;-2327.5
