
0;252.3113;-510.1563;-2247.132
60;249.4477;-532.0708;-2234.97
110;243.0186;-524.3906;-2240.547
140;238.5282;-519.803;-2244.1
160;235.5691;-517.4611;-2246.545
210;232.5707;-516.127;-2247.719
250;229.9485;-515.2339;-2248.092
270;226.4553;-513.0231;-2249.303
310;223.1753;-510.8836;-2250.229
340;221.3136;-510.1604;-2250.423
380;219.901;-509.7129;-2250.597
410;218.9805;-510.026;-2250.123
440;218.1879;-509.6955;-2250.463
480;217.6941;-509.8148;-2250.461
510;217.1763;-510.179;-2250.64
540;216.5434;-510.2735;-2251.347
570;216.255;-510.5825;-2251.625
610;216.649;-512.291;-2253.442
640;216.1766;-512.7445;-2256.718
662;217.1762;-514.5391;-2260.054
712;218.532;-517.2081;-2264.609
742;219.7625;-515.1965;-2273.674
772;219.033;-514.8803;-2276.961
802;218.6892;-512.9721;-2282.208
842;218.4775;-515.3613;-2283.769
872;216.9369;-518.8741;-2284.992
902;215.8759;-520.5222;-2285.113
942;214.7722;-522.9047;-2285.083
972;209.6248;-533.6064;-2279.198
1002;205.0858;-556.5665;-2266.79
1042;202.9507;-534.1002;-2277.297
1072;206.7956;-515.0859;-2290.241
1102;199.0789;-553.5028;-2259.665
1142;207.3836;-516.1874;-2286.075
1172;197.645;-565.4295;-2245.19
1202;205.8293;-510.405;-2275.545
1242;198.7893;-544.937;-2249.89
1272;198.8379;-545.0068;-2249.825
1302;198.9928;-545.0476;-2249.132
1342;198.8442;-550.0641;-2244.545
1372;198.9046;-548.5372;-2244.275
1402;198.7697;-546.8557;-2243.076
1442;198.3758;-545.1349;-2241.784
1472;198.1337;-544.0416;-2241.094
1502;197.9016;-543.7365;-2240.358
1532;197.7248;-543.4196;-2240.157
1572;197.7737;-528.9222;-2246.828
1602;206.2314;-516.8572;-2256.428
1632;196.8611;-541.8951;-2237.377
1672;207.6467;-517.0881;-2256.894
1702;207.9046;-517.1205;-2256.953
1732;207.839;-517.4224;-2257.254
1772;208.0443;-517.6533;-2257.214
1802;208.1496;-517.5748;-2256.981
1832;208.2148;-517.6199;-2257.023
1872;199.9824;-519.5744;-2254.237
1902;199.13;-527.8906;-2249.042
1952;198.9027;-531.8606;-2247.797
1962;210.4871;-518.2703;-2258.801
2002;210.308;-518.0255;-2258.791
2032;210.2506;-517.9662;-2258.816
2072;209.8474;-517.5755;-2258.587
2104;209.8502;-517.5859;-2258.568
2134;209.8858;-517.7053;-2258.46
2164;209.7081;-517.6755;-2258.233
2214;209.5193;-517.8937;-2258.132
2254;209.3734;-518.2075;-2257.764
2284;209.0906;-518.2996;-2257.818
2294;209.0443;-518.2346;-2257.764
2334;209.4084;-518.348;-2257.968
2384;209.2424;-518.4223;-2258.084
2414;209.2011;-518.2881;-2258.122
2444;209.1187;-518.4357;-2258.087
2484;199.5669;-521.4576;-2254.426
2514;198.3953;-531.1072;-2247.509
2544;198.5792;-531.8877;-2246.738
2564;198.4393;-533.1605;-2245.539
2614;210.6271;-516.8112;-2256.856
2644;203.2225;-535.7067;-2238.171
2664;203.5149;-522.9412;-2245.285
2714;202.8722;-527.4777;-2241.724
2744;204.0797;-516.3245;-2247.645
2754;203.3524;-526.0679;-2241.582
2814;203.0032;-527.736;-2239.639
2844;202.3199;-530.2878;-2237.609
2884;201.573;-530.9232;-2236.742
2914;199.9989;-515.4125;-2244.748
2944;199.5026;-512.7603;-2245.983
2984;196.1363;-523.6284;-2237.047
3014;196.3708;-515.1186;-2241.084
3044;193.5301;-524.2628;-2235.819
3084;192.4603;-519.8883;-2238.216
3114;189.8634;-525.2534;-2234.694
3144;189.7216;-525.7636;-2234.17
3184;190.2011;-526.261;-2233.832
3214;190.6407;-526.3079;-2233.764
3244;190.9693;-526.4819;-2233.683
3274;191.4986;-526.3019;-2233.754
3314;191.8201;-526.2676;-2233.784
3344;192.3407;-526.2493;-2233.789
3374;192.7258;-526.469;-2233.776
3404;194.4631;-522.9315;-2238.177
3444;194.4777;-521.9013;-2239.838
3474;194.6252;-527.2558;-2237.427
3514;194.9541;-528.0826;-2237.539
3544;195.7271;-528.5947;-2237.741
3574;196.6529;-529.6283;-2238.219
3614;199.3728;-534.6774;-2238.971
3644;199.8633;-534.7957;-2239.169
3674;201.0042;-535.0002;-2239.506
3714;207.2328;-519.99;-2250.534
3744;208.7499;-527.8748;-2245.815
3784;209.4385;-524.3096;-2248.056
3814;210.3573;-518.199;-2250.994
3844;210.46;-517.2247;-2251.394
3874;208.9843;-526.5639;-2243.974
3914;207.9342;-527.7783;-2242.796
3944;206.8338;-519.3835;-2247.492
3974;203.5634;-525.0447;-2242.992
4014;203.5189;-514.1556;-2249.7
4044;202.4832;-522.5822;-2245.655
4074;202.0594;-526.3245;-2243.885
4104;201.7696;-528.2438;-2243.228
4124;201.5339;-528.951;-2242.543
4174;211.4268;-514.6115;-2257.683
4214;199.6557;-537.8571;-2242.071
4244;199.6413;-537.9799;-2241.955
4274;199.6562;-537.872;-2241.877
4304;199.6012;-537.7704;-2241.828
4344;199.6277;-537.7451;-2241.857
4374;199.6322;-537.8486;-2241.865
4404;209.403;-515.7673;-2259.313
4434;201.8478;-535.4017;-2243.611
4474;201.7921;-535.4194;-2243.556
4504;204.5365;-514.1188;-2255.595
4534;204.2894;-527.4094;-2247.611
4574;203.8914;-530.2932;-2246.038
4604;204.0943;-532.2776;-2245.109
4634;204.0597;-532.8261;-2244.37
4674;203.9483;-533.6857;-2243.668
4704;203.7723;-534.1606;-2243.313
4734;203.7507;-534.1883;-2243.393
4774;204.6725;-516.1139;-2256.267
4804;202.1175;-525.1442;-2250.846
4834;201.3168;-528.0342;-2249.005
4874;200.5138;-522.3803;-2251.938
4904;199.8892;-520.9927;-2252.28
4934;197.5589;-529.0825;-2245.102
4974;197.4442;-528.9798;-2245.14
5004;197.0216;-529.0321;-2244.69
5034;196.0835;-529.1909;-2243.317
5064;195.2707;-529.6135;-2241.826
5104;195.129;-529.2088;-2241.68
5134;194.5893;-529.5006;-2239.002
5184;194.7457;-528.9463;-2238.663
5214;195.1284;-528.4374;-2238.476
5234;195.2061;-528.6998;-2237.793
5274;195.448;-529.3412;-2236.681
5304;195.7873;-530.9707;-2235.57
5334;195.9512;-531.241;-2235.295
5364;196.3497;-531.6442;-2235.314
5404;196.9805;-531.8798;-2235.313
5434;198.2209;-533.798;-2235.077
5464;198.7352;-533.8315;-2235.167
5514;200.0838;-534.0535;-2235.468
5534;200.8551;-534.4348;-2235.549
5564;201.4389;-534.7654;-2235.469
5594;207.3741;-521.0012;-2245.286
5634;206.6591;-526.1421;-2241.399
5664;205.7789;-528.7875;-2238.84
5714;204.742;-520.4485;-2242.898
5744;204.8289;-519.9585;-2243.232
5784;203.9519;-523.6944;-2240.401
5814;208.8826;-508.552;-2248.996
5844;197.3847;-536.0627;-2231.046
5884;197.4553;-535.7629;-2231.107
5914;197.3462;-537.0256;-2230.585
5944;197.1302;-538.152;-2229.948
5984;196.8492;-538.4721;-2229.561
6014;207.7941;-511.4117;-2244.698
6044;197.4393;-538.6405;-2228.749
6064;198.1465;-523.4183;-2236.235
6114;198.186;-518.5688;-2238.722
6124;198.355;-517.3151;-2239.327
6164;198.5238;-516.9464;-2239.588
6214;198.3977;-523.5588;-2236.436
6244;199.9797;-514.6247;-2242.225
6284;199.3348;-521.1343;-2238.73
6314;209.2116;-513.7103;-2246.562
6344;208.9446;-514.015;-2246.377
6374;204.123;-513.2222;-2244.058
6414;204.3105;-513.0717;-2243.907
6444;200.9496;-530.6864;-2233.265
6474;201.9317;-532.4454;-2232.785
6514;202.4865;-533.1296;-2232.01
6544;202.9087;-533.7413;-2231.367
6574;203.1692;-533.515;-2230.74
6614;212.2191;-509.6275;-2245.243
6644;200.949;-533.318;-2226.559
6674;201.8866;-508.4164;-2241.205
6704;200.5184;-517.238;-2234.757
6744;199.6156;-521.3168;-2232.362
6774;198.4902;-522.5759;-2230.951
6804;196.1345;-512.3215;-2235.516
6844;196.0186;-520.9387;-2230.421
6874;195.6432;-522.243;-2228.946
6904;195.4991;-522.2512;-2228.886
6934;193.9169;-523.4216;-2227.703
6974;192.7716;-524.2097;-2226.586
7004;190.9185;-525.807;-2224.903
7044;190.3868;-526.0378;-2224.239
7074;189.8567;-526.1229;-2223.808
7107;189.7641;-526.5198;-2223.441
7139;189.8425;-526.4834;-2223.547
7179;190.58;-526.6169;-2223.749
7209;192.4451;-529.0001;-2223.904
7239;192.6155;-529.0507;-2224.133
7269;192.4923;-529.3115;-2224.415
7309;192.6106;-530.2642;-2225.113
7339;193.3191;-530.9117;-2226.333
7369;194.5633;-531.2153;-2227.748
7409;195.4496;-531.0111;-2228.904
7439;196.4898;-531.1641;-2229.708
7469;197.4706;-531.6599;-2230.198
7509;197.9477;-531.6012;-2230.751
7539;198.6813;-531.8127;-2231.401
7569;203.9371;-510.1291;-2247.305
7609;203.306;-522.1599;-2241.033
7639;203.042;-525.4653;-2239.038
7669;202.6162;-527.0396;-2237.129
7699;203.1155;-512.2657;-2242.964
7739;200.1686;-523.4753;-2234.774
7789;199.3878;-528.3918;-2232.316
7799;199.1232;-529.2543;-2231.338
7839;199.5585;-520.7396;-2236.199
7869;200.201;-514.9468;-2239.862
7899;198.5849;-528.1617;-2234.01
7939;209.1805;-510.622;-2245.674
7969;209.2021;-510.822;-2245.686
7999;209.3484;-511.1234;-2245.466
8039;209.2052;-511.1687;-2245.201
8069;209.0333;-511.4339;-2244.94
8099;208.7944;-511.5767;-2244.59
8139;208.6206;-511.4594;-2244.302
8189;208.5179;-511.6508;-2244.239
8219;208.9975;-511.4636;-2244.033
8249;206.1063;-509.7948;-2239.973
8259;206.4539;-510.4896;-2239.481
8299;207.1314;-510.3695;-2239.508
8329;208.1449;-510.3304;-2239.81
8369;209.2338;-510.2581;-2239.87
8399;210.2945;-510.3008;-2239.724
8429;211.0235;-510.0434;-2239.988
8469;211.3972;-509.6352;-2240.065
8499;211.5086;-509.4544;-2239.826
8549;211.5733;-509.2098;-2239.862
8579;207.9005;-522.7023;-2228.998
8599;207.0249;-524.5294;-2227.429
8649;205.8562;-525.3265;-2226.254
8679;203.1353;-512.0994;-2233.342
8719;199.4082;-519.8645;-2228.627
8749;198.7575;-520.6526;-2227.442
8779;198.6189;-521.3494;-2226.927
8809;198.6748;-522.3346;-2226.65
8849;197.6537;-524.6978;-2225.507
8879;195.1253;-528.6226;-2223.937
8909;192.9925;-529.0988;-2223.805
8949;192.3793;-529.1801;-2223.712
8979;191.9987;-529.3043;-2223.519
9009;191.984;-529.3878;-2223.528
9049;192.278;-529.2289;-2223.374
9079;194.2066;-528.0276;-2225.274
9109;195.4259;-527.6863;-2226.58
9149;195.685;-528.2054;-2226.735
9179;197.0233;-529.7786;-2226.725
9209;198.1488;-530.8298;-2227.505
9229;198.9642;-531.1467;-2228.044
9279;200.1859;-531.7777;-2229.004
9309;201.5306;-532.6172;-2229.907
9329;204.1668;-533.8971;-2231.322
9379;205.9529;-534.1225;-2233.415
9409;214.49;-511.4307;-2252.139
9439;214.601;-524.3029;-2246.195
9479;214.517;-529.0961;-2243.776
9509;214.3325;-529.9227;-2243.287
9539;214.447;-520.9984;-2247.855
9579;214.3002;-516.8263;-2249.532
9609;213.4559;-515.9246;-2249.682
9639;212.8643;-515.0023;-2250.137
9679;212.1729;-515.0435;-2249.661
9709;211.5842;-514.9879;-2249.365
9739;205.8736;-527.8826;-2239.027
9779;205.8236;-521.1261;-2242.365
9809;206.3396;-518.0732;-2243.529
9839;204.1726;-528.0895;-2236.503
9869;206.306;-516.9505;-2242.796
9909;214.072;-512.5212;-2247.065
9939;204.358;-538.6047;-2229.371
9969;204.3335;-538.6143;-2229.437
10009;207.0759;-516.2372;-2241.823
10039;207.1752;-515.9319;-2242.156
10069;207.8442;-514.6366;-2243.782
10109;208.3491;-513.1945;-2244.488
10139;208.9848;-512.7645;-2245.021
10169;210.2408;-511.7873;-2245.313
10209;211.454;-511.3355;-2245.183
10239;211.8799;-511.386;-2244.726
10269;212.9001;-523.5591;-2235.48
10309;213.793;-519.07;-2237.211
10339;213.9131;-523.5559;-2233.707
10369;213.9613;-517.151;-2236.574
10409;213.7843;-516.0645;-2237.127
10439;213.7766;-513.245;-2238.676
10469;210.4471;-521.8787;-2232.823
10499;208.5668;-523.1666;-2230.947
10539;207.5918;-524.9163;-2229.925
10569;205.7411;-525.964;-2228.659
10609;204.7304;-526.0963;-2228.347
10639;203.7404;-526.4149;-2228.159
10669;203.3289;-526.7784;-2228.176
10719;203.1898;-526.7971;-2228.088
10729;203.171;-526.7516;-2228.378
10769;202.9001;-526.7537;-2228.218
10799;202.7693;-526.7652;-2228.108
10839;202.7733;-526.8745;-2228.021
10869;202.7341;-526.8812;-2228.043
10899;202.718;-526.8627;-2228.062
10949;202.7369;-527.7192;-2228.436
10959;202.554;-530.4109;-2228.094
11019;202.6371;-531.5229;-2228.418
11049;205.1372;-524.8817;-2235.578
11089;205.1533;-528.1856;-2234.82
11099;205.5948;-529.9192;-2234.287
11149;205.8925;-530.6294;-2234.292
11179;206.2961;-531.9286;-2234.16
11219;206.5112;-532.5089;-2233.946
11249;207.0693;-532.9908;-2234.083
11259;207.557;-533.2908;-2234.164
11319;207.6705;-533.3035;-2234.218
11349;207.8224;-533.4438;-2234.329
11379;209.536;-524.1559;-2241.722
11419;207.8644;-527.5361;-2239.336
11449;207.2032;-524.574;-2241.007
11479;205.3355;-528.4543;-2239.523
11519;203.6502;-532.4794;-2237.574
11549;202.7847;-523.4963;-2242.938
11579;201.2733;-529.7754;-2240.151
11609;200.8308;-531.6404;-2239.625
11649;200.8634;-531.984;-2239.427
11680;200.8992;-532.2714;-2239.131
11710;201.0199;-533.2866;-2238.365
11750;212.9615;-514.4398;-2254.018
11780;203.6508;-544.6276;-2232.468
11810;203.6822;-544.537;-2232.509
11850;203.6802;-544.4331;-2232.505
11880;209.0252;-517.5516;-2246.725
11910;208.6976;-528.9153;-2239.083
11950;210.2616;-521.1022;-2242.916
11980;211.6719;-516.3613;-2245.43
12010;212.6226;-515.2635;-2245.8
12050;213.4096;-514.1807;-2246.266
12080;213.9609;-513.0713;-2246.565
12110;214.506;-512.338;-2246.954
12135;214.8042;-512.3586;-2246.596
12175;215.1875;-512.2114;-2246.603
12215;220.7884;-511.9898;-2249.042
12245;221.0913;-510.3819;-2250.15
12275;214.6395;-509.0861;-2248.947
12305;204.632;-532.506;-2233.915
12345;204.0652;-532.538;-2233.667
12375;203.698;-532.5731;-2233.329
12405;203.5181;-532.579;-2233.122
12445;203.4802;-532.0952;-2233.026
12475;203.3168;-531.1206;-2232.375
12505;203.2654;-530.9427;-2232.346
12545;203.0498;-530.1249;-2232.24
12575;202.8621;-529.9453;-2232.001
12605;202.7998;-529.9551;-2231.885
12645;202.6383;-530.1025;-2231.166
12675;202.8582;-530.1766;-2230.653
12705;202.949;-530.0509;-2230.61
12745;203.2451;-526.8036;-2233.384
12775;203.9814;-523.6574;-2235.834
12805;203.4002;-529.9646;-2233.013
12835;203.6436;-530.8535;-2232.834
12875;204.4372;-531.8218;-2233.535
12905;204.9295;-531.9909;-2233.751
12935;205.993;-533.0879;-2235.052
12975;207.2384;-533.779;-2236.032
13005;208.482;-534.3779;-2237.501
13035;209.1042;-534.5948;-2238.133
13075;209.5714;-534.855;-2238.575
13105;212.2698;-519.6215;-2251.605
13135;212.5594;-516.0441;-2253.828
13175;212.3702;-514.8356;-2255.099
13205;210.8037;-522.7217;-2249.517
13235;208.0756;-530.5408;-2243.959
13275;206.455;-519.8389;-2248.069
13305;205.6865;-513.5135;-2250.35
13335;205.2445;-512.1001;-2250.477
13365;208.6425;-506.5314;-2250.34
13405;208.5999;-506.8357;-2250.285
13435;208.7923;-507.2085;-2250.123
13465;203.9015;-508.1023;-2249.834
13505;207.2341;-507.0766;-2247.991
13535;207.2489;-507.8926;-2247.818
13565;203.0971;-507.4201;-2245.553
13605;203.246;-507.6581;-2245.511
13635;203.5726;-507.973;-2245.407
13665;204.1552;-508.7183;-2244.629
13705;204.8844;-508.9982;-2244.095
13735;206.665;-508.2154;-2243.901
13765;207.5789;-508.3836;-2243.718
13805;210.6744;-523.6259;-2232.293
13835;213.0919;-511.4756;-2238.273
13865;214.8521;-508.0096;-2240.571
13915;215.1001;-508.079;-2240.407
13945;215.1929;-508.1269;-2240.203
13965;215.5684;-508.003;-2239.552
14015;215.5358;-507.6267;-2239.254
14045;215.15;-506.8992;-2238.827
14085;214.377;-504.6736;-2238.164
14115;207.9671;-519.4137;-2225.964
14145;205.6619;-521.5613;-2223.337
14185;203.746;-524.1158;-2221.421
14215;202.247;-524.8878;-2220.545
14245;202.239;-524.8762;-2220.546
14285;202.2057;-524.6079;-2220.829
14315;201.6055;-524.9762;-2220.424
14345;200.3174;-525.8002;-2220.232
14385;199.8519;-525.7422;-2220.118
14415;199.1004;-525.5598;-2219.791
14445;205.0827;-505.9824;-2237.768
14485;201.4986;-519.6605;-2226.942
14515;201.9581;-522.368;-2225.403
14545;214.6305;-508.5754;-2245.589
14585;201.7839;-535.0314;-2224.706
14605;202.0937;-534.71;-2225.078
14645;202.1532;-534.6263;-2225.108
14685;204.2578;-534.3286;-2226.569
14715;205.8764;-534.0184;-2228.153
14745;207.2133;-533.5214;-2230.036
14775;208.9618;-533.0544;-2231.755
14815;210.2529;-533.1869;-2232.725
14845;211.1576;-533.2809;-2233.073
14875;211.9684;-532.9401;-2233.49
14915;215.3107;-516.8892;-2243.572
14945;215.7763;-524.0049;-2239.311
14975;215.4077;-526.9585;-2237.424
15005;214.0596;-527.9921;-2235.874
15045;212.5074;-529.2032;-2234.209
15075;211.9911;-530.0728;-2233.234
15115;211.3046;-530.7834;-2232.577
15145;210.5312;-523.2984;-2237.039
15175;210.4509;-520.298;-2238.581
15205;210.7556;-518.3352;-2239.548
15245;209.5761;-526.3873;-2235.224
15275;209.4062;-529.0053;-2233.894
15305;209.6452;-532.1186;-2232.617
15345;211.0958;-525.0204;-2235.875
15375;211.572;-528.3914;-2233.831
15405;214.562;-519.7911;-2238.405
15445;214.7512;-524.6011;-2235.508
15475;215.6276;-519.0221;-2238.365
15505;215.8245;-524.8106;-2235.052
15535;216.6603;-518.7961;-2239.001
15575;216.2759;-526.0091;-2235.106
15605;216.2988;-527.6287;-2234.107
15635;217.3021;-515.7661;-2242.413
15675;218.3495;-513.9525;-2244.732
15705;215.7447;-525.5897;-2237.719
15735;214.4107;-529.4603;-2235.742
15775;213.8804;-530.6078;-2234.923
15805;212.9586;-531.2006;-2234.49
15835;212.3086;-531.8157;-2233.898
15875;210.4771;-532.9599;-2232.592
15905;209.9018;-533.8366;-2232.03
15935;209.8848;-533.7535;-2231.184
15975;209.3399;-534.5825;-2229.225
16025;208.3355;-534.6923;-2228.372
16035;206.6417;-535.3742;-2226.911
16075;205.8941;-535.1788;-2226.54
16105;205.6222;-535.1224;-2226.462
16155;205.3243;-535.412;-2226.181
16185;205.3239;-535.4239;-2226.114
16215;205.4204;-535.3911;-2226.305
16235;205.6473;-534.9545;-2226.376
16265;206.0214;-535.1498;-2226.701
16305;205.7815;-535.3853;-2226.605
16335;205.7416;-535.3657;-2226.644
16375;206.0096;-535.4734;-2227.177
16405;206.6911;-535.3383;-2228.392
16435;214.1806;-520.5677;-2244.969
16465;214.481;-520.0082;-2245.912
16505;215.218;-518.7855;-2247.592
16555;215.6107;-517.7809;-2248.759
16575;215.9048;-528.1359;-2242.985
16605;215.6097;-530.0443;-2241.626
16655;217.1074;-516.0742;-2251.537
16685;217.0419;-513.5293;-2252.162
16716;214.4605;-526.7255;-2242.654
16746;214.022;-518.8885;-2247.287
16786;213.7974;-518.4759;-2247.404
16816;213.0106;-517.3663;-2247.6
16846;208.3484;-527.1439;-2240.878
16886;207.4482;-525.4492;-2241.233
16896;207.2416;-523.2201;-2242.439
16936;206.2832;-528.8538;-2238.302
16966;206.9707;-522.154;-2241.836
17016;207.3385;-521.0;-2242.293
17026;207.9825;-518.6046;-2242.61
17066;208.4304;-517.8231;-2242.639
17116;208.7062;-526.9095;-2234.179
17146;210.4344;-519.5697;-2237.229
17181;210.9499;-518.5671;-2237.706
17214;211.9594;-516.9007;-2238.175
17244;213.2096;-514.9052;-2238.646
17284;214.0174;-513.1866;-2239.42
17314;215.3342;-512.52;-2239.776
17344;215.8535;-512.3616;-2239.537
17384;218.3371;-524.3292;-2230.96
17414;219.4041;-518.8064;-2234.135
17444;219.6259;-518.6052;-2234.215
17484;219.6052;-518.2098;-2234.323
17514;219.0457;-517.6681;-2234.482
17544;218.6365;-516.7698;-2234.465
17574;218.1574;-515.7375;-2234.478
17614;217.3253;-515.2336;-2234.291
17644;211.7451;-525.4594;-2224.117
17684;211.0655;-516.5154;-2228.749
17715;207.8357;-528.1433;-2219.912
17745;207.7693;-528.1555;-2219.884
17775;207.3402;-527.9301;-2219.419
17805;207.2182;-528.4078;-2219.001
17845;206.9732;-528.1201;-2218.99
17875;206.9081;-528.1871;-2218.794
17915;206.9153;-528.1487;-2218.761
17945;207.0964;-528.5709;-2218.354
17995;207.3815;-528.8879;-2218.229
18005;207.333;-529.2794;-2218.175
18045;208.7752;-525.2246;-2222.024
18075;208.9667;-526.0479;-2221.96
18105;213.3021;-518.8334;-2230.171
18145;214.2744;-516.5609;-2232.178
18175;214.2697;-526.4612;-2227.882
18205;215.2103;-524.5312;-2229.335
18245;215.2891;-527.1735;-2228.286
18275;215.8889;-529.1146;-2227.897
18305;215.8159;-529.4667;-2227.626
18335;215.6982;-530.4332;-2227.322
18375;216.1513;-518.5791;-2234.432
18405;216.6392;-514.8536;-2236.496
18435;215.0044;-521.5123;-2231.736
18475;213.4089;-524.1527;-2229.073
18505;213.0053;-520.5369;-2230.927
18535;212.6979;-518.9471;-2231.633
18575;212.3902;-516.8869;-2232.653
18605;212.0313;-515.7708;-2233.082
18635;211.8453;-515.4299;-2233.204
18675;211.6142;-513.6055;-2234.096
18705;211.6129;-513.1772;-2234.474
18736;211.6071;-513.1653;-2234.477
18786;211.5287;-512.656;-2234.441
18816;211.6217;-512.3541;-2234.34
18836;211.7373;-511.9636;-2234.136
18866;211.9508;-511.7658;-2233.715
18906;212.8762;-511.4777;-2233.242
18936;214.1139;-511.1305;-2232.958
18966;215.5077;-510.4356;-2233.187
19006;217.5668;-523.4227;-2226.218
19036;218.1216;-525.0236;-2224.821
19066;220.9066;-514.971;-2230.014
19106;221.6888;-512.2534;-2231.577
19136;222.3478;-509.4788;-2233.3
19166;222.0813;-508.5315;-2233.615
19206;217.2213;-522.2587;-2226.866
19236;216.1267;-523.8752;-2225.26
19266;215.5882;-515.6533;-2230.615
19306;214.7929;-513.7298;-2232.129
19336;213.9636;-512.7563;-2232.701
19386;212.5825;-512.33;-2233.452
19416;208.3205;-521.9839;-2228.384
19446;206.9791;-524.1655;-2226.868
19486;206.2285;-525.2382;-2226.003
19516;205.3183;-526.3212;-2224.831
19546;204.4286;-527.9529;-2223.417
19566;204.3559;-527.9382;-2223.381
19616;204.3484;-527.899;-2223.336
19646;204.4683;-528.1534;-2223.294
19666;204.4991;-528.2516;-2223.256
19716;204.8885;-526.3707;-2225.129
19746;204.8302;-528.485;-2224.455
19786;205.0197;-529.3901;-2224.423
19816;205.1463;-529.6072;-2224.514
19846;205.4576;-529.9577;-2224.528
19886;205.7684;-530.4636;-2224.769
19916;206.0282;-530.6272;-2224.851
19946;211.3523;-515.3636;-2238.853
19976;211.3147;-522.5925;-2235.2
20026;210.8872;-526.8036;-2232.377
20046;210.5455;-527.4574;-2231.577
20076;211.1643;-513.5389;-2241.922
20116;208.4762;-524.5695;-2235.145
20146;207.9197;-522.1414;-2236.975
20176;207.0748;-517.3691;-2240.839
20206;206.4369;-509.3182;-2252.271
20246;198.3719;-539.7914;-2228.857
20276;204.9297;-508.7074;-2249.257
20316;205.0876;-508.4811;-2249.519
20346;205.2236;-509.2571;-2248.937
20376;205.4476;-508.9023;-2248.275
20416;202.3804;-508.5695;-2237.146
20446;200.2301;-524.0452;-2225.673
20476;199.9377;-525.3687;-2224.457
20506;200.2341;-514.3195;-2229.927
20546;200.2635;-514.5032;-2230.603
20576;199.2986;-519.1853;-2229.68
20606;210.5712;-513.071;-2253.084
20646;210.58;-513.3175;-2254.23
20676;210.8641;-514.2224;-2255.831
20706;207.4318;-565.4104;-2236.648
20746;236.7839;-519.7991;-2272.219
20776;278.8088;-506.6451;-2287.774
20806;317.6882;-486.0181;-2290.665
20846;354.4437;-441.2593;-2300.289
20876;399.8441;-388.9249;-2311.986
20906;465.528;-328.9288;-2324.385
20936;511.9789;-231.9314;-2318.363
20976;543.1064;-167.6067;-2344.12
21006;567.7829;-84.80451;-2368.234
21036;570.7715;8.400169;-2383.542
21076;561.835;109.9507;-2415.179
21106;532.9825;211.5337;-2445.91
21136;527.7791;307.6933;-2465.933
21176;491.3293;396.779;-2493.187
21206;441.9626;473.0138;-2523.402
21236;395.5326;558.4592;-2544.821
21276;325.5698;586.6797;-2565.601
21306;250.6431;572.5353;-2569.806
21336;193.4679;576.0869;-2576.503
21376;158.3316;636.7505;-2594.591
21406;147.1879;637.5037;-2596.58
21436;130.702;640.5472;-2597.056
21476;129.717;640.3348;-2596.197
21506;131.952;641.3235;-2595.698
21536;162.3455;682.6178;-2600.166
21566;211.5926;635.5916;-2584.088
21606;261.9738;616.4448;-2587.822
21636;324.8717;573.5995;-2583.791
21666;394.2991;557.7404;-2576.302
21706;419.8478;418.272;-2544.818
21756;467.8306;343.3027;-2530.982
21786;532.0336;286.8251;-2520.319
21816;529.8405;154.6844;-2473.518
21856;548.2003;85.63986;-2456.846
21886;592.77;8.123705;-2450.907
21916;544.2015;-85.21147;-2404.781
21936;526.8541;-166.4408;-2390.164
21986;498.07;-240.734;-2366.201
22006;437.6275;-312.6633;-2331.418
22036;395.2101;-376.0383;-2318.891
22086;354.2404;-434.811;-2304.661
22096;305.5557;-477.2921;-2293.052
22156;245.672;-509.5053;-2273.329
22186;204.0191;-563.358;-2231.518
22217;183.5414;-573.7354;-2212.262
22247;194.5088;-538.2654;-2236.73
22287;202.8898;-520.8398;-2249.497
22317;249.0479;-507.6486;-2265.125
22347;298.7802;-493.1888;-2279.952
22387;335.7705;-457.0809;-2286.943
22417;387.1855;-418.8531;-2294.667
22447;417.8037;-372.7849;-2306.443
22487;484.8894;-294.6205;-2324.959
22517;524.7089;-216.19;-2329.789
22547;554.2366;-142.2375;-2365.897
22577;571.168;-60.61553;-2397.013
22617;573.5168;23.56672;-2433.737
22647;575.0228;110.8731;-2443.462
22677;533.3919;193.968;-2464.036
22717;520.3265;284.3545;-2506.191
22747;462.1499;352.0083;-2522.596
22777;417.1603;432.948;-2541.428
22817;350.2447;438.2005;-2543.147
22847;322.1865;573.9039;-2583.364
22877;243.6116;574.2068;-2585.363
22917;193.9574;579.1318;-2580.373
22947;130.3526;597.681;-2585.974
22977;93.94047;655.2747;-2588.57
23017;69.33033;650.1196;-2576.372
23047;61.1319;647.9795;-2570.447
23077;47.21965;648.5811;-2559.364
23107;50.30508;648.8723;-2556.833
23147;66.53448;651.4238;-2554.546
23177;102.3905;655.1367;-2552.596
23207;137.4973;701.6809;-2560.791
23247;198.5396;658.6844;-2550.731
23277;248.1093;621.6926;-2554.767
23307;319.9561;595.0121;-2560.379
23347;386.253;548.799;-2554.126
23377;411.1726;424.6461;-2530.496
23407;497.8222;407.8809;-2547.565
23447;485.4321;275.947;-2512.292
23477;526.6105;192.63;-2476.424
23507;541.8668;123.0544;-2456.67
23547;558.5054;19.62224;-2447.518
23577;551.8735;-65.62771;-2415.097
23607;534.4208;-153.4597;-2400.192
23637;500.6913;-239.4848;-2375.614
23687;438.4685;-322.8495;-2328.412
23707;399.202;-377.7829;-2317.571
23737;355.5596;-437.5919;-2303.982
23777;302.7488;-483.7739;-2283.923
23807;236.4523;-503.9382;-2268.857
23837;206.8088;-555.8681;-2223.139
23877;202.7964;-545.1033;-2229.515
23907;202.3789;-544.1307;-2229.828
23937;206.1968;-535.5894;-2234.967
23977;227.1873;-511.054;-2252.625
24007;271.566;-500.0595;-2260.927
24037;314.2945;-472.8128;-2262.727
24077;354.4296;-437.692;-2265.836
24107;403.5499;-403.0676;-2272.576
24137;448.6606;-346.9619;-2287.825
24167;507.4564;-275.1633;-2311.63
24207;544.5679;-197.3718;-2329.917
24237;572.0925;-130.1965;-2364.808
24267;579.198;-42.22459;-2380.367
24307;577.767;37.84379;-2423.066
24337;564.3682;115.9458;-2451.064
24367;550.5646;201.0456;-2465.864
24407;532.4442;282.4142;-2514.369
24437;473.9529;344.9439;-2532.62
24467;422.5285;412.2228;-2550.258
24507;391.0644;484.5057;-2573.937
24557;334.7464;561.8935;-2605.82
24567;253.985;570.3513;-2601.657
24607;185.8094;576.4167;-2596.244
24657;142.9496;651.7263;-2601.098
24687;97.21412;657.4808;-2583.731
24717;73.46687;657.9975;-2573.319
24748;63.5137;657.3663;-2562.539
24788;63.40221;657.7247;-2562.041
24818;70.30414;659.5675;-2562.669
24848;114.3129;659.5058;-2576.534
24868;153.3088;667.2303;-2592.772
24898;198.6695;636.0965;-2586.223
24938;248.7458;567.0215;-2586.84
24968;309.1948;515.1843;-2581.959
25008;351.7945;437.562;-2570.42
25048;406.2955;426.0856;-2576.334
25068;494.9449;397.6176;-2591.416
25118;479.6919;275.5475;-2549.214
25148;510.5026;204.1153;-2538.929
25178;541.0829;112.1507;-2494.295
25218;550.6792;39.65598;-2480.893
25248;545.9057;-48.74206;-2460.596
25278;571.626;-140.6624;-2439.569
25318;518.2445;-199.817;-2408.652
25348;494.8184;-270.6603;-2390.75
25378;452.2217;-342.9751;-2358.009
25418;416.4474;-395.3298;-2333.96
25448;367.2236;-436.03;-2315.632
25478;318.3816;-468.744;-2299.225
25508;265.8999;-500.1577;-2276.041
25548;211.3307;-533.4829;-2239.103
25578;209.1655;-533.0483;-2238.608
25618;205.9805;-533.8764;-2237.664
25648;206.2666;-531.0161;-2239.319
25678;234.4421;-514.4309;-2260.212
25708;263.4487;-503.6157;-2270.045
25748;319.891;-476.7311;-2284.074
25778;365.1519;-441.0061;-2295.149
25808;410.1088;-386.0854;-2316.991
25848;457.9326;-329.757;-2316.413
25878;512.5817;-244.7393;-2338.416
25908;545.8269;-179.0952;-2371.247
25948;567.2505;-102.7154;-2399.052
25978;571.7922;-25.74891;-2429.058
26008;565.4279;60.7182;-2456.277
26048;568.4951;142.7264;-2469.552
26078;526.1436;231.4059;-2494.29
26108;495.3341;295.5516;-2525.282
26148;436.3838;371.6445;-2560.502
26178;394.296;434.1629;-2579.549
26208;343.6424;467.9477;-2596.436
26238;275.0676;562.9268;-2628.828
26278;207.5225;576.0905;-2625.801
26308;159.8545;642.6805;-2641.551
26338;118.5237;651.2266;-2623.813
26378;78.57931;656.9354;-2600.0
26408;70.22522;657.4088;-2592.244
26438;69.07416;627.739;-2575.33
26478;80.61053;661.3279;-2580.914
26508;119.0534;660.1614;-2591.288
26538;163.8717;655.4624;-2602.08
26578;217.9218;575.5181;-2597.954
26608;269.9186;569.215;-2617.166
26638;346.2585;565.0116;-2636.361
26678;382.084;460.4647;-2616.83
26708;417.614;394.9026;-2600.633
26738;462.6738;331.5136;-2583.142
26768;488.381;260.7201;-2572.453
26818;525.4741;182.1729;-2555.127
26858;543.0735;109.5673;-2538.499
26868;551.9985;22.12843;-2513.688
26908;546.3569;-64.09846;-2480.793
26938;531.1124;-150.8667;-2450.052
26968;504.721;-229.7389;-2405.565
27018;470.2253;-304.1469;-2379.542
27038;410.9033;-368.7503;-2342.454
27068;376.3927;-423.2151;-2321.052
27108;328.8722;-471.2573;-2294.484
27138;269.3529;-487.1438;-2273.393
27188;216.2622;-511.4735;-2252.532
27218;191.9911;-532.1063;-2232.71
27238;184.6156;-574.3941;-2209.237
27270;196.1869;-535.5269;-2233.986
27300;203.4931;-527.4875;-2243.411
27350;244.0899;-511.1579;-2261.232
27370;276.3712;-501.6471;-2270.84
27420;320.1684;-477.7694;-2283.576
27450;361.465;-450.653;-2293.501
27470;410.0849;-414.3712;-2310.274
27500;438.3175;-359.3995;-2329.176
27540;488.8569;-303.161;-2344.943
27570;526.1363;-218.5775;-2362.292
27600;551.012;-153.5615;-2393.428
27640;566.1839;-82.03725;-2428.739
27670;567.7021;0.3046389;-2452.56
27700;553.7967;91.19068;-2471.149
27740;553.8665;173.1604;-2482.119
27770;520.367;253.7372;-2510.496
27800;509.2651;355.4909;-2553.271
27830;429.9784;402.4201;-2558.705
27870;385.6451;469.8879;-2577.971
27900;352.2007;563.377;-2600.854
27940;271.5736;558.0225;-2584.469
27980;207.4883;571.3612;-2573.449
28020;179.4821;573.8763;-2584.919
28050;139.6838;661.3178;-2593.386
28070;126.0078;710.7062;-2599.982
28120;112.5565;711.4189;-2596.445
28150;111.293;712.9073;-2596.032
28180;115.2411;711.9328;-2596.172
28210;150.7927;698.3802;-2598.219
28250;201.2525;698.0328;-2590.585
28280;248.1165;666.6525;-2597.383
28310;314.8579;590.4814;-2612.364
28340;367.7427;559.3866;-2612.116
28380;384.7599;428.7912;-2582.75
28410;424.838;368.3364;-2551.967
28450;470.3808;304.7254;-2559.427
28480;498.1858;230.6568;-2542.369
28500;531.0767;132.3131;-2522.817
28530;536.2001;69.63921;-2486.633
28570;542.2521;-31.18427;-2470.127
28600;551.0934;-120.3616;-2451.456
28650;511.4001;-198.994;-2417.156
28680;480.4872;-273.4408;-2397.724
28720;420.3872;-345.0758;-2367.506
28750;384.9075;-402.0999;-2340.906
28780;344.0184;-451.9179;-2326.722
28820;288.8331;-477.0417;-2314.455
28850;234.4914;-512.4147;-2292.301
28880;207.1543;-531.2957;-2270.241
28910;203.2874;-535.8669;-2266.986
28950;202.9174;-536.7545;-2266.295
28980;206.2986;-533.2241;-2269.218
29010;248.9701;-514.8987;-2292.518
29030;281.4388;-501.1071;-2297.357
29060;329.245;-477.0711;-2297.345
29100;367.7837;-434.7646;-2311.738
29150;413.3373;-388.3735;-2318.122
29180;446.3059;-330.781;-2309.433
29210;504.3434;-242.6214;-2330.949
29250;538.448;-168.2929;-2356.686
29280;560.1404;-112.9656;-2376.407
29310;565.459;-33.3195;-2387.859
29340;562.9518;56.65126;-2433.487
29380;560.4688;140.7594;-2448.483
29410;524.3295;218.0808;-2465.032
29440;526.3761;315.1622;-2504.455
29480;469.4171;365.0219;-2516.04
29510;423.6602;432.2396;-2528.868
29540;355.7406;424.4524;-2531.013
29580;331.656;568.267;-2569.094
29610;251.6821;588.5265;-2569.559
29640;188.1158;606.7989;-2573.43
29660;156.006;688.0567;-2586.213
29710;108.6324;690.9337;-2583.367
29740;99.38258;690.1413;-2584.322
29780;83.80339;688.1564;-2582.094
29810;82.09675;687.9319;-2583.766
29840;86.81647;688.1971;-2586.624
29870;120.7505;688.4733;-2595.615
29910;169.2263;683.1901;-2610.243
29940;219.5034;687.0206;-2600.997
29970;257.9105;593.6982;-2597.585
30010;331.8729;572.2455;-2602.491
30040;352.9489;427.4196;-2571.813
30070;413.7553;433.7001;-2574.325
30110;491.8372;398.5047;-2579.143
30140;481.2331;271.8293;-2539.367
30190;512.3112;194.676;-2523.146
30200;538.9221;102.7625;-2496.141
30240;540.7962;21.21832;-2466.638
30270;539.3746;-69.29909;-2448.535
30310;521.6003;-151.041;-2429.948
30340;492.3916;-223.6325;-2386.054
30370;451.934;-307.9857;-2371.366
30410;390.9017;-366.0401;-2338.729
30440;361.426;-423.2755;-2328.146
30470;317.0827;-462.5607;-2318.07
30500;264.8091;-491.705;-2299.77
30540;219.2451;-515.7223;-2278.191
30570;198.9025;-539.5755;-2254.721
30610;198.7957;-539.5217;-2254.598
30640;204.7142;-532.6082;-2259.356
30670;244.9209;-512.3425;-2277.005
30710;277.8109;-499.8663;-2283.683
30740;328.749;-477.1717;-2289.364
30770;370.7814;-432.2171;-2298.898
30820;410.3492;-386.8642;-2314.262
30850;449.3213;-326.5031;-2305.192
30890;504.0835;-249.4927;-2329.579
30920;536.8085;-190.3457;-2354.262
30950;560.713;-128.3686;-2377.646
30980;568.9715;-44.77436;-2390.517
31020;566.1291;41.86328;-2421.039
31040;608.3193;139.3523;-2453.202
31070;542.5795;206.6114;-2455.469
31120;541.744;290.4;-2500.826
31130;537.0759;399.6628;-2529.295
31170;433.5231;415.6415;-2535.026
31200;361.3537;424.1611;-2533.725
31250;312.0827;493.7122;-2558.268
31280;253.5045;577.4211;-2574.358
31300;197.7876;635.8276;-2585.63
31350;143.8889;660.6648;-2586.391
31380;92.26173;664.6007;-2572.294
31420;66.52783;663.1556;-2567.124
31450;38.79009;659.1011;-2558.603
31480;35.76019;657.9487;-2556.837
31510;38.50891;657.601;-2554.293
31550;53.67537;634.4226;-2549.751
31580;110.0327;665.1413;-2573.698
31610;160.0491;707.232;-2588.324
31650;214.3119;632.9448;-2581.192
31680;268.4608;568.6931;-2587.068
31710;341.6394;562.9425;-2600.486
31751;415.6144;536.3942;-2600.264
31781;434.043;426.2588;-2576.095
31811;466.0916;336.1148;-2565.733
31841;491.9889;249.131;-2546.51
31881;523.4747;173.0286;-2529.776
31911;533.5584;88.86942;-2504.848
31941;545.5046;14.9892;-2487.047
31981;541.503;-73.81982;-2464.143
32011;528.5499;-151.9973;-2442.023
32041;497.4259;-227.2576;-2398.984
32081;468.3783;-297.4301;-2379.16
32111;409.913;-360.9616;-2354.406
32141;375.0898;-409.1222;-2332.288
32181;332.9844;-454.7611;-2319.272
32211;281.8397;-479.61;-2300.744
32241;234.9179;-505.733;-2278.702
32283;225.0173;-509.1455;-2275.787
32313;198.5209;-534.5511;-2247.951
32343;198.5969;-534.6071;-2247.824
32373;201.6103;-533.0513;-2249.178
32413;237.848;-512.9415;-2268.049
32443;266.3848;-502.7617;-2278.534
32473;315.8404;-483.895;-2284.882
32513;352.8801;-454.2659;-2286.649
32543;399.0803;-427.3191;-2303.228
32573;431.7485;-381.4493;-2317.413
32603;477.3997;-317.6697;-2331.68
32643;516.2929;-249.9492;-2342.191
32673;548.8727;-192.4877;-2368.978
32713;571.0138;-105.0314;-2394.196
32743;575.7787;-37.53487;-2401.381
32773;573.4282;43.52472;-2430.212
32803;647.2125;159.1568;-2459.473
32843;615.9498;241.792;-2485.58
32873;551.2214;301.6985;-2510.352
32923;534.3747;396.6332;-2537.993
32933;444.5554;417.2448;-2543.617
32973;435.6732;530.0457;-2583.076
33023;348.5563;537.8295;-2592.153
33053;271.2993;558.1025;-2585.409
33093;209.6917;567.0096;-2578.731
33123;165.6079;588.3196;-2605.302
33133;130.3819;634.9424;-2597.809
33173;110.8702;638.1657;-2595.545
33203;93.64748;637.9622;-2592.066
33243;89.59392;636.1417;-2590.577
33273;89.80601;636.1349;-2590.775
33303;100.6596;637.2582;-2592.738
33333;142.9325;653.4249;-2603.518
33373;176.9682;625.9496;-2586.011
33403;224.433;568.954;-2582.34
33433;266.7639;559.8656;-2583.282
33473;356.2514;570.4382;-2583.754
33503;421.8565;536.1751;-2572.441
33533;439.6713;420.0994;-2544.144
33573;465.4561;320.3801;-2518.758
33623;534.6396;273.2884;-2505.342
33653;533.7366;132.8125;-2465.367
33693;541.0229;63.29052;-2456.648
33703;541.6944;-33.13392;-2413.491
33743;527.416;-126.7226;-2387.762
33774;507.0786;-208.2958;-2373.213
33804;470.3546;-287.6479;-2338.069
33834;405.1791;-353.3636;-2314.659
33874;367.9097;-409.2184;-2300.295
33904;327.4578;-455.2573;-2285.414
33934;276.1192;-481.7726;-2271.674
33974;223.0974;-501.9346;-2250.192
34024;212.4024;-508.7458;-2252.942
34034;199.5265;-527.4334;-2235.667
34074;200.8003;-529.6396;-2234.96
34104;210.293;-525.0546;-2240.06
34154;241.0872;-510.3152;-2257.468
34164;286.0323;-503.6583;-2281.139
34204;323.3781;-486.8991;-2283.214
34234;359.878;-461.7371;-2288.365
34274;400.0759;-425.8349;-2306.504
34324;439.8683;-384.6387;-2322.035
34354;477.3507;-324.4086;-2331.929
34384;520.0505;-256.863;-2354.111
34414;555.7196;-205.7581;-2377.158
34434;568.8734;-133.9507;-2389.244
34474;596.255;-47.66048;-2415.253
34504;592.3065;27.59862;-2452.322
34534;584.2345;106.5566;-2463.918
34564;558.6574;172.9926;-2476.473
34604;557.1685;268.5598;-2511.636
34634;528.6984;338.0697;-2526.16
34664;498.7553;420.0593;-2558.417
34704;448.9191;483.1772;-2572.876
34734;408.857;565.6035;-2589.91
34784;337.0322;577.8948;-2588.704
34814;260.6768;570.6852;-2585.131
34834;220.7532;636.0281;-2586.909
34884;172.3687;620.7188;-2583.399
34914;151.2332;617.9144;-2580.446
34954;129.1224;663.2445;-2589.33
34984;122.539;662.4584;-2587.708
35014;126.055;631.3559;-2584.671
35054;129.426;631.6004;-2585.3
35084;147.0442;661.7623;-2594.471
35114;208.3551;698.808;-2598.48
35144;240.6801;592.4758;-2584.313
35184;270.9295;562.6166;-2583.768
35214;339.8199;551.0638;-2589.029
35254;407.4823;548.3285;-2579.482
35284;446.4952;468.0063;-2569.848
35314;493.235;404.8204;-2550.733
35354;503.7236;295.9118;-2525.411
35384;580.0522;257.7466;-2514.07
35414;542.4435;124.5594;-2475.774
35444;552.8429;43.72152;-2465.357
35484;550.3295;-47.9953;-2433.306
35514;564.1533;-134.3992;-2407.746
35554;509.5195;-210.8804;-2389.275
35574;491.9365;-287.9239;-2367.002
35614;435.5678;-350.1108;-2336.737
35644;404.1435;-406.5205;-2316.091
35674;352.7816;-443.4287;-2299.995
35714;311.4969;-482.2523;-2290.323
35744;264.528;-494.7403;-2276.837
35774;221.2592;-509.2904;-2259.076
35814;203.7646;-527.0889;-2243.325
35844;200.95;-528.4364;-2242.579
35874;200.3792;-528.6268;-2241.708
35914;202.2291;-528.0245;-2241.533
35944;228.76;-508.7693;-2253.866
35984;258.3102;-504.1735;-2262.419
36014;302.5313;-490.8241;-2281.206
36044;322.2355;-481.4847;-2279.508
36084;368.2256;-447.9745;-2297.769
36114;412.3933;-417.307;-2302.936
36144;438.2111;-363.2538;-2323.618
36174;486.8293;-300.2782;-2335.116
36214;524.4544;-243.3183;-2353.987
36244;560.3076;-184.5006;-2374.876
36274;580.6926;-109.1925;-2394.601
36314;580.2719;-31.15891;-2401.48
36344;567.7375;52.65779;-2437.697
36374;641.7527;162.1861;-2457.142
36414;599.5034;235.1884;-2475.05
36444;544.234;297.4212;-2497.028
36474;548.2275;400.9159;-2520.962
36504;452.316;422.5754;-2531.946
36544;414.7306;492.1281;-2542.161
36574;348.4592;499.5582;-2552.967
36604;312.5244;590.3721;-2567.481
36644;248.9319;616.7037;-2569.271
36674;198.9099;633.0306;-2570.122
36704;159.0522;665.801;-2575.368
36744;142.6653;693.0757;-2574.595
36774;122.7413;699.4109;-2570.095
36804;116.4857;700.8618;-2567.379
36844;116.9265;700.6149;-2566.256
36874;137.3832;658.7023;-2561.1
36904;171.8611;663.4091;-2554.563
36944;214.4725;639.8777;-2557.356
36974;250.7579;568.5052;-2561.214
37024;322.6169;591.6608;-2570.124
37044;364.6744;521.927;-2566.408
37074;429.5759;493.6612;-2568.559
37104;474.8849;427.1032;-2562.978
37134;467.3307;302.4066;-2533.884
37174;502.9253;232.4617;-2522.941
37204;544.2675;124.3335;-2500.045
37234;547.418;65.86967;-2480.204
37274;548.6631;-36.54422;-2457.897
37308;549.7948;-105.7615;-2452.475
37358;518.7054;-189.4543;-2419.958
37368;497.3182;-271.6538;-2398.088
37408;445.7318;-351.8438;-2375.778
37438;408.4078;-404.8636;-2347.445
37468;354.9162;-458.2188;-2326.56
37498;299.4095;-498.3203;-2314.97
37538;235.0244;-516.033;-2290.587
37568;212.5902;-537.5092;-2255.115
37598;211.9163;-538.7125;-2251.424
37638;219.5255;-530.1662;-2251.948
37668;253.6002;-507.9018;-2263.238
37718;273.5889;-506.5536;-2267.955
37748;305.5038;-510.57;-2266.658
37768;320.3463;-509.5197;-2263.715
37818;347.5183;-519.6528;-2249.085
37848;355.3259;-518.856;-2249.085
37878;361.5343;-518.0845;-2249.276
37918;367.4644;-516.6452;-2249.007
37948;370.0795;-515.204;-2249.1
37968;373.5468;-519.0787;-2245.91
38018;372.9893;-523.0035;-2242.597
38048;371.2478;-526.2798;-2238.35
38088;363.607;-530.6238;-2232.358
38118;355.6581;-533.9957;-2227.63
38148;340.7536;-540.6339;-2217.862
38178;324.2113;-538.9384;-2211.81
38218;307.6794;-534.5389;-2204.714
38248;289.2615;-536.8533;-2192.566
38278;273.2946;-537.301;-2181.856
38318;254.3888;-535.1157;-2169.741
38348;238.9189;-528.4189;-2166.743
38378;226.7472;-526.3105;-2162.205
38418;209.5792;-523.5768;-2157.462
38448;192.6563;-526.7913;-2152.583
38478;172.8789;-515.983;-2158.052
38518;162.3085;-521.0653;-2154.051
38548;135.1974;-526.2069;-2151.204
38578;119.9748;-517.6659;-2155.667
38608;105.85;-525.9513;-2144.071
38648;93.67267;-516.1793;-2152.706
38678;81.05431;-507.7878;-2157.515
38708;73.02058;-501.7719;-2158.402
38748;59.01577;-496.6201;-2158.872
38778;49.70551;-496.6785;-2156.045
38808;42.54126;-494.9437;-2155.593
38848;28.69818;-506.4899;-2143.521
38878;20.53088;-498.3357;-2143.407
