
0;-137.2093;-760.8156;-2169.02
60;-137.0072;-759.2869;-2168.389
110;-136.9161;-758.9767;-2168.238
140;-137.0587;-758.3561;-2167.975
160;-137.0997;-758.0106;-2167.842
210;-137.17;-757.7274;-2167.715
250;-137.2418;-757.5404;-2167.631
270;-137.3365;-757.4128;-2167.541
310;-137.4351;-757.2055;-2167.558
340;-137.5928;-757.019;-2167.693
380;-137.801;-756.8777;-2168.034
410;-137.9236;-756.9498;-2168.349
440;-138.0656;-756.843;-2168.776
480;-138.4165;-756.8306;-2169.166
510;-138.6405;-756.9474;-2169.439
540;-139.0269;-757.0608;-2169.642
570;-139.4339;-757.2182;-2169.864
610;-139.9866;-757.5848;-2170.188
640;-140.7144;-758.3371;-2170.287
662;-141.7097;-759.4506;-2170.318
712;-143.1246;-760.6866;-2170.092
742;-144.1153;-761.7717;-2169.464
772;-144.8025;-763.0862;-2168.674
802;-145.1191;-763.8037;-2168.148
842;-144.8673;-764.8299;-2167.474
872;-143.2241;-765.7225;-2166.144
902;-141.3029;-766.3618;-2165.31
942;-141.2307;-766.4953;-2165.176
972;-141.4404;-766.7913;-2165.03
1002;-143.0146;-764.8464;-2164.649
1042;-150.2525;-758.8992;-2164.555
1072;-150.7899;-759.1603;-2164.888
1102;-150.8306;-760.7086;-2165.871
1142;-150.2516;-763.8919;-2167.97
1172;-147.5095;-767.1422;-2170.472
1202;-145.352;-768.1896;-2173.13
1242;-144.6634;-769.1063;-2175.775
1272;-144.6513;-769.6943;-2176.911
1302;-144.9284;-769.8524;-2177.353
1342;-145.0996;-769.9139;-2177.365
1372;-145.4927;-770.0643;-2177.132
1402;-147.8022;-768.9897;-2176.923
1442;-149.0001;-768.595;-2176.66
1472;-149.5929;-768.1038;-2176.611
1502;-150.109;-767.7981;-2176.468
1532;-150.6795;-767.4018;-2176.339
1572;-150.4651;-767.3586;-2176.11
1602;-150.4826;-767.4332;-2175.976
1632;-150.478;-767.4841;-2175.884
1672;-150.4329;-767.48;-2175.671
1702;-150.1463;-767.4377;-2175.516
1732;-149.8129;-767.6304;-2175.396
1772;-149.4171;-767.6977;-2175.272
1802;-148.9784;-768.33;-2175.038
1832;-148.135;-768.8636;-2174.932
1872;-148.0431;-768.8167;-2174.966
1902;-148.1228;-768.8342;-2175.011
1952;-148.1709;-768.8034;-2175.089
1962;-148.0627;-768.4673;-2175.146
2002;-148.1764;-768.4781;-2175.173
2032;-148.2133;-768.4974;-2175.224
2072;-148.1723;-768.4361;-2175.26
2104;-148.2761;-768.5229;-2175.309
2134;-148.3349;-768.5325;-2175.351
2164;-148.369;-768.5776;-2175.363
2214;-148.2722;-768.5433;-2175.41
2254;-148.1146;-768.4651;-2175.47
2284;-148.1498;-768.5624;-2175.552
2294;-148.2124;-768.6106;-2175.611
2334;-148.21;-768.5961;-2175.637
2384;-149.4278;-767.8694;-2176.173
2414;-151.0377;-766.7717;-2176.827
2444;-149.857;-769.6672;-2176.566
2484;-147.8971;-771.2283;-2176.586
2514;-146.8372;-772.9575;-2176.271
2544;-146.646;-773.466;-2176.222
2564;-146.4117;-773.7719;-2176.364
2614;-145.9687;-773.9026;-2176.572
2644;-145.5429;-773.9536;-2176.663
2664;-145.0017;-773.9484;-2176.95
2714;-144.1845;-773.3022;-2177.606
2744;-143.3338;-772.9199;-2178.22
2754;-142.2555;-770.9277;-2178.985
2814;-141.2036;-769.1462;-2179.893
2844;-140.6067;-767.7641;-2180.476
2884;-139.9453;-764.5226;-2181.528
2914;-139.9151;-762.8608;-2181.99
2944;-139.5645;-759.0544;-2183.15
2984;-139.6932;-753.4044;-2184.322
3014;-139.6155;-750.2767;-2184.919
3044;-139.2144;-747.9688;-2184.994
3084;-138.4799;-744.8981;-2184.915
3114;-137.9504;-742.4049;-2184.563
3144;-137.0246;-740.8126;-2184.024
3184;-132.2703;-734.3826;-2182.713
3214;-129.9381;-730.4207;-2181.621
3244;-129.0085;-729.7469;-2181.058
3274;-128.5821;-729.1172;-2180.764
3314;-127.5852;-727.53;-2180.232
3344;-127.4423;-727.4286;-2180.128
3374;-126.3407;-726.6456;-2179.998
3404;-125.9519;-726.5414;-2180.006
3444;-126.4174;-729.3323;-2180.408
3474;-126.7544;-730.9797;-2180.877
3514;-127.3662;-732.0602;-2181.086
3544;-127.8993;-732.8909;-2181.136
3574;-126.8979;-732.7306;-2181.414
3614;-125.58;-733.1104;-2181.515
3644;-124.3201;-733.9915;-2181.392
3674;-123.3697;-735.3668;-2181.291
3714;-123.3703;-742.4754;-2181.042
3744;-123.7443;-746.6179;-2180.72
3784;-124.3081;-750.5186;-2180.327
3814;-123.6868;-756.4113;-2179.748
3844;-122.9715;-762.2239;-2179.137
3874;-122.8503;-765.119;-2178.766
3914;-122.7245;-768.127;-2178.46
3944;-122.9707;-769.9855;-2178.314
3974;-123.1184;-771.5845;-2178.067
4014;-124.3547;-772.3223;-2177.842
4044;-122.9858;-771.5788;-2177.367
4074;-121.578;-771.2249;-2176.673
4104;-123.303;-774.6166;-2175.602
4124;-124.4575;-774.8618;-2175.179
4174;-126.532;-774.2663;-2175.239
4214;-130.7661;-771.5136;-2176.112
4244;-132.9132;-770.361;-2176.62
4274;-134.5172;-769.4111;-2177.073
4304;-134.5885;-769.433;-2177.144
4344;-129.7258;-770.0761;-2177.347
4374;-129.4929;-769.9371;-2177.566
4404;-129.4049;-769.7636;-2177.742
4434;-129.6547;-771.142;-2178.303
4474;-129.5299;-771.9969;-2178.88
4504;-130.421;-772.3203;-2179.65
4534;-130.3374;-772.3326;-2180.353
4574;-130.1266;-772.3627;-2180.667
4604;-129.7179;-772.1064;-2181.017
4634;-129.1871;-771.4438;-2181.74
4674;-129.0969;-769.6263;-2182.654
4704;-128.8363;-767.9652;-2183.288
4734;-128.5346;-766.316;-2183.978
4774;-124.6715;-756.1093;-2186.269
4804;-124.895;-756.119;-2186.528
4834;-124.961;-755.8615;-2186.833
4874;-125.0808;-754.6501;-2187.547
4904;-122.8468;-740.6557;-2190.267
4934;-122.3103;-734.7202;-2190.686
4974;-121.9859;-731.6415;-2190.665
5004;-122.1479;-723.0582;-2192.344
5034;-122.6483;-717.931;-2192.775
5064;-123.7227;-711.997;-2193.007
5104;-124.4608;-715.8372;-2190.199
5134;-124.8707;-714.6473;-2188.95
5184;-124.7916;-723.8338;-2185.044
5214;-124.8503;-725.8158;-2183.547
5234;-124.5456;-727.4855;-2182.218
5274;-124.0507;-726.6271;-2181.459
5304;-123.7412;-726.6689;-2181.21
5334;-125.2358;-731.9394;-2180.293
5364;-126.1044;-735.7889;-2179.924
5404;-126.628;-738.1166;-2179.732
5434;-126.5004;-741.2159;-2179.427
5464;-126.1146;-743.7718;-2179.632
5514;-126.0818;-746.8561;-2179.579
5534;-125.7095;-749.4537;-2179.87
5564;-125.2152;-751.0224;-2179.898
5594;-125.086;-754.7299;-2179.69
5634;-124.8337;-756.778;-2179.221
5664;-125.444;-760.7581;-2178.272
5714;-125.9581;-764.7726;-2176.966
5744;-125.9177;-767.3904;-2176.04
5784;-126.6084;-769.0012;-2175.544
5814;-127.3062;-770.0503;-2175.198
5844;-128.0236;-772.2083;-2174.467
5884;-128.1451;-771.7504;-2174.342
5914;-129.0618;-772.5383;-2174.011
5944;-129.8199;-773.3455;-2173.438
5984;-130.7412;-773.5736;-2173.109
6014;-134.7612;-771.773;-2173.256
6044;-135.8423;-770.8922;-2173.071
6064;-135.9665;-770.4049;-2173.07
6114;-136.2136;-770.1922;-2173.135
6124;-136.869;-769.7014;-2173.53
6164;-137.0208;-769.7907;-2173.708
6214;-136.9278;-770.5558;-2174.051
6244;-136.4152;-771.2095;-2174.267
6284;-136.682;-771.4722;-2174.535
6314;-136.9079;-771.6799;-2174.813
6344;-137.0926;-771.8533;-2175.423
6374;-136.2386;-772.2179;-2176.136
6414;-135.855;-772.3068;-2176.758
6444;-134.8361;-772.4252;-2177.637
6474;-133.6558;-772.2017;-2178.342
6514;-133.6057;-771.6544;-2178.936
6544;-132.0296;-770.4254;-2179.847
6574;-131.9504;-768.0775;-2180.694
6614;-132.6925;-764.0698;-2182.029
6644;-132.7188;-761.6787;-2182.567
6674;-133.0188;-758.7156;-2183.132
6704;-132.9221;-756.217;-2183.694
6744;-133.3561;-752.3679;-2184.474
6774;-131.6781;-744.6887;-2185.06
6804;-131.8606;-744.3468;-2185.124
6844;-132.2541;-743.1464;-2185.018
6874;-130.2468;-737.3717;-2184.409
6904;-128.5726;-733.1746;-2183.642
6934;-127.7822;-728.3095;-2183.699
6974;-127.5056;-729.2852;-2182.326
7004;-127.5765;-723.6448;-2182.276
7044;-127.5218;-725.3936;-2180.927
7074;-127.4515;-724.3134;-2180.38
7107;-127.4762;-724.2488;-2180.303
7139;-127.216;-723.5591;-2180.13
7179;-127.1705;-723.4732;-2180.135
7209;-126.5931;-723.4103;-2180.29
7239;-126.0101;-723.3691;-2180.476
7269;-127.6943;-727.2816;-2181.455
7309;-128.4919;-730.488;-2182.572
7339;-129.0843;-733.2557;-2182.957
7369;-129.7211;-735.7002;-2183.118
7409;-130.3597;-739.9067;-2182.888
7439;-130.9904;-742.5376;-2182.444
7469;-131.1228;-744.2489;-2181.91
7509;-131.4479;-747.8217;-2181.038
7539;-131.7771;-752.4531;-2179.729
7569;-130.4566;-758.9144;-2177.909
7609;-129.6358;-762.283;-2176.907
7639;-128.9824;-765.6652;-2176.453
7669;-128.6228;-767.174;-2176.153
7699;-129.9102;-768.7561;-2176.2
7739;-129.0808;-771.6284;-2175.435
7789;-128.0054;-771.3118;-2175.072
7799;-128.0652;-770.8412;-2174.646
7839;-127.3154;-770.7375;-2174.12
7869;-127.0553;-770.7042;-2173.426
7899;-128.912;-770.5554;-2172.245
7939;-131.96;-768.8616;-2171.355
7969;-132.1501;-768.7092;-2171.179
7999;-132.6986;-768.3156;-2170.92
8039;-132.8891;-768.1211;-2170.763
8069;-133.7414;-766.8095;-2170.491
8099;-131.318;-767.8774;-2169.76
8139;-127.1952;-768.0497;-2169.102
8189;-126.9035;-768.0224;-2169.082
8219;-125.8733;-768.063;-2168.99
8249;-125.7222;-768.8783;-2168.985
8259;-125.6957;-769.2211;-2169.036
8299;-125.3699;-769.4404;-2169.068
8329;-124.8855;-769.5458;-2169.167
8369;-124.5785;-769.4124;-2169.325
8399;-123.7785;-769.0971;-2169.648
8429;-122.7808;-768.2118;-2170.183
8469;-121.9116;-767.1184;-2170.698
8499;-121.4045;-765.858;-2171.175
8549;-122.609;-763.3632;-2172.245
8579;-123.263;-761.052;-2173.434
8599;-121.7008;-754.7627;-2174.949
8649;-123.6581;-752.4612;-2176.516
8679;-125.4497;-750.1771;-2178.065
8719;-126.4398;-747.5852;-2179.101
8749;-124.4424;-738.8343;-2180.246
8779;-123.3037;-733.2595;-2180.456
8809;-123.1814;-731.5125;-2180.34
8849;-122.933;-728.9978;-2180.026
8879;-123.1253;-727.4352;-2179.793
8909;-123.329;-726.0395;-2179.522
8949;-123.5875;-724.3501;-2179.456
8979;-123.7147;-717.9691;-2180.882
9009;-123.8502;-720.9624;-2180.188
9049;-123.7344;-722.9119;-2179.789
9079;-122.5069;-723.1087;-2180.005
9109;-122.1144;-723.3522;-2180.287
9149;-122.0041;-724.0552;-2180.892
9179;-121.5574;-724.5141;-2181.736
9209;-121.0999;-725.7145;-2182.518
9229;-121.4087;-733.5355;-2183.278
9279;-121.1378;-734.0745;-2183.603
9309;-120.9512;-739.6416;-2183.906
9329;-121.4333;-742.7985;-2183.787
9379;-120.8738;-743.75;-2183.904
9409;-119.7084;-749.3812;-2183.225
9439;-119.3642;-753.4175;-2182.568
9479;-119.4841;-758.3577;-2180.998
9509;-119.5567;-762.1628;-2179.468
9539;-119.5724;-764.1902;-2178.453
9579;-119.2374;-766.114;-2177.37
9609;-119.4893;-768.1061;-2176.708
9639;-119.8748;-769.4736;-2176.112
9679;-119.4668;-770.1531;-2175.577
9709;-117.8701;-770.7722;-2174.965
9739;-118.5472;-771.5421;-2174.6
9779;-121.3699;-771.2079;-2174.262
9809;-126.891;-768.5417;-2174.429
9839;-127.6232;-768.2953;-2174.503
9869;-127.1466;-768.2686;-2174.368
9909;-125.6896;-768.0376;-2174.315
9939;-125.6462;-767.8317;-2174.265
9969;-126.9439;-767.1866;-2174.132
10009;-125.4532;-769.1364;-2173.423
10039;-123.2605;-769.904;-2172.688
10069;-123.2795;-770.5717;-2172.357
10109;-123.2461;-770.6547;-2172.201
10139;-123.0391;-770.7525;-2171.865
10169;-122.9314;-770.7906;-2171.732
10209;-122.7764;-770.7737;-2171.645
10239;-122.4887;-770.5803;-2171.69
10269;-121.6395;-770.1389;-2171.87
10309;-120.7893;-769.2982;-2172.134
10339;-120.115;-768.1007;-2172.475
10369;-119.5232;-766.8954;-2172.543
10409;-119.0445;-765.6541;-2172.703
10439;-119.0324;-764.2792;-2172.769
10469;-120.3586;-761.8959;-2173.615
10499;-119.8246;-760.9833;-2174.02
10539;-121.892;-755.3872;-2176.317
10569;-123.4985;-751.7043;-2178.792
10609;-124.5689;-746.7303;-2181.055
10639;-125.2693;-744.5002;-2182.213
10669;-122.2246;-735.2225;-2183.354
10719;-121.8312;-734.1097;-2183.235
10729;-121.2249;-732.313;-2182.784
10769;-120.9922;-731.8304;-2182.514
10799;-120.6056;-729.0977;-2182.507
10839;-120.239;-726.9181;-2182.586
10869;-119.7732;-729.8402;-2181.353
10899;-119.4833;-729.2321;-2181.269
10949;-119.2836;-728.5398;-2181.301
10959;-121.0784;-733.611;-2181.225
11019;-121.668;-735.5765;-2181.243
11049;-122.1315;-737.5338;-2181.086
11089;-122.5159;-738.8923;-2180.884
11099;-123.0214;-740.7875;-2180.669
11149;-122.9239;-742.7828;-2180.49
11179;-122.9035;-744.3488;-2180.412
11219;-121.9932;-744.238;-2180.3
11249;-120.5005;-750.2996;-2179.746
11259;-119.8612;-756.0541;-2179.123
11319;-119.7639;-760.2315;-2178.635
11349;-121.4908;-762.6235;-2178.486
11379;-121.2838;-765.8434;-2178.2
11419;-121.1013;-768.449;-2178.034
11449;-120.9534;-770.2534;-2177.921
11479;-120.4237;-770.0519;-2177.767
11519;-120.4618;-769.942;-2177.671
11549;-119.9853;-770.0699;-2177.512
11579;-119.8752;-771.1057;-2176.892
11609;-124.0024;-769.4926;-2177.114
11649;-126.1667;-768.5757;-2177.098
11680;-127.0733;-768.0723;-2177.228
11710;-128.1462;-767.629;-2177.471
11750;-128.109;-767.624;-2177.51
11780;-124.3139;-768.4275;-2177.356
11810;-122.1063;-769.5793;-2177.272
11850;-123.179;-770.9628;-2177.414
11880;-122.9741;-771.8918;-2177.688
11910;-122.8884;-772.3152;-2177.778
11950;-122.6807;-772.5779;-2177.974
11980;-122.3169;-772.7994;-2178.272
12010;-122.1312;-772.77;-2178.486
12050;-121.6332;-772.0217;-2178.83
12080;-121.2828;-770.7952;-2179.132
12110;-120.71;-769.5788;-2179.387
12135;-120.085;-768.3245;-2179.662
12175;-121.4339;-764.5048;-2180.776
12215;-122.2565;-761.8809;-2181.484
12245;-121.1445;-759.95;-2181.776
12275;-121.6654;-756.8811;-2182.26
12305;-122.4556;-754.2086;-2182.59
12345;-122.8846;-745.046;-2183.652
12375;-122.2262;-738.6941;-2183.71
12405;-122.1058;-735.9581;-2183.844
12445;-121.8597;-734.7942;-2183.8
12475;-121.5943;-733.9524;-2183.521
12505;-120.9383;-731.5792;-2182.976
12545;-120.1973;-730.9868;-2182.154
12575;-119.5618;-727.9754;-2181.757
12605;-119.2869;-727.0928;-2181.477
12645;-119.0993;-728.7477;-2180.771
12675;-118.8815;-728.0941;-2180.657
12705;-118.8467;-728.1311;-2180.707
12745;-118.9067;-728.2529;-2180.877
12775;-120.8647;-731.9717;-2181.384
12805;-121.793;-734.5499;-2181.837
12835;-121.9669;-736.8939;-2182.083
12875;-122.0278;-738.5125;-2182.135
12905;-122.2143;-740.0209;-2182.14
12935;-122.3661;-742.3326;-2182.242
12975;-122.3685;-745.4994;-2182.116
13005;-122.2703;-746.8145;-2182.26
13035;-120.3534;-751.3716;-2182.34
13075;-119.6221;-754.4814;-2182.086
13105;-118.7042;-757.3561;-2181.635
13135;-118.2446;-761.5856;-2181.484
13175;-118.3545;-765.2207;-2181.098
13205;-118.3935;-768.1285;-2180.479
13235;-118.643;-769.7941;-2179.919
13275;-119.0071;-771.0153;-2179.389
13305;-119.6103;-771.2077;-2178.896
13335;-119.0592;-772.0881;-2178.067
13365;-120.7654;-772.7468;-2177.284
13405;-126.0821;-771.2892;-2176.023
13435;-127.3801;-770.6237;-2175.119
13465;-127.8344;-770.3775;-2174.513
13505;-128.6855;-769.5314;-2174.237
13535;-129.5791;-768.7342;-2174.291
13565;-129.7793;-769.1597;-2174.155
13605;-130.1401;-770.0233;-2174.009
13635;-129.0831;-771.2269;-2173.493
13665;-129.0836;-771.2881;-2173.4
13705;-128.8931;-771.3046;-2173.132
13735;-128.65;-771.2365;-2172.671
13765;-128.2861;-771.1279;-2172.321
13805;-127.4217;-770.9397;-2171.51
13835;-126.4327;-770.3005;-2170.954
13865;-125.4881;-769.4647;-2170.404
13915;-124.5724;-767.1944;-2169.689
13945;-122.9891;-765.1463;-2168.813
13965;-122.0368;-758.7311;-2168.166
14015;-122.0416;-755.5967;-2167.403
14045;-122.5687;-754.4777;-2167.293
14085;-121.6659;-753.8297;-2166.524
14115;-122.9226;-750.5647;-2166.134
14145;-124.2972;-746.666;-2166.33
14185;-125.4431;-743.3214;-2166.499
14215;-123.2719;-731.6149;-2166.375
14245;-122.2657;-728.2919;-2166.465
14285;-122.0963;-726.7972;-2166.327
14315;-122.2524;-719.022;-2167.919
14345;-122.1994;-718.3281;-2167.699
14385;-121.991;-722.3994;-2166.319
14415;-121.9046;-722.2701;-2166.34
14445;-121.8992;-722.1542;-2166.439
14485;-121.7327;-722.202;-2166.555
14515;-120.4292;-721.7103;-2166.995
14545;-120.3409;-721.564;-2167.448
14585;-120.5689;-721.4343;-2168.296
14605;-120.992;-721.5881;-2169.085
14645;-122.1488;-726.9604;-2169.753
14685;-122.4609;-731.5644;-2169.802
14715;-122.3313;-732.1756;-2170.029
14745;-121.554;-733.475;-2170.224
14775;-120.9322;-735.0527;-2170.132
14815;-120.2277;-736.3749;-2170.359
14845;-117.9989;-742.8052;-2170.477
14875;-120.0621;-748.0228;-2170.452
14915;-119.3593;-754.1559;-2170.18
14945;-118.9786;-758.0299;-2170.022
14975;-118.78;-760.9219;-2169.846
15005;-119.0971;-763.1436;-2169.54
15045;-119.8032;-765.161;-2169.065
15075;-120.1752;-766.9937;-2168.246
15115;-120.347;-768.392;-2167.295
15145;-120.6855;-768.1904;-2166.885
15175;-121.634;-767.2917;-2166.462
15205;-121.6344;-767.29;-2166.454
15245;-121.5901;-767.2046;-2166.572
15275;-120.1226;-768.0682;-2166.382
15305;-118.0545;-769.6654;-2166.542
15345;-118.2092;-770.3911;-2166.803
15375;-118.3055;-770.7869;-2167.182
15405;-118.284;-771.1544;-2167.607
15445;-118.353;-771.2695;-2168.057
15475;-118.4872;-771.2069;-2168.548
15505;-118.5485;-770.9236;-2168.99
15535;-119.0456;-770.0142;-2169.846
15575;-119.2282;-768.0549;-2171.066
15605;-119.5999;-765.9174;-2172.048
15635;-120.7074;-759.4693;-2173.595
15675;-121.362;-755.7814;-2174.845
15705;-121.8885;-752.0653;-2175.358
15735;-122.2373;-749.5233;-2175.88
15775;-122.8846;-747.1372;-2176.721
15805;-122.8935;-744.1778;-2177.348
15835;-122.2915;-741.2407;-2177.897
15875;-122.357;-741.1799;-2178.03
15905;-120.9201;-735.7977;-2179.041
15935;-119.8379;-724.8031;-2182.047
15975;-119.8658;-726.0785;-2180.966
16025;-119.6254;-732.0864;-2178.646
16035;-119.2858;-730.3723;-2178.551
16075;-119.2896;-729.0139;-2177.947
16105;-119.5408;-726.6653;-2177.318
16155;-119.7012;-726.095;-2177.063
16185;-119.4108;-725.305;-2176.865
16215;-119.3287;-725.0091;-2176.758
16235;-119.2661;-725.0891;-2176.727
16265;-119.2805;-725.1774;-2176.761
16305;-119.2859;-725.306;-2176.764
16335;-119.2109;-726.4105;-2176.869
16375;-119.3028;-727.3807;-2176.891
16405;-120.6744;-732.444;-2176.958
16435;-121.4766;-736.0034;-2176.998
16465;-121.6151;-739.6401;-2176.848
16505;-121.2752;-740.6901;-2176.852
16555;-121.9298;-742.8371;-2177.047
16575;-122.9529;-747.9677;-2176.707
16605;-121.707;-752.546;-2176.044
16655;-121.1609;-756.5497;-2175.341
16685;-122.731;-759.4335;-2174.381
16716;-122.1722;-762.3611;-2173.309
16746;-122.3954;-764.8011;-2172.302
16786;-123.3251;-766.8289;-2171.293
16816;-123.5312;-767.9001;-2170.31
16846;-123.6839;-769.7669;-2168.953
16886;-123.7688;-769.8001;-2168.031
16896;-128.0444;-767.6891;-2167.213
16936;-128.1307;-767.4512;-2166.794
16966;-127.0112;-766.6316;-2166.319
17016;-127.4888;-765.8235;-2166.417
17026;-123.6756;-767.2801;-2165.699
17066;-120.939;-767.6565;-2165.862
17116;-120.5586;-768.7045;-2165.673
17146;-120.392;-769.0319;-2165.525
17181;-120.364;-769.1165;-2165.46
17214;-120.3563;-769.0689;-2165.436
17244;-120.2911;-768.9247;-2165.382
17284;-120.1823;-768.8417;-2165.42
17314;-119.7233;-767.8555;-2165.698
17344;-120.8761;-765.0704;-2166.386
17384;-120.1486;-763.5524;-2166.795
17414;-118.7463;-762.6507;-2166.84
17444;-118.9549;-760.5094;-2167.148
17484;-118.848;-757.8787;-2167.428
17514;-118.899;-756.1332;-2167.49
17544;-117.5593;-755.1871;-2167.218
17574;-118.2289;-752.8302;-2167.233
17614;-118.6342;-750.0001;-2167.238
17644;-118.1022;-739.6876;-2167.511
17684;-117.9427;-733.4612;-2168.127
17715;-117.7909;-731.4672;-2168.062
17745;-117.8069;-729.4514;-2168.187
17775;-117.8948;-715.6534;-2170.929
17805;-117.7126;-716.9434;-2170.347
17845;-117.5023;-725.9683;-2167.541
17875;-117.5049;-725.6263;-2167.164
17915;-117.3621;-725.0914;-2166.878
17945;-117.0936;-723.9116;-2166.756
17995;-117.0629;-721.9903;-2166.718
18005;-117.0347;-721.7579;-2166.595
18045;-118.7813;-726.0123;-2165.939
18075;-119.3893;-729.8281;-2165.65
18105;-119.4368;-731.4564;-2165.471
18145;-119.7889;-733.0446;-2165.117
18175;-119.8405;-735.5156;-2164.868
18205;-119.3417;-738.3951;-2163.955
18245;-118.9596;-741.0278;-2163.899
18275;-119.4877;-743.8011;-2163.925
18305;-117.544;-749.7631;-2163.947
18335;-117.2429;-751.4787;-2163.929
18375;-116.4387;-754.9304;-2163.884
18405;-116.7545;-757.3296;-2163.815
18435;-117.1422;-759.9019;-2163.532
18475;-116.6989;-762.3256;-2163.107
18505;-116.5642;-762.6784;-2162.905
18535;-117.201;-764.2955;-2162.386
18575;-116.3445;-764.6901;-2161.702
18605;-116.9266;-765.8317;-2161.321
18635;-118.2515;-765.2444;-2161.08
18675;-121.3645;-763.002;-2160.687
18705;-122.2812;-762.4846;-2160.596
18736;-121.7973;-764.3654;-2160.124
18786;-121.3327;-766.318;-2160.211
18816;-120.6077;-766.7546;-2160.214
18836;-120.3368;-767.4249;-2160.45
18866;-120.2525;-767.6232;-2160.542
18906;-120.1917;-767.693;-2160.634
18936;-120.077;-767.7365;-2160.745
18966;-119.8029;-767.9151;-2160.872
19006;-119.4423;-767.7361;-2161.064
19036;-119.3045;-766.7438;-2161.423
19066;-118.4531;-765.015;-2161.867
19106;-117.7942;-764.25;-2162.422
19136;-116.9549;-762.5641;-2162.802
19166;-117.051;-753.5451;-2164.555
19206;-117.7279;-752.8578;-2164.651
19236;-118.4985;-751.0341;-2164.823
19266;-118.8248;-742.4752;-2164.717
19306;-119.1934;-738.812;-2165.153
19336;-120.2459;-734.4028;-2165.76
19386;-120.6695;-728.5146;-2166.036
19416;-120.4143;-725.8101;-2165.999
19446;-120.4179;-724.0738;-2165.71
19486;-120.151;-723.0939;-2165.239
19516;-120.1211;-722.792;-2165.014
19546;-120.1653;-722.6906;-2164.899
19566;-119.8655;-722.233;-2164.792
19616;-119.6687;-721.5128;-2164.855
19646;-119.6157;-720.9055;-2164.916
19666;-119.6771;-720.912;-2165.007
19716;-119.5942;-720.7087;-2165.352
19746;-121.8854;-724.7086;-2166.201
19786;-123.6411;-727.6401;-2166.738
19816;-125.0399;-729.7619;-2167.06
19846;-125.7897;-732.0617;-2166.843
19886;-126.4431;-734.9564;-2166.737
19916;-126.4128;-739.4679;-2166.207
19946;-126.1101;-741.0074;-2166.342
19976;-126.9198;-745.1573;-2165.991
20026;-128.0615;-748.4392;-2166.164
20046;-127.6362;-752.1259;-2165.56
20076;-127.6545;-756.9523;-2164.937
20116;-127.9661;-758.9575;-2164.561
20146;-128.8983;-761.3959;-2164.088
20176;-130.9966;-762.9789;-2163.437
20206;-131.4274;-763.1213;-2163.156
20246;-132.1963;-764.5695;-2162.444
20276;-132.6871;-764.7155;-2161.99
20316;-133.3492;-764.6159;-2161.471
20346;-133.5865;-764.4406;-2161.539
20376;-133.5823;-764.0405;-2161.793
20416;-133.6791;-763.6167;-2162.074
20446;-134.2266;-762.9033;-2162.372
20476;-136.0056;-762.0588;-2162.879
20506;-142.2913;-755.5932;-2163.989
20546;-145.6946;-754.1099;-2164.591
20576;-147.6292;-753.1854;-2164.5
20606;-148.3234;-752.8663;-2164.435
20646;-148.3721;-752.885;-2164.379
20676;-148.5686;-752.9807;-2164.19
20706;-148.7536;-752.958;-2164.007
20746;-149.1753;-753.1842;-2163.915
20776;-149.6808;-753.4014;-2163.846
20806;-149.3482;-755.816;-2163.146
20846;-148.9885;-756.7274;-2162.847
20876;-149.2719;-756.6191;-2162.78
20906;-149.6697;-756.4284;-2162.645
20936;-150.1232;-755.8922;-2162.478
20976;-150.714;-755.4561;-2162.297
21006;-151.8948;-753.7101;-2162.109
21036;-152.9623;-751.4092;-2161.684
21076;-153.4085;-750.0386;-2161.336
21106;-151.6895;-744.1186;-2160.852
21136;-149.5476;-739.5132;-2161.04
21176;-147.7103;-735.3467;-2161.135
21206;-145.6453;-730.3864;-2161.456
21236;-139.9557;-723.1817;-2161.547
21276;-136.8301;-720.7712;-2161.381
21306;-129.2513;-720.3611;-2160.409
21336;-125.2803;-719.5121;-2159.206
21376;-123.9218;-719.4612;-2158.216
21406;-123.311;-720.226;-2157.185
21436;-122.9305;-721.1747;-2156.124
21476;-122.6167;-721.2702;-2155.442
21506;-122.1918;-721.061;-2154.643
21536;-121.3148;-720.8665;-2154.045
21566;-120.8372;-720.4544;-2153.876
21606;-120.8068;-720.4576;-2153.854
21636;-121.0528;-720.0132;-2153.962
21666;-124.6341;-718.786;-2155.103
21706;-127.982;-719.0942;-2156.134
21756;-130.4505;-720.5432;-2157.058
21786;-133.4928;-721.8318;-2158.217
21816;-136.3342;-724.0282;-2159.291
21856;-145.4656;-734.9358;-2160.241
21886;-148.3933;-738.7575;-2160.986
21916;-148.6146;-738.9308;-2161.071
21936;-144.6877;-749.7625;-2160.05
21986;-145.4989;-752.9988;-2160.632
22006;-145.6236;-755.9087;-2160.88
22036;-145.0913;-758.0743;-2161.387
22086;-144.7845;-760.1422;-2162.212
22096;-144.9983;-761.4938;-2162.984
22156;-145.0214;-762.4857;-2163.755
22186;-145.0595;-763.6354;-2164.451
22217;-144.6907;-763.4745;-2164.912
22247;-146.9066;-761.3428;-2165.908
22287;-148.0443;-759.3778;-2166.773
22317;-149.9951;-758.173;-2167.351
22347;-151.6437;-757.8781;-2168.087
22387;-153.3519;-757.2671;-2168.866
22417;-154.2636;-757.2064;-2169.175
22447;-156.2149;-756.0279;-2169.861
22487;-156.8206;-755.9316;-2170.014
22517;-157.3491;-755.9897;-2170.115
22547;-157.699;-755.6877;-2170.239
22577;-157.7162;-755.5068;-2170.314
22617;-157.5999;-755.3951;-2170.431
22647;-155.9398;-750.8639;-2171.728
22677;-153.7632;-747.7149;-2172.52
22717;-151.7841;-745.4642;-2173.151
22747;-148.3418;-742.4154;-2173.888
22777;-144.2748;-734.6138;-2175.665
22817;-138.963;-728.2953;-2176.522
22847;-135.3436;-726.1478;-2176.681
22877;-132.4557;-723.9288;-2176.155
22917;-126.1142;-723.0101;-2174.26
22947;-125.0772;-723.1179;-2173.067
22977;-123.6456;-725.5613;-2170.377
23017;-122.0901;-723.102;-2169.783
23047;-118.8812;-709.7212;-2173.048
23077;-118.0725;-709.3522;-2172.416
23107;-118.2054;-713.1583;-2170.107
23147;-118.644;-717.2802;-2167.958
23177;-119.4214;-722.2315;-2165.735
23207;-108.1802;-678.2708;-2180.591
23247;-113.3847;-699.3668;-2172.115
23277;-118.6202;-723.7198;-2164.074
23307;-118.8622;-723.5439;-2164.219
23347;-122.8095;-721.6023;-2165.532
23377;-125.5461;-721.4753;-2165.957
23407;-127.8682;-722.7469;-2166.015
23447;-129.9715;-723.8008;-2166.099
23477;-131.9756;-726.3357;-2165.641
23507;-134.8624;-746.6408;-2161.094
23547;-135.5041;-750.5297;-2160.017
23577;-135.9835;-752.2382;-2159.305
23607;-136.3011;-755.4902;-2158.643
23637;-136.2329;-757.3094;-2158.157
23687;-136.2622;-759.4609;-2157.705
23707;-136.4205;-761.0356;-2157.667
23737;-136.6232;-761.5596;-2157.786
23777;-136.8356;-762.2891;-2158.077
23807;-137.1932;-762.8503;-2158.596
23837;-137.3811;-763.4004;-2158.975
23877;-137.5464;-763.6812;-2159.251
23907;-138.3249;-763.9191;-2159.607
23937;-139.0947;-764.1405;-2160.008
23977;-141.5428;-764.218;-2161.078
24007;-143.4239;-764.1523;-2162.241
24037;-145.1831;-764.766;-2163.425
24077;-146.6939;-764.332;-2164.623
24107;-147.8264;-764.7158;-2165.425
24137;-148.5832;-764.546;-2166.006
24167;-149.096;-764.4445;-2166.435
24207;-149.7166;-764.6028;-2166.901
24237;-150.1637;-764.5895;-2167.369
24267;-150.3276;-764.5629;-2167.832
24307;-150.6317;-764.4467;-2168.478
24337;-154.0681;-760.4716;-2171.46
24367;-154.4221;-758.7151;-2172.559
24407;-154.9825;-755.5958;-2173.933
24437;-152.0022;-747.9081;-2175.873
24467;-152.1013;-747.1494;-2176.371
24507;-148.8782;-735.0097;-2178.438
24557;-143.2921;-729.9455;-2177.637
24567;-138.6532;-726.8848;-2176.739
24607;-135.431;-724.1175;-2176.038
24657;-129.8204;-724.5417;-2174.232
24687;-127.9548;-725.5626;-2173.317
24717;-117.0162;-683.9257;-2184.142
24748;-115.8825;-684.0833;-2183.67
24788;-114.77;-678.8679;-2183.975
24818;-114.595;-678.4014;-2184.011
24848;-113.783;-675.2134;-2185.315
24868;-112.8376;-670.8905;-2187.108
24898;-117.3733;-696.074;-2181.662
24938;-123.6504;-725.6367;-2172.099
24968;-124.6327;-724.4556;-2172.872
25008;-126.0464;-723.0417;-2173.484
25048;-128.2724;-722.6877;-2173.809
25068;-130.95;-724.5032;-2173.836
25118;-133.5585;-726.8809;-2173.608
25148;-136.668;-729.4338;-2173.525
25178;-145.1196;-737.1701;-2173.664
25218;-146.6717;-739.2018;-2173.266
25248;-148.6977;-741.6375;-2173.14
25278;-149.4094;-743.8031;-2172.376
25318;-149.5644;-745.8782;-2171.912
25348;-147.1662;-749.2289;-2170.402
25378;-146.2085;-751.5466;-2169.515
25418;-145.1057;-754.5143;-2168.906
25448;-145.3673;-756.6978;-2168.695
25478;-145.4485;-758.0655;-2168.7
25508;-145.3266;-759.3571;-2168.741
25548;-145.3387;-760.0748;-2168.784
25578;-145.2616;-761.0303;-2168.857
25618;-145.2186;-760.8549;-2168.895
25648;-145.2318;-760.8679;-2168.901
25678;-145.7599;-760.9789;-2168.983
25708;-146.9727;-760.835;-2169.312
25748;-147.5552;-761.1538;-2169.385
25778;-148.4877;-761.7366;-2169.345
25808;-149.2826;-761.8309;-2169.334
25848;-150.0506;-761.8004;-2169.308
25878;-150.8148;-761.8655;-2169.19
25908;-153.4182;-759.5059;-2169.491
25948;-153.4454;-759.5349;-2169.471
25978;-153.4425;-759.5253;-2169.437
26008;-154.7642;-757.5365;-2169.577
26048;-154.7946;-756.6635;-2169.717
26078;-155.0312;-754.689;-2170.176
26108;-151.3111;-746.0624;-2171.715
26148;-148.8063;-740.2918;-2173.075
26178;-145.6005;-732.4706;-2174.56
26208;-140.2826;-726.7927;-2175.363
26238;-138.037;-725.7678;-2175.302
26278;-134.9309;-723.3758;-2174.784
26308;-133.095;-721.9276;-2173.533
26338;-129.1915;-724.2626;-2169.975
26378;-126.8603;-725.6705;-2166.905
26408;-125.5569;-724.8076;-2165.754
26438;-125.0245;-726.4158;-2164.035
26478;-124.5613;-726.2849;-2163.56
26508;-124.4356;-725.9276;-2163.698
26538;-124.0861;-724.0085;-2164.681
26578;-121.9321;-716.3019;-2167.92
26608;-124.5408;-723.9063;-2166.71
26638;-125.7363;-723.2867;-2168.796
26678;-129.9473;-721.3887;-2171.573
26708;-131.7425;-721.863;-2172.365
26738;-132.2307;-726.9503;-2171.742
26768;-135.1579;-728.2506;-2172.338
26818;-138.4242;-730.1591;-2172.284
26858;-143.8833;-737.4499;-2171.874
26868;-145.4844;-739.2919;-2171.565
26908;-144.4919;-744.6817;-2169.298
26938;-144.2112;-747.6424;-2168.56
26968;-144.9027;-751.0431;-2168.448
27018;-144.9444;-754.0051;-2168.376
27038;-145.2734;-756.3998;-2168.547
27068;-145.0662;-757.6462;-2168.688
27108;-145.5499;-759.2355;-2169.349
27138;-145.8261;-760.0106;-2169.846
27188;-146.0284;-760.4403;-2170.259
27218;-146.0922;-761.1989;-2170.515
27238;-146.3313;-761.3176;-2170.747
27270;-146.1582;-760.9928;-2170.955
27300;-146.8764;-761.4799;-2171.421
27350;-150.0172;-761.0531;-2172.917
27370;-150.749;-761.15;-2173.34
27420;-151.2032;-761.2195;-2173.521
27450;-151.4873;-761.6688;-2173.612
27470;-151.888;-762.0145;-2173.765
27500;-152.0891;-762.0696;-2173.79
27540;-152.1626;-762.2909;-2173.772
27570;-152.2806;-762.4325;-2173.755
27600;-152.3436;-762.4108;-2173.744
27640;-152.3422;-762.4145;-2173.737
27670;-152.2928;-762.3879;-2173.686
27700;-152.1306;-762.1443;-2173.614
27740;-152.5999;-760.1457;-2174.048
27770;-151.1644;-752.463;-2174.277
27800;-147.8838;-749.4109;-2174.037
27830;-145.8927;-741.5959;-2175.17
27870;-144.1201;-737.0692;-2175.502
27900;-141.3338;-732.9775;-2175.981
27940;-134.0017;-731.8243;-2175.601
27980;-132.2818;-728.679;-2176.12
28020;-131.4222;-727.6472;-2176.146
28050;-131.2758;-727.6809;-2175.929
28070;-130.9628;-728.1665;-2175.405
28120;-124.5538;-712.9666;-2175.915
28150;-119.9567;-708.3654;-2177.737
28180;-118.4857;-703.7986;-2179.371
28210;-118.9213;-703.7308;-2178.657
28250;-120.5768;-702.7013;-2181.039
28280;-126.8904;-725.6548;-2170.537
28310;-127.3363;-725.079;-2170.671
28340;-127.96;-724.3105;-2170.906
28380;-130.2814;-723.4291;-2171.638
28410;-132.3895;-725.2281;-2172.291
28450;-135.0557;-727.4944;-2172.9
28480;-136.155;-729.2823;-2173.063
28500;-144.2101;-739.4387;-2173.894
28530;-146.1095;-742.5201;-2174.227
28570;-147.0591;-744.3259;-2174.28
28600;-146.3981;-750.0239;-2173.512
28650;-145.4521;-754.6595;-2173.028
28680;-145.3106;-756.0726;-2172.962
28720;-145.4856;-758.4374;-2172.845
28750;-145.8025;-760.0489;-2173.138
28780;-146.0249;-761.8386;-2173.588
28820;-146.0584;-762.8885;-2173.924
28850;-146.0567;-762.9774;-2174.084
28880;-145.8002;-763.6087;-2174.315
28910;-145.5051;-763.5082;-2174.604
28950;-145.5459;-763.3693;-2174.729
28980;-145.9996;-763.5922;-2174.906
29010;-148.5195;-761.6935;-2175.465
29030;-149.1561;-761.879;-2175.451
29060;-151.0454;-760.7592;-2175.778
29100;-152.4508;-759.5303;-2175.854
29150;-153.2947;-758.9759;-2175.84
29180;-153.8962;-758.3947;-2175.72
29210;-154.2846;-757.9806;-2175.552
29250;-154.7925;-757.6876;-2175.368
29280;-155.2128;-757.085;-2175.307
29310;-155.2394;-756.6623;-2175.188
29340;-155.1989;-756.0295;-2175.222
29380;-154.8253;-755.0061;-2175.375
29410;-149.3808;-747.4025;-2175.984
29440;-149.1543;-747.2637;-2176.036
29480;-143.8855;-738.9743;-2176.977
29510;-138.3066;-735.9151;-2177.132
29540;-133.6597;-732.444;-2177.772
29580;-131.3439;-731.0704;-2177.641
29610;-128.2232;-729.8762;-2176.963
29640;-127.032;-728.9731;-2176.342
29660;-125.3395;-728.4374;-2175.13
29710;-124.5906;-729.7416;-2173.762
29740;-122.3013;-732.134;-2171.217
29780;-121.2894;-732.7609;-2169.759
29810;-120.4395;-732.8057;-2168.823
29840;-118.3382;-725.5729;-2170.312
29870;-112.5798;-703.6931;-2177.124
29910;-112.6384;-702.6943;-2175.732
29940;-117.8451;-726.5101;-2165.465
29970;-117.7798;-725.8201;-2165.215
30010;-117.926;-725.5807;-2165.062
30040;-119.4655;-725.264;-2165.027
30070;-119.848;-725.4145;-2165.062
30110;-121.3187;-726.7523;-2164.939
30140;-125.0553;-728.0988;-2165.653
30190;-137.506;-739.4912;-2167.378
30200;-139.7997;-742.7318;-2168.195
30240;-142.3656;-745.3782;-2168.945
30270;-144.0656;-747.2274;-2169.494
30310;-145.3596;-748.5601;-2169.918
30340;-144.6356;-751.6696;-2169.844
30370;-145.3327;-753.9138;-2170.004
30410;-146.8616;-754.6636;-2170.927
30440;-148.2041;-755.1323;-2171.699
30470;-147.7407;-756.8474;-2172.424
30500;-147.5373;-758.9677;-2173.007
30540;-146.7768;-761.4907;-2173.505
30570;-146.6156;-761.8943;-2173.601
30610;-146.3882;-762.119;-2173.719
30640;-146.4423;-762.5719;-2173.841
30670;-146.5211;-762.6657;-2174.101
30710;-147.1359;-762.8616;-2174.753
30740;-147.3224;-763.0422;-2175.078
30770;-147.7762;-763.0513;-2175.362
30820;-149.2708;-762.1215;-2176.02
30850;-150.1704;-761.3734;-2176.375
30890;-151.097;-760.5866;-2176.731
30920;-151.4715;-760.2507;-2176.846
30950;-151.9101;-759.3928;-2177.139
30980;-151.9794;-758.847;-2177.335
31020;-152.0495;-758.0425;-2177.575
31040;-151.9477;-757.323;-2177.758
31070;-151.5477;-756.4115;-2178.084
31120;-151.3886;-754.3096;-2178.374
31130;-151.02;-752.4163;-2178.856
31170;-149.4862;-749.8782;-2179.666
31200;-138.3208;-730.0649;-2181.859
31250;-133.5744;-729.5775;-2181.427
31280;-130.7384;-728.9231;-2181.235
31300;-128.5756;-727.6141;-2180.915
31350;-126.9;-726.7575;-2180.404
31380;-124.5921;-720.2175;-2180.966
31420;-116.0482;-686.4238;-2189.915
31450;-112.9702;-687.5656;-2187.618
31480;-111.7667;-686.484;-2186.452
31510;-111.078;-687.9486;-2184.981
31550;-110.8806;-690.1345;-2183.523
31580;-110.4768;-690.1293;-2183.404
31610;-111.9347;-694.4641;-2184.104
31650;-118.5518;-725.2712;-2171.966
31680;-118.708;-726.2085;-2171.607
31710;-119.3921;-726.2517;-2171.882
31751;-121.032;-725.9809;-2172.171
31781;-123.1662;-725.7988;-2172.642
31811;-133.9423;-735.2109;-2173.078
31841;-137.7896;-740.3228;-2172.676
31881;-139.2809;-742.9467;-2172.728
31911;-141.5865;-745.2079;-2172.678
31941;-142.7897;-747.0291;-2172.68
31981;-142.7176;-746.909;-2172.724
32011;-143.9807;-748.9668;-2172.532
32041;-143.4162;-753.449;-2171.744
32081;-143.3057;-755.9574;-2171.771
32111;-142.9276;-758.0479;-2171.76
32141;-142.9017;-759.5072;-2171.74
32181;-142.9132;-760.5367;-2171.99
32211;-142.4857;-761.3688;-2172.435
32241;-142.1843;-762.0472;-2172.85
32283;-141.5928;-762.9484;-2173.292
32313;-141.7001;-762.9865;-2173.578
32343;-141.7677;-763.0607;-2173.759
32373;-141.9829;-763.1776;-2174.026
32413;-142.706;-763.5369;-2174.655
32443;-144.476;-762.1499;-2175.928
32473;-145.2871;-761.4306;-2176.751
32513;-145.363;-761.5852;-2176.85
32543;-146.5445;-760.9653;-2177.512
32573;-147.3473;-760.282;-2177.699
32603;-147.9146;-760.1293;-2177.823
32643;-148.5785;-759.8593;-2177.813
32673;-148.7992;-759.6823;-2177.816
32713;-149.244;-759.2092;-2177.839
32743;-149.8722;-758.5753;-2178.021
32773;-150.2258;-757.7299;-2178.119
32803;-150.1625;-756.9181;-2178.208
32843;-150.03;-755.8391;-2178.229
32873;-149.7765;-755.2249;-2178.307
32923;-142.2426;-745.5659;-2179.14
32933;-139.6412;-740.8486;-2180.046
32973;-136.7137;-734.8231;-2181.718
33023;-131.3093;-732.7782;-2181.966
33053;-126.8014;-731.6052;-2182.221
33093;-123.1706;-729.9125;-2182.077
33123;-122.6845;-728.8688;-2181.632
33133;-122.3594;-728.3934;-2180.933
33173;-122.1931;-728.5077;-2180.228
33203;-122.1831;-729.0434;-2178.78
33243;-120.3412;-720.7352;-2178.484
33273;-119.3626;-717.5064;-2177.836
33303;-116.0616;-701.6927;-2178.668
33333;-115.9108;-701.9228;-2178.387
33373;-120.7934;-728.8628;-2175.051
33403;-119.9759;-727.6605;-2174.498
33433;-119.7427;-727.5477;-2174.25
33473;-119.7795;-727.4909;-2174.085
33503;-120.3366;-727.1719;-2173.972
33533;-120.7373;-727.0815;-2173.935
33573;-121.3684;-727.8519;-2173.467
33623;-122.5408;-729.6081;-2172.59
33653;-134.8518;-740.6884;-2171.454
33693;-138.7666;-743.8966;-2171.29
33703;-140.617;-745.683;-2171.232
33743;-142.1434;-747.1284;-2171.357
33774;-144.0259;-749.2493;-2171.717
33804;-144.5689;-750.5369;-2171.755
33834;-142.1294;-755.0156;-2171.11
33874;-142.1265;-757.7249;-2170.737
33904;-142.3525;-760.2687;-2170.814
33934;-142.2929;-761.6926;-2170.928
33974;-142.4038;-763.0017;-2170.946
34024;-142.2274;-762.9796;-2170.938
34034;-142.8631;-763.166;-2170.888
34074;-142.9464;-763.0933;-2170.79
34104;-142.7337;-763.0396;-2170.608
34154;-143.0791;-763.2104;-2170.591
34164;-143.3344;-763.2361;-2170.509
34204;-143.4134;-763.0115;-2170.394
34234;-143.5883;-763.0299;-2170.152
34274;-143.8084;-762.7595;-2169.887
34324;-143.9653;-762.9039;-2169.378
34354;-146.9516;-760.2863;-2169.139
34384;-148.2731;-758.294;-2168.821
34414;-149.2341;-757.0939;-2168.456
34434;-149.5793;-756.5012;-2168.143
34474;-149.2817;-756.7167;-2167.677
34504;-149.9453;-754.6637;-2167.099
34534;-149.8091;-753.3092;-2166.748
34564;-147.9128;-749.0858;-2165.877
34604;-144.1969;-744.5452;-2165.107
34634;-141.6237;-739.1269;-2164.306
34664;-136.9206;-735.2865;-2163.776
34704;-135.5838;-731.5041;-2163.838
34734;-133.3078;-726.1848;-2164.385
34784;-131.0856;-724.2918;-2164.292
34814;-125.1509;-723.9615;-2163.68
34834;-121.2937;-720.5396;-2163.018
34884;-119.497;-719.6535;-2162.144
34914;-118.467;-719.9377;-2161.083
34954;-117.8353;-720.4433;-2160.067
34984;-117.6182;-720.5498;-2159.263
35014;-113.7888;-703.6498;-2164.422
35054;-113.7778;-703.7086;-2164.01
35084;-113.3663;-704.2831;-2163.868
35114;-114.4693;-711.9465;-2160.718
35144;-116.1553;-719.9186;-2157.832
35184;-116.374;-720.5912;-2158.117
35214;-117.2885;-721.273;-2158.76
35254;-119.1716;-720.9914;-2159.833
35284;-121.9385;-721.5412;-2160.752
35314;-124.3041;-722.7319;-2161.524
35354;-129.7847;-726.4025;-2163.035
35384;-131.5871;-731.29;-2163.109
35414;-135.412;-733.7291;-2164.278
35444;-140.7368;-741.0142;-2165.454
35484;-140.4886;-749.6411;-2165.323
35514;-140.1623;-752.6075;-2165.274
35554;-140.9312;-754.4371;-2165.553
35574;-142.3308;-757.1406;-2165.675
35614;-142.803;-758.5698;-2165.479
35644;-142.3544;-759.4757;-2165.383
35674;-142.7162;-760.0912;-2165.484
35714;-142.9519;-760.4734;-2165.576
35744;-143.1794;-761.3606;-2165.786
35774;-143.339;-761.7707;-2165.982
35814;-143.3484;-761.7997;-2166.082
35844;-143.4765;-761.6836;-2166.265
35874;-143.8536;-761.5732;-2166.469
35914;-144.0271;-761.5289;-2166.582
35944;-144.6531;-761.6592;-2167.002
35984;-147.0688;-759.7874;-2168.51
36014;-147.9676;-759.3318;-2168.966
36044;-148.971;-758.7036;-2169.533
36084;-149.5154;-758.2397;-2169.78
36114;-150.2957;-757.8611;-2170.138
36144;-150.5595;-757.5624;-2170.275
36174;-150.3003;-757.8002;-2170.272
36214;-150.1462;-758.0377;-2170.203
36244;-150.2633;-757.6566;-2170.34
36274;-150.4316;-757.1451;-2170.487
36314;-149.6947;-756.951;-2170.505
36344;-149.5617;-756.9045;-2170.542
36374;-148.8871;-756.5812;-2170.598
36414;-148.1052;-754.366;-2170.938
36444;-146.1134;-752.4069;-2171.48
36474;-144.3099;-751.3723;-2171.698
36504;-136.0477;-739.4947;-2173.304
36544;-134.2603;-733.9459;-2174.305
36574;-131.3055;-730.5515;-2174.681
36604;-129.6284;-729.6679;-2174.354
36644;-126.7568;-728.2492;-2173.365
36674;-123.6954;-726.5686;-2172.229
36704;-120.5666;-723.5347;-2170.267
36744;-119.4711;-722.2939;-2169.415
36774;-118.9011;-721.6152;-2168.466
36804;-118.7331;-721.6927;-2168.028
36844;-118.6048;-721.8955;-2167.564
36874;-118.6046;-721.9567;-2167.19
36904;-118.5864;-721.7462;-2166.757
36944;-118.594;-721.6959;-2166.598
36974;-118.7212;-721.8467;-2166.316
37024;-119.4502;-722.2446;-2165.974
37044;-122.3458;-721.3223;-2166.138
37074;-125.1031;-721.6657;-2166.523
37104;-125.891;-723.6727;-2166.062
37134;-127.7972;-727.4507;-2165.26
37174;-129.251;-728.1204;-2165.075
37204;-136.743;-735.7572;-2165.261
37234;-138.5987;-738.5179;-2165.014
37274;-140.8817;-741.3913;-2164.991
37308;-142.616;-743.6349;-2165.098
37358;-142.2465;-746.6414;-2164.685
37368;-141.4518;-750.2505;-2164.428
37408;-140.9052;-752.6641;-2164.375
37438;-140.3274;-754.6268;-2164.707
37468;-139.7758;-756.1388;-2165.257
37498;-139.1089;-756.8397;-2165.53
37538;-138.3927;-757.4869;-2165.829
37568;-137.178;-758.0151;-2166.133
37598;-133.6442;-758.8698;-2166.23
37638;-132.9116;-758.9662;-2166.185
37668;-132.7238;-759.0238;-2166.237
37718;-132.458;-758.9103;-2166.255
37748;-131.711;-758.0128;-2166.103
37768;-131.4786;-757.8307;-2166.088
37818;-131.0805;-757.3899;-2166.12
37848;-129.9651;-757.0764;-2166.085
37878;-129.5506;-757.0359;-2166.215
37918;-128.6266;-755.6985;-2166.605
37948;-128.025;-754.475;-2166.776
37968;-127.0053;-753.3525;-2166.205
38018;-125.6175;-751.3589;-2164.484
38048;-123.4638;-746.7698;-2161.543
38088;-123.4441;-741.5162;-2159.002
38118;-123.7328;-741.0122;-2157.648
38148;-127.0953;-742.4064;-2155.522
38178;-132.5897;-746.3698;-2153.481
38218;-138.2306;-749.1262;-2153.083
38248;-145.0231;-751.0315;-2153.323
38278;-156.1518;-754.9907;-2154.035
38318;-165.731;-756.3679;-2153.163
38348;-176.3713;-755.1275;-2149.836
38378;-188.5765;-753.8332;-2144.015
38418;-201.594;-751.614;-2136.808
38448;-216.2927;-748.2207;-2130.338
38478;-237.0087;-740.7938;-2123.205
38518;-247.032;-738.5222;-2119.157
38548;-256.8091;-737.3427;-2114.779
38578;-263.1408;-735.6683;-2112.184
38608;-273.5652;-735.1251;-2108.817
38648;-283.2424;-733.9138;-2106.136
38678;-292.2131;-732.3266;-2104.031
38708;-298.0848;-732.5182;-2101.593
38748;-306.4653;-730.8105;-2098.932
38778;-319.0658;-736.6865;-2094.441
38808;-323.5867;-735.0836;-2091.579
38848;-329.9239;-735.7368;-2087.914
38878;-330.9922;-732.3207;-2084.359
