
1;82.71625;-1095.811;-1938.172
46;84.99342;-1099.406;-1945.985
80;87.13803;-1103.685;-1954.218
98;84.54456;-1107.899;-1961.902
131;81.34238;-1112.365;-1968.699
166;77.15254;-1114.993;-1972.962
232;-74.32803;-1141.15;-2154.214
265;-96.08294;-1153.75;-2180.427
299;-101.4013;-1149.531;-2175.674
335;-113.5877;-1153.041;-2194.415
366;-120.8163;-1163.616;-2198.452
400;82.44852;-1141.36;-1927.653
434;65.81744;-1111.602;-1992.513
502;60.62384;-1115.378;-1978.043
569;60.92627;-1116.675;-1969.315
791;31.38206;-1120.962;-1955.496
806;29.48864;-1118.922;-1949.137
840;25.17522;-1118.782;-1947.032
874;20.83332;-1119.713;-1945.963
907;17.19428;-1119.178;-1940.38
932;20.76179;-1117.447;-1929.723
995;18.77452;-1118.183;-1928.537
1012;16.12338;-1117.719;-1920.24
1045;34.9778;-1111.547;-1881.486
1079;39.40456;-1109.434;-1868.447
1112;37.86818;-1110.786;-1869.77
1130;45.21384;-1110.873;-1853.725
1180;57.43406;-1106.817;-1840.63
1198;67.48849;-1105.354;-1824.7
1233;65.20416;-1110.79;-1825.366
1266;65.76563;-1115.171;-1824.384
1308;65.30076;-1116.986;-1823.615
1385;57.21009;-1107.112;-1784.937
1480;88.40668;-1077.958;-1687.933
1509;76.48914;-1055.678;-1647.995
1570;99.28835;-1015.941;-1511.931
1831;121.5479;-992.4483;-1436.626
1881;279.1035;-842.9679;-1086.755
1915;308.4766;-833.2886;-1060.868
1932;327.3951;-843.6255;-1054.581
1982;335.2807;-849.8067;-1048.376
2000;331.4803;-844.3771;-1010.09
2050;357.7883;-836.8199;-975.8339
2095;356.4166;-819.6236;-921.8378
2145;245.1693;-875.351;-988.5805
2179;229.9007;-868.2831;-971.8392
2200;198.0197;-859.2903;-955.3592
2247;221.798;-812.0563;-858.7814
2281;249.5121;-803.8058;-833.1989
2343;147.7971;-786.483;-842.8665
2360;267.1198;-797.9801;-816.7999
2377;476.0626;-395.7997;-1212.483
2444;507.8264;-403.0969;-1199.138
2466;500.584;-395.0947;-1203.387
2477;208.6152;-830.5688;-896.7668
2511;238.5503;-838.5623;-921.6486
2530;263.1088;-829.5962;-943.4657
2579;260.371;-821.894;-961.8684
2612;261.1909;-784.9324;-952.5327
2646;838.0269;-477.8686;-1183.456
2680;358.2983;-554.1415;-1218.948
2713;430.0462;-532.5991;-1263.024
2730;470.2447;-733.7016;-1543.18
2770;516.5052;-579.5306;-1325.239
2798;464.3102;-592.1253;-1326.035
2848;589.0349;-575.6204;-1360.245
2882;532.0527;-567.3572;-1342.537
2916;588.3798;-537.4647;-1371.82
2932;415.1438;-752.505;-1421.297
2966;401.3629;-727.8075;-1375.178
3000;127.2909;-332.4046;-515.0715
3033;130.2081;-333.4025;-514.0912
3067;129.1003;-333.5388;-506.508
3101;142.1961;-340.2419;-512.0003
3172;140.426;-340.8954;-498.7367
3239;683.122;-213.9514;-1424.471
3273;694.2149;-201.2973;-1436.464
3306;694.0685;-224.3045;-1427.456
3340;715.2842;-204.1859;-1467.856
3374;699.2917;-230.6182;-1430.69
3407;797.4512;-174.8598;-1473.719
3441;706.8646;-252.6845;-1435.935
3480;126.0774;-342.8297;-532.2978
3501;716.2069;-254.0784;-1423.988
3539;193.3274;-363.8346;-480.9952
17912;169.2032;-1067.513;-1890.279
17946;169.5621;-1066.245;-1904.497
18002;182.9847;-1071.645;-1914.83
18065;189.9961;-1081.157;-1919.784
18081;193.7169;-1083.206;-1925.451
18100;186.9258;-1088.007;-1926.273
18139;192.2936;-1088.31;-1929.608
18203;191.1877;-1098.357;-1934.382
18234;202.8047;-1100.199;-1939.089
18284;216.6054;-1101.718;-1940.701
18306;213.358;-1099.447;-1941.433
18349;288.1541;-1109.856;-1958.669
18383;227.0666;-1116.005;-1979.213
18400;220.108;-1113.583;-1973.172
18442;223.8572;-1112.931;-1974.099
18476;236.2454;-1114.002;-1980.109
18509;239.5196;-1113.432;-1981.054
18543;239.7975;-1110.578;-1980.427
18577;296.2903;-1120.474;-1999.733
18610;117.6304;-687.6539;-2191.72
18644;117.8093;-685.5959;-2199.475
18677;121.0156;-680.6031;-2210.148
18711;123.8996;-678.1118;-2219.413
18745;124.801;-679.5482;-2235.692
18779;126.045;-683.0515;-2248.449
18832;124.6016;-685.6013;-2267.137
18868;391.7474;-1168.317;-2208.456
18913;396.4638;-1166.535;-2210.941
18965;362.8044;-1180.749;-2233.672
18981;418.4771;-1153.363;-2230.009
19014;369.456;-1170.624;-2204.882
19033;359.0463;-1176.439;-2212.239
19082;361.8327;-1177.056;-2212.9
19115;345.0983;-1185.299;-2220.595
19147;347.6656;-1185.598;-2223.748
19180;347.0367;-1186.445;-2222.952
19214;347.669;-1185.849;-2219.047
19247;344.2454;-1184.81;-2215.896
19267;336.3542;-1183.081;-2207.56
19315;337.9129;-1181.188;-2204.833
19349;360.7061;-1170.056;-2202.07
19366;357.8398;-1168.684;-2200.603
19400;351.6897;-1169.881;-2197.048
19433;350.8355;-1169.754;-2195.49
19467;346.4565;-1170.64;-2195.464
19501;268.1962;-1171.438;-2168.165
19535;304.2641;-1183.773;-2206.176
19585;257.4074;-1171.296;-2175.037
19619;257.0012;-1172.501;-2179.849
19683;257.3919;-1171.914;-2179.451
19725;257.8479;-1171.525;-2178.681
19758;297.1095;-1181.095;-2203.462
19917;260.0706;-1169.624;-2189.726
19984;362.5212;-1153.415;-2210.444
20018;254.3169;-1174.218;-2217.921
20040;403.5775;-1122.912;-2213.05
20068;379.3847;-1142.794;-2211.966
20102;240.0248;-1186.281;-2239.331
20136;369.1177;-1147.557;-2205.35
20169;371.9838;-1152.586;-2207.055
20204;376.5405;-1152.818;-2202.343
20237;369.7566;-1154.834;-2196.607
20280;384.864;-1144.297;-2197.151
20302;368.868;-1158.137;-2196.525
20337;242.1236;-1191.664;-2204.412
20370;256.433;-1187.539;-2192.873
20405;318.636;-1189.544;-2204.408
20439;259.6421;-1191.279;-2200.858
20472;333.6607;-1185.944;-2197.657
20506;333.5013;-1186.373;-2197.602
20566;334.2719;-1187.797;-2197.117
20579;334.3329;-1186.711;-2197.079
20613;334.573;-1184.375;-2195.282
20647;333.9843;-1184.588;-2196.055
20697;333.4283;-1184.267;-2195.452
20731;386.149;-1149.974;-2195.788
20770;239.6695;-1185.7;-2186.101
20808;241.1606;-1183.865;-2183.652
20842;363.3253;-1167.637;-2199.591
20893;241.1739;-1181.413;-2176.369
20909;353.9112;-1169.678;-2196.025
20943;348.4944;-1171.407;-2197.377
20977;372.5514;-1156.906;-2198.565
21010;376.923;-1153.819;-2195.712
21044;384.1695;-1153.3;-2195.419
21078;365.527;-1165.896;-2189.454
21095;95.77206;-1120.661;-2177.772
21145;250.5395;-1180.456;-2190.005
21180;164.8817;-1182.819;-2214.532
21215;239.3856;-1183.487;-2199.851
21256;240.3135;-1183.793;-2200.568
21273;241.3351;-1184.232;-2201.416
21307;243.4555;-1185.142;-2202.832
21341;244.9988;-1185.031;-2203.718
21376;327.2322;-1166.301;-2196.344
21407;241.0174;-1190.529;-2221.975
21441;242.1128;-1190.775;-2220.633
21475;226.6483;-1191.408;-2222.443
21508;233.2625;-1189.316;-2218.655
21542;236.6287;-1188.351;-2217.167
21576;328.3121;-1163.94;-2196.776
21622;237.2768;-1190.178;-2220.793
21645;237.6944;-1190.361;-2220.398
21681;239.0145;-1189.93;-2219.381
21732;239.9096;-1189.866;-2218.502
21791;318.1734;-1172.961;-2200.241
22203;330.5373;-1193.275;-2206.613
22252;251.207;-1203.159;-2200.729
22269;330.5101;-1188.578;-2207.958
22319;271.487;-1199.627;-2203.315
22355;267.8268;-1199.509;-2203.468
22405;250.0644;-1199.148;-2204.524
22448;244.1487;-1198.125;-2207.329
22485;252.3069;-1200.073;-2218.739
22504;247.5639;-1200.175;-2222.736
22582;251.9782;-1197.857;-2226.764
22615;254.584;-1196.476;-2224.814
22649;258.2072;-1195.921;-2226.215
22682;263.7233;-1195.684;-2227.269
22716;266.0396;-1193.729;-2223.133
22750;265.7097;-1193.777;-2223.323
22786;264.6262;-1193.026;-2222.461
22810;267.6088;-1191.178;-2221.467
22844;275.2552;-1191.256;-2221.438
22877;275.0045;-1189.349;-2221.633
22911;275.3226;-1187.597;-2220.569
22954;274.2864;-1185.226;-2220.254
22981;274.1617;-1179.866;-2220.532
23014;275.3472;-1174.589;-2218.517
23031;270.9345;-1171.498;-2214.607
23074;270.6008;-1170.938;-2215.013
23119;270.4081;-1168.828;-2214.358
23169;267.8757;-1166.966;-2214.823
23185;260.6243;-1162.855;-2212.429
23202;263.2856;-1160.728;-2211.655
23237;260.5883;-1159.509;-2210.568
23270;264.3955;-1159.088;-2212.879
23304;246.5176;-1159.56;-2215.903
23337;248.5597;-1160.655;-2217.546
23370;268.5211;-1161.005;-2217.232
23421;266.6176;-1161.42;-2219.845
23472;273.8248;-1160.504;-2218.02
23505;260.4059;-1161.25;-2219.59
23597;256.5859;-1162.302;-2220.741
23714;258.072;-1167.624;-2220.759
23765;258.7977;-1170.139;-2220.948
23808;257.8411;-1173.046;-2221.878
23841;258.1151;-1175.609;-2223.427
23925;262.6467;-1176.386;-2221.08
23943;261.6853;-1177.335;-2219.708
24046;252.5787;-1180.413;-2218.754
24063;250.2202;-1182.886;-2218.051
24079;252.047;-1185.698;-2217.151
24113;250.9295;-1186.853;-2218.144
24139;252.9454;-1187.466;-2217.16
24183;253.3285;-1191.221;-2216.093
24216;251.7886;-1195.859;-2219.708
24250;250.4417;-1196.834;-2218.712
24280;250.4717;-1199.502;-2221.07
24313;253.1568;-1205.665;-2221.056
24332;256.0807;-1206.791;-2219.892
24378;257.0532;-1206.246;-2218.953
24426;260.034;-1203.619;-2211.962
24639;253.5019;-1202.131;-2210.586
24657;251.6222;-1203.292;-2211.424
24700;250.88;-1202.965;-2211.977
24717;254.0978;-1200.429;-2207.583
24750;253.9134;-1199.079;-2207.587
24784;256.9699;-1196.511;-2204.189
24818;257.263;-1196.394;-2203.949
24834;257.0084;-1196.063;-2203.658
24873;259.2123;-1195.116;-2202.88
24903;256.321;-1193.145;-2199.519
24954;254.366;-1193.091;-2200.828
24970;254.0917;-1193.538;-2201.538
25004;253.9518;-1193.359;-2201.847
25038;253.4604;-1192.598;-2202.437
25071;254.1677;-1191.662;-2201.381
25105;254.2891;-1189.666;-2200.446
25141;254.098;-1187.063;-2200.255
25192;253.5363;-1185.336;-2199.411
25219;252.6218;-1183.497;-2199.68
25236;252.5444;-1182.588;-2200.865
25269;253.3428;-1182.001;-2200.927
25303;251.5866;-1180.424;-2201.411
25337;251.2698;-1178.612;-2201.391
25377;251.228;-1176.865;-2201.682
25405;246.3972;-1177.139;-2207.533
25442;245.8294;-1174.996;-2206.546
25476;243.4465;-1174.77;-2207.657
25515;242.4269;-1174.066;-2207.62
25547;241.8231;-1173.801;-2209.967
25568;241.5307;-1173.438;-2209.885
25602;242.3858;-1173.197;-2210.267
25636;241.6773;-1172.525;-2209.228
25669;240.8162;-1172.698;-2211.353
25703;240.425;-1171.989;-2211.0
25738;243.9254;-1171.917;-2212.004
25770;243.6108;-1171.976;-2213.557
25804;246.2991;-1172.409;-2213.723
25838;260.3658;-1170.779;-2208.955
25883;263.4165;-1171.589;-2210.578
25927;265.1042;-1171.602;-2210.654
25943;254.9332;-1173.374;-2214.113
25997;256.9748;-1172.746;-2212.312
26011;258.1114;-1173.149;-2211.508
26061;258.9785;-1173.005;-2209.905
26078;258.3814;-1173.944;-2209.537
26131;259.4537;-1172.815;-2204.94
26145;260.1526;-1176.699;-2203.254
26231;274.944;-1178.245;-2200.414
26269;271.8871;-1180.12;-2197.377
26315;269.3632;-1183.424;-2198.178
26349;266.2951;-1184.762;-2200.396
26434;267.5362;-1186.78;-2199.206
26467;270.6168;-1188.201;-2200.231
26501;269.1192;-1190.747;-2201.351
26535;266.7356;-1193.514;-2203.091
26585;264.264;-1196.517;-2204.726
26635;263.9102;-1198.742;-2204.196
26669;263.3343;-1201.555;-2205.415
26708;267.8523;-1203.098;-2206.325
26759;277.8766;-1204.124;-2202.975
26775;281.8099;-1205.038;-2203.375
26809;282.6813;-1205.488;-2205.942
26843;285.4005;-1204.164;-2205.939
26876;286.3621;-1204.439;-2207.109
26910;286.0307;-1204.66;-2207.51
26962;282.7947;-1205.77;-2209.075
26978;280.3685;-1206.081;-2208.963
27029;275.7979;-1206.618;-2210.585
27045;274.9902;-1206.559;-2210.92
27079;275.0193;-1206.375;-2209.449
27112;274.499;-1207.164;-2212.623
27146;271.1275;-1206.003;-2214.616
27180;269.8936;-1205.44;-2214.285
27213;269.902;-1203.504;-2213.986
27238;270.1477;-1201.316;-2210.512
27266;269.3083;-1199.502;-2208.291
27346;265.1129;-1199.761;-2207.82
27387;267.4338;-1198.363;-2203.776
27547;268.2972;-1196.161;-2202.794
27562;267.7846;-1190.023;-2200.807
27596;266.8109;-1186.834;-2201.846
27633;266.355;-1183.995;-2200.701
27680;265.1635;-1181.852;-2201.459
27699;264.3584;-1181.53;-2202.098
27731;260.9665;-1180.787;-2203.511
27748;258.9609;-1179.4;-2205.685
27772;258.8314;-1178.092;-2204.703
27819;259.1008;-1176.448;-2203.946
27836;259.0375;-1175.419;-2204.007
27870;254.7142;-1176.289;-2207.79
27903;253.8307;-1175.04;-2206.037
27946;252.8925;-1173.97;-2207.211
27972;268.3285;-1171.606;-2202.969
28006;261.9742;-1172.442;-2204.629
28040;266.359;-1175.89;-2214.764
28061;257.8903;-1173.537;-2206.813
28107;259.7764;-1173.491;-2206.381
28141;260.0337;-1173.8;-2206.849
28231;262.5637;-1173.957;-2206.321
28247;264.3041;-1174.86;-2207.223
28289;264.9773;-1175.278;-2206.64
28367;266.3975;-1176.787;-2205.403
28418;266.6871;-1177.635;-2205.073
28441;266.52;-1178.065;-2205.289
28474;267.0609;-1178.298;-2204.883
28508;271.4132;-1181.641;-2208.234
28542;274.9991;-1181.221;-2204.953
28575;270.9483;-1181.931;-2204.808
28610;271.8814;-1186.028;-2204.045
28695;272.079;-1187.763;-2204.534
28758;275.1492;-1187.768;-2202.223
28786;276.3681;-1188.1;-2201.537
28811;277.4908;-1189.591;-2201.155
28863;275.5113;-1188.438;-2196.8
28896;276.307;-1189.45;-2196.149
28913;278.6762;-1191.782;-2197.462
28947;279.9771;-1191.504;-2195.418
29017;276.4903;-1193.761;-2196.733
29233;280.3903;-1197.944;-2202.286
29283;297.1337;-1198.684;-2196.619
29301;311.8547;-1198.914;-2196.383
29333;304.5026;-1199.888;-2193.883
29384;308.5755;-1198.614;-2193.265
29403;311.1993;-1196.988;-2191.016
29434;300.5363;-1198.091;-2193.479
29486;292.2654;-1198.488;-2194.098
29536;261.2579;-1208.149;-2223.143
29552;258.82;-1206.944;-2222.863
29579;260.1745;-1204.141;-2219.301
29634;259.6518;-1204.15;-2219.174
29687;257.774;-1203.178;-2218.567
29718;298.0077;-1195.432;-2197.311
29758;294.7384;-1196.096;-2198.285
29788;290.7688;-1195.972;-2198.401
29804;288.0803;-1198.335;-2203.825
29856;287.6215;-1197.65;-2203.081
29889;285.8891;-1198.503;-2205.463
29905;287.381;-1198.787;-2207.287
29939;291.0743;-1197.915;-2207.816
30001;291.6237;-1196.835;-2206.592
30024;291.4864;-1195.217;-2206.15
30067;290.197;-1192.081;-2206.551
30083;289.631;-1192.016;-2206.297
30117;283.8059;-1187.194;-2208.218
30182;280.8958;-1183.552;-2208.709
30213;282.7803;-1182.046;-2208.474
30247;282.4369;-1178.249;-2209.229
30280;282.3821;-1177.966;-2209.588
30314;286.3071;-1176.992;-2208.688
30348;284.9276;-1177.969;-2212.711
30385;285.0114;-1177.111;-2211.768
30406;283.3315;-1177.68;-2213.708
30440;283.512;-1177.233;-2213.662
30474;283.7182;-1175.84;-2214.25
30524;282.5179;-1175.486;-2214.554
30559;282.378;-1174.671;-2212.996
30574;281.778;-1175.065;-2213.771
30609;279.6995;-1175.695;-2215.498
30678;279.9781;-1175.7;-2216.86
30724;280.6821;-1176.016;-2217.129
30740;281.4328;-1176.64;-2217.975
30774;282.131;-1176.729;-2218.68
30807;282.1648;-1177.565;-2218.338
30841;279.3343;-1178.848;-2219.192
30876;277.1176;-1178.688;-2216.63
30909;277.0855;-1178.892;-2216.303
30943;275.6038;-1179.764;-2217.066
30976;275.6073;-1180.319;-2216.646
31010;298.6039;-1173.074;-2195.861
31043;288.4387;-1176.23;-2200.506
31077;287.6159;-1178.697;-2204.225
31111;285.1095;-1179.778;-2204.601
31147;284.9696;-1181.426;-2205.647
31195;282.968;-1184.431;-2207.017
31214;283.7215;-1186.399;-2209.002
31253;281.7861;-1187.715;-2211.834
31286;284.2765;-1189.91;-2213.328
31320;283.7952;-1190.827;-2213.55
31353;286.1781;-1192.325;-2212.174
31370;286.123;-1194.252;-2212.414
31405;283.1259;-1195.069;-2210.181
31438;278.8295;-1196.046;-2210.862
31471;336.7289;-1198.885;-2222.334
31505;325.2641;-1202.35;-2215.353
31556;319.6669;-1203.189;-2212.896
31572;338.4274;-1205.317;-2212.376
31606;348.4791;-1203.438;-2215.479
31640;352.2464;-1203.795;-2219.956
31690;353.7138;-1206.471;-2229.05
31762;342.3321;-1206.793;-2223.925
31803;329.4271;-1204.337;-2215.855
31820;328.2529;-1205.016;-2217.547
31856;330.6826;-1205.112;-2218.878
31898;319.5265;-1203.827;-2216.177
32009;300.795;-1205.0;-2216.371
32073;298.7469;-1204.179;-2215.839
32130;315.676;-1202.701;-2215.683
32180;324.026;-1202.947;-2215.392
32423;307.1606;-1200.716;-2217.718
32461;306.209;-1198.792;-2217.749
32478;303.8536;-1197.108;-2218.64
32495;302.2166;-1196.993;-2218.818
32545;299.4178;-1193.666;-2217.754
32814;276.8951;-1178.828;-2217.269
32871;260.3796;-1183.648;-2237.459
32885;277.9771;-1174.886;-2212.27
32940;279.067;-1174.592;-2212.858
32987;280.948;-1174.761;-2213.771
33003;280.4306;-1174.718;-2214.641
33020;280.1618;-1174.139;-2217.257
33054;279.5457;-1175.621;-2218.267
33110;279.2157;-1176.035;-2219.23
33154;282.5864;-1178.507;-2219.993
33205;283.0185;-1178.513;-2220.2
33227;286.7018;-1179.436;-2219.824
33263;287.6589;-1179.69;-2218.669
33325;287.0563;-1181.089;-2218.974
33411;287.659;-1181.415;-2216.876
33489;294.1805;-1186.839;-2214.621
33657;292.5373;-1199.444;-2219.065
33673;288.1015;-1200.166;-2219.532
33707;329.5013;-1197.384;-2215.7
33741;312.7549;-1202.194;-2220.196
33791;326.0741;-1203.098;-2223.107
33808;319.5931;-1204.035;-2224.372
33853;319.8959;-1204.615;-2223.579
34120;348.4922;-1205.851;-2233.104
34186;339.9426;-1205.284;-2227.117
34319;320.047;-1207.047;-2222.819
34370;330.65;-1206.51;-2223.175
34455;320.1794;-1205.993;-2217.418
34569;310.9465;-1202.359;-2203.52
34631;301.235;-1199.926;-2196.32
35035;309.248;-1184.851;-2187.155
35087;304.4229;-1183.29;-2189.861
35129;302.2718;-1178.573;-2189.458
35163;298.2755;-1176.439;-2187.751
35228;292.6279;-1175.434;-2192.147
35247;290.3246;-1175.278;-2191.717
35274;289.8236;-1174.081;-2195.129
35295;288.8225;-1173.993;-2196.057
35373;287.412;-1171.39;-2194.169
35395;286.2013;-1171.815;-2196.095
35660;293.2855;-1176.412;-2205.231
35721;298.0611;-1178.173;-2205.94
35816;303.9471;-1182.095;-2214.471
35833;301.624;-1182.209;-2215.156
35909;302.6375;-1180.936;-2212.724
35942;300.5504;-1183.77;-2213.983
35991;303.5404;-1186.612;-2214.815
36130;311.1786;-1197.616;-2215.997
36207;310.7415;-1197.764;-2217.014
36265;311.7789;-1200.47;-2216.739
36314;335.098;-1202.757;-2227.601
36361;324.4352;-1202.906;-2220.449
36688;338.8309;-1207.469;-2217.56
36715;335.6609;-1208.088;-2217.609
36748;329.1832;-1208.561;-2215.512
36782;327.0456;-1209.746;-2217.482
36852;316.943;-1206.091;-2208.393
36887;305.9355;-1198.96;-2191.854
36906;306.6201;-1200.519;-2194.58
36954;301.476;-1201.873;-2193.161
36971;300.2713;-1202.736;-2193.5
37005;245.2878;-1209.658;-2211.942
37038;244.6844;-1209.409;-2212.744
37072;243.5965;-1209.074;-2215.584
37106;244.0128;-1209.507;-2216.903
37167;243.6344;-1209.222;-2218.393
37179;245.3365;-1207.022;-2220.331
37212;288.99;-1197.455;-2196.78
37309;293.5953;-1194.231;-2198.399
37349;294.4706;-1190.351;-2202.476
37400;288.3564;-1188.839;-2210.518
37450;289.7563;-1186.154;-2209.449
37484;290.0248;-1185.202;-2209.059
37501;290.9015;-1184.708;-2209.484
37552;281.7332;-1184.153;-2209.602
37573;280.4816;-1182.919;-2210.099
37625;280.5036;-1183.185;-2210.639
37659;280.8181;-1182.59;-2210.54
37694;280.0534;-1180.604;-2210.727
37709;279.5229;-1179.686;-2210.296
37743;279.8269;-1179.674;-2210.441
37777;281.3722;-1179.681;-2210.424
37814;280.175;-1179.848;-2210.255
37848;281.7185;-1180.132;-2210.859
37880;283.6938;-1180.088;-2210.414
37909;288.0613;-1181.968;-2214.605
37943;290.8024;-1182.924;-2216.788
37976;298.3341;-1183.789;-2218.674
38010;301.4088;-1185.638;-2219.552
38049;299.6429;-1186.776;-2219.681
38083;306.0049;-1187.237;-2219.372
38118;308.0783;-1191.474;-2217.916
38152;305.1574;-1194.598;-2218.451
38186;306.8972;-1196.729;-2218.391
38220;311.0072;-1198.157;-2216.479
38255;312.5216;-1200.204;-2215.185
38313;316.6884;-1202.908;-2213.812
38457;315.4119;-1204.602;-2211.762
38481;364.8589;-1196.691;-2208.847
38612;251.38;-1214.257;-2231.002
38628;253.8471;-1221.416;-2231.439
38679;255.4917;-1222.665;-2231.948
38712;260.8379;-1220.641;-2233.451
38746;260.2525;-1220.237;-2233.764
38780;261.1245;-1219.614;-2233.716
38804;340.7746;-1209.327;-2213.698
38848;341.828;-1209.383;-2215.765
38881;341.1992;-1211.689;-2221.803
38915;337.6993;-1211.71;-2221.514
38949;333.7103;-1210.589;-2221.756
38970;333.5021;-1210.467;-2221.139
39055;335.5364;-1213.496;-2220.032
39390;299.6688;-1201.105;-2178.191
39447;297.8012;-1201.074;-2178.334
39510;238.786;-1213.04;-2211.254
39578;236.3547;-1210.156;-2213.829
39646;234.3188;-1209.505;-2215.006
40210;287.1538;-1172.018;-2207.855
40236;288.255;-1174.248;-2208.342
40253;291.976;-1177.03;-2207.978
40269;293.098;-1178.186;-2208.828
40320;291.8519;-1180.363;-2212.201
40337;293.9577;-1181.561;-2212.845
40378;293.6664;-1183.963;-2212.583
40399;294.2831;-1184.074;-2212.389
40450;292.6542;-1186.709;-2212.715
40468;293.5799;-1190.505;-2213.571
40520;298.1172;-1191.756;-2212.759
40551;302.6689;-1191.049;-2212.015
40586;307.4435;-1196.885;-2212.602
40619;307.8401;-1198.024;-2213.72
40652;324.2873;-1200.943;-2222.552
40679;326.5607;-1202.704;-2223.041
40709;326.3116;-1202.259;-2222.626
40885;332.0252;-1202.821;-2219.279
40896;335.0198;-1205.397;-2217.537
40941;335.8192;-1207.697;-2217.08
41006;343.4502;-1204.927;-2209.285
41040;346.6871;-1207.739;-2216.474
41073;373.0958;-1207.403;-2227.736
41107;256.2346;-1213.82;-2217.753
41157;237.6907;-1209.391;-2196.088
41184;236.6514;-1210.562;-2198.484
41217;236.4219;-1212.371;-2200.427
41234;250.9368;-1216.743;-2217.65
41269;254.0159;-1217.767;-2222.321
41319;263.8629;-1220.332;-2219.83
41353;263.2879;-1221.111;-2221.036
41404;266.219;-1221.105;-2220.313
41461;265.2073;-1221.32;-2220.509
41521;263.4919;-1221.043;-2220.367
42004;305.7438;-1191.706;-2199.094
42039;301.0934;-1192.075;-2199.969
42070;300.4792;-1191.253;-2199.998
42104;298.1886;-1185.12;-2200.371
42137;294.7963;-1180.97;-2202.868
42171;288.1485;-1178.369;-2206.61
42207;286.9589;-1178.061;-2208.787
42280;271.8915;-1173.041;-2205.262
42347;270.2373;-1170.212;-2207.49
42381;268.8572;-1169.942;-2208.625
42438;283.7763;-1170.902;-2209.136
42454;289.9415;-1169.88;-2208.948
42477;269.4672;-1174.528;-2213.387
42514;266.9517;-1174.832;-2214.152
42582;277.7265;-1175.022;-2211.585
42624;282.1041;-1176.622;-2210.834
42680;283.4084;-1177.505;-2210.793
42729;288.8008;-1179.318;-2212.441
42788;295.8237;-1183.649;-2209.714
42839;302.269;-1185.818;-2212.667
43020;309.1978;-1200.114;-2217.839
43053;309.9822;-1203.423;-2218.025
43098;309.7746;-1205.703;-2218.615
43125;309.0485;-1205.763;-2218.13
43142;333.4777;-1207.714;-2225.431
43176;327.9151;-1207.675;-2224.958
43210;326.4567;-1208.129;-2224.824
43260;341.9269;-1205.022;-2220.136
43294;333.872;-1206.04;-2219.608
43348;335.6132;-1210.524;-2225.362
43379;344.3934;-1215.089;-2228.88
43449;336.6095;-1217.087;-2229.58
43499;330.2382;-1220.814;-2229.612
43531;327.592;-1225.089;-2227.913
43587;321.287;-1225.699;-2229.904
43654;318.6459;-1222.925;-2230.849
43671;333.004;-1223.64;-2234.578
43704;334.2075;-1222.624;-2230.323
43738;336.274;-1224.691;-2231.551
43772;343.2925;-1226.931;-2229.945
43805;324.4488;-1226.241;-2223.246
43840;324.3931;-1223.145;-2217.301
43890;342.9861;-1219.148;-2213.656
43912;354.8332;-1212.739;-2207.91
43959;262.0737;-1222.602;-2235.379
44015;326.1118;-1210.446;-2198.732
44040;316.0563;-1209.096;-2194.613
44074;304.7231;-1207.017;-2189.038
44108;336.8085;-1209.339;-2200.082
44141;252.8608;-1214.3;-2219.762
44175;245.8206;-1213.675;-2223.29
44208;112.8503;-1145.4;-2157.373
44242;307.1647;-1195.577;-2189.744
44276;309.1953;-1195.556;-2192.06
44309;305.701;-1194.448;-2195.11
44343;301.2492;-1192.013;-2197.719
44377;299.472;-1188.026;-2197.698
44411;296.9984;-1186.375;-2201.65
44464;290.6063;-1182.265;-2203.973
44480;285.9775;-1179.277;-2205.133
44550;290.0271;-1181.241;-2224.844
44620;248.2917;-1174.009;-2216.665
44637;268.1244;-1179.793;-2232.308
44694;269.6299;-1171.172;-2211.0
44711;262.1285;-1170.07;-2210.001
44749;278.6581;-1169.727;-2207.378
44788;262.9138;-1181.067;-2238.055
44821;278.0143;-1170.767;-2208.976
44838;279.6801;-1171.067;-2209.299
44897;285.5346;-1171.8;-2209.607
44910;287.7914;-1172.26;-2210.776
44944;288.613;-1174.04;-2211.8
44978;290.34;-1176.711;-2214.329
45011;290.7768;-1177.743;-2213.624
45062;291.114;-1178.214;-2212.245
45082;293.4098;-1180.787;-2210.764
45101;296.1058;-1185.639;-2210.592
45146;299.2425;-1187.51;-2211.952
45190;300.0707;-1190.372;-2212.135
45217;321.4412;-1192.434;-2224.447
45250;296.8164;-1195.509;-2224.637
45284;292.7548;-1197.041;-2224.103
45318;309.9933;-1198.306;-2221.166
45340;309.941;-1198.87;-2219.592
45368;308.5236;-1198.958;-2219.887
45403;300.862;-1203.661;-2233.396
45525;303.2648;-1199.034;-2214.63
45556;362.1382;-1198.834;-2230.648
45595;347.9922;-1201.98;-2229.845
45635;348.3265;-1204.005;-2229.324
45690;353.0515;-1206.983;-2223.344
45740;260.4567;-1226.681;-2252.926
45774;264.7843;-1226.542;-2249.758
45807;268.3781;-1227.603;-2248.862
45841;274.5583;-1228.055;-2247.217
45892;276.7008;-1228.775;-2244.316
45908;277.2744;-1228.443;-2243.846
45942;346.5238;-1223.612;-2236.191
45993;358.19;-1224.441;-2244.92
46009;526.9382;-1143.405;-2223.183
46043;274.537;-1228.846;-2241.725
46094;371.6096;-1217.231;-2226.066
46111;352.3165;-1220.088;-2222.948
46145;271.3343;-1229.337;-2238.667
46184;273.6296;-1228.157;-2235.267
46215;273.5017;-1228.24;-2235.732
46239;271.6686;-1227.924;-2236.594
46283;270.8026;-1231.988;-2239.932
46317;270.9807;-1232.574;-2240.823
46334;271.2167;-1232.155;-2236.17
46384;360.4618;-1216.594;-2218.887
46402;362.3864;-1217.086;-2218.929
46452;368.9487;-1217.049;-2221.721
46521;373.2216;-1220.524;-2223.627
46539;372.8996;-1219.618;-2219.5
46556;359.1632;-1222.058;-2218.06
46573;344.4816;-1221.845;-2215.641
46606;337.1778;-1222.63;-2214.5
46641;331.4934;-1220.686;-2209.784
46687;330.7044;-1222.928;-2215.663
46750;325.4371;-1223.466;-2214.848
46792;268.631;-1225.365;-2226.819
46831;268.2504;-1223.786;-2222.42
46880;266.1647;-1218.838;-2220.5
46913;265.545;-1216.291;-2220.128
46967;359.2134;-1210.385;-2221.215
46980;254.9726;-1213.166;-2219.908
47014;259.9193;-1214.24;-2221.069
47048;260.0366;-1212.03;-2220.828
47099;260.1602;-1212.236;-2222.27
47115;263.5863;-1206.694;-2218.666
47149;264.009;-1204.22;-2218.429
47169;262.9552;-1204.687;-2221.564
47202;263.4827;-1204.373;-2222.225
47236;262.098;-1204.19;-2222.53
47287;260.7702;-1205.196;-2222.77
47434;264.5503;-1212.013;-2218.242
47450;265.2088;-1212.252;-2216.379
47469;264.5536;-1212.986;-2215.982
47499;264.6418;-1213.213;-2215.214
47549;261.981;-1214.464;-2216.792
47567;314.1971;-1215.257;-2226.131
47617;255.8229;-1210.548;-2207.205
47634;270.2386;-1212.183;-2204.956
47685;341.8739;-1221.428;-2237.43
47758;263.0958;-1212.484;-2196.394
47779;349.8334;-1218.662;-2227.623
47812;265.405;-1209.528;-2192.062
47846;264.8705;-1208.08;-2192.493
47880;266.2661;-1197.319;-2194.825
47914;266.3264;-1196.906;-2194.191
47971;392.1569;-1178.74;-2226.689
48012;245.722;-1175.959;-2166.943
48046;234.6704;-1180.017;-2184.071
48080;232.5027;-1180.749;-2188.918
48107;232.7842;-1180.802;-2191.537
48141;236.0105;-1180.588;-2189.754
48174;233.7634;-1180.636;-2191.242
48208;233.4748;-1179.425;-2188.754
48242;230.4253;-1178.044;-2183.227
48283;230.1976;-1176.55;-2179.504
48306;227.765;-1173.78;-2171.337
48338;227.2753;-1172.015;-2168.232
48372;350.4413;-1169.597;-2197.692
48414;122.714;-1147.319;-2143.897
48441;344.0602;-1170.072;-2200.897
48475;274.9425;-1179.138;-2201.633
48509;282.0607;-1184.039;-2218.896
48543;268.4859;-1189.727;-2230.871
48576;159.5235;-1186.695;-2236.625
48610;209.2135;-1194.825;-2243.96
48643;232.961;-1195.215;-2245.989
48677;131.4008;-1160.566;-2168.715
48711;202.8599;-1195.318;-2248.951
48781;216.8597;-1191.766;-2256.367
48817;219.2612;-1195.137;-2261.392
48880;220.6331;-1194.168;-2260.253
48914;237.5574;-1191.301;-2264.669
48943;234.026;-1190.052;-2259.691
49047;219.1045;-1192.256;-2253.402
49099;220.4935;-1191.886;-2251.531
49171;104.2515;-1194.789;-2235.324
49233;212.1806;-1198.398;-2249.426
49266;210.0811;-1198.511;-2241.52
49317;201.8936;-1201.326;-2242.707
49333;227.4913;-1200.682;-2247.555
49367;233.4787;-1202.243;-2242.862
49401;237.4214;-1210.479;-2255.023
49451;231.1274;-1213.068;-2256.963
49486;225.9817;-1215.85;-2259.561
49507;206.76;-1217.8;-2250.399
49553;210.3992;-1223.361;-2262.819
49586;225.6915;-1219.348;-2252.794
49647;254.3352;-1215.221;-2249.258
49682;281.3843;-1206.746;-2246.802
49719;293.3771;-1200.723;-2243.357
49752;286.5704;-1202.851;-2239.796
49786;305.6864;-1201.019;-2249.673
49820;321.9012;-1201.213;-2258.759
49837;324.1877;-1200.14;-2259.812
49870;344.4301;-1191.082;-2256.856
49921;309.702;-1201.099;-2252.092
49980;285.9517;-1207.678;-2249.76
50006;493.54;-1078.674;-2344.78
50040;260.5744;-1213.205;-2246.477
50074;234.4852;-1216.428;-2244.074
50108;244.666;-1214.669;-2244.896
50142;307.6131;-1201.546;-2244.991
50165;314.4375;-1196.053;-2244.1
50215;307.8626;-1199.207;-2253.326
50232;280.0083;-1210.276;-2265.162
50267;284.4004;-1206.338;-2264.649
50317;281.0044;-1206.712;-2265.591
50334;137.1293;-1188.138;-2198.875
50384;299.5829;-1188.132;-2248.884
50417;257.182;-1195.283;-2242.916
50434;254.3058;-1191.906;-2241.901
50468;260.4439;-1185.711;-2243.219
50502;259.1789;-1181.375;-2241.192
50552;259.0929;-1180.526;-2240.713
50586;260.0438;-1177.512;-2238.631
50619;271.1458;-1171.692;-2235.201
50636;258.0024;-1169.813;-2226.684
50687;261.4062;-1169.52;-2226.904
50704;262.3715;-1168.613;-2224.609
50754;266.0844;-1165.955;-2219.545
50771;260.8971;-1170.244;-2224.295
50805;239.442;-1174.307;-2225.104
50838;194.3731;-1158.031;-2182.372
50889;-3.588092;-648.5917;-2037.285
50906;25.3482;-856.3281;-2010.491
50956;242.8078;-1185.785;-2254.355
50973;280.0663;-1183.948;-2296.169
51007;321.4258;-1174.094;-2305.196
51060;308.9181;-1181.323;-2308.773
51077;300.4279;-1184.803;-2306.502
51110;302.815;-1185.269;-2299.363
51144;297.8264;-1186.74;-2296.961
51178;270.2798;-1196.781;-2300.27
51211;275.1206;-1195.622;-2292.719
51245;289.4286;-1193.547;-2291.031
51279;295.0391;-1193.413;-2290.187
51313;299.9974;-1189.535;-2282.281
51347;305.4226;-1182.845;-2272.728
51397;294.7305;-1180.529;-2259.555
51437;282.5188;-1178.913;-2242.671
51473;147.1324;-1185.873;-2219.401
51504;277.5687;-1186.511;-2237.123
51538;261.8778;-1189.47;-2231.28
51588;277.5876;-1189.12;-2232.4
51605;286.8846;-1188.254;-2230.687
51639;281.2773;-1190.361;-2231.636
51673;273.377;-1194.137;-2234.854
51706;276.9527;-1194.253;-2235.012
51741;277.7935;-1192.933;-2233.752
51774;279.9853;-1193.6;-2233.284
51807;279.9694;-1192.684;-2232.031
51858;300.7124;-1186.555;-2229.266
51895;297.8409;-1186.405;-2227.846
51926;293.0249;-1184.971;-2221.511
51942;298.83;-1183.598;-2219.075
51976;298.8443;-1184.999;-2219.597
52010;290.9613;-1187.427;-2218.757
52043;288.9526;-1189.437;-2219.907
52077;298.0463;-1187.809;-2220.321
52111;295.643;-1191.159;-2225.52
52162;293.2624;-1191.906;-2225.103
52213;288.1978;-1194.592;-2228.528
52232;278.5104;-1198.066;-2230.542
52279;257.9104;-1203.834;-2229.412
52313;278.1696;-1197.272;-2233.04
52364;266.3199;-1198.142;-2228.39
52380;280.6393;-1194.594;-2232.592
52414;279.8482;-1191.81;-2231.381
52448;258.8876;-1190.241;-2222.24
52482;269.3089;-1186.317;-2224.17
52503;254.6616;-1187.203;-2218.809
52549;238.015;-1188.725;-2217.121
52575;235.8199;-1188.31;-2217.318
52622;229.4654;-1187.774;-2216.13
52639;234.1135;-1181.308;-2215.299
52672;234.9483;-1178.876;-2215.239
52706;235.005;-1176.837;-2214.976
52740;226.5823;-1174.426;-2215.119
52773;251.7649;-1167.065;-2208.763
52807;132.3351;-1166.392;-2194.882
52841;221.8453;-1168.927;-2203.503
52891;195.7684;-1170.656;-2204.564
52908;187.8912;-1162.335;-2180.288
52940;166.9911;-1159.156;-2172.063
52979;157.5186;-1165.318;-2181.098
53013;162.9615;-1163.321;-2179.964
53047;165.407;-1162.585;-2179.072
53083;-6.384321;-666.4159;-2015.585
53115;-4.581299;-662.8065;-2016.221
53149;-5.651273;-660.1429;-2019.241
53199;-5.07633;-657.4868;-2021.529
53216;-8.191369;-651.1508;-2027.911
53250;163.885;-1169.164;-2185.262
53283;160.501;-1170.063;-2183.048
53302;160.9554;-1172.48;-2182.242
53350;161.0378;-1174.019;-2180.741
53384;160.0877;-1175.266;-2178.868
53418;158.4833;-1181.686;-2180.68
53451;159.4445;-1187.161;-2180.437
53486;158.0615;-1188.146;-2184.708
53519;157.5295;-1190.601;-2184.865
53553;-96.1345;-688.0048;-2085.99
53603;-86.83257;-656.0462;-2116.774
53626;-89.56286;-657.4617;-2118.243
53643;-112.9289;-681.4338;-2113.91
53678;-122.1057;-674.3705;-2129.601
53725;-125.6644;-678.4051;-2130.795
53741;-118.5657;-638.6202;-2143.77
53775;-125.0398;-629.2777;-2156.171
53809;-127.5144;-623.4659;-2163.49
53859;-129.5531;-621.6929;-2166.521
53876;-129.4155;-619.559;-2165.414
53911;-138.1351;-625.4012;-2173.325
53961;-140.7668;-623.1611;-2177.165
53977;-142.1482;-623.4121;-2177.251
54011;-146.2437;-626.4387;-2181.534
54062;-146.4476;-625.6289;-2181.277
54079;-146.2457;-625.3292;-2182.115
54112;-145.2697;-623.1694;-2181.501
54152;-147.0685;-630.4681;-2178.186
54182;-149.4617;-633.3985;-2177.925
54247;-170.8167;-666.7765;-2192.064
54280;-132.6342;-607.8552;-2202.182
54313;-150.8186;-619.8458;-2182.065
54347;-134.8233;-584.2734;-2193.495
54378;-164.4565;-643.7917;-2182.229
54416;292.2286;-1171.936;-2197.929
54449;295.7029;-1172.241;-2200.392
54483;288.5511;-1176.384;-2203.083
54533;261.6408;-1179.279;-2195.134
54601;246.8126;-1177.756;-2184.352
54635;261.1047;-1175.012;-2191.096
54651;269.6334;-1172.674;-2195.937
54713;268.9362;-1175.83;-2204.66
54747;279.7293;-1174.055;-2212.525
54778;262.8452;-1178.608;-2209.903
54829;95.45795;-1161.93;-2148.823
54849;90.8742;-1157.805;-2142.788
54901;89.90305;-1156.518;-2141.826
54912;90.38718;-1154.996;-2139.245
54963;246.1726;-1178.701;-2201.812
54980;243.7058;-1177.895;-2199.816
55011;236.9594;-1178.3;-2196.416
55054;240.4441;-1178.759;-2200.2
55070;235.6742;-1181.008;-2203.129
55121;235.2751;-1180.464;-2202.009
55138;234.6201;-1179.346;-2202.654
55178;233.9511;-1179.266;-2202.344
55205;238.8641;-1178.649;-2205.329
55256;236.4211;-1180.668;-2208.368
55290;236.7772;-1180.595;-2208.611
55307;233.6945;-1180.969;-2209.709
55340;192.0254;-1184.968;-2217.343
55374;236.4184;-1169.903;-2191.894
55408;234.1597;-1172.931;-2196.768
55441;247.4928;-1176.301;-2210.347
55475;245.5829;-1176.247;-2210.44
55525;270.1707;-1174.834;-2215.404
55559;271.5222;-1178.184;-2221.379
55593;302.0923;-1178.632;-2231.668
55610;321.075;-1174.514;-2232.68
55677;319.3629;-1176.959;-2234.359
55694;299.1246;-1186.176;-2222.81
55728;318.0515;-1187.68;-2236.259
55744;317.1049;-1187.65;-2229.772
55812;346.3414;-1183.302;-2240.79
55829;398.7426;-1159.888;-2236.782
55845;395.7986;-1163.595;-2241.02
55879;383.3526;-1174.634;-2240.605
55938;384.0526;-1172.176;-2237.689
55965;369.0617;-1190.692;-2252.006
55980;376.3343;-1181.953;-2243.929
56032;392.0952;-1178.397;-2243.947
56048;398.7901;-1163.944;-2233.754
56082;382.9633;-1169.37;-2224.153
56115;387.6764;-1157.866;-2217.618
56151;387.9786;-1156.58;-2219.864
56183;385.737;-1156.143;-2216.336
56204;388.5776;-1152.358;-2219.729
56250;370.5586;-1169.768;-2236.594
56285;361.1182;-1174.442;-2239.351
56331;368.8882;-1171.464;-2245.76
56388;375.5957;-1164.208;-2251.129
56407;374.425;-1154.122;-2248.26
56458;229.1815;-1207.959;-2238.252
56474;297.7293;-1190.56;-2244.86
56508;290.1804;-1192.811;-2244.718
56542;286.286;-1189.313;-2234.852
56576;283.6137;-1191.348;-2239.403
56609;111.684;-1180.421;-2175.608
56662;117.1248;-1179.835;-2175.063
56712;122.7536;-1179.769;-2173.658
56721;126.6638;-1179.64;-2174.561
56755;294.0545;-1184.841;-2253.996
56789;131.6238;-1177.802;-2177.028
56805;134.3191;-1177.142;-2180.739
56839;136.3799;-1176.625;-2184.734
56890;134.2185;-1175.547;-2188.292
56906;128.7577;-1173.93;-2194.034
56940;129.9422;-1172.24;-2196.219
56991;127.9221;-1170.01;-2198.194
57008;131.8427;-1165.812;-2198.515
57046;126.7676;-1165.77;-2199.605
57080;242.3806;-1161.26;-2211.988
57114;131.4607;-1158.48;-2194.211
57147;147.3026;-1153.126;-2180.635
57181;154.883;-1148.801;-2170.853
57215;154.64;-1147.903;-2169.565
57232;161.6126;-1145.533;-2164.027
57282;164.7425;-1145.313;-2165.103
57323;161.9405;-1145.958;-2166.642
57344;156.732;-1148.962;-2168.404
57374;160.683;-1149.116;-2169.363
57412;159.2691;-1149.231;-2169.595
57445;161.5126;-1150.159;-2171.532
57478;218.7116;-1162.57;-2205.533
57512;189.3707;-1159.879;-2189.793
57546;184.9392;-1162.152;-2188.618
57579;183.3147;-1165.067;-2191.268
57613;228.334;-1175.939;-2226.035
57664;137.0245;-1170.851;-2209.504
57680;285.9662;-1175.353;-2237.23
57955;264.2204;-1194.501;-2233.591
57988;280.4107;-1186.131;-2225.877
58005;280.036;-1191.101;-2232.063
58056;295.5806;-1189.816;-2228.806
58072;288.9996;-1195.503;-2235.451
58106;199.5008;-1231.509;-2274.703
58140;201.0674;-1229.122;-2270.604
58173;326.518;-1205.749;-2237.773
58207;278.317;-1201.76;-2240.022
58258;349.8591;-1148.33;-2236.22
58274;292.3936;-1192.988;-2238.048
58308;324.4053;-1175.267;-2240.78
58342;327.5356;-1172.854;-2239.342
58392;348.5898;-1166.552;-2243.942
58409;346.4363;-1166.293;-2241.918
58443;343.424;-1167.532;-2241.503
58477;324.6194;-1182.884;-2243.304
58527;303.8844;-1187.47;-2238.135
58544;305.2921;-1178.194;-2221.511
58578;294.6633;-1173.023;-2206.042
58647;309.705;-1160.018;-2190.736
58731;306.9872;-1169.133;-2195.718
58760;296.9254;-1178.64;-2200.548
58821;227.8983;-1197.399;-2206.04
58847;301.8212;-1175.73;-2208.466
58875;286.9658;-1180.021;-2203.875
58931;271.6916;-1183.622;-2203.089
58964;289.3358;-1182.863;-2217.86
59015;265.185;-1189.728;-2211.182
59031;275.7072;-1183.183;-2204.626
59065;271.478;-1187.377;-2206.621
59099;302.0615;-1177.785;-2211.426
59150;279.8238;-1192.053;-2230.328
59183;273.25;-1193.031;-2229.569
59201;280.3391;-1187.439;-2222.573
59251;276.6247;-1188.165;-2222.494
59284;296.7794;-1174.757;-2209.478
59308;283.8724;-1177.517;-2208.788
59359;279.9865;-1177.463;-2209.34
59376;273.2511;-1179.73;-2208.249
59427;262.5725;-1182.614;-2204.664
59445;251.3692;-1185.184;-2203.78
59495;246.1513;-1185.726;-2200.1
59512;247.2774;-1184.459;-2197.759
59546;272.1357;-1170.134;-2185.371
59579;270.5571;-1163.457;-2176.604
59613;254.9589;-1168.166;-2178.281
59647;248.9499;-1176.37;-2183.052
59699;294.8863;-1161.234;-2185.503
59714;284.3563;-1161.346;-2177.239
59748;230.1554;-1185.194;-2185.459
59782;241.0972;-1182.464;-2187.286
59816;139.1045;-1179.519;-2184.131
59913;202.1218;-1175.556;-2177.847
59996;202.1979;-1175.367;-2181.189
60012;122.9447;-1185.416;-2235.435
60046;176.3718;-1182.708;-2226.986
60079;218.9673;-1166.741;-2194.62
60113;220.0912;-1169.202;-2204.793
60147;218.1076;-1167.52;-2209.203
60183;217.2498;-1167.851;-2210.106
60214;217.9133;-1167.024;-2209.586
60265;190.8953;-1167.094;-2212.375
60281;186.8756;-1165.137;-2211.062
60316;180.783;-1166.117;-2213.43
60350;204.7036;-1165.649;-2210.187
60382;188.6717;-1165.649;-2209.955
60427;189.0036;-1166.343;-2211.099
60457;193.5002;-1166.763;-2212.427
60479;191.6152;-1166.877;-2212.604
60530;188.4546;-1168.121;-2216.406
60546;199.571;-1167.199;-2213.897
60580;196.2323;-1167.625;-2217.727
60616;191.8177;-1168.387;-2219.254
60649;186.7626;-1170.768;-2219.368
60719;184.2246;-1173.023;-2217.244
60753;177.117;-1175.255;-2218.155
60798;172.7775;-1176.529;-2218.259
60821;172.6989;-1178.042;-2216.773
60840;304.1497;-1164.617;-2231.729
60889;269.2027;-1180.125;-2225.611
60906;268.7021;-1181.125;-2225.741
60940;304.9829;-1169.441;-2229.651
60973;307.5261;-1169.83;-2231.365
61007;310.176;-1170.841;-2235.444
61057;210.7157;-1192.336;-2222.424
61091;436.3669;-1099.672;-2235.374
61125;262.5513;-1191.464;-2219.713
61141;276.7031;-1183.774;-2213.901
61178;285.5955;-1178.786;-2212.856
61209;288.3313;-1176.478;-2211.299
61243;279.4554;-1181.88;-2212.018
61276;180.5808;-1200.165;-2219.404
61310;279.9572;-1172.496;-2197.936
61344;270.8527;-1182.381;-2203.996
61377;289.5726;-1172.531;-2203.555
61428;296.9631;-1168.264;-2203.587
61445;301.5566;-1166.914;-2203.619
61478;300.8738;-1166.956;-2204.265
61512;304.4316;-1165.493;-2205.809
61546;305.5068;-1165.792;-2207.925
61580;250.0948;-1189.66;-2219.47
61613;309.8331;-1165.796;-2215.49
61648;426.147;-1092.267;-2224.637
61681;306.2769;-1162.818;-2213.921
61715;309.8662;-1163.577;-2216.751
61748;311.0298;-1166.207;-2222.208
61783;303.8031;-1171.241;-2225.177
61815;222.8994;-1196.755;-2221.207
61849;210.5535;-1193.986;-2212.609
61883;228.8705;-1197.0;-2216.477
61917;303.8129;-1179.735;-2231.491
61951;220.1415;-1184.422;-2184.574
61985;211.6073;-1201.542;-2216.809
62018;207.7613;-1197.84;-2209.441
62051;210.6779;-1194.675;-2203.77
62068;217.9621;-1190.917;-2200.09
62119;259.9973;-1184.143;-2202.449
62152;268.1814;-1181.325;-2205.663
62169;268.3004;-1178.236;-2208.962
62220;270.2071;-1178.324;-2216.335
62254;272.3935;-1175.954;-2219.1
62297;264.323;-1178.884;-2221.089
62323;260.4196;-1178.17;-2223.907
62357;264.3421;-1177.138;-2225.41
62390;258.8993;-1182.307;-2230.526
62408;265.9733;-1180.11;-2227.837
62448;264.0693;-1179.838;-2229.963
62568;264.0518;-1179.86;-2226.063
62601;265.1811;-1186.233;-2234.234
62638;166.2887;-1171.971;-2187.788
62684;260.5222;-1189.82;-2240.866
62701;269.0542;-1188.479;-2239.765
62735;268.4405;-1188.748;-2241.653
62770;259.6152;-1189.363;-2238.206
62803;258.9901;-1188.178;-2238.521
62853;259.5219;-1191.969;-2242.432
62870;260.1649;-1193.29;-2245.083
62903;258.1277;-1194.801;-2246.129
62954;260.7543;-1193.593;-2245.82
62971;266.9715;-1192.625;-2245.943
63023;269.3651;-1197.132;-2248.167
63040;271.49;-1202.321;-2246.946
63074;281.7328;-1207.532;-2246.317
63107;288.818;-1207.196;-2242.409
63141;279.235;-1208.386;-2237.814
63175;331.4891;-1191.811;-2232.802
63208;314.2038;-1195.294;-2220.705
63242;347.774;-1180.206;-2231.038
63292;287.9862;-1201.361;-2212.937
63310;337.7373;-1180.952;-2225.158
63343;329.8201;-1185.358;-2228.084
63377;309.4174;-1188.439;-2217.028
63410;323.5844;-1177.491;-2211.32
63444;275.3571;-1192.4;-2208.227
63478;142.8528;-1197.105;-2202.198
63512;123.7328;-1196.249;-2214.38
63545;127.6784;-1194.078;-2210.375
63579;126.9321;-1197.146;-2218.564
63606;260.4137;-1191.015;-2204.718
63640;274.0448;-1186.25;-2200.373
63674;310.2537;-1174.126;-2201.048
63707;287.6659;-1183.077;-2207.816
63741;305.9225;-1176.627;-2214.337
63775;271.3411;-1192.113;-2214.697
63858;211.2296;-1193.738;-2196.936
63874;265.2948;-1197.572;-2220.148
63908;206.7912;-1194.419;-2194.311
63950;209.0552;-1193.708;-2193.786
63985;320.699;-1180.217;-2234.083
64012;271.751;-1189.393;-2200.674
64046;281.6564;-1186.324;-2205.439
64079;444.1802;-1117.352;-2227.63
64113;440.3723;-1127.671;-2232.866
64147;440.5591;-1135.292;-2235.434
64180;314.1651;-1183.827;-2215.577
64219;283.5865;-1197.012;-2218.795
64252;280.2574;-1197.122;-2219.032
64270;278.535;-1195.203;-2216.997
64320;271.0193;-1195.768;-2216.718
64355;259.1152;-1198.845;-2220.323
64378;264.3106;-1196.306;-2221.886
64415;277.782;-1194.43;-2224.101
64479;314.5458;-1179.863;-2225.809
64643;239.7244;-1174.997;-2201.316
64710;190.2282;-1159.936;-2156.675
64744;189.6313;-1159.53;-2157.369
64777;189.4415;-1159.744;-2157.437
64811;329.4126;-1184.857;-2263.84
64845;183.8868;-1182.275;-2221.827
64895;186.2775;-1179.289;-2211.303
64912;318.9879;-1188.911;-2265.209
64946;312.2578;-1193.094;-2269.724
64973;311.0392;-1194.482;-2271.369
65010;308.9294;-1194.985;-2270.593
65039;315.18;-1194.652;-2268.489
65073;309.1365;-1198.266;-2268.221
65106;295.8152;-1201.651;-2266.552
65140;294.283;-1201.171;-2261.799
65174;293.9166;-1200.845;-2257.383
65208;282.472;-1199.627;-2245.553
65241;276.5454;-1193.081;-2226.005
65292;276.3116;-1191.408;-2221.16
65326;278.8066;-1191.277;-2215.618
65343;292.5577;-1190.526;-2213.526
65394;286.3424;-1192.425;-2212.882
65411;281.011;-1192.409;-2211.984
65444;304.1168;-1181.431;-2206.017
65478;321.4213;-1175.915;-2207.886
65514;333.4775;-1171.216;-2210.691
65542;321.346;-1174.602;-2205.852
65567;329.8498;-1172.129;-2204.573
65618;269.2472;-1189.11;-2192.008
65635;271.3831;-1192.553;-2195.636
65685;298.321;-1181.823;-2191.034
65702;325.0236;-1168.082;-2190.05
65736;320.9148;-1171.364;-2191.149
65770;326.9354;-1172.988;-2189.63
65820;343.4734;-1166.606;-2196.841
65854;348.9258;-1163.512;-2194.714
65870;351.9369;-1163.214;-2194.143
65921;336.4733;-1177.521;-2194.232
65938;368.1696;-1159.182;-2197.853
66021;198.324;-1210.369;-2189.12
66070;198.3707;-1211.054;-2191.216
66118;171.632;-1206.912;-2183.782
66170;201.3121;-1204.585;-2171.833
66202;183.3084;-1199.211;-2173.073
66240;193.352;-1200.345;-2173.596
66269;210.9558;-1196.067;-2169.241
66303;213.01;-1195.188;-2169.823
66336;190.5426;-1197.941;-2181.34
66370;186.4932;-1198.221;-2186.003
66424;195.8923;-1193.517;-2186.826
66437;190.5611;-1193.719;-2190.563
66471;212.7326;-1193.355;-2192.594
66505;221.9044;-1191.054;-2193.673
66539;363.7473;-1167.963;-2182.275
66589;259.7727;-1187.029;-2193.287
66606;261.0049;-1187.008;-2197.363
66640;251.0869;-1184.059;-2204.352
66673;250.1617;-1183.562;-2204.454
66707;249.1042;-1180.265;-2205.333
66741;252.1434;-1175.674;-2204.974
66775;244.338;-1177.066;-2205.466
66843;244.9489;-1176.306;-2206.755
66892;244.0874;-1177.463;-2207.738
66943;240.6899;-1178.283;-2208.575
66999;241.6747;-1176.87;-2207.967
67048;239.7668;-1177.723;-2208.219
67104;238.2319;-1177.784;-2207.942
67149;234.9424;-1180.051;-2208.541
67187;235.5382;-1179.959;-2207.901
67244;233.5936;-1181.412;-2208.496
67275;220.9625;-1186.198;-2213.125
67309;219.8468;-1187.34;-2212.309
67343;217.64;-1188.621;-2210.631
67376;216.6825;-1189.545;-2209.836
67410;215.1138;-1190.076;-2208.285
67444;214.6998;-1192.22;-2208.668
67477;213.166;-1195.491;-2208.112
67511;221.3717;-1196.493;-2204.486
67545;-94.36491;-651.666;-2140.353
67578;-113.0317;-686.5948;-2097.838
67612;-122.9535;-657.2899;-2124.596
67665;-122.5697;-632.6989;-2151.504
67680;-123.3623;-617.3774;-2180.958
67713;-135.6436;-640.3859;-2179.71
67747;-147.3885;-663.7823;-2177.737
67781;-154.3222;-677.0811;-2175.959
67814;-159.5832;-687.2996;-2177.251
67848;-162.841;-694.9296;-2176.567
67869;-164.0755;-699.3007;-2176.686
67915;-164.8256;-699.4957;-2180.417
67949;-167.1272;-699.5503;-2185.145
67975;-139.7524;-643.0872;-2231.148
68019;-168.5298;-672.7261;-2199.548
68036;-166.442;-668.2535;-2197.977
68072;-165.3469;-666.5031;-2190.916
68137;-149.2948;-676.96;-2137.034
68174;-130.6269;-689.2982;-2102.594
68221;-114.149;-699.1953;-2076.874
68238;-106.7348;-694.2412;-2066.916
68271;-101.0111;-684.1365;-2063.262
68306;-93.66328;-675.5392;-2057.33
68345;-79.42597;-644.0103;-2086.515
68407;194.2058;-1206.357;-2190.644
68481;195.8847;-1205.965;-2190.526
68491;197.8374;-1204.839;-2190.761
68508;-56.33468;-652.0678;-2067.112
68541;211.0929;-1198.764;-2188.363
68575;203.8765;-1197.638;-2192.164
68609;202.2354;-1191.591;-2196.96
68670;208.2999;-1182.346;-2195.99
68679;219.2593;-1179.083;-2195.131
68713;222.8746;-1179.337;-2194.535
68746;229.3243;-1177.775;-2195.379
68780;233.8661;-1174.05;-2191.203
68814;233.5762;-1174.351;-2192.904
68847;232.0524;-1175.604;-2193.162
68882;234.2775;-1173.017;-2191.701
68915;237.1641;-1171.088;-2194.503
68948;233.7827;-1174.791;-2196.996
68982;236.8216;-1175.956;-2202.782
69007;235.998;-1175.242;-2202.242
69057;235.4315;-1179.403;-2206.683
69074;239.0114;-1181.471;-2204.866
69108;239.0825;-1182.796;-2206.92
69142;244.1537;-1181.939;-2202.945
69192;214.1862;-1186.095;-2210.246
69226;221.2715;-1187.801;-2210.655
69273;228.4189;-1189.182;-2208.815
69289;234.1504;-1189.616;-2205.208
69314;245.7393;-1190.507;-2201.182
69340;246.8072;-1196.712;-2198.774
69373;244.3253;-1196.667;-2197.273
69407;239.4729;-1199.73;-2196.705
69441;235.8721;-1198.602;-2195.7
69474;230.9305;-1202.287;-2194.687
69542;233.6149;-1207.845;-2194.804
69575;225.8022;-1209.621;-2192.512
69609;201.4713;-1216.896;-2199.949
69643;158.9905;-1222.8;-2208.619
69677;155.118;-1224.151;-2212.917
69710;151.3538;-1220.697;-2217.613
69731;79.76975;-695.5531;-2293.035
69780;76.46838;-693.6183;-2291.888
69814;68.16283;-682.6;-2273.556
69852;2.025567;-764.0799;-2344.377
69869;357.4021;-1170.628;-2214.531
69902;356.8421;-1170.419;-2214.321
69953;311.6172;-1194.365;-2213.008
69970;354.0437;-1170.52;-2205.935
70020;363.6148;-1168.905;-2202.048
70054;370.4629;-1167.541;-2203.14
70088;374.5537;-1167.069;-2201.577
70107;352.7523;-1186.554;-2201.947
70139;220.6728;-1212.128;-2183.921
70189;221.1522;-1210.254;-2181.16
70222;199.7871;-1210.917;-2184.104
70240;202.6271;-1209.605;-2182.524
70280;204.8694;-1208.872;-2181.594
70328;202.2946;-1208.49;-2180.936
70344;200.1735;-1207.543;-2183.927
70378;201.9045;-1206.369;-2184.091
70411;193.6662;-1199.247;-2183.944
70445;201.3685;-1198.271;-2181.535
70479;205.8102;-1196.451;-2185.462
70513;207.2446;-1193.991;-2186.393
70547;214.8195;-1192.483;-2191.238
70581;228.0553;-1189.545;-2193.039
70615;216.9343;-1186.472;-2200.377
70648;229.4966;-1185.677;-2202.438
70682;235.2564;-1183.269;-2201.74
70716;235.6682;-1180.563;-2204.505
70766;237.6378;-1180.142;-2204.373
70783;237.8257;-1178.993;-2205.818
70817;237.0547;-1177.128;-2205.88
70850;238.5414;-1174.512;-2206.732
70884;237.9303;-1174.789;-2206.708
70918;237.3486;-1175.574;-2207.374
70952;221.5686;-1175.908;-2207.369
70987;196.5192;-1173.493;-2201.913
71020;222.7414;-1174.915;-2203.973
71048;225.5608;-1175.533;-2204.609
71082;229.051;-1176.402;-2205.913
71116;204.3501;-1179.112;-2212.537
71149;187.036;-1180.908;-2215.618
71183;243.4462;-1181.504;-2210.708
71207;24.14174;-632.1404;-2042.503
71250;7.8783;-631.9944;-2054.842
71284;-11.49022;-640.9059;-2062.137
71318;-44.1064;-676.4943;-2074.882
71337;-47.5822;-675.495;-2078.724
71385;-72.14951;-672.3422;-2106.88
71419;-77.56165;-670.4106;-2115.067
71437;-88.26456;-671.2623;-2131.042
71486;-98.48231;-675.4935;-2143.022
71520;-103.2075;-667.6545;-2154.902
71538;-103.5305;-665.1675;-2157.13
71588;204.9064;-1197.439;-2196.078
71604;203.2085;-1199.452;-2197.104
71638;-122.5524;-635.987;-2172.839
71672;-99.58157;-614.5086;-2201.411
71705;-102.4222;-622.1088;-2197.38
71756;76.72082;-665.9392;-2303.194
71773;468.6654;-1108.837;-2229.034
71807;470.0552;-1115.166;-2235.728
71840;462.1965;-1132.879;-2252.846
71874;368.5081;-1183.49;-2235.176
71908;360.5394;-1182.676;-2229.615
71941;456.2498;-1122.289;-2234.86
71975;348.5768;-1172.601;-2207.66
72009;347.165;-1172.329;-2208.15
72042;346.1256;-1175.063;-2209.994
72080;353.3207;-1175.131;-2211.539
72110;278.4407;-1199.831;-2190.663
72143;200.6183;-1212.111;-2192.676
72177;209.2216;-1209.61;-2182.09
72211;212.6485;-1208.886;-2179.944
72245;215.6945;-1207.12;-2174.182
72278;-137.4051;-703.3721;-2129.692
72312;-109.8648;-741.3165;-2067.952
72364;-99.659;-719.8149;-2055.106
72392;-88.32407;-685.5626;-2066.815
72424;-83.20975;-721.0624;-2031.465
72441;-71.19347;-684.3984;-2051.987
72477;-52.40315;-690.4385;-2038.275
72508;-15.09029;-664.5507;-2021.312
72559;-7.298391;-670.7456;-2014.208
72575;4.634284;-859.8596;-1990.308
72609;2.865257;-668.001;-2015.378
72643;202.2824;-1184.447;-2202.344
72677;30.89073;-655.5832;-2002.787
72707;39.28877;-658.9139;-1994.498
72776;234.4673;-1177.481;-2194.778
72892;41.38144;-661.4387;-1983.33
72946;64.29227;-659.4969;-1960.143
72978;66.3147;-657.0513;-1952.953
73011;43.21457;-689.4668;-1949.394
73045;35.89325;-733.4734;-1948.881
73079;31.44385;-733.8074;-1941.123
73113;98.43424;-708.5569;-1914.693
73163;91.4552;-708.4752;-1917.505
73180;84.00539;-677.3295;-1937.039
73213;81.31761;-688.5834;-1943.759
73248;72.03359;-713.4741;-1953.503
73281;65.35629;-672.7326;-1974.776
73314;218.6055;-1201.973;-2223.926
73349;225.5601;-1200.943;-2218.118
73382;225.3724;-1206.971;-2215.081
73416;224.1954;-1209.401;-2212.47
73449;222.2016;-1212.84;-2210.915
73483;219.6592;-1214.365;-2210.695
73517;218.0874;-1216.584;-2207.6
73550;213.6456;-1217.961;-2207.941
73584;304.664;-1218.071;-2223.261
73618;311.1233;-1213.066;-2210.182
73651;231.7;-1219.234;-2209.53
73685;240.2632;-1208.138;-2206.571
73719;239.2225;-1206.165;-2206.605
73738;-115.0297;-640.1122;-2136.103
73787;-86.98742;-606.0093;-2176.316
73891;310.9641;-1187.508;-2207.94
73924;191.5565;-1200.5;-2211.017
73941;242.9908;-1195.949;-2201.644
73975;238.7429;-1199.335;-2204.664
74009;287.4095;-1203.336;-2228.874
74042;212.9763;-1207.507;-2208.22
74076;205.3207;-1208.734;-2207.444
74110;188.8573;-1203.053;-2194.906
74143;183.8705;-1201.117;-2190.397
74195;178.6189;-1199.823;-2187.712
74211;176.6586;-1199.94;-2189.333
74245;317.2599;-1171.88;-2170.272
74315;304.608;-1179.825;-2182.342
74349;295.2856;-1183.355;-2184.26
74415;257.5674;-1194.369;-2188.805
74448;264.255;-1197.043;-2195.976
74483;267.0944;-1197.234;-2202.964
74516;250.2448;-1201.423;-2213.281
74549;261.4189;-1197.215;-2215.527
74583;268.4377;-1189.79;-2215.525
74617;297.0316;-1178.763;-2209.311
74652;248.0663;-1179.215;-2193.166
74686;177.1831;-1163.948;-2150.56
74719;195.8967;-1173.517;-2181.884
74753;319.179;-1188.498;-2247.348
74787;315.3815;-1187.908;-2245.202
74822;309.2676;-1187.572;-2244.189
74871;314.4188;-1187.7;-2248.073
74926;277.5315;-1175.676;-2207.742
74943;240.4452;-1178.164;-2207.654
74977;189.3257;-1173.75;-2204.58
75011;211.9313;-1176.718;-2207.8
75061;212.9209;-1177.606;-2210.988
75077;202.784;-1178.653;-2214.697
75111;192.3567;-1178.16;-2211.812
75145;206.4857;-1180.488;-2212.122
75179;207.2939;-1181.966;-2211.159
75212;204.6785;-1185.887;-2215.072
75246;206.8472;-1188.196;-2211.594
75280;207.7049;-1189.345;-2209.48
75313;206.4069;-1191.511;-2208.136
75347;298.9419;-1173.643;-2194.224
75381;294.8077;-1177.976;-2198.167
75414;314.869;-1174.054;-2203.822
75448;327.8104;-1173.62;-2211.585
75472;329.9579;-1175.433;-2214.102
75515;329.4957;-1176.906;-2214.414
75549;291.6074;-1191.861;-2211.041
75583;292.7422;-1194.381;-2212.196
75617;255.9002;-1203.377;-2209.752
75650;249.7709;-1208.384;-2209.233
75711;281.164;-1206.587;-2198.627
75794;291.7304;-1207.784;-2199.616
75843;367.2737;-1171.744;-2173.264
75889;369.1002;-1169.448;-2175.048
75916;354.8141;-1184.078;-2179.799
75950;442.8557;-1131.082;-2164.759
76001;447.957;-1138.795;-2173.587
76017;455.0366;-1137.009;-2170.522
76051;377.0208;-1139.057;-2105.567
76085;380.4766;-1156.719;-2124.981
76118;433.4937;-1112.596;-2097.153
76152;417.2327;-1111.668;-2078.691
76186;203.1282;-1161.327;-2057.554
76219;412.775;-1099.485;-2040.993
76236;411.0043;-1100.836;-2040.507
76286;523.1473;-991.0253;-2029.898
76321;441.784;-1004.094;-1961.109
76385;471.653;-1010.764;-1978.857
76468;501.4819;-992.2939;-1975.887
76485;111.3049;-1141.441;-2006.275
76518;139.6697;-1141.833;-1992.632
76551;135.3198;-1137.017;-1983.277
76586;160.9419;-1118.718;-1933.017
76614;160.5204;-1120.957;-1934.442
76683;152.0184;-1123.407;-1937.111
76726;221.9994;-1122.008;-1901.774
76761;323.2114;-1116.402;-1876.392
76830;228.2267;-1125.116;-1886.45
76864;234.1027;-1130.323;-1884.874
76914;235.2384;-1116.16;-1849.321
76948;226.6088;-1118.938;-1848.966
76981;235.3553;-1109.35;-1822.642
77021;255.3791;-1095.68;-1789.971
77044;251.1496;-1091.234;-1782.087
77090;257.1036;-1085.59;-1763.231
77177;275.5737;-1068.433;-1727.648
77192;269.9135;-1062.378;-1720.931
77219;279.9149;-1064.781;-1724.594
77235;279.6962;-1065.531;-1728.226
77276;314.5111;-1074.537;-1741.244
77311;345.1241;-1084.71;-1771.363
77470;296.1828;-977.573;-1591.047
77518;293.5951;-975.891;-1584.891
77585;304.9655;-980.1161;-1585.298
77631;306.4408;-983.6015;-1588.454
77681;311.2973;-986.3573;-1589.739
77715;304.9158;-993.3587;-1597.13
77749;301.0171;-997.9647;-1600.104
77782;295.1504;-1004.775;-1603.899
77817;287.514;-1007.472;-1600.07
77850;268.1909;-1001.569;-1593.3
77883;259.2299;-996.9716;-1579.322
77917;248.6614;-992.3701;-1564.683
77951;235.2117;-986.3651;-1550.116
77984;217.634;-984.5273;-1540.888
78005;198.4808;-985.2542;-1531.281
78052;187.8235;-983.1577;-1515.772
78085;176.0212;-982.5185;-1503.904
78119;164.6513;-985.5947;-1496.977
78153;159.8699;-992.7448;-1494.268
78187;88.62818;-953.1896;-1452.665
78220;155.7162;-1024.471;-1520.422
78254;155.7954;-1031.362;-1520.034
78288;160.282;-1036.317;-1508.242
78321;165.8805;-1049.517;-1515.96
78355;179.7294;-1061.967;-1529.542
78389;155.7516;-1056.943;-1518.571
78422;143.8574;-1054.714;-1514.664
78457;141.3017;-1056.815;-1514.023
78516;124.428;-1060.876;-1514.508
78550;124.057;-1063.601;-1513.764
78584;127.7028;-1065.777;-1516.569
78617;123.9197;-1063.807;-1504.98
78651;127.3335;-1066.767;-1510.086
78685;127.7349;-1066.75;-1510.288
78719;127.242;-1057.737;-1482.472
78807;151.9313;-1053.621;-1483.262
78856;163.161;-1053.585;-1484.561
78890;142.1268;-1036.708;-1396.348
78923;102.3672;-1006.669;-1287.208
78957;72.26769;-1000.008;-1291.381
78991;47.70079;-963.4196;-1248.692
79025;-127.6396;-829.3119;-1138.476
79059;158.4379;-897.1048;-1069.156
79092;231.7061;-910.2896;-1115.738
79128;173.0426;-847.278;-991.8021
79162;229.4342;-855.9689;-1013.821
79184;239.298;-829.2518;-957.7869
79217;90.14133;-766.3724;-864.6943
79251;-102.027;-783.3956;-855.3907
79285;-35.45085;-762.8897;-782.7109
79319;-36.5291;-768.3297;-778.9207
79352;-26.14535;-755.853;-745.6406
79573;-27.81115;-742.7405;-699.624
79607;-24.19116;-784.7812;-685.1398
79622;-238.5333;-748.989;-758.2855
79656;-228.9989;-758.7538;-751.1116
79675;-208.3799;-781.7935;-747.7203
79689;-206.6886;-794.4821;-750.1264
79723;-194.0415;-801.8657;-737.0151
79757;-251.5765;-758.9001;-699.6522
79790;-113.8183;-806.3344;-648.5066
79824;-116.9177;-797.1636;-633.4661
79858;-245.1902;-699.8582;-592.6428
79891;-353.4263;-572.2471;-616.4385
79925;-251.0492;-548.8812;-554.204
79942;117.9653;34.81454;-882.4128
79976;133.5714;189.8576;-887.7042
80010;206.2501;218.1925;-879.7146
80060;65.19504;-582.6354;-1145.874
80077;41.07434;190.9897;-892.0474
80127;136.2716;471.2205;-745.6117
80148;69.98123;260.8855;-870.576
80689;-26.16912;-1110.132;-2009.893
80710;-37.33857;-1115.537;-2017.535
80740;-42.50838;-1118.092;-2026.142
80773;-34.52696;-1124.492;-2027.029
80824;-35.99776;-1132.494;-2045.919
80841;-41.73112;-1146.355;-2071.334
80874;-38.95366;-1152.177;-2079.116
80908;-37.30369;-1143.653;-2079.019
80942;133.913;-1158.98;-2139.243
80976;152.8971;-1161.557;-2161.78
81009;145.3146;-1167.002;-2166.429
81043;-25.81237;-1163.457;-2068.992
81077;-31.28729;-1164.166;-2075.86
81110;-29.27974;-1163.022;-2075.236
81144;-25.19099;-1160.349;-2073.492
81178;-25.76248;-1158.738;-2074.055
81211;111.4488;-1171.334;-2199.666
81248;278.5801;-1067.211;-2217.497
81282;277.7497;-1065.805;-2217.58
81315;280.5498;-1061.654;-2212.762
81349;124.8284;-1168.642;-2217.115
81383;137.2468;-1164.283;-2221.596
81416;140.6003;-1161.777;-2217.805
81450;139.0325;-1162.88;-2214.562
81484;136.1293;-1163.638;-2212.302
81517;128.3565;-1168.126;-2202.042
81551;122.9515;-1168.76;-2193.824
81585;153.4411;-1151.889;-2173.531
81618;245.4314;-1094.927;-2156.859
81652;257.356;-1092.353;-2157.275
81686;242.938;-1110.661;-2169.74
81703;147.2263;-1128.756;-2069.108
81742;24.52732;-1131.445;-2022.28
81770;22.41061;-1127.19;-2015.455
81809;19.9698;-1121.201;-2003.63
81838;21.11853;-1113.853;-1986.562
81888;20.5557;-1106.497;-1970.487
81915;16.01417;-1098.699;-1954.378
81950;9.139439;-1089.081;-1937.863
81983;7.778376;-1080.374;-1921.625
82017;8.271857;-1072.031;-1908.7
82051;6.156975;-1064.411;-1895.528
82085;3.695162;-1057.111;-1887.506
82118;5.113137;-1052.637;-1879.731
82143;14.26379;-1046.551;-1864.713
82483;46.99888;-1039.679;-1843.518
82533;116.0326;-1048.438;-1810.0
82601;122.0289;-1047.597;-1809.355
82637;120.0269;-1045.888;-1805.215
82686;125.9342;-1045.505;-1801.244
82719;127.8731;-1045.432;-1797.271
82736;137.0461;-1046.255;-1794.067
82786;147.5481;-1045.221;-1785.93
82820;143.9609;-1045.213;-1783.737
82838;147.9285;-1043.878;-1775.653
82887;152.928;-1042.628;-1767.989
82921;166.1503;-1039.467;-1760.894
82955;186.351;-1035.349;-1747.087
82988;186.7382;-1035.252;-1744.392
83010;189.0284;-1029.949;-1739.065
83056;183.9342;-1026.604;-1740.12
83089;202.334;-1021.919;-1733.093
83123;221.8495;-1016.565;-1724.145
83157;231.9854;-1007.464;-1718.467
83190;247.7592;-1001.08;-1708.673
83216;254.68;-992.4202;-1704.971
