
1;91.43675;-278.176;-2254.988
46;92.47623;-278.519;-2255.48
79;93.31729;-279.7508;-2255.967
97;94.5315;-281.3821;-2256.023
130;95.89413;-283.387;-2255.353
165;97.95425;-285.3336;-2254.574
232;98.24132;-287.1385;-2249.686
265;105.4732;-301.1473;-2241.637
299;101.054;-298.1173;-2240.252
335;97.27525;-301.9946;-2237.352
366;92.47389;-318.2568;-2230.604
400;90.57143;-325.606;-2229.523
433;86.66139;-278.3666;-2250.256
502;86.95123;-284.7179;-2248.794
569;86.17673;-289.5;-2247.291
790;88.88607;-292.4161;-2235.514
806;90.10163;-290.9616;-2229.57
839;91.40305;-290.9305;-2222.358
874;95.34454;-290.6708;-2212.222
907;96.07044;-290.5319;-2204.211
931;94.66154;-290.4196;-2198.265
994;99.20307;-287.2599;-2181.605
1011;102.3285;-286.1605;-2171.767
1045;99.8932;-287.6378;-2162.597
1078;100.9782;-286.5038;-2152.695
1112;107.9065;-282.6091;-2134.77
1129;115.297;-283.9374;-2114.648
1179;123.5615;-279.415;-2101.239
1197;136.8451;-275.7965;-2078.854
1233;147.5192;-276.268;-2058.655
1265;157.3101;-276.585;-2037.183
1308;172.9994;-273.1658;-2004.799
1385;206.7023;-266.3224;-1947.12
1480;255.8925;-240.2124;-1874.724
1509;277.5933;-226.7818;-1843.882
1569;308.5291;-209.8053;-1787.325
1831;316.5172;-203.8163;-1773.826
1880;386.4353;-136.3813;-1597.709
1914;389.0923;-134.4137;-1586.672
1931;393.5542;-131.7809;-1558.423
1981;396.7345;-127.119;-1533.692
2000;399.6634;-124.2647;-1505.841
2050;402.416;-122.5537;-1479.548
2094;406.0861;-121.854;-1452.416
2145;417.8577;-110.7218;-1395.347
2179;418.7814;-110.573;-1386.563
2199;423.0941;-107.1877;-1370.593
2246;429.0681;-102.4871;-1357.709
2281;432.538;-98.07885;-1344.143
2342;436.1553;-94.95091;-1333.88
2360;437.9439;-89.8025;-1324.547
2376;436.8661;-86.94045;-1315.906
2444;436.3447;-84.73931;-1308.512
2465;436.4351;-84.4228;-1306.388
2477;436.5404;-83.35411;-1304.745
2511;437.0663;-82.19619;-1304.553
2530;439.4247;-79.5794;-1307.025
2578;447.6426;-79.59982;-1316.258
2612;461.6823;-81.46286;-1339.979
2645;483.5181;-77.1482;-1372.25
2679;505.8613;-84.9093;-1392.878
2713;546.4871;-59.17875;-1430.375
2730;584.5995;-71.93565;-1460.347
2769;603.0755;-90.71611;-1443.61
2797;650.7252;-106.2482;-1437.683
2848;656.9717;-113.0974;-1427.218
2881;663.071;-74.21152;-1435.073
2915;690.9619;-18.27816;-1462.702
2932;715.3979;31.23832;-1422.769
2966;750.1636;64.14709;-1449.891
2999;750.1636;64.14709;-1449.891
3033;750.1636;64.14709;-1449.891
3067;750.1636;64.14709;-1449.891
3100;750.1636;64.14709;-1449.891
3172;750.1636;64.14709;-1449.891
3238;388.5446;362.8001;-934.7571
3272;556.3543;33.34486;-1197.633
3306;441.7141;328.1786;-1040.347
3340;530.7153;139.0636;-1172.772
3373;457.2139;334.0398;-1072.177
3407;438.4913;304.63;-1084.065
3441;445.3884;302.6413;-1076.425
3480;445.3884;302.6413;-1076.425
3500;381.9622;326.5474;-936.4988
3539;381.9622;326.5474;-936.4988
17911;338.961;-327.839;-2180.841
17945;339.98;-329.3059;-2187.229
18001;335.2375;-332.2014;-2195.253
18064;336.0826;-342.1866;-2210.334
18081;335.3698;-341.7331;-2214.383
18099;337.8874;-346.5069;-2221.302
18138;338.257;-343.5032;-2227.955
18202;345.0839;-345.1934;-2241.559
18233;348.5266;-344.6986;-2247.565
18284;351.5469;-346.2649;-2255.459
18305;355.8533;-347.4611;-2264.082
18349;360.5276;-349.0113;-2271.966
18383;367.3944;-351.407;-2279.333
18399;373.1476;-353.7965;-2286.42
18441;375.5519;-354.1635;-2291.52
18476;381.1688;-354.0668;-2298.757
18508;384.2788;-355.79;-2305.885
18542;384.9391;-356.1784;-2312.786
18576;386.8079;-357.2961;-2318.968
18610;388.7046;-357.7788;-2326.531
18643;389.1763;-358.4256;-2331.869
18677;389.816;-359.652;-2338.042
18711;388.4352;-360.2446;-2344.744
18744;389.5699;-361.3666;-2351.038
18778;390.3662;-362.5827;-2358.168
18831;389.8513;-363.0564;-2365.115
18867;389.2664;-368.4012;-2381.306
18913;385.1675;-370.3501;-2390.583
18964;384.0592;-373.2784;-2397.417
18980;380.3483;-375.0495;-2408.112
19014;379.1361;-379.337;-2417.37
19033;378.5507;-379.97;-2425.819
19082;377.4669;-381.1605;-2433.494
19115;374.6175;-383.477;-2440.851
19146;374.5896;-384.8061;-2444.268
19180;371.3672;-387.4696;-2448.798
19213;369.6354;-388.7077;-2451.909
19247;370.0934;-389.1251;-2453.529
19267;370.235;-389.3936;-2454.087
19314;369.8297;-389.3983;-2454.858
19348;369.8658;-389.1301;-2455.297
19365;371.8791;-388.123;-2455.828
19400;372.4777;-387.9272;-2456.057
19432;373.3313;-387.614;-2456.026
19467;374.4661;-386.8927;-2455.58
19500;375.4484;-386.9403;-2455.028
19534;377.2574;-385.9452;-2454.815
19584;377.957;-385.3134;-2454.767
19618;379.5062;-384.7988;-2454.583
19682;381.7134;-383.9669;-2454.625
19723;382.2242;-384.1177;-2454.485
19757;382.2945;-384.1082;-2454.556
19916;372.853;-378.7543;-2468.562
19984;361.1287;-379.5424;-2478.549
20017;357.5142;-380.7359;-2481.874
20039;351.594;-383.8462;-2486.329
20068;348.6435;-387.2331;-2488.43
20102;343.7408;-390.7222;-2491.103
20135;340.8916;-392.459;-2493.25
20169;337.5592;-394.9963;-2495.033
20203;334.6884;-399.1168;-2495.591
20236;332.1852;-402.0184;-2496.048
20279;330.6216;-402.2846;-2496.406
20302;329.7407;-402.6463;-2496.478
20336;328.6784;-403.0353;-2496.372
20369;327.7416;-402.9095;-2496.247
20405;327.116;-403.2478;-2495.552
20438;326.7189;-402.3861;-2495.15
20472;326.3387;-402.3085;-2494.688
20506;326.2608;-400.9369;-2493.364
20566;326.5435;-401.031;-2491.465
20579;326.7383;-399.8978;-2489.466
20613;327.4693;-398.7719;-2486.326
20647;328.3102;-398.2881;-2484.177
20697;328.8004;-397.0649;-2482.186
20731;329.7528;-396.5605;-2479.861
20770;330.3998;-396.123;-2477.239
20807;331.3637;-394.9579;-2474.83
20841;332.022;-393.7195;-2471.638
20892;332.2043;-392.6229;-2469.821
20909;331.9612;-392.2785;-2468.664
20942;331.8318;-391.6078;-2467.955
20976;331.572;-391.9865;-2466.914
21010;331.8387;-392.5468;-2465.922
21044;331.7058;-393.3664;-2465.143
21077;331.4642;-393.8329;-2464.582
21094;329.0186;-385.6727;-2464.905
21144;329.0067;-385.7614;-2464.615
21179;328.6573;-385.2906;-2464.431
21214;328.6312;-385.1616;-2464.426
21256;328.2549;-385.1974;-2464.491
21272;327.9986;-385.3015;-2464.506
21306;327.475;-385.6665;-2464.666
21340;326.7173;-385.7215;-2465.605
21376;325.9998;-386.1928;-2466.401
21407;325.169;-386.3711;-2467.533
21441;324.3974;-386.8122;-2468.331
21474;323.9223;-387.1801;-2468.864
21508;321.8372;-387.5882;-2471.248
21542;320.1161;-388.0146;-2473.358
21575;319.0575;-388.0543;-2474.447
21622;317.0515;-388.5967;-2476.188
21644;316.7463;-388.8447;-2476.405
21680;315.3331;-389.011;-2477.49
21731;314.0836;-389.2534;-2478.219
21790;305.6759;-392.0957;-2483.619
22202;311.6877;-397.6231;-2475.897
22251;311.8833;-397.5333;-2475.987
22269;314.1165;-395.3225;-2475.604
22319;316.0967;-396.3569;-2474.185
22354;317.7025;-395.4461;-2473.947
22403;320.6373;-394.1526;-2473.306
22446;325.2256;-393.2418;-2472.352
22484;329.4761;-390.7337;-2472.924
22503;330.3416;-389.3455;-2473.754
22581;335.9242;-385.7675;-2475.102
22614;336.0738;-385.7856;-2475.322
22648;337.0107;-385.147;-2476.0
22682;339.1793;-383.7557;-2476.964
22716;341.8599;-382.554;-2477.545
22749;342.7945;-382.0286;-2477.949
22786;343.95;-381.7987;-2478.198
22810;346.5895;-380.2971;-2478.976
22843;347.359;-380.5111;-2478.916
22877;350.2135;-379.3571;-2479.078
22911;351.7563;-377.9955;-2479.518
22944;353.2449;-374.8653;-2480.789
22980;352.0899;-371.6025;-2481.892
23013;351.4237;-367.9855;-2482.785
23030;351.4753;-365.4733;-2482.911
23074;353.4021;-363.7505;-2482.692
23118;353.4916;-361.8851;-2482.853
23169;352.1619;-360.3961;-2483.244
23185;351.5666;-358.6138;-2483.749
23201;350.2439;-356.7691;-2484.297
23237;349.5881;-355.807;-2484.529
23269;348.6576;-354.401;-2484.817
23304;348.362;-353.7521;-2484.647
23337;348.6557;-353.1691;-2484.633
23370;347.2655;-352.7635;-2484.279
23421;346.0684;-352.0799;-2484.057
23471;344.9225;-351.3223;-2483.341
23505;343.8195;-351.2576;-2482.481
23597;343.1558;-351.7198;-2481.595
23714;339.4368;-355.2865;-2475.073
23764;338.8439;-356.3136;-2471.088
23807;339.5229;-357.751;-2465.622
23840;339.9357;-359.9058;-2461.591
23924;342.2036;-359.0784;-2458.071
23942;343.1492;-359.5973;-2456.372
24045;344.8035;-362.9237;-2451.184
24062;346.3112;-364.6692;-2449.33
24078;346.6464;-368.0354;-2446.284
24112;346.8849;-368.3824;-2445.736
24138;346.6476;-369.5939;-2443.994
24182;345.701;-373.6909;-2440.54
24216;345.5875;-374.8297;-2439.033
24249;345.0965;-375.9715;-2437.611
24279;342.4056;-376.2201;-2436.644
24313;339.7381;-379.5378;-2434.053
24332;339.1551;-380.771;-2432.769
24377;339.1457;-380.735;-2432.463
24426;339.1661;-380.7243;-2432.431
24638;341.4791;-379.9668;-2431.348
24656;342.829;-381.3007;-2430.119
24699;344.0247;-380.1288;-2429.939
24716;345.4219;-379.2613;-2429.625
24749;345.62;-378.9453;-2429.707
24783;347.796;-377.1967;-2430.081
24817;350.1581;-376.3603;-2430.117
24834;352.0925;-375.1344;-2430.076
24872;351.9722;-374.7885;-2430.268
24902;353.2859;-373.8238;-2430.706
24953;353.1414;-373.0522;-2431.499
24970;352.3673;-373.3396;-2432.037
25004;352.5017;-372.5509;-2432.538
25037;352.3005;-371.3562;-2432.753
25071;352.5863;-370.5197;-2433.019
25104;351.4313;-368.652;-2434.27
25141;351.118;-364.7791;-2435.858
25191;350.363;-364.0143;-2436.955
25218;349.6134;-362.627;-2437.706
25235;349.2899;-361.6135;-2438.329
25269;348.7869;-361.1322;-2438.607
25303;348.1711;-360.1107;-2439.035
25336;347.5325;-358.335;-2439.616
25376;346.9653;-357.0264;-2439.988
25404;345.8785;-355.2527;-2440.351
25441;345.3907;-353.22;-2441.04
25475;345.8656;-352.4861;-2441.327
25514;346.2949;-352.0275;-2441.441
25546;345.9665;-351.3977;-2441.939
25568;346.1411;-351.181;-2442.062
25601;346.078;-350.8399;-2442.709
25635;346.6173;-350.8286;-2443.069
25669;346.1438;-350.373;-2443.23
25703;345.8397;-350.063;-2443.683
25737;345.551;-349.3181;-2444.056
25770;345.6135;-348.6902;-2444.289
25804;345.424;-348.8224;-2444.578
25837;345.8413;-348.2663;-2444.727
25871;345.7595;-348.3172;-2444.719
25926;345.7187;-348.3417;-2444.694
25942;345.4913;-348.8581;-2444.414
25995;345.4388;-348.8712;-2444.361
26010;345.4013;-349.62;-2444.204
26060;345.2384;-350.017;-2444.235
26078;345.6144;-350.6273;-2443.818
26131;345.704;-351.0729;-2443.458
26144;351.3221;-354.1739;-2441.474
26231;354.9531;-356.0828;-2439.949
26269;357.1987;-359.9448;-2438.995
26315;359.4575;-362.6106;-2437.694
26349;359.0492;-363.1469;-2437.003
26433;359.5597;-365.2992;-2436.322
26466;358.6797;-367.4221;-2435.545
26500;358.5221;-368.9354;-2434.953
26534;357.8357;-371.2197;-2433.802
26585;357.5149;-372.1544;-2433.007
26635;356.7689;-373.2502;-2432.599
26669;356.3835;-374.7839;-2431.812
26707;355.2447;-375.7747;-2431.627
26758;353.1488;-377.5289;-2431.653
26775;353.2056;-377.9423;-2431.476
26808;353.2813;-377.6531;-2431.353
26842;352.6681;-377.2695;-2431.735
26876;352.7953;-377.306;-2431.632
26910;353.6151;-377.4213;-2431.067
26961;354.077;-377.6497;-2430.812
26977;355.1783;-377.7671;-2430.344
27029;355.8022;-377.5907;-2430.02
27044;356.6156;-377.5354;-2429.677
27078;357.7872;-378.1278;-2429.042
27112;357.6425;-378.2401;-2428.897
27145;359.4633;-377.3696;-2428.183
27179;360.9128;-376.6434;-2427.87
27213;360.839;-375.6915;-2427.957
27237;360.5397;-375.1188;-2428.105
27265;359.7759;-374.1882;-2428.702
27345;359.9846;-374.0491;-2428.978
27386;360.1257;-373.9794;-2429.075
27545;360.9787;-371.8952;-2430.156
27561;360.3405;-365.9224;-2432.451
27595;360.7968;-362.3106;-2432.979
27632;360.8354;-359.965;-2433.554
27680;360.0922;-357.4043;-2434.305
27698;359.8351;-356.714;-2434.521
27731;360.1029;-355.8736;-2435.026
27748;359.8753;-354.7455;-2435.284
27771;359.7827;-353.9171;-2435.786
27818;359.4735;-353.211;-2436.756
27835;358.9977;-352.5417;-2437.444
27870;358.4967;-352.3668;-2437.933
27902;357.8239;-352.3276;-2439.68
27945;355.1161;-351.3202;-2441.264
27972;354.3105;-350.7532;-2442.192
28005;354.1019;-350.7528;-2442.723
28039;352.4499;-351.7357;-2444.297
28060;349.6286;-352.1101;-2445.761
28106;349.3138;-352.2719;-2446.193
28140;348.2389;-352.7915;-2447.006
28231;348.1736;-353.3311;-2447.19
28247;348.3223;-353.6168;-2447.244
28289;348.728;-354.1341;-2447.262
28367;349.4798;-354.9642;-2446.965
28417;351.0125;-355.8383;-2446.251
28440;351.1246;-356.1413;-2446.019
28474;351.2118;-356.2739;-2445.611
28508;351.7777;-357.2024;-2444.252
28541;352.3982;-357.9727;-2443.25
28575;352.2274;-358.3282;-2442.552
28609;354.7906;-361.6234;-2440.279
28694;356.6938;-363.4949;-2438.928
28758;358.2562;-363.2775;-2438.049
28782;358.6555;-363.7751;-2437.203
28810;355.5797;-366.132;-2436.863
28862;355.0251;-366.5748;-2436.074
28896;355.285;-367.5524;-2434.692
28912;357.4622;-371.7672;-2431.993
28946;356.9957;-372.9128;-2431.101
29016;358.3665;-373.363;-2430.224
29233;359.7103;-372.9941;-2428.764
29282;359.3474;-374.2257;-2429.176
29301;359.451;-375.5295;-2428.962
29333;360.6008;-376.4575;-2428.567
29383;361.3498;-376.3832;-2428.382
29402;362.9394;-376.0632;-2427.998
29434;364.6837;-375.6863;-2428.049
29485;366.5688;-375.1964;-2428.161
29536;367.3714;-375.0263;-2428.189
29552;368.8265;-374.4655;-2428.652
29578;370.5369;-373.8084;-2429.52
29633;371.6248;-374.4443;-2429.619
29686;372.9335;-374.5095;-2429.882
29718;375.9264;-373.4035;-2431.607
29757;376.4922;-373.5325;-2432.413
29787;376.8924;-373.6124;-2432.855
29803;378.7494;-373.438;-2433.89
29856;379.1283;-373.4337;-2434.562
29888;380.6895;-372.8776;-2435.756
29904;380.6601;-373.098;-2436.985
29938;380.4585;-372.4354;-2438.487
30000;380.1753;-372.3425;-2439.048
30023;379.977;-372.0242;-2439.262
30066;379.5543;-371.3846;-2439.752
30083;379.6187;-371.1487;-2439.923
30117;378.1341;-364.7672;-2442.668
30181;375.9646;-360.982;-2444.708
30212;375.9745;-358.9648;-2445.316
30246;373.898;-356.7325;-2446.14
30280;373.7737;-355.7549;-2446.5
30313;373.6486;-354.7368;-2446.865
30347;373.6982;-354.4584;-2447.154
30384;373.5229;-354.1015;-2447.448
30405;373.3597;-353.9727;-2447.957
30439;373.4585;-353.8839;-2448.069
30473;372.083;-352.5929;-2448.561
30524;370.7906;-352.191;-2448.917
30558;370.7285;-352.2429;-2448.98
30574;370.5216;-352.2844;-2449.05
30608;370.3047;-352.203;-2449.157
30675;369.2722;-351.8095;-2449.09
30723;368.0399;-352.2934;-2448.887
30740;368.2405;-352.3784;-2448.422
30773;367.638;-352.1663;-2448.057
30807;367.7183;-352.5969;-2447.29
30841;368.7952;-353.0115;-2446.386
30875;368.8483;-353.4783;-2445.37
30908;368.7451;-353.7459;-2444.48
30942;368.573;-354.0003;-2443.928
30975;367.8825;-354.4349;-2443.412
31009;368.2368;-355.6556;-2441.714
31043;367.5628;-356.6903;-2440.651
31076;367.0733;-357.8042;-2440.147
31110;367.3385;-358.221;-2439.869
31147;366.9703;-360.3157;-2439.501
31194;367.5268;-361.3481;-2438.612
31214;368.3531;-362.4916;-2437.813
31252;367.6686;-363.218;-2437.478
31285;367.8745;-363.5784;-2437.357
31319;368.3405;-365.0837;-2437.128
31353;368.419;-368.0778;-2436.91
31370;368.9851;-369.0768;-2436.37
31404;367.9131;-370.1148;-2435.836
31437;367.4776;-370.4981;-2435.978
31471;367.3767;-370.8797;-2435.868
31505;368.8079;-374.2549;-2435.375
31555;368.0875;-375.2408;-2434.891
31572;366.4032;-376.8967;-2435.498
31605;366.7365;-376.9617;-2435.699
31639;366.933;-377.021;-2435.908
31690;366.9414;-377.0934;-2436.142
31761;367.2986;-377.0417;-2436.67
31802;372.1131;-376.9036;-2437.403
31819;372.4374;-376.7548;-2437.704
31855;373.6489;-377.2801;-2437.787
31897;373.83;-377.2741;-2437.858
32008;376.0373;-376.4297;-2438.573
32072;377.1865;-376.2627;-2438.667
32129;380.5163;-375.8347;-2438.707
32179;381.7832;-377.6949;-2438.727
32422;391.838;-374.0695;-2442.735
32460;391.6464;-373.44;-2442.648
32477;390.9201;-372.076;-2442.945
32494;390.8348;-371.6167;-2443.01
32544;390.445;-368.7569;-2442.382
32813;383.3853;-351.4128;-2442.85
32868;383.4776;-350.8863;-2442.864
32884;383.2349;-350.4263;-2442.897
32918;382.5253;-349.8154;-2443.104
32986;382.4266;-349.4718;-2443.226
33002;382.003;-349.1971;-2443.359
33019;379.2492;-347.0308;-2444.237
33053;379.3554;-347.3698;-2444.395
33109;378.3268;-347.2725;-2444.852
33154;378.2755;-349.0957;-2444.376
33204;378.1375;-349.1014;-2444.341
33226;378.1423;-350.2595;-2443.91
33261;378.3523;-350.8134;-2443.285
33324;378.5251;-351.4916;-2442.756
33410;377.4194;-353.1;-2442.042
33488;380.8113;-361.8268;-2440.535
33657;380.3545;-373.3026;-2439.549
33673;380.6323;-374.0711;-2439.047
33706;380.7066;-374.8137;-2438.716
33740;377.454;-376.4382;-2439.053
33791;377.6197;-376.4057;-2438.928
33808;377.6844;-376.012;-2438.559
33853;375.891;-376.0714;-2437.191
34120;373.1404;-377.4306;-2434.679
34186;373.2254;-377.524;-2433.999
34319;376.753;-376.9905;-2429.248
34370;377.0446;-376.7999;-2428.796
34454;379.0794;-375.3563;-2426.487
34568;382.6442;-376.0225;-2423.159
34630;382.409;-375.5399;-2422.465
35034;384.897;-364.0023;-2415.494
35086;382.6884;-361.1674;-2415.241
35128;380.2346;-356.1044;-2416.051
35162;378.9803;-354.4134;-2416.718
35227;377.8421;-352.2073;-2417.445
35245;377.8762;-352.1956;-2417.435
35273;376.2445;-349.444;-2419.05
35294;375.705;-347.2431;-2420.27
35373;372.016;-343.0378;-2423.2
35394;372.0644;-342.4362;-2423.839
35659;370.1557;-346.9204;-2431.279
35720;370.2059;-348.9011;-2431.9
35815;371.4086;-352.0069;-2433.208
35833;371.2195;-352.8522;-2433.605
35909;372.858;-354.6096;-2434.622
35941;372.8072;-355.6581;-2435.315
35990;374.2918;-359.4858;-2436.654
36129;374.5346;-369.5168;-2441.497
36205;373.8588;-371.937;-2442.817
36264;375.8055;-375.5883;-2442.888
36314;375.6017;-376.3397;-2443.654
36360;375.7628;-378.1035;-2444.576
36687;372.1597;-384.2433;-2445.984
36714;372.1236;-384.4378;-2446.198
36747;372.6267;-384.4321;-2446.568
36781;372.5188;-384.9579;-2447.384
36851;372.1575;-384.8067;-2447.989
36887;371.835;-385.1915;-2448.185
36905;369.9732;-385.6383;-2448.649
36953;369.8917;-385.6859;-2448.858
36971;369.4408;-386.3831;-2449.203
37004;368.8684;-386.7596;-2449.425
37038;368.9453;-386.5979;-2448.922
37072;369.3081;-385.221;-2448.901
37105;369.3988;-385.6152;-2448.884
37166;369.685;-385.6496;-2448.951
37178;369.7152;-384.1942;-2449.165
37212;370.5156;-383.6873;-2449.674
37309;372.9273;-380.2382;-2451.681
37349;376.0262;-374.919;-2451.797
37399;377.7349;-370.4414;-2452.24
37450;377.9605;-368.5252;-2452.398
37483;378.0697;-367.8875;-2452.417
37500;378.2546;-367.3427;-2452.437
37551;377.6629;-366.4926;-2452.286
37573;377.3649;-363.9305;-2453.202
37624;377.3391;-363.9302;-2453.118
37658;377.2408;-363.7037;-2452.978
37692;376.724;-361.6464;-2453.431
37709;376.2741;-360.7808;-2453.697
37742;376.6271;-360.302;-2454.069
37777;376.8621;-360.3015;-2454.133
37814;376.9152;-360.4756;-2454.095
37847;376.9204;-360.5908;-2454.049
37880;377.1841;-361.1912;-2453.905
37908;377.4532;-361.4879;-2454.004
37942;378.0065;-362.4444;-2454.517
37975;378.3694;-362.8493;-2454.617
38009;379.5425;-364.7093;-2455.01
38049;380.6576;-366.4479;-2454.983
38082;380.6808;-368.6458;-2454.961
38118;382.1786;-374.5397;-2455.029
38151;383.011;-376.97;-2455.192
38186;383.8815;-380.5923;-2454.98
38219;384.4619;-383.5829;-2454.401
38255;385.1276;-386.1167;-2454.165
38312;385.4377;-388.4296;-2453.662
38456;385.7654;-389.3981;-2453.073
38481;385.3775;-389.8771;-2452.47
38611;383.6452;-390.6716;-2450.234
38628;381.9179;-392.0027;-2448.558
38678;379.9653;-391.494;-2446.402
38712;377.1318;-389.4951;-2445.102
38746;376.9978;-389.2134;-2444.197
38779;376.3066;-388.6254;-2443.565
38803;376.399;-388.1116;-2443.151
38847;376.2471;-387.3521;-2442.925
38881;376.2694;-387.2115;-2442.78
38914;375.9467;-387.2503;-2442.366
38948;375.7705;-386.6929;-2441.981
38969;375.6789;-386.3467;-2441.588
39054;377.8186;-387.1339;-2439.579
39390;378.3885;-386.7487;-2438.856
39446;378.8633;-386.1995;-2437.491
39509;379.0695;-386.1781;-2436.892
39577;380.4676;-383.846;-2434.779
39645;380.7946;-383.3239;-2434.0
40209;369.4075;-350.3215;-2433.923
40235;369.1399;-351.2678;-2433.8
40252;369.8587;-353.532;-2432.862
40269;370.0267;-353.8542;-2433.078
40319;370.6443;-354.3529;-2432.959
40336;370.3546;-355.8839;-2432.403
40377;370.058;-357.4166;-2432.297
40399;370.0824;-357.5618;-2432.312
40449;370.8354;-361.4131;-2431.294
40467;369.469;-363.1302;-2432.236
40519;371.4672;-364.9667;-2432.475
40551;371.9514;-365.343;-2432.682
40585;374.6918;-370.9511;-2432.896
40618;375.0105;-371.704;-2433.403
40652;375.1969;-372.3291;-2433.598
40679;377.0975;-374.1682;-2434.042
40708;378.5585;-374.8749;-2434.257
40885;378.3972;-376.1071;-2434.677
40896;379.8617;-377.9075;-2435.131
40940;379.118;-378.9439;-2433.875
41006;376.667;-380.986;-2431.859
41039;376.1303;-381.494;-2431.306
41073;375.9763;-382.0244;-2431.085
41107;375.9064;-382.2682;-2430.925
41157;375.6904;-382.8087;-2430.743
41183;375.6022;-382.8552;-2430.772
41217;375.2135;-383.5694;-2430.805
41234;375.3353;-383.3929;-2430.993
41268;375.3458;-383.4154;-2431.007
41319;376.1774;-384.5918;-2431.158
41352;376.1787;-385.0764;-2431.067
41403;376.4363;-385.4876;-2431.187
41460;376.861;-386.2469;-2431.122
41520;377.5637;-386.7386;-2431.293
42004;382.2145;-376.5374;-2432.597
42038;383.2651;-374.3134;-2432.641
42069;383.6254;-372.8197;-2432.499
42103;384.8068;-367.6941;-2432.865
42137;385.5021;-363.6248;-2433.128
42170;384.9531;-356.1016;-2435.183
42206;384.7421;-355.2432;-2435.535
42279;384.0083;-352.1205;-2436.232
42346;383.0635;-349.5383;-2436.645
42380;382.8511;-348.8326;-2436.847
42437;382.8495;-348.8257;-2436.803
42454;382.4597;-347.882;-2436.972
42476;382.4245;-347.8711;-2436.989
42513;382.7539;-348.3179;-2436.594
42547;383.1399;-349.5651;-2435.761
42624;383.2354;-351.9808;-2434.29
42679;383.5319;-353.1193;-2433.8
42728;383.8037;-355.2639;-2432.263
42788;383.8906;-360.1483;-2430.412
42838;384.2658;-362.1411;-2429.89
43020;386.7696;-374.6493;-2432.378
43053;386.6177;-376.8242;-2432.565
43098;387.1127;-378.6193;-2432.128
43125;387.0539;-379.4556;-2432.32
43141;387.8529;-379.9474;-2432.018
43175;387.6172;-379.8448;-2431.824
43209;387.1384;-379.8965;-2431.712
43259;386.8952;-379.799;-2430.768
43294;386.5056;-379.7674;-2429.852
43348;385.167;-379.8266;-2426.955
43378;385.1521;-380.8603;-2425.098
43448;385.4723;-380.9006;-2424.854
43490;386.9014;-382.8768;-2423.875
43530;394.5039;-386.767;-2423.227
43586;396.0274;-386.1891;-2423.158
43654;398.4976;-385.7779;-2423.92
43670;398.4993;-385.856;-2423.925
43704;398.4301;-385.7399;-2424.122
43738;397.5155;-386.579;-2424.013
43771;397.2058;-389.1579;-2423.317
43805;397.1505;-389.3119;-2423.29
43839;397.1015;-389.099;-2423.414
43889;397.0544;-388.9915;-2423.618
43912;396.6019;-387.8091;-2424.552
43959;396.3424;-387.3167;-2425.24
44014;394.2269;-388.2726;-2427.375
44039;394.1511;-388.1067;-2427.618
44074;394.2545;-388.0179;-2427.74
44107;394.2674;-387.7413;-2427.812
44141;394.8562;-385.3549;-2427.199
44174;393.8124;-384.7358;-2427.49
44208;393.6594;-380.9841;-2426.965
44241;393.2948;-380.3612;-2427.397
44275;392.2588;-379.6886;-2427.13
44309;391.9652;-378.5157;-2426.851
44343;390.7481;-375.184;-2426.85
44376;389.6868;-371.4797;-2427.356
44410;389.917;-367.0526;-2429.308
44463;389.4098;-362.6278;-2430.182
44480;387.6752;-359.6923;-2430.889
44549;386.7152;-354.0615;-2432.174
44619;385.5915;-353.0783;-2432.8
44636;385.639;-350.0281;-2435.324
44693;385.1337;-350.1454;-2435.451
44710;384.4186;-350.4388;-2435.521
44748;383.6381;-350.8749;-2435.464
44787;382.3558;-351.2664;-2435.988
44821;382.2492;-351.6453;-2436.118
44838;382.0962;-351.416;-2437.487
44896;381.678;-352.8465;-2438.039
44910;381.4495;-353.2004;-2438.432
44944;381.7705;-354.3653;-2439.422
44977;381.0501;-356.6937;-2440.163
45011;381.2641;-358.4802;-2440.62
45062;381.1497;-360.7032;-2441.098
45082;381.6295;-363.8329;-2442.969
45100;381.2594;-367.6976;-2444.35
45146;380.256;-371.0451;-2444.789
45189;380.4864;-375.0139;-2445.148
45216;381.1059;-374.8935;-2445.114
45250;380.9674;-376.2974;-2445.23
45284;381.2342;-377.5845;-2445.308
45317;380.7863;-379.6695;-2445.548
45339;381.228;-380.5594;-2445.21
45368;381.623;-380.5265;-2445.214
45402;381.5963;-380.5605;-2445.205
45524;381.5752;-381.7656;-2444.242
45553;380.8383;-382.9117;-2443.842
45594;380.6221;-382.7372;-2443.739
45635;382.4681;-382.1407;-2438.826
45689;380.4641;-383.6604;-2434.962
45739;377.3953;-385.1775;-2428.813
45773;377.0532;-384.829;-2427.801
45807;376.5858;-385.0911;-2427.243
45841;376.2744;-385.0688;-2427.148
45891;376.5475;-385.8024;-2426.74
45908;376.1859;-385.5949;-2426.42
45942;375.8475;-385.5555;-2426.224
45992;375.3947;-385.3036;-2426.135
46009;375.073;-385.3035;-2425.706
46043;374.8443;-385.9329;-2425.464
46094;374.8527;-385.9641;-2425.433
46110;374.7698;-386.3297;-2425.091
46144;374.5224;-386.3181;-2424.824
46183;374.4352;-385.6178;-2424.628
46215;374.1576;-385.5462;-2424.33
46239;374.7497;-384.7332;-2423.607
46282;374.6238;-387.1784;-2422.089
46316;374.9113;-387.3112;-2421.689
46333;375.7557;-387.2221;-2421.228
46384;375.9487;-386.8488;-2420.095
46402;376.5236;-387.9566;-2418.429
46451;376.4291;-388.0087;-2418.1
46488;376.795;-389.0221;-2417.297
46539;376.767;-389.1095;-2417.158
46555;376.9185;-389.1975;-2416.924
46572;377.164;-388.4591;-2416.915
46606;377.1449;-388.6428;-2416.906
46640;375.6906;-387.988;-2417.253
46686;375.55;-387.8863;-2417.308
46749;375.2274;-387.4951;-2417.864
46791;373.6214;-385.144;-2419.999
46831;373.5649;-384.7054;-2421.141
46879;373.934;-381.6966;-2423.439
46913;373.9198;-379.8624;-2424.561
46967;373.6995;-379.3512;-2425.323
46980;373.8098;-378.4668;-2427.11
47014;373.6527;-378.5837;-2427.254
47047;371.4102;-378.2273;-2429.032
47098;371.0887;-378.5285;-2429.878
47115;369.6478;-376.8319;-2432.298
47148;369.5521;-376.2693;-2434.809
47168;369.6571;-375.9494;-2435.41
47202;369.6468;-375.5734;-2436.122
47236;370.186;-375.3824;-2436.623
47286;370.457;-375.7535;-2437.731
47433;366.8094;-380.9392;-2443.158
47449;366.2011;-381.5664;-2444.901
47468;365.6515;-382.7585;-2446.325
47498;364.7953;-383.5472;-2447.725
47549;365.1001;-384.8848;-2448.473
47566;361.8735;-384.7749;-2451.725
47616;361.7435;-385.8077;-2452.339
47633;361.2468;-387.6086;-2453.462
47684;361.2324;-388.5504;-2454.34
47757;358.7983;-391.6497;-2457.13
47778;356.7123;-392.2289;-2459.415
47811;356.1283;-393.1212;-2462.459
47845;355.4337;-391.7271;-2466.326
47879;354.7839;-383.23;-2471.261
47913;353.2473;-383.675;-2472.98
47971;351.926;-381.5033;-2475.866
48012;337.6202;-379.747;-2495.673
48045;343.7748;-376.6328;-2491.267
48079;350.3972;-373.6004;-2488.414
48106;352.1205;-371.5974;-2487.593
48140;351.623;-370.9542;-2487.946
48174;355.7518;-368.1494;-2486.667
48208;356.4804;-367.3981;-2486.263
48241;359.1013;-366.1513;-2484.94
48283;359.8405;-365.0558;-2484.74
48305;361.3268;-363.9864;-2484.088
48338;361.6083;-363.7786;-2483.79
48371;361.4717;-361.9734;-2483.835
48414;360.0991;-360.6607;-2483.861
48441;357.2028;-359.811;-2484.486
48475;354.9679;-357.7034;-2484.698
48509;352.9385;-357.8634;-2484.005
48542;344.8432;-357.2604;-2484.913
48576;338.6183;-354.1413;-2487.049
48609;330.8769;-355.8666;-2486.761
48643;305.9655;-358.2525;-2493.104
48677;301.2134;-356.9624;-2495.287
48710;295.796;-355.6833;-2496.909
48780;280.2525;-351.5434;-2500.87
48817;270.4709;-355.8153;-2501.487
48879;260.781;-359.8295;-2502.674
48913;254.7556;-364.4655;-2503.037
48942;249.9543;-363.7516;-2504.646
49047;237.0794;-366.1459;-2508.37
49098;234.6755;-366.7796;-2508.569
49170;230.8148;-370.2846;-2508.068
49232;231.3334;-372.6392;-2505.645
49266;232.9198;-375.4486;-2502.632
49316;236.1423;-376.6058;-2498.19
49333;238.6341;-378.4619;-2496.96
49367;245.5912;-380.8802;-2493.093
49400;253.4648;-383.0819;-2486.506
49451;257.936;-383.7236;-2483.913
49486;262.1574;-385.3473;-2481.796
49507;266.6409;-385.6573;-2480.269
49552;270.6075;-386.8109;-2479.185
49586;275.0832;-387.7048;-2477.981
49646;285.2121;-387.5149;-2474.344
49681;290.7882;-386.3075;-2473.143
49718;294.472;-385.6979;-2472.572
49752;295.5724;-388.5533;-2473.183
49785;296.5593;-388.3904;-2473.476
49819;298.6065;-390.5377;-2473.301
49837;298.4691;-390.4593;-2473.98
49870;299.984;-390.0916;-2473.686
49920;298.6588;-389.8367;-2475.223
49979;294.5487;-389.7089;-2479.176
50006;293.0756;-385.6277;-2482.104
50040;291.6762;-387.2265;-2483.986
50073;290.6157;-387.3145;-2484.795
50107;289.5898;-387.5302;-2486.47
50141;287.5324;-388.4534;-2488.084
50164;284.6604;-387.9312;-2491.019
50215;283.8194;-386.7766;-2492.305
50231;283.1014;-385.4308;-2494.061
50266;282.1358;-384.0317;-2495.67
50316;281.4635;-382.3218;-2497.113
50333;281.5378;-378.8039;-2499.486
50384;281.2744;-376.9496;-2501.019
50417;282.9472;-368.0493;-2505.636
50434;283.9458;-364.6291;-2506.871
50467;285.6885;-360.1765;-2508.025
50502;287.372;-355.3214;-2509.502
50551;287.3287;-353.927;-2510.136
50585;286.8985;-352.3557;-2510.762
50619;286.7734;-351.2146;-2510.795
50636;286.8126;-350.8362;-2510.781
50686;286.5321;-350.421;-2510.689
50703;286.0551;-349.4101;-2510.535
50754;287.2624;-346.6082;-2508.264
50771;286.7964;-346.4492;-2507.916
50804;286.2068;-345.7541;-2507.547
50838;285.7962;-344.804;-2506.809
50889;290.2352;-343.3497;-2502.308
50905;287.6791;-344.901;-2500.308
50956;286.7659;-345.1175;-2500.034
50973;285.2833;-343.3357;-2499.654
51006;285.049;-343.3666;-2499.24
51059;284.2689;-343.4098;-2498.79
51076;283.4743;-343.4437;-2498.072
51110;282.4311;-344.0396;-2497.29
51144;282.0107;-344.1484;-2496.995
51178;279.4778;-348.9145;-2494.154
51211;276.857;-352.8139;-2491.831
51245;274.3684;-357.4277;-2489.903
51278;272.6555;-359.5429;-2489.213
51312;271.5398;-362.0872;-2487.095
51346;270.953;-363.2104;-2485.868
51397;270.3699;-363.923;-2484.886
51436;269.3585;-366.5465;-2483.693
51472;269.1708;-368.2893;-2482.522
51504;268.1072;-370.7598;-2480.802
51537;269.4659;-372.4587;-2476.821
51588;268.9991;-375.15;-2476.434
51605;269.8224;-376.2957;-2473.907
51639;272.2577;-376.5147;-2470.389
51672;272.3835;-376.557;-2469.481
51706;271.7384;-377.6253;-2468.533
51740;273.0702;-375.989;-2466.605
51773;273.6847;-376.9368;-2463.923
51807;274.369;-375.7129;-2463.254
51857;274.7735;-376.063;-2461.743
51891;274.9888;-374.9672;-2460.753
51925;275.388;-375.0295;-2459.688
51942;276.0758;-376.3009;-2457.859
51976;276.0524;-376.7483;-2457.295
52009;276.0054;-376.5254;-2456.967
52043;276.2315;-376.7437;-2456.285
52077;276.245;-376.7328;-2456.273
52110;276.325;-376.6938;-2456.146
52161;276.3952;-376.687;-2456.154
52212;275.7383;-377.0528;-2457.536
52232;274.5738;-378.5737;-2459.613
52279;274.4147;-378.5568;-2459.956
52313;273.751;-377.4822;-2461.696
52363;273.6703;-375.8546;-2462.599
52380;272.562;-375.5794;-2464.205
52414;271.6923;-373.966;-2466.144
52448;271.0482;-371.3601;-2467.293
52481;269.2202;-370.1908;-2469.269
52502;268.8589;-368.7036;-2469.607
52548;268.7787;-366.7917;-2470.245
52574;268.4674;-364.6441;-2470.679
52621;268.2177;-361.8843;-2471.207
52638;267.5237;-352.7681;-2475.938
52672;267.9389;-351.4155;-2476.333
52706;268.2172;-350.0494;-2476.528
52739;268.4779;-346.7263;-2476.554
52773;268.3127;-345.8074;-2476.865
52806;268.0279;-345.0917;-2476.998
52840;268.0497;-342.7008;-2476.58
52891;267.9985;-342.826;-2476.128
52908;270.7802;-339.7956;-2474.635
52939;270.6946;-339.417;-2474.599
52979;276.767;-340.6226;-2469.363
53012;276.311;-339.8151;-2469.856
53046;276.0771;-339.5636;-2470.014
53083;276.5827;-338.9735;-2469.735
53114;277.4467;-338.8427;-2469.073
53148;278.9223;-340.5146;-2467.465
53198;278.9711;-341.3304;-2467.727
53215;280.3167;-342.307;-2466.897
53249;280.3269;-344.5259;-2467.073
53283;280.1438;-347.1702;-2467.367
53302;279.9241;-351.4801;-2467.479
53350;279.6187;-355.4684;-2468.042
53384;279.0795;-359.0863;-2468.246
53417;278.7093;-365.2597;-2467.544
53451;278.3652;-368.0512;-2467.873
53485;278.1448;-369.1467;-2468.342
53519;277.5938;-372.5922;-2468.514
53552;279.0361;-375.0636;-2467.542
53602;278.5391;-375.3991;-2468.158
53626;278.6451;-375.323;-2468.159
53642;280.8263;-375.9733;-2466.883
53677;281.1647;-376.7145;-2466.62
53724;281.3248;-378.704;-2466.024
53741;281.511;-380.8909;-2465.605
53775;281.7213;-381.0847;-2465.428
53808;281.1744;-383.6674;-2465.073
53859;281.0217;-383.8139;-2465.222
53875;282.1017;-382.708;-2465.001
53910;282.1729;-382.7112;-2464.991
53961;282.1278;-382.6493;-2465.216
53977;282.7536;-382.055;-2464.744
54011;282.5898;-382.0597;-2465.14
54061;282.5367;-382.0259;-2465.268
54078;282.1013;-381.8115;-2465.731
54112;282.134;-381.614;-2465.642
54146;281.7213;-380.8065;-2466.094
54181;279.3938;-379.9725;-2468.252
54246;277.3406;-381.2286;-2469.916
54280;275.2857;-380.9789;-2474.295
54313;274.3521;-381.5122;-2475.791
54347;273.5015;-382.7565;-2476.869
54377;272.5584;-383.6754;-2478.043
54415;272.0802;-383.8934;-2479.063
54449;270.5138;-385.2419;-2481.038
54482;270.2422;-385.4948;-2481.165
54533;269.1493;-384.3156;-2482.303
54600;266.798;-384.0373;-2484.75
54634;264.9807;-383.4696;-2486.643
54651;262.7552;-382.045;-2489.196
54712;261.4963;-378.9243;-2491.663
54745;260.8315;-377.0828;-2492.963
54778;260.2467;-375.2215;-2494.014
54828;259.8853;-374.9098;-2494.066
54848;259.33;-373.4403;-2495.612
54900;259.4915;-372.1443;-2496.866
54912;259.425;-371.5035;-2497.976
54963;259.7822;-371.3847;-2498.388
54979;260.3173;-370.8945;-2498.931
55010;260.3122;-370.6691;-2499.693
55053;260.7828;-370.2772;-2500.402
55070;260.9302;-369.9995;-2500.977
55121;261.0377;-370.0436;-2501.148
55137;267.415;-367.4298;-2500.662
55177;267.1838;-367.679;-2501.118
55205;267.2839;-367.4886;-2501.542
55255;267.8523;-367.4971;-2502.42
55290;268.3801;-367.6857;-2502.871
55306;269.3001;-367.3272;-2503.923
55340;272.4249;-364.8034;-2504.827
55373;275.0326;-365.5633;-2506.271
55407;277.0802;-366.0141;-2506.937
55441;281.2025;-366.5696;-2507.469
55474;285.8556;-364.4398;-2509.396
55525;287.3328;-367.3167;-2510.346
55559;288.6207;-369.4432;-2510.47
55592;300.1732;-376.583;-2504.987
55609;299.8518;-379.7574;-2506.552
55677;300.4467;-383.1598;-2507.288
55693;302.2921;-388.8788;-2507.298
55727;303.5942;-389.9312;-2507.297
55744;312.1934;-392.2166;-2501.571
55811;315.3373;-393.6235;-2501.07
55829;318.3771;-395.4181;-2500.824
55845;321.3565;-396.3864;-2500.467
55879;323.5781;-397.9626;-2500.303
55937;324.1612;-397.9937;-2500.453
55965;324.6806;-398.6599;-2500.464
55980;325.998;-399.6566;-2499.813
56032;331.4019;-406.1718;-2494.602
56047;331.6669;-405.722;-2494.023
56081;331.6833;-405.6596;-2493.859
56115;331.5101;-406.3828;-2492.588
56150;330.8321;-405.7818;-2492.103
56183;329.5522;-406.288;-2491.861
56204;326.2187;-407.0684;-2492.277
56250;319.2036;-408.615;-2496.178
56285;312.6408;-403.6776;-2501.309
56330;309.014;-404.5137;-2503.106
56387;304.1884;-402.7996;-2506.485
56407;289.4414;-395.6518;-2515.736
56457;285.9767;-396.5662;-2516.501
56474;283.7612;-397.0962;-2517.202
56508;278.7086;-397.106;-2520.262
56541;273.5434;-397.3071;-2521.801
56575;269.4804;-397.8294;-2523.695
56609;265.4095;-397.8325;-2524.804
56660;263.4342;-397.0829;-2525.62
56701;259.781;-396.9414;-2526.286
56721;258.1666;-395.4095;-2527.179
56754;257.5644;-394.0805;-2527.364
56788;256.39;-391.5088;-2528.281
56805;255.3697;-388.8546;-2528.19
56839;254.401;-385.2626;-2527.268
56889;254.78;-380.8603;-2526.698
56906;255.373;-377.6003;-2525.63
56940;254.3712;-374.4662;-2524.592
56991;254.8437;-371.8883;-2523.36
57007;258.466;-359.9562;-2523.551
57046;257.9249;-360.7163;-2521.776
57080;261.2828;-354.8887;-2519.724
57113;262.4635;-351.9022;-2518.393
57147;264.5659;-349.3912;-2517.111
57181;267.5359;-344.2192;-2515.183
57214;268.3122;-343.7663;-2514.167
57232;269.0914;-342.7904;-2512.416
57282;273.8206;-340.0609;-2507.452
57322;276.8189;-338.4651;-2504.512
57343;279.9026;-340.5503;-2498.904
57373;279.9584;-339.8281;-2498.922
57411;279.7491;-340.1328;-2498.416
57444;279.1473;-341.0265;-2497.519
57478;279.758;-340.5885;-2497.297
57511;280.1369;-342.1792;-2496.304
57545;281.7379;-348.562;-2493.767
57579;281.6968;-352.2546;-2492.892
57612;281.5595;-352.4041;-2492.885
57663;280.9246;-355.7394;-2493.219
57680;280.8186;-357.8919;-2493.375
57955;282.1014;-381.2302;-2492.06
57988;285.6207;-383.7436;-2488.254
58004;284.9314;-386.3581;-2487.648
58056;283.0626;-390.8021;-2486.249
58072;280.9082;-392.4246;-2485.197
58105;277.625;-395.3424;-2484.875
58139;275.6548;-395.0895;-2485.082
58173;272.9109;-394.4011;-2485.731
58207;270.6266;-394.3722;-2486.708
58257;268.9;-394.6227;-2487.369
58274;267.6363;-394.0491;-2488.56
58308;266.4789;-394.06;-2489.971
58342;265.2193;-394.9105;-2491.058
58392;262.4267;-397.4003;-2493.961
58409;261.4279;-397.7919;-2496.285
58442;261.521;-397.639;-2496.789
58476;261.7679;-397.2719;-2497.478
58527;262.481;-396.8153;-2498.185
58544;264.8145;-395.1348;-2498.566
58578;266.6249;-394.8133;-2498.794
58647;270.5354;-393.9422;-2498.564
58731;273.2629;-394.2268;-2498.464
58760;274.4525;-394.1559;-2498.98
58821;286.1015;-391.8291;-2495.089
58847;285.5588;-390.5826;-2496.577
58874;285.7497;-390.2178;-2496.835
58930;285.6248;-390.0941;-2497.021
58964;285.6997;-390.0307;-2497.101
59014;282.5064;-391.7342;-2499.402
59031;280.4068;-392.7635;-2500.325
59065;277.7781;-393.7649;-2501.361
59099;273.6964;-395.065;-2502.792
59149;273.2542;-395.2715;-2502.756
59183;269.8583;-395.0016;-2504.263
59200;267.3871;-395.0841;-2504.571
59250;266.2388;-395.0753;-2504.773
59284;265.2891;-395.0056;-2504.879
59306;264.6346;-394.8822;-2504.657
59358;266.7394;-392.9151;-2502.621
59376;266.4465;-392.217;-2501.994
59426;266.528;-391.5906;-2501.116
59444;267.5918;-390.0022;-2499.471
59495;267.741;-389.8802;-2498.945
59511;267.8942;-388.6358;-2498.415
59545;268.7745;-386.8854;-2494.769
59579;268.6454;-385.8145;-2494.743
59613;269.935;-382.1012;-2493.133
59646;271.0616;-383.6298;-2491.064
59698;271.5584;-384.5486;-2490.626
59714;272.5554;-385.0023;-2489.721
59748;273.3896;-384.2538;-2489.949
59781;273.7399;-383.1911;-2490.462
59815;276.1725;-378.6176;-2491.257
59912;277.617;-374.6166;-2493.107
59996;278.6748;-372.6002;-2493.462
60011;279.4961;-365.8763;-2494.594
60045;280.4219;-359.738;-2495.25
60079;282.6182;-349.5628;-2496.715
60113;282.6894;-348.5065;-2496.071
60146;282.4995;-347.7222;-2495.699
60182;282.2807;-347.968;-2495.172
60214;281.7645;-347.9065;-2494.752
60265;281.8557;-346.4124;-2494.498
60281;281.5132;-343.8828;-2494.997
60315;280.6273;-345.7278;-2494.292
60349;280.4005;-346.3294;-2493.959
60382;280.0503;-346.4914;-2493.963
60426;280.1819;-346.727;-2493.622
60456;280.167;-346.7457;-2493.722
60478;280.1389;-347.3341;-2493.811
60529;279.9346;-347.6366;-2493.928
60545;279.8521;-347.6958;-2494.13
60579;279.8394;-347.5306;-2494.547
60615;279.9522;-347.8667;-2494.872
60648;279.9327;-350.5382;-2495.292
60719;280.6314;-353.2362;-2497.021
60753;279.9504;-357.2207;-2498.014
60797;280.7762;-358.2424;-2498.587
60821;280.3669;-362.1311;-2500.245
60839;280.5488;-365.062;-2500.315
60889;281.4247;-367.2537;-2500.28
60905;281.8142;-368.4869;-2500.996
60939;282.3601;-370.6867;-2501.021
60973;282.139;-374.9096;-2501.976
61007;282.3771;-377.1374;-2502.166
61057;282.5064;-378.1026;-2502.328
61090;282.9477;-382.6782;-2500.758
61125;282.9115;-383.0315;-2500.537
61141;282.8646;-383.2762;-2500.426
61175;283.1291;-383.1481;-2499.976
61208;283.433;-383.8036;-2498.894
61242;287.759;-388.5846;-2494.146
61276;289.4449;-390.5857;-2491.683
61309;291.6143;-389.9854;-2488.374
61343;293.2894;-389.3564;-2486.041
61377;293.7106;-389.312;-2485.278
61427;293.6167;-389.3149;-2484.962
61445;293.6936;-389.1211;-2484.87
61478;295.1175;-387.6442;-2484.335
61512;295.1679;-387.6008;-2484.385
61545;294.8699;-387.2868;-2485.099
61579;295.3449;-386.5595;-2484.977
61613;291.4023;-385.0517;-2488.19
61647;288.8953;-385.0449;-2490.2
61681;286.7022;-384.5102;-2492.122
61714;285.7847;-384.1453;-2492.486
61748;283.5064;-384.0094;-2494.36
61781;282.3558;-385.0014;-2495.1
61815;281.4629;-383.1635;-2495.953
61849;280.283;-383.0708;-2496.937
61882;278.9728;-385.5639;-2496.917
61916;277.3491;-387.1718;-2497.585
61951;277.0112;-387.4028;-2497.748
61984;276.8555;-387.5541;-2497.659
62017;276.584;-387.3532;-2497.572
62051;275.7256;-386.9797;-2497.865
62068;274.8909;-386.5815;-2497.941
62119;274.8205;-384.2092;-2498.156
62152;274.909;-382.4473;-2497.661
62169;274.581;-377.6086;-2498.86
62220;274.1923;-373.7071;-2498.896
62253;276.5023;-369.3697;-2496.554
62296;276.3564;-367.5875;-2496.325
62323;278.1688;-358.3857;-2495.021
62357;278.0898;-358.1834;-2494.431
62390;277.9213;-359.308;-2492.916
62408;277.7213;-358.5298;-2492.445
62447;278.7632;-354.0951;-2492.294
62567;278.5344;-355.8758;-2490.645
62600;286.0276;-356.5031;-2480.636
62637;288.015;-356.2075;-2478.265
62684;288.8216;-354.5871;-2477.191
62701;290.1489;-354.2409;-2475.718
62735;288.0671;-354.3737;-2475.896
62769;288.7363;-354.6462;-2474.584
62802;288.7579;-352.4283;-2475.156
62852;285.8426;-358.9454;-2473.709
62869;285.0476;-359.6317;-2473.928
62903;283.902;-360.5781;-2473.924
62954;283.2795;-361.1371;-2474.176
62970;282.507;-362.2318;-2474.345
63023;280.0746;-365.7033;-2474.731
63039;279.222;-369.72;-2475.293
63073;279.1047;-377.9763;-2473.216
63107;277.9949;-380.8567;-2473.223
63140;277.6844;-381.2256;-2473.498
63174;277.955;-384.4989;-2472.647
63208;277.4684;-385.7289;-2472.629
63242;277.4719;-385.7533;-2472.428
63292;277.1451;-385.6457;-2471.98
63309;277.606;-385.0356;-2471.316
63343;282.4379;-381.1645;-2465.771
63376;282.3534;-381.0246;-2465.698
63410;282.3238;-381.3782;-2464.767
63444;282.3598;-381.1661;-2464.331
63477;282.1372;-380.0884;-2463.741
63511;288.2644;-377.522;-2456.217
63545;286.3798;-377.4617;-2457.072
63579;289.8915;-376.5465;-2453.564
63605;291.3822;-376.1842;-2452.716
63639;291.59;-376.0966;-2452.988
63673;289.6322;-376.7957;-2456.129
63707;288.518;-376.4044;-2458.417
63741;288.3335;-376.3474;-2459.093
63774;285.061;-377.6504;-2463.321
63857;283.2962;-378.6852;-2466.156
63874;282.4846;-379.3591;-2467.209
63908;282.0326;-382.4091;-2468.195
63949;281.7485;-382.5954;-2468.803
63985;281.4264;-382.7776;-2469.627
64011;280.7564;-383.2688;-2470.831
64046;280.0358;-383.4506;-2472.128
64079;278.9308;-383.442;-2473.601
64113;278.5399;-383.6106;-2474.127
64146;278.1357;-384.0052;-2474.75
64180;277.9634;-384.0817;-2475.223
64218;277.7716;-383.2459;-2476.49
64252;277.9401;-381.4243;-2477.839
64269;277.9304;-379.4958;-2479.21
64320;278.6817;-377.5229;-2479.995
64354;279.0356;-375.942;-2480.642
64377;287.4357;-361.7159;-2480.59
64415;288.2804;-359.8444;-2480.759
64479;289.8354;-352.0237;-2482.51
64643;294.9923;-341.5916;-2484.007
64709;295.8917;-340.956;-2484.17
64743;295.9087;-340.9538;-2484.171
64777;296.6921;-341.3764;-2484.046
64810;299.0766;-343.705;-2483.731
64844;298.4222;-348.7896;-2484.147
64895;298.5719;-351.4389;-2484.093
64912;301.0367;-350.9557;-2484.465
64946;298.485;-355.022;-2486.264
64972;299.8951;-355.9811;-2485.729
65010;300.4426;-357.0789;-2485.543
65039;301.9295;-360.5014;-2484.781
65072;303.6766;-363.9256;-2483.274
65106;299.8778;-366.9432;-2485.544
65140;297.7812;-369.1286;-2486.914
65174;298.4808;-370.1791;-2486.398
65207;297.1348;-371.6362;-2487.179
65241;294.5909;-373.8844;-2488.156
65291;292.9828;-376.6371;-2489.145
65325;290.9187;-379.781;-2490.358
65343;291.3019;-380.454;-2490.242
65393;292.3953;-383.4962;-2489.068
65410;292.6224;-383.7249;-2489.358
65444;293.3718;-384.1489;-2488.988
65478;293.4137;-384.1707;-2489.141
65513;294.3196;-384.9072;-2488.128
65542;294.3601;-386.0311;-2488.311
65567;301.9927;-388.4267;-2482.649
65617;307.8327;-388.1899;-2474.696
65634;308.3212;-388.8672;-2472.306
65685;307.6754;-389.0343;-2471.94
65702;307.3028;-388.8982;-2471.745
65735;306.9978;-388.6671;-2471.354
65769;305.9328;-390.7947;-2470.627
65820;306.4969;-389.8006;-2469.01
65853;308.1926;-390.4229;-2466.458
65870;307.6426;-391.7655;-2467.442
65921;307.3141;-392.8765;-2468.135
65938;302.3763;-393.7541;-2473.352
66020;301.1675;-394.2702;-2473.423
66069;301.0959;-394.3028;-2473.405
66118;299.2838;-394.9912;-2474.493
66169;298.5218;-395.3172;-2474.957
66202;293.5925;-394.2297;-2477.884
66239;291.486;-394.0473;-2478.066
66269;285.3221;-391.4863;-2481.308
66303;284.5224;-389.9248;-2481.379
66336;283.5738;-388.9508;-2481.865
66370;283.1173;-388.1737;-2481.952
66424;282.461;-384.2662;-2482.427
66437;282.1812;-382.8095;-2482.262
66471;281.5518;-377.3078;-2481.978
66505;282.1156;-369.3511;-2483.413
66538;282.1737;-367.5009;-2483.091
66589;282.1003;-367.3948;-2482.701
66606;284.5651;-363.6186;-2481.201
66639;288.6183;-359.3314;-2477.064
66673;288.4504;-359.3109;-2476.743
66707;292.9078;-348.4753;-2475.829
66740;289.5634;-346.624;-2477.299
66774;290.1042;-347.0905;-2475.478
66842;291.7328;-345.0729;-2474.615
66892;292.1034;-346.5957;-2472.529
66943;292.3016;-347.467;-2470.801
66999;291.5096;-345.9801;-2471.349
67047;291.5922;-347.7466;-2469.606
67103;291.2887;-348.879;-2468.747
67148;286.1058;-354.5517;-2469.54
67186;286.1583;-355.3697;-2469.05
67244;287.0427;-357.4871;-2467.938
67275;281.4706;-366.6119;-2468.537
67308;280.8754;-369.8726;-2468.554
67342;280.0768;-372.998;-2469.238
67376;278.6743;-375.4601;-2469.698
67409;278.2954;-376.4693;-2470.23
67443;278.7863;-377.7632;-2469.863
67477;279.08;-379.5295;-2469.146
67510;279.4956;-381.1123;-2468.19
67544;279.2334;-382.3899;-2468.456
67578;279.2613;-382.3863;-2468.483
67611;281.521;-382.5519;-2467.184
67664;282.7012;-382.5995;-2465.815
67679;281.9815;-382.2696;-2465.123
67713;281.8279;-381.2436;-2462.937
67746;281.3575;-380.7825;-2460.796
67780;278.9224;-381.5557;-2459.963
67814;276.9256;-381.9647;-2458.483
67848;276.0471;-382.1729;-2457.781
67869;275.9832;-382.3677;-2456.822
67915;276.5602;-383.1935;-2455.876
67949;276.9903;-383.7195;-2455.468
67975;276.9586;-383.8137;-2455.486
68018;277.3182;-384.1927;-2455.573
68035;280.1157;-386.0803;-2455.225
68072;280.0245;-386.6163;-2456.012
68136;280.4369;-387.3226;-2456.876
68173;280.4718;-387.4095;-2456.896
68220;280.4908;-387.4758;-2456.982
68237;280.2556;-387.6458;-2457.322
68271;279.5325;-386.168;-2458.022
68305;279.1803;-386.1776;-2457.944
68344;277.4232;-386.0862;-2458.902
68407;276.9897;-385.4453;-2459.081
68481;276.2141;-384.3004;-2459.868
68490;275.7882;-382.2762;-2461.233
68507;275.5305;-380.3154;-2462.393
68541;274.5558;-375.5854;-2464.268
68575;274.3814;-372.8662;-2465.393
68609;274.3917;-370.4876;-2466.059
68669;276.1339;-355.0566;-2471.674
68678;276.8318;-352.0858;-2472.658
68712;277.1384;-353.3662;-2472.057
68746;281.0657;-351.7118;-2469.93
68779;285.9293;-345.4445;-2470.188
68813;286.4106;-345.291;-2470.406
68847;286.6017;-349.6617;-2469.815
68881;286.6279;-346.4562;-2472.09
68915;288.891;-344.4221;-2472.094
68948;291.2069;-348.493;-2469.517
68982;292.9588;-346.1623;-2470.67
69006;294.4387;-344.6458;-2471.752
69057;296.4771;-349.5721;-2470.88
69074;292.4154;-355.1332;-2473.639
69107;292.7154;-357.3879;-2473.396
69141;290.5554;-357.8421;-2476.346
69191;289.1594;-362.3909;-2477.355
69226;287.0672;-366.7773;-2478.148
69272;286.0981;-372.2561;-2478.748
69289;285.6842;-374.5555;-2479.542
69313;285.1994;-376.0012;-2480.148
69339;283.719;-381.9177;-2480.23
69373;282.984;-383.5262;-2480.999
69407;282.3543;-386.542;-2481.384
69440;282.3008;-386.7551;-2481.47
69474;281.9215;-389.1795;-2481.953
69541;282.9204;-392.2001;-2480.871
69575;283.3451;-393.4643;-2480.501
69609;287.0387;-395.731;-2476.724
69642;291.2646;-399.2523;-2472.379
69676;296.4998;-399.3016;-2467.017
69710;298.3911;-393.5504;-2464.99
69731;298.6062;-393.4092;-2464.369
69780;297.5124;-393.8672;-2464.595
69814;296.2056;-393.8138;-2465.001
69851;292.7592;-392.4127;-2467.617
69868;292.3098;-391.9752;-2467.897
69902;292.1004;-391.899;-2468.031
69952;291.9939;-391.5757;-2468.308
69969;292.0042;-391.5464;-2468.762
70020;292.4582;-393.0684;-2469.328
70054;294.391;-393.8613;-2468.798
70088;294.9608;-394.6156;-2469.78
70107;295.313;-394.9629;-2471.09
70138;292.8682;-395.1447;-2476.263
70188;290.2908;-397.4552;-2481.746
70222;290.1439;-397.761;-2482.873
70239;288.9313;-398.1301;-2484.962
70279;287.0478;-399.1388;-2487.037
70327;286.1754;-399.283;-2487.953
70343;285.6077;-398.7629;-2488.818
70377;285.4803;-398.1587;-2488.916
70411;283.9558;-393.6849;-2491.094
70445;283.023;-392.6793;-2492.041
70478;284.4374;-388.9231;-2493.257
70512;284.5614;-385.5459;-2494.815
70546;285.5849;-383.1578;-2495.559
70580;286.0193;-379.5147;-2496.704
70614;287.0902;-373.6392;-2498.173
70648;293.5851;-367.5942;-2496.408
70681;294.4351;-362.1342;-2498.666
70716;302.8621;-353.2283;-2497.185
70766;302.6353;-353.4495;-2497.023
70783;303.6219;-350.9127;-2496.506
70816;304.1896;-348.6231;-2496.177
70850;303.5846;-346.4856;-2496.498
70884;303.9654;-345.822;-2495.952
70917;304.4982;-346.1801;-2495.285
70951;304.7589;-345.9788;-2495.044
70987;304.5539;-346.2759;-2494.55
71019;304.3684;-346.6492;-2494.733
71048;304.1511;-346.8849;-2494.828
71082;304.0738;-347.1896;-2494.805
71115;300.0717;-350.4698;-2496.41
71149;295.74;-358.4777;-2495.483
71183;291.9213;-363.6669;-2495.142
71206;292.0813;-364.6179;-2494.783
71250;291.4314;-366.8615;-2494.203
71284;290.2194;-369.5247;-2494.38
71317;288.6398;-371.8521;-2494.413
71336;288.2723;-374.0883;-2494.016
71385;287.3477;-376.9467;-2493.695
71418;286.2509;-379.2816;-2493.44
71436;285.3013;-382.0096;-2492.484
71486;284.5209;-384.0058;-2491.326
71520;286.5905;-387.4739;-2486.429
71537;286.5959;-387.3706;-2485.593
71587;286.1335;-388.3853;-2484.789
71604;287.8662;-389.2318;-2481.726
71638;290.233;-388.5858;-2477.726
71671;296.3921;-387.6547;-2467.87
71705;296.9893;-386.3837;-2464.671
71755;296.884;-386.7471;-2461.024
71772;295.5938;-386.4934;-2458.924
71806;294.0611;-386.3922;-2457.62
71840;292.6815;-386.4144;-2456.181
71873;290.533;-385.4466;-2455.271
71907;290.4065;-384.5097;-2454.99
71941;290.305;-384.5874;-2454.67
71974;291.0088;-383.5153;-2453.932
72008;291.6359;-382.9352;-2453.603
72042;292.2984;-383.0036;-2453.591
72079;292.7722;-383.5233;-2453.911
72109;293.3857;-385.8293;-2455.332
72143;293.4723;-387.3965;-2456.03
72177;291.1956;-388.252;-2459.397
72211;288.471;-389.8307;-2462.3
72244;285.9879;-392.0576;-2463.786
72278;284.0763;-390.5054;-2465.958
72312;283.1549;-391.1401;-2466.663
72363;281.5554;-390.6016;-2468.024
72391;280.0154;-389.8703;-2469.159
72423;279.5912;-388.5542;-2469.772
72440;279.3876;-388.1127;-2470.125
72476;279.2676;-381.3501;-2472.018
72508;279.2751;-380.6865;-2472.253
72558;280.823;-378.4959;-2472.247
72575;283.5794;-366.8531;-2471.237
72609;288.0629;-359.6147;-2471.34
72642;287.6801;-358.1287;-2471.149
72676;290.8437;-351.9794;-2470.377
72707;292.876;-348.0969;-2470.222
72775;297.6847;-343.0142;-2468.078
72892;300.8317;-336.45;-2467.57
72945;304.1738;-333.0628;-2466.605
72978;304.1166;-332.931;-2466.632
73011;303.9779;-333.0581;-2466.514
73044;303.9717;-333.1301;-2466.485
73078;303.5172;-333.8134;-2466.359
73112;302.1537;-335.5439;-2466.216
73163;299.6898;-341.4597;-2465.036
73179;297.9296;-345.3675;-2464.928
73213;289.8667;-353.8587;-2465.376
73247;287.9693;-357.3513;-2465.998
73280;286.9539;-362.6718;-2466.502
73314;281.7213;-371.1718;-2469.502
73348;279.0523;-375.2385;-2470.625
73382;277.1785;-379.8148;-2472.126
73415;276.0105;-382.8612;-2472.781
73449;275.6285;-386.6761;-2472.66
73483;275.5115;-388.9679;-2472.274
73516;275.7231;-389.9435;-2472.177
73550;277.0006;-390.7715;-2470.73
73584;278.7858;-391.8874;-2468.346
73617;278.5628;-392.1018;-2467.353
73651;277.8752;-391.67;-2465.195
73685;272.45;-386.6959;-2464.882
73718;271.5779;-384.5846;-2464.75
73738;268.5689;-382.8739;-2466.024
73786;264.9593;-383.6429;-2468.056
73890;263.7772;-380.2124;-2468.521
73924;264.1567;-378.8885;-2467.969
73941;267.0189;-378.6429;-2466.202
73975;269.9684;-381.5709;-2464.542
74008;272.8071;-383.2666;-2463.831
74042;275.3745;-384.4283;-2463.636
74076;277.1226;-385.6178;-2464.201
74110;277.4485;-385.6278;-2464.91
74143;277.7653;-386.004;-2465.433
74194;276.5263;-386.9394;-2467.205
74210;276.3431;-386.8978;-2467.73
74244;275.9892;-387.2419;-2468.517
74315;275.3082;-386.7623;-2470.308
74349;274.7687;-386.51;-2471.069
74414;277.6305;-383.2536;-2471.201
74448;280.8173;-381.1171;-2470.492
74482;280.8607;-379.9728;-2471.1
74515;279.744;-376.4421;-2472.934
74549;282.1407;-370.0983;-2472.432
74583;287.1687;-352.7984;-2474.567
74617;288.8938;-349.4169;-2474.181
74652;290.0216;-348.2894;-2473.408
74685;291.6689;-346.4282;-2472.596
74719;291.316;-343.2849;-2472.727
74752;292.5144;-341.5514;-2472.4
74786;293.3883;-339.9517;-2471.805
74822;294.1558;-338.9066;-2471.406
74870;295.5454;-336.2216;-2471.401
74925;297.09;-334.7267;-2470.021
74942;297.9194;-335.4644;-2468.447
74976;294.5167;-335.7635;-2469.944
75010;295.8977;-338.0357;-2467.294
75060;295.6732;-338.2959;-2467.186
75077;295.9529;-338.9987;-2466.982
75111;293.535;-343.8887;-2466.019
75144;285.3762;-354.6938;-2467.236
75178;284.0634;-357.2674;-2468.064
75212;282.8561;-360.2217;-2468.735
75245;281.332;-364.1615;-2469.41
75279;281.179;-366.6356;-2470.028
75313;280.8899;-368.6123;-2470.084
75347;280.2383;-369.7585;-2470.245
75380;280.2255;-370.2861;-2470.513
75414;280.7507;-371.2841;-2470.464
75448;281.7876;-373.67;-2469.487
75471;282.655;-375.1985;-2468.468
75515;286.1047;-375.8367;-2465.857
75549;286.9117;-377.0687;-2465.074
75582;290.3294;-379.5046;-2460.896
75617;291.4284;-381.5807;-2456.55
75650;292.9534;-384.7884;-2450.207
75711;293.5576;-386.6657;-2442.798
75793;292.6004;-386.5267;-2437.312
75842;292.7109;-386.0971;-2436.399
75888;297.9618;-382.3176;-2429.289
75916;302.774;-380.6693;-2424.832
75949;305.3956;-379.6088;-2423.408
76000;305.615;-380.8012;-2423.876
76016;306.5039;-381.5237;-2423.789
76050;317.2729;-380.7212;-2411.69
76084;321.2021;-380.933;-2407.544
76118;323.3524;-379.4934;-2405.375
76151;324.9728;-378.3712;-2403.697
76185;326.2374;-376.9343;-2400.952
76219;328.0434;-376.5234;-2398.115
76236;328.9695;-375.3787;-2396.195
76286;331.4258;-374.9706;-2392.09
76320;333.035;-374.6345;-2389.409
76384;341.1326;-375.1253;-2380.808
76467;358.3913;-376.4317;-2363.588
76484;362.0144;-376.2228;-2359.842
76517;369.7264;-375.589;-2352.805
76551;373.3479;-374.7854;-2348.635
76585;376.3125;-375.1327;-2344.038
76614;378.7981;-374.701;-2339.449
76682;383.2446;-373.2287;-2331.168
76725;389.7143;-371.7387;-2314.872
76761;391.0319;-371.2512;-2306.118
76829;396.611;-367.9651;-2281.471
76863;397.6065;-370.0038;-2268.39
76914;401.103;-359.5216;-2245.518
76947;404.8879;-358.9137;-2234.05
76981;408.1265;-355.2013;-2224.066
77021;413.7572;-347.8658;-2212.881
77043;416.615;-343.7307;-2204.988
77088;420.3824;-341.5114;-2196.874
77176;440.7739;-332.0345;-2177.8
77192;447.2658;-329.9099;-2172.791
77218;458.8488;-329.915;-2164.716
77235;467.2214;-328.3416;-2160.17
77275;477.9958;-325.1103;-2154.17
77311;491.1942;-319.6545;-2149.758
77469;536.9229;-315.3763;-2134.885
77517;549.8516;-315.7062;-2126.809
77584;556.7015;-314.1726;-2119.855
77630;559.2634;-312.3462;-2115.86
77681;560.4928;-308.5878;-2110.048
77714;562.4631;-307.8365;-2102.824
77748;562.3135;-307.0185;-2096.176
77782;561.4531;-306.748;-2089.494
77816;551.9605;-308.1158;-2079.651
77849;550.7723;-309.3304;-2073.374
77883;543.3541;-312.1205;-2064.646
77917;535.608;-313.2269;-2055.921
77950;527.0968;-312.8555;-2047.036
77984;513.897;-310.852;-2035.079
78005;499.9658;-307.9275;-2021.844
78051;486.2176;-306.1724;-2008.698
78085;472.1247;-305.7419;-1995.161
78119;458.2359;-301.4663;-1981.462
78152;442.9792;-298.7524;-1967.882
78186;429.091;-294.463;-1952.286
78220;408.3774;-289.0453;-1936.689
78254;393.0125;-287.8714;-1923.713
78287;372.3152;-281.0173;-1905.327
78321;357.0031;-279.2574;-1890.671
78355;341.7231;-275.4623;-1874.748
78388;329.2502;-270.0449;-1861.022
78422;317.4782;-263.1286;-1847.064
78456;307.6197;-258.7323;-1832.701
78515;288.9423;-250.6735;-1803.653
78549;280.4419;-248.2355;-1789.3
78583;275.5111;-245.6412;-1776.051
78617;270.0186;-241.4209;-1761.705
78650;264.7453;-237.7559;-1744.229
78684;260.9814;-233.2762;-1726.886
78718;257.5555;-226.5274;-1707.69
78805;255.4879;-213.8305;-1653.812
78856;255.5106;-212.048;-1642.167
78890;257.4674;-201.9985;-1576.436
78923;258.5329;-198.4603;-1561.683
78957;264.4375;-187.184;-1529.462
78990;292.2576;-113.2465;-1515.235
79024;336.9684;-83.54878;-1522.766
79058;339.6513;-76.08881;-1515.686
79091;316.7815;-41.86849;-1475.199
79127;332.1323;-38.14399;-1476.739
79161;322.2367;-16.10581;-1457.928
79183;319.7711;-14.18457;-1446.483
79217;313.7928;-16.76612;-1425.921
79250;273.3363;-131.5686;-1334.433
79284;272.3475;-129.3124;-1327.718
79319;270.4569;-125.4574;-1310.344
79352;268.1961;-122.767;-1293.55
79573;264.3649;-114.7302;-1252.938
79606;251.5962;-110.9196;-1181.316
79622;248.7436;-106.2988;-1132.74
79656;246.3441;-105.1339;-1118.355
79674;242.5116;-100.3732;-1087.483
79689;237.0637;-98.57639;-1064.807
79723;228.6549;-90.13673;-1042.216
79756;222.3913;-82.70112;-1020.85
79790;218.0104;-73.03751;-997.0309
79824;213.5015;-67.95213;-980.7271
79857;219.2178;-60.53717;-966.9987
79891;260.2509;-54.79969;-962.1613
79925;296.495;8.59601;-998.1294
79942;269.6548;220.93;-1011.087
79975;221.2025;319.572;-981.5764
80009;99.77621;290.6198;-976.795
80060;145.5025;117.838;-685.6901
80077;55.47849;68.21584;-602.6833
80127;63.10606;158.7965;-618.8826
80148;33.8791;160.2526;-502.4088
80689;178.8932;-314.2595;-2218.085
80710;168.7432;-310.032;-2230.656
80739;158.2238;-306.722;-2243.188
80773;143.1746;-306.5953;-2259.55
80824;133.4199;-309.3367;-2270.125
80840;122.3455;-312.386;-2282.648
80874;110.4818;-318.7322;-2295.457
80908;98.04338;-313.1548;-2315.039
80941;87.24097;-320.3144;-2325.333
80975;78.46476;-325.079;-2334.681
81009;64.53556;-331.5056;-2352.281
81042;60.16341;-334.9282;-2355.897
81076;56.86737;-338.6413;-2359.115
81110;55.15429;-339.3046;-2361.874
81144;50.30843;-341.4677;-2366.35
81178;48.06446;-343.7538;-2369.309
81211;45.13145;-344.209;-2373.284
81247;44.81327;-343.7643;-2374.606
81281;43.43565;-343.5128;-2376.244
81315;42.73484;-343.8576;-2376.955
81349;42.54899;-344.0043;-2377.141
81382;42.63967;-343.9006;-2377.247
81416;42.72745;-343.7595;-2377.373
81449;43.23911;-343.8621;-2377.063
81483;46.04066;-343.1691;-2374.624
81517;49.5865;-344.3511;-2372.038
81551;54.89248;-341.975;-2368.469
81584;59.17599;-340.3994;-2366.627
81618;67.50043;-337.2231;-2361.335
81652;77.69587;-335.4645;-2354.42
81685;90.35921;-331.4245;-2346.47
81702;99.88852;-328.217;-2340.764
81742;108.8434;-327.0673;-2333.213
81770;119.2457;-323.4781;-2327.556
81809;127.8342;-321.3071;-2323.069
81837;138.2563;-319.0376;-2318.533
81888;145.1248;-315.6355;-2315.196
81914;152.7854;-312.649;-2311.677
81949;162.3495;-308.2714;-2306.355
81983;169.1413;-304.942;-2302.848
82017;174.5112;-300.9452;-2299.117
82050;178.3021;-296.4683;-2296.189
82084;184.0617;-291.9258;-2291.027
82118;185.6714;-289.3024;-2288.323
82142;187.2838;-287.3151;-2283.336
82482;191.192;-283.6302;-2276.524
82533;198.6306;-254.9588;-2195.351
82601;200.4611;-252.3399;-2191.067
82637;208.9146;-246.7198;-2176.388
82685;214.909;-245.4558;-2168.064
82718;220.5344;-245.2735;-2160.718
82735;229.2401;-244.6786;-2151.164
82786;237.4503;-244.0739;-2142.727
82819;250.9502;-242.2759;-2132.811
82838;265.801;-242.6262;-2121.96
82887;282.0451;-241.5436;-2111.72
82920;296.8394;-237.7619;-2102.373
82954;310.6693;-233.9114;-2095.099
82988;329.9747;-232.9468;-2082.32
83009;350.5199;-227.6382;-2074.257
83055;368.1548;-225.6704;-2065.361
83089;381.9574;-220.6611;-2060.23
83123;395.7926;-217.4373;-2056.121
83156;410.0128;-213.6599;-2051.234
83190;425.8677;-209.4221;-2046.693
83215;437.2643;-203.7761;-2044.907
