
1;261.7841;-699.7595;-2111.048
46;263.6315;-699.5009;-2115.238
80;262.924;-701.9386;-2118.619
98;261.6514;-703.161;-2121.197
131;260.3853;-705.7185;-2124.484
166;259.3848;-707.0116;-2127.361
232;253.5195;-710.6705;-2135.035
265;251.7049;-712.7147;-2135.905
299;249.3779;-715.5221;-2135.991
335;249.0972;-715.6554;-2136.074
366;249.0489;-715.709;-2136.098
400;247.6809;-715.9504;-2135.813
434;247.6476;-715.6378;-2135.841
502;245.0301;-715.7718;-2133.11
569;245.1306;-713.196;-2129.006
791;228.8551;-700.3987;-2057.114
806;226.2616;-694.3791;-2043.014
840;230.5078;-687.6316;-2025.589
874;229.6963;-684.4543;-2017.969
907;231.0879;-678.691;-2003.911
932;232.3721;-674.7626;-1993.413
995;235.011;-668.513;-1977.823
1012;235.64;-665.9446;-1968.539
1045;237.5986;-663.3486;-1956.182
1079;241.7637;-658.2844;-1943.479
1113;245.2319;-651.7205;-1929.838
1130;251.9903;-647.5023;-1913.51
1180;262.9128;-640.9874;-1896.466
1198;269.3869;-637.6638;-1881.481
1233;276.9332;-632.6868;-1866.157
1266;287.9376;-628.9685;-1844.286
1308;297.0066;-626.6586;-1822.686
1385;322.9122;-614.3406;-1763.749
1480;368.2119;-590.4902;-1701.235
1509;382.9294;-582.8561;-1672.504
1570;410.1153;-568.8865;-1629.884
1831;419.5651;-569.7489;-1618.551
1881;503.75;-517.9835;-1487.951
1915;508.0996;-516.8259;-1481.978
1932;520.7974;-514.8052;-1466.393
1982;536.0721;-509.0885;-1448.68
2000;550.9286;-503.6751;-1424.881
2051;566.792;-497.0672;-1397.699
2095;579.2515;-489.7273;-1370.126
2145;619.4476;-516.2451;-1288.259
2179;612.4716;-515.1682;-1267.787
2200;616.7811;-508.2245;-1243.218
2247;608.4927;-503.6076;-1216.996
2282;603.2452;-500.3977;-1200.054
2343;593.85;-497.652;-1185.112
2360;391.7713;-466.2297;-1148.653
2377;392.3494;-470.2748;-1150.257
2445;431.9606;-480.929;-1135.057
2466;431.8557;-481.4239;-1135.482
2477;445.0567;-482.3398;-1129.395
2511;447.468;-481.859;-1128.319
2530;449.6135;-479.9915;-1126.505
2579;452.4809;-478.389;-1122.637
2612;456.0076;-474.7858;-1118.137
2646;461.1899;-459.509;-1113.798
2680;469.0221;-442.7247;-1111.211
2713;491.3832;-379.0252;-1154.769
2730;511.7094;-361.8727;-1157.839
2770;540.3197;-338.1078;-1171.895
2798;571.5163;-279.7088;-1173.864
2848;592.273;-420.8566;-1159.009
2882;593.5283;-415.2612;-1160.495
2916;630.1936;-244.3766;-1192.667
2933;666.8171;-192.0646;-1162.08
2966;684.2484;-122.4265;-1198.336
3000;168.4211;-131.3014;-423.0462
3034;168.8953;-131.3674;-422.863
3067;170.9405;-130.138;-422.4064
3101;172.0031;-131.1233;-421.6027
3172;193.9977;-49.68961;-430.9221
3239;466.4015;18.5629;-992.0137
3273;695.9141;-357.7541;-1342.682
3306;584.1927;-161.7281;-1166.542
3340;639.8452;-297.4753;-1296.013
3374;553.512;-183.1878;-1135.563
3407;558.7234;-190.0544;-1139.665
3441;561.5517;-196.1868;-1142.369
3480;191.0466;-137.3571;-410.6422
3501;479.4483;-5.845189;-995.3472
3539;179.7938;117.9687;-423.6565
17912;454.9232;-687.4083;-2034.67
17946;456.1031;-690.5684;-2038.878
18002;454.0405;-696.387;-2043.516
18065;444.055;-712.7619;-2069.049
18081;440.2411;-720.6836;-2080.8
18100;435.3837;-729.5233;-2093.912
18139;429.8048;-738.0634;-2107.261
18203;424.2878;-742.7063;-2130.528
18234;424.549;-746.4608;-2139.928
18284;426.9308;-746.5582;-2146.671
18306;434.3189;-747.1293;-2154.823
18349;437.696;-748.4861;-2158.146
18383;442.479;-746.9571;-2163.937
18400;447.4715;-748.9484;-2168.697
18442;448.979;-749.645;-2173.208
18476;451.455;-751.3302;-2179.501
18509;461.0153;-749.8842;-2188.533
18543;463.3137;-747.4211;-2194.819
18577;463.8597;-744.9301;-2205.317
18610;465.314;-747.3129;-2211.347
18644;468.0765;-748.8854;-2217.69
18678;467.0413;-751.4541;-2223.847
18711;461.5909;-756.9108;-2229.779
18745;464.6729;-757.6393;-2233.616
18779;465.2773;-761.1015;-2237.86
18832;464.2414;-760.743;-2242.161
18868;466.0782;-762.4045;-2251.391
18913;465.22;-766.2076;-2258.26
18965;463.6503;-766.8126;-2261.998
18981;460.0058;-767.5969;-2269.638
19014;459.6004;-768.1456;-2275.297
19034;459.7669;-772.3998;-2281.149
19082;460.6526;-774.7708;-2286.237
19115;463.9323;-774.976;-2293.25
19147;468.6384;-780.0114;-2297.287
19180;468.3902;-782.0008;-2299.201
19214;468.2991;-782.2094;-2301.299
19248;465.7008;-783.7779;-2304.48
19267;463.0753;-785.1815;-2308.055
19315;464.1233;-788.744;-2310.963
19349;464.3915;-788.3724;-2310.398
19366;474.2753;-769.0177;-2323.462
19401;475.0239;-769.2849;-2322.898
19433;474.0333;-769.9904;-2321.682
19467;474.9219;-770.8326;-2321.117
19501;471.8794;-775.0079;-2319.045
19535;470.5231;-775.9305;-2318.534
19585;469.0267;-776.2596;-2318.2
19619;467.8256;-777.2171;-2316.788
19683;468.0924;-777.5795;-2316.361
19725;468.2496;-777.6826;-2316.141
19758;468.3522;-777.714;-2316.476
19917;455.3671;-771.9471;-2333.945
19984;449.8773;-775.6367;-2342.934
20018;447.9754;-773.9125;-2345.613
20040;440.5974;-775.5237;-2347.878
20068;429.3487;-787.353;-2351.502
20102;428.7753;-786.8741;-2352.282
20136;428.2365;-787.6183;-2352.553
20169;425.8381;-788.6953;-2353.458
20204;424.7144;-789.0731;-2353.058
20237;424.5831;-796.2307;-2351.163
20280;423.2428;-795.983;-2351.308
20302;422.5878;-797.7397;-2351.375
20337;422.692;-802.0311;-2349.006
20370;421.2921;-801.0165;-2349.754
20405;420.0957;-793.3484;-2349.801
20439;419.596;-794.7194;-2348.849
20473;418.9777;-785.595;-2347.791
20506;417.7329;-784.9907;-2347.457
20567;416.9201;-785.422;-2346.677
20580;417.1307;-785.4944;-2345.943
20613;416.9325;-786.4039;-2344.511
20647;416.2971;-788.2087;-2342.386
20698;415.4782;-788.5428;-2339.844
20731;414.8743;-789.6458;-2336.88
20770;415.1476;-789.2764;-2335.832
20808;414.0165;-789.1671;-2332.482
20842;414.8773;-791.2506;-2330.064
20893;413.0445;-790.7415;-2327.959
20910;413.5097;-789.765;-2326.507
20943;413.4752;-789.5355;-2326.179
20977;412.591;-789.7749;-2324.881
21010;412.5649;-789.6659;-2324.502
21044;411.9431;-789.4466;-2324.139
21078;411.8363;-789.2149;-2323.875
21095;411.8135;-789.5547;-2322.693
21145;411.2938;-789.1038;-2323.176
21180;408.3067;-786.1097;-2325.217
21215;408.1106;-786.2106;-2326.045
21257;408.2044;-786.6917;-2327.605
21273;407.7403;-786.1044;-2329.71
21307;407.4534;-785.9958;-2331.589
21341;407.36;-786.1703;-2332.601
21376;406.9478;-785.9559;-2334.175
21407;404.9781;-788.96;-2336.153
21441;405.0812;-789.1468;-2337.149
21475;404.4199;-789.1398;-2339.19
21509;404.428;-789.8159;-2340.159
21543;404.445;-789.6656;-2341.1
21576;403.732;-790.2993;-2341.985
21622;404.9715;-794.9147;-2343.206
21645;404.9929;-797.5591;-2343.493
21681;403.7894;-796.7885;-2344.144
21732;400.9702;-799.5446;-2344.083
21791;400.9618;-800.6135;-2344.073
22203;399.209;-790.3456;-2341.924
22252;399.5063;-789.1233;-2341.55
22270;402.2087;-790.7861;-2340.409
22319;405.139;-792.0871;-2338.812
22356;405.3311;-790.8545;-2338.481
22406;406.4554;-791.8598;-2337.519
22448;407.9444;-792.4437;-2336.955
22485;408.892;-793.2898;-2336.613
22504;409.39;-793.6715;-2336.187
22582;412.6143;-795.7504;-2333.608
22615;413.1768;-796.8557;-2332.588
22649;414.455;-796.1605;-2331.231
22683;416.1174;-794.5079;-2329.675
22716;417.0868;-794.3319;-2329.271
22750;417.9964;-794.1241;-2328.283
22787;421.2592;-793.9478;-2327.478
22810;422.7662;-794.0551;-2327.299
22844;424.565;-794.4402;-2326.783
22878;424.3406;-794.5678;-2326.684
22911;426.0692;-793.5352;-2326.259
22954;427.4844;-792.5104;-2326.351
22981;426.6667;-792.084;-2326.493
23014;426.6578;-791.9305;-2326.386
23031;424.6086;-791.8557;-2326.398
23074;423.1551;-789.4945;-2326.324
23119;421.6199;-787.1725;-2326.5
23170;421.5895;-787.1234;-2326.264
23185;421.5285;-787.1445;-2326.268
23202;419.788;-783.7547;-2326.701
23237;419.8557;-783.7778;-2326.716
23270;418.887;-783.2488;-2327.343
23304;419.5595;-783.0796;-2326.98
23337;419.8632;-782.5795;-2326.631
23371;420.3831;-782.6517;-2326.639
23421;420.3078;-782.6697;-2326.617
23472;420.3106;-782.53;-2326.242
23505;420.1165;-782.666;-2326.062
23597;419.1139;-781.4457;-2326.048
23714;418.5433;-782.8244;-2324.955
23765;418.0482;-783.2554;-2324.71
23808;417.773;-783.0637;-2323.183
23841;417.4486;-783.1863;-2323.114
23925;417.1587;-783.8165;-2321.277
23943;416.7128;-784.2803;-2320.768
24046;413.9932;-785.5822;-2318.657
24063;413.3025;-786.1346;-2318.275
24079;403.453;-805.4843;-2313.743
24113;408.3263;-798.0842;-2312.823
24139;410.3921;-796.229;-2311.856
24183;411.2091;-795.4161;-2311.135
24216;412.1051;-794.9656;-2310.599
24250;406.0195;-806.0826;-2307.774
24280;407.9143;-798.9094;-2308.116
24314;409.1112;-795.7566;-2307.537
24333;408.8972;-795.1628;-2307.174
24378;408.9368;-794.248;-2306.696
24427;408.9371;-793.5414;-2306.615
24639;407.3259;-805.5479;-2301.158
24657;408.7372;-800.5082;-2301.283
24700;409.5;-797.6292;-2300.755
24717;408.0551;-803.1866;-2299.575
24750;410.4175;-795.2758;-2297.953
24784;410.7679;-792.5875;-2297.961
24818;410.9608;-791.9347;-2297.773
24834;411.5175;-791.4211;-2297.389
24873;412.0746;-790.3929;-2296.768
24903;412.0889;-790.3854;-2296.575
24954;412.4048;-790.2546;-2295.863
24970;412.8053;-789.6895;-2295.762
25004;413.2845;-789.5673;-2295.629
25038;414.9097;-789.5713;-2295.949
25071;415.8992;-788.9482;-2295.99
25105;416.4368;-788.8572;-2296.026
25142;418.2379;-787.3881;-2296.9
25193;419.1569;-786.7441;-2297.231
25219;419.0991;-786.5994;-2297.192
25236;419.6986;-785.8573;-2297.643
25269;419.5374;-786.1107;-2297.677
25303;418.8745;-786.6206;-2297.806
25337;418.2546;-786.6414;-2297.899
25377;418.2358;-786.7028;-2297.912
25405;417.5805;-787.1076;-2298.313
25442;417.4918;-787.2825;-2298.467
25476;417.0908;-786.8953;-2299.298
25515;416.7733;-786.7037;-2300.388
25547;416.9814;-786.5076;-2300.475
25568;416.5717;-786.6695;-2300.933
25602;416.5508;-786.687;-2301.335
25636;416.6373;-786.7386;-2301.521
25669;416.7042;-786.5526;-2302.262
25703;416.7131;-786.5995;-2302.816
25738;416.8438;-786.6252;-2303.038
25770;417.3783;-785.6426;-2303.853
25804;417.7815;-785.5884;-2303.963
25838;417.5755;-785.0878;-2304.398
25883;417.9109;-784.7908;-2304.745
25928;418.0307;-783.247;-2305.254
25943;419.2442;-783.1421;-2305.857
25998;419.2011;-782.9728;-2305.878
26011;419.0849;-783.0778;-2306.073
26061;419.1494;-783.1001;-2306.097
26078;419.2622;-783.379;-2306.12
26131;419.2681;-783.7044;-2305.896
26145;419.3855;-783.9012;-2305.814
26231;412.8926;-804.3387;-2306.419
26269;416.615;-799.9868;-2306.364
26315;419.989;-797.3417;-2306.46
26349;419.7387;-796.7853;-2306.321
26434;420.2642;-796.3385;-2306.435
26467;420.8768;-795.4691;-2306.579
26501;422.5115;-794.0784;-2306.954
26535;423.3243;-793.8323;-2306.892
26585;423.9349;-793.4553;-2306.836
26636;424.097;-793.1253;-2306.752
26669;424.2451;-791.8685;-2307.237
26708;423.9869;-790.3178;-2307.786
26759;423.3245;-787.2256;-2308.319
26775;417.5573;-792.6218;-2307.386
26809;417.8411;-792.4764;-2308.346
26843;418.7297;-790.9951;-2308.944
26876;418.3473;-785.434;-2310.509
26910;419.9408;-784.8003;-2310.655
26962;420.046;-784.972;-2310.665
26978;421.8694;-785.2787;-2309.724
27029;421.9995;-787.7465;-2309.125
27045;422.4203;-787.9529;-2308.943
27079;422.8036;-788.4587;-2308.604
27112;422.837;-788.7225;-2307.789
27146;423.1362;-788.8366;-2306.815
27180;422.5624;-789.3618;-2306.028
27213;422.5227;-789.3893;-2304.48
27238;422.8865;-789.1576;-2303.241
27266;422.8064;-789.4181;-2302.16
27346;422.8206;-788.995;-2301.059
27387;422.713;-789.882;-2300.052
27547;423.1004;-789.3669;-2299.414
27562;422.704;-788.8247;-2299.447
27596;422.4005;-788.4533;-2299.876
27633;422.763;-787.8885;-2300.03
27680;422.7223;-787.8434;-2300.211
27699;422.7212;-787.7303;-2300.334
27731;422.4148;-786.8613;-2300.629
27748;422.2409;-786.8151;-2300.82
27772;422.0177;-786.0566;-2301.249
27819;422.1338;-785.3015;-2302.111
27836;421.667;-785.0282;-2302.738
27871;421.0648;-785.0117;-2303.412
27903;421.0392;-784.6535;-2303.898
27946;420.8444;-784.6447;-2304.397
27972;419.9117;-782.777;-2305.271
28006;419.9584;-782.8044;-2305.298
28040;419.85;-782.8942;-2305.987
28061;419.8306;-782.9146;-2306.557
28107;419.5966;-783.208;-2307.385
28141;419.2861;-783.1801;-2308.474
28231;419.0745;-783.2667;-2309.212
28247;418.9381;-783.1222;-2309.789
28289;419.5913;-783.3372;-2310.383
28367;419.1237;-782.8759;-2311.433
28418;419.0897;-782.9404;-2311.5
28442;419.4249;-782.3601;-2311.731
28474;419.4247;-782.3179;-2311.714
28508;419.4468;-782.292;-2311.558
28542;420.0527;-782.0546;-2310.862
28576;420.33;-782.409;-2310.223
28610;420.1932;-783.9004;-2308.933
28695;420.5498;-784.6514;-2307.982
28758;420.8594;-785.7365;-2306.429
28786;420.8267;-785.8005;-2305.364
28811;421.2912;-786.1891;-2304.868
28863;417.1024;-803.2048;-2299.895
28896;416.4749;-801.1997;-2299.651
28913;418.3523;-798.4186;-2299.519
28947;419.2706;-796.8732;-2299.661
29017;419.2956;-796.8755;-2299.669
29234;421.7404;-793.9297;-2300.656
29283;433.6121;-778.5454;-2304.084
29301;435.0204;-774.2469;-2305.489
29333;441.0229;-774.7482;-2305.701
29384;440.9816;-774.7042;-2305.777
29403;439.9576;-775.256;-2306.07
29435;439.2697;-777.455;-2306.431
29486;438.7846;-778.764;-2306.401
29536;437.921;-783.3508;-2307.589
29552;437.4286;-787.2345;-2307.555
29579;437.0896;-788.3809;-2307.98
29634;439.6126;-787.8203;-2307.304
29687;437.5161;-788.1716;-2307.137
29719;438.2181;-797.0817;-2307.677
29758;438.7657;-796.5236;-2307.568
29788;437.2727;-799.8407;-2307.374
29804;436.3122;-805.8137;-2308.17
29857;436.8348;-804.949;-2308.348
29889;436.4612;-803.3519;-2308.321
29905;438.1594;-800.2622;-2309.47
29939;439.162;-799.3358;-2309.791
30001;439.9963;-798.3185;-2310.21
30024;440.0323;-797.3035;-2310.488
30067;438.3975;-796.6;-2310.868
30083;439.269;-790.5699;-2310.875
30117;435.7315;-792.6877;-2311.521
30182;439.635;-781.8408;-2310.953
30213;427.6037;-797.0286;-2316.085
30247;428.636;-794.3932;-2316.27
30280;428.8338;-791.9535;-2316.706
30314;429.3816;-790.0153;-2316.131
30348;429.5117;-789.1779;-2316.154
30385;429.7573;-787.9259;-2316.235
30406;429.8519;-787.1114;-2316.689
30440;431.5675;-783.3387;-2316.209
30474;431.6593;-783.1917;-2316.298
30525;431.7701;-783.6932;-2316.781
30559;431.7462;-782.9598;-2317.006
30574;431.7381;-782.8844;-2317.033
30609;431.4451;-782.4747;-2317.365
30678;431.5059;-782.5875;-2317.328
30724;431.5471;-782.6287;-2317.344
30740;431.5461;-782.6617;-2317.325
30774;429.9751;-784.0739;-2316.399
30807;430.1595;-783.9692;-2315.995
30841;430.2105;-783.9592;-2315.928
30876;430.2095;-784.0361;-2315.716
30909;429.9586;-784.3275;-2315.151
30943;429.944;-783.7693;-2314.623
30976;429.5197;-784.3721;-2313.521
31010;429.0094;-784.7737;-2312.736
31043;428.7036;-785.4642;-2311.892
31077;429.0916;-785.8981;-2311.039
31111;428.8333;-786.3853;-2310.546
31148;428.854;-787.3989;-2310.122
31195;428.2527;-787.9337;-2310.051
31214;428.1299;-788.0184;-2309.856
31253;422.2298;-801.4463;-2306.151
31286;423.5156;-800.3162;-2306.553
31320;424.3463;-799.3024;-2306.981
31353;424.8338;-798.4185;-2307.063
31370;425.3924;-797.5878;-2306.992
31405;425.9759;-797.3875;-2307.159
31438;425.7656;-796.6179;-2307.956
31471;426.3158;-795.1492;-2308.553
31506;427.9345;-793.1608;-2309.534
31556;435.8668;-780.0913;-2309.72
31573;436.0206;-780.5431;-2310.314
31606;436.2226;-781.0635;-2311.303
31640;438.1149;-774.9031;-2311.154
31691;438.3926;-771.9592;-2311.537
31762;437.1564;-770.6882;-2312.785
31803;442.2981;-772.2098;-2313.394
31820;444.9575;-773.2029;-2314.097
31856;445.4581;-776.9862;-2316.128
31898;446.9894;-777.3578;-2315.945
32009;449.2782;-790.923;-2314.291
32073;445.3083;-799.0467;-2314.615
32130;444.9362;-805.0316;-2313.969
32180;444.3775;-804.4794;-2313.989
32423;443.4592;-797.95;-2311.142
32461;443.453;-797.9816;-2311.153
32478;445.7876;-794.9987;-2310.913
32495;444.215;-793.8746;-2310.351
32545;441.8022;-792.5635;-2310.685
32814;433.8713;-778.1807;-2305.752
32871;432.6917;-779.3969;-2306.607
32885;432.675;-779.5679;-2306.667
32940;432.8734;-779.7571;-2306.976
32987;432.6364;-779.5383;-2307.297
33003;432.5273;-779.6168;-2307.469
33020;436.2627;-774.4073;-2307.24
33054;435.318;-775.8483;-2308.047
33110;426.2527;-793.8254;-2310.655
33155;427.1958;-791.0261;-2310.562
33205;427.8851;-789.7449;-2310.518
33227;428.2945;-788.5971;-2310.053
33263;428.7205;-788.416;-2309.986
33325;428.325;-788.4194;-2309.931
33411;428.2907;-788.4567;-2309.924
33490;425.6495;-798.6056;-2310.351
33657;430.7072;-800.635;-2317.618
33673;430.6519;-800.7901;-2317.524
33707;431.8718;-798.8489;-2317.896
33741;436.403;-798.2343;-2316.681
33791;437.0859;-798.9324;-2316.142
33808;437.1966;-799.2184;-2315.853
33853;437.9281;-799.4638;-2315.717
34121;436.7644;-786.0928;-2321.487
34186;438.9038;-782.2761;-2321.68
34319;442.7796;-781.2844;-2316.421
34370;439.9276;-787.1445;-2314.553
34455;439.3576;-788.3371;-2312.586
34569;435.9202;-790.3939;-2308.538
34631;434.69;-800.1943;-2301.461
35035;434.6108;-792.2102;-2292.112
35087;433.2925;-789.4542;-2293.01
35129;432.3563;-786.2183;-2292.454
35163;432.043;-785.8813;-2292.834
35228;431.742;-785.5415;-2293.009
35247;430.9764;-785.2712;-2293.424
35274;429.3477;-784.0784;-2294.668
35295;428.7237;-783.6647;-2294.591
35374;434.1853;-773.561;-2294.47
35395;433.4234;-773.2778;-2295.012
35660;434.8672;-771.3104;-2303.861
35721;432.9948;-775.2159;-2305.626
35816;430.2831;-778.1837;-2308.542
35834;430.5067;-778.3859;-2309.297
35910;430.3986;-778.5437;-2310.022
35942;429.904;-778.9169;-2311.484
35991;430.2984;-781.3434;-2312.653
36130;431.467;-785.8442;-2316.782
36207;431.6068;-786.6741;-2318.075
36265;437.1392;-788.823;-2319.51
36315;438.9092;-793.2116;-2320.028
36361;438.4759;-793.2117;-2321.556
36688;439.8798;-773.0615;-2334.508
36715;439.302;-777.1285;-2332.826
36748;438.3529;-782.6216;-2330.445
36782;437.4712;-785.155;-2328.75
36852;435.4743;-786.5247;-2326.957
36888;436.3444;-781.0519;-2318.46
36906;433.5242;-794.603;-2312.692
36954;430.0808;-795.9586;-2312.392
36971;426.0181;-807.6556;-2309.049
37005;426.2304;-806.5749;-2308.94
37039;425.2708;-809.5106;-2309.19
37072;425.345;-808.213;-2309.087
37106;426.2534;-801.6099;-2310.262
37167;426.6452;-800.1115;-2310.535
37179;425.9374;-799.0833;-2311.597
37212;436.0869;-780.805;-2309.796
37309;432.2841;-783.5127;-2314.493
37349;431.8687;-784.6375;-2315.128
37400;441.0867;-772.2947;-2315.6
37450;435.2556;-777.3389;-2316.853
37484;436.7661;-775.6089;-2315.413
37501;437.9243;-774.5485;-2314.802
37552;437.8661;-772.0682;-2314.911
37573;438.0343;-772.3727;-2314.745
37625;434.8828;-775.2048;-2314.905
37659;437.7224;-772.219;-2314.045
37694;425.7096;-804.239;-2316.164
37709;427.8352;-793.9592;-2317.568
37743;427.1182;-796.6169;-2317.73
37777;428.3156;-791.1858;-2318.378
37814;435.8643;-783.2774;-2316.9
37848;439.4798;-775.6114;-2317.944
37880;439.9778;-774.3445;-2318.693
37909;440.6589;-773.5408;-2319.32
37943;439.8226;-775.0422;-2320.947
37976;439.9819;-776.0599;-2322.923
38010;439.5455;-777.5856;-2324.013
38050;439.2473;-778.5945;-2325.382
38083;439.0669;-780.2595;-2326.314
38118;439.4438;-781.9471;-2326.705
38152;438.8965;-782.6689;-2327.9
38186;441.7687;-790.2682;-2326.898
38220;443.8707;-790.4523;-2326.872
38255;441.5862;-815.3256;-2321.14
38313;437.7374;-817.0927;-2322.69
38457;437.7659;-817.4325;-2322.706
38481;437.0297;-817.8023;-2322.588
38612;439.7799;-809.9205;-2324.27
38628;444.7777;-806.4741;-2322.272
38679;447.6717;-806.1083;-2321.8
38712;447.0986;-802.273;-2323.372
38746;450.0763;-796.5408;-2323.817
38780;449.3323;-796.8406;-2324.509
38804;449.6156;-796.5924;-2324.92
38848;448.9836;-795.944;-2325.46
38881;448.9047;-795.8155;-2325.556
38915;447.8184;-793.5862;-2325.847
38949;450.7873;-784.7761;-2324.543
38970;450.6427;-785.1533;-2324.766
39055;450.401;-784.887;-2324.305
39391;430.9872;-798.8005;-2303.181
39448;431.9128;-797.3386;-2302.172
39510;429.7927;-804.1111;-2299.146
39578;429.6003;-803.3613;-2298.323
39646;429.4249;-802.5999;-2298.172
40210;435.1956;-773.658;-2310.844
40236;435.4821;-773.1856;-2310.989
40253;432.017;-776.469;-2312.664
40269;431.2742;-777.5123;-2312.686
40320;431.337;-778.4214;-2312.602
40337;429.9937;-780.3538;-2313.388
40378;430.5905;-780.9846;-2313.559
40400;430.6362;-781.0595;-2313.771
40450;430.6873;-781.2725;-2313.996
40468;430.8883;-781.2391;-2314.183
40520;431.2302;-781.796;-2314.657
40552;431.2596;-781.6491;-2314.852
40586;430.7368;-782.787;-2315.657
40619;431.9709;-782.7605;-2316.252
40652;432.488;-782.2515;-2317.346
40679;434.3093;-782.1586;-2319.318
40709;434.6701;-782.1814;-2319.905
40885;443.8029;-784.3486;-2320.055
40896;443.1115;-784.3521;-2320.838
40941;446.1844;-781.543;-2320.35
41006;444.6713;-788.5162;-2320.989
41040;444.9776;-796.4384;-2320.954
41073;444.9619;-799.5688;-2321.573
41107;444.998;-799.7114;-2321.796
41158;445.1165;-799.4038;-2321.896
41184;445.3141;-801.7572;-2322.149
41217;442.6355;-799.3823;-2323.025
41234;443.5384;-797.8403;-2323.326
41269;443.4925;-797.8652;-2323.385
41319;445.624;-797.0431;-2322.851
41353;449.9119;-791.8666;-2320.257
41404;449.7888;-796.155;-2320.555
41461;449.2715;-796.2386;-2319.701
41521;451.1302;-798.8395;-2316.165
42004;432.0425;-796.3734;-2301.151
42039;431.1943;-794.0724;-2301.937
42070;443.4287;-782.7544;-2296.422
42104;442.9891;-776.7601;-2299.986
42138;442.5511;-776.3323;-2300.148
42171;441.2874;-774.9617;-2301.11
42207;442.7587;-771.6057;-2301.641
42280;442.6771;-770.59;-2301.825
42348;441.8245;-768.9919;-2301.778
42381;441.8512;-768.8537;-2301.759
42438;441.75;-768.757;-2301.838
42455;442.0955;-768.5317;-2301.657
42477;438.2759;-772.2145;-2303.029
42514;437.6077;-772.9891;-2303.367
42582;436.7625;-773.4843;-2303.543
42625;435.4815;-774.4984;-2303.552
42680;433.3759;-777.2556;-2304.705
42729;432.7416;-779.1425;-2305.849
42788;436.5889;-778.2295;-2306.154
42839;434.4484;-782.2601;-2307.764
43020;434.8622;-786.8679;-2313.124
43053;434.8962;-785.8061;-2314.142
43098;433.6874;-792.5034;-2315.824
43125;433.1331;-794.6356;-2315.85
43142;433.499;-794.2615;-2316.083
43176;434.2367;-791.9385;-2316.723
43210;436.4392;-791.5611;-2317.297
43260;443.956;-796.074;-2313.298
43294;446.3634;-793.7722;-2308.792
43348;448.0987;-775.8303;-2316.526
43379;445.985;-768.303;-2319.526
43449;448.6319;-769.1393;-2321.292
43499;456.2372;-769.2113;-2321.0
43531;456.9691;-770.7922;-2322.599
43587;461.504;-770.8117;-2322.907
43655;462.9181;-774.6122;-2324.793
43671;462.9625;-774.6722;-2324.833
43704;463.9951;-771.6896;-2324.157
43738;461.0214;-772.6771;-2324.375
43772;462.2074;-772.5223;-2322.487
43806;464.4859;-773.7544;-2319.651
43840;465.1939;-775.8706;-2316.88
43890;462.7669;-796.9058;-2308.299
43912;462.8956;-793.3736;-2307.636
43960;459.6091;-794.5999;-2307.73
44015;454.7603;-801.4149;-2304.972
44040;449.0253;-810.1684;-2303.749
44074;447.9753;-815.1424;-2301.286
44108;445.9095;-816.9154;-2300.469
44141;440.709;-816.5891;-2298.8
44175;436.1603;-817.4778;-2298.283
44208;437.4469;-783.0401;-2281.472
44242;437.5334;-792.585;-2291.614
44276;437.7513;-794.7526;-2292.878
44310;436.896;-796.0494;-2295.817
44343;438.2105;-798.1326;-2296.768
44377;437.9687;-798.1519;-2298.828
44411;433.6822;-802.5515;-2302.763
44464;396.666;-829.0168;-2325.93
44481;435.4115;-786.7835;-2308.564
44550;446.6863;-783.4413;-2303.08
44620;442.1685;-781.1895;-2305.811
44637;443.4386;-778.2732;-2305.577
44694;431.5282;-797.5223;-2305.23
44711;434.6454;-789.7024;-2306.554
44749;434.524;-789.7712;-2306.584
44788;435.6051;-787.8743;-2306.664
44821;438.217;-781.8518;-2307.308
44838;436.6835;-782.6699;-2309.477
44897;429.4524;-797.5204;-2313.374
44910;394.4624;-824.3093;-2332.98
44945;394.4076;-824.5622;-2332.914
44978;426.3805;-809.8816;-2315.988
45011;428.5365;-801.5745;-2317.386
45062;453.264;-779.7277;-2310.227
45082;448.1033;-786.4937;-2311.256
45101;442.5733;-787.9653;-2313.903
45146;438.0654;-789.9207;-2315.365
45190;437.4737;-791.0252;-2316.371
45217;437.7708;-789.1667;-2316.209
45251;436.838;-789.6763;-2317.1
45284;436.1428;-790.8806;-2318.216
45318;436.0188;-791.533;-2318.906
45340;435.45;-792.3864;-2319.973
45368;435.1773;-792.8499;-2320.45
45403;438.0696;-782.3121;-2322.058
45525;436.8016;-790.3179;-2322.474
45556;437.5258;-792.8817;-2321.686
45595;437.7241;-792.9902;-2322.536
45636;439.9473;-791.7145;-2323.19
45690;444.5748;-783.1796;-2321.37
45740;443.6948;-778.0167;-2322.708
45774;437.7335;-779.8715;-2325.074
45808;437.4517;-780.4421;-2325.161
45841;437.1352;-780.5526;-2325.417
45892;437.0183;-780.4926;-2325.682
45909;436.2983;-781.5555;-2326.207
45942;437.8016;-781.1429;-2326.055
45993;437.0714;-781.3876;-2326.02
46009;441.2403;-783.7129;-2324.141
46043;440.3922;-783.6521;-2324.563
46094;438.9239;-781.7896;-2324.786
46111;437.183;-780.1527;-2324.933
46145;437.7001;-776.3643;-2323.196
46185;438.5077;-774.6129;-2322.355
46216;437.2639;-775.312;-2322.097
46239;439.071;-788.0554;-2318.454
46283;440.258;-772.4;-2317.64
46317;440.4994;-771.3867;-2317.234
46334;443.4239;-781.1494;-2314.349
46384;442.4089;-782.3035;-2314.833
46402;440.6938;-774.8157;-2315.4
46452;436.7396;-773.7009;-2316.981
46521;435.7711;-773.0679;-2317.074
46539;435.6974;-772.9929;-2317.068
46556;435.449;-772.1686;-2317.248
46573;435.6429;-772.2201;-2317.213
46607;435.7138;-772.5679;-2317.241
46641;435.2154;-772.8192;-2317.185
46687;434.9944;-773.3141;-2316.973
46750;435.4995;-775.4168;-2315.96
46792;433.8415;-776.3214;-2315.357
46831;433.8438;-776.3021;-2315.355
46880;435.8839;-773.3697;-2315.099
46913;435.5018;-773.6387;-2315.45
46967;436.2028;-775.7657;-2316.11
46980;435.9617;-776.1891;-2316.02
47014;436.0117;-792.8393;-2315.657
47048;434.0179;-790.2243;-2316.552
47099;434.4876;-784.2498;-2317.848
47115;432.9991;-781.9782;-2318.536
47149;432.9539;-781.7686;-2318.612
47169;433.119;-781.9237;-2318.783
47203;437.5477;-793.0851;-2319.301
47236;436.3542;-788.0907;-2320.107
47287;436.3332;-787.64;-2320.503
47434;434.2917;-785.2911;-2323.105
47450;434.0364;-782.4479;-2324.56
47470;433.7597;-782.4471;-2324.696
47499;433.6927;-780.8774;-2325.244
47549;433.6162;-780.8867;-2325.296
47567;431.389;-782.2621;-2325.832
47617;431.0766;-781.9738;-2326.099
47634;431.1201;-781.9588;-2326.19
47685;430.6707;-782.3589;-2325.761
47758;430.3889;-782.3469;-2325.981
47779;430.1725;-782.6812;-2326.14
47812;427.2727;-785.3931;-2326.359
47847;427.1539;-784.6754;-2327.341
47880;443.2781;-836.8827;-2293.14
47914;424.2689;-781.5157;-2333.401
47972;385.1024;-833.7953;-2347.2
48013;384.56;-829.7577;-2348.77
48046;427.0838;-772.274;-2338.736
48080;427.2104;-772.1994;-2338.72
48107;432.0561;-766.9309;-2336.159
48141;433.9775;-765.5933;-2335.363
48174;434.0461;-765.7502;-2335.27
48208;434.7598;-765.9253;-2335.075
48242;438.1291;-762.8383;-2332.374
48283;438.0549;-763.1333;-2332.118
48306;439.8033;-762.2297;-2330.532
48338;440.9398;-760.5738;-2330.123
48372;440.8682;-758.6583;-2330.607
48414;440.5847;-758.5798;-2330.742
48441;440.5792;-758.5923;-2330.731
48475;438.7103;-755.8454;-2331.614
48509;436.5516;-756.2675;-2331.977
48543;434.6706;-756.118;-2332.676
48577;427.0432;-756.9207;-2333.156
48610;423.7706;-756.9146;-2333.735
48643;411.2034;-753.0021;-2336.235
48677;403.9523;-754.201;-2340.274
48711;397.5823;-752.3609;-2343.409
48781;377.9982;-750.1283;-2351.048
48818;371.622;-750.5018;-2354.767
48880;364.7826;-749.0118;-2359.361
48914;362.6468;-753.4333;-2361.273
48943;361.0033;-753.5812;-2362.126
49048;341.2592;-749.7697;-2371.89
49099;343.458;-754.5182;-2370.306
49171;339.8112;-760.6969;-2368.891
49233;346.7809;-766.1398;-2363.2
49266;349.6614;-768.6008;-2360.747
49317;349.2263;-769.6501;-2359.132
49333;353.2527;-772.8607;-2353.297
49367;355.4715;-772.1262;-2351.48
49401;358.1709;-773.0722;-2347.9
49452;361.2938;-774.1539;-2345.402
49487;367.0648;-772.5555;-2343.269
49507;370.4792;-771.7354;-2341.867
49553;375.4572;-772.8685;-2340.208
49586;377.5945;-774.2297;-2338.771
49647;381.4567;-774.0063;-2337.761
49682;381.866;-773.6339;-2337.871
49719;382.5794;-773.0676;-2338.681
49752;384.1781;-772.5947;-2338.693
49786;384.6253;-773.0445;-2338.579
49820;384.9951;-773.3349;-2338.605
49837;386.0294;-773.9559;-2338.586
49870;387.1263;-773.9146;-2338.586
49921;387.3124;-773.6604;-2338.655
49980;386.812;-774.6562;-2339.321
50006;388.9123;-779.4347;-2335.573
50040;388.7313;-779.6432;-2337.307
50074;387.7477;-773.4936;-2342.358
50108;387.2152;-773.9439;-2342.919
50142;388.8911;-784.6146;-2344.07
50165;385.868;-781.9125;-2346.205
50215;384.9876;-784.4427;-2347.008
50232;382.9178;-782.402;-2349.802
50267;380.4695;-781.7487;-2352.129
50317;378.1196;-781.8832;-2353.463
50334;375.0492;-778.0969;-2358.163
50385;373.4679;-775.9008;-2360.448
50418;372.4877;-770.6866;-2364.343
50434;374.7003;-766.5095;-2367.271
50468;375.5119;-764.5518;-2368.617
50502;377.9063;-755.7244;-2371.33
50552;385.6495;-731.8384;-2377.595
50586;386.8934;-727.5995;-2378.13
50619;388.2549;-724.877;-2378.301
50637;389.407;-723.1016;-2378.365
50687;389.7681;-722.706;-2378.062
50704;391.0678;-721.6768;-2377.726
50754;392.2229;-721.1389;-2376.824
50771;392.5086;-721.1594;-2376.371
50805;392.9291;-721.3649;-2375.542
50839;392.5891;-717.8741;-2374.811
50889;392.9774;-718.046;-2374.454
50906;391.4523;-714.9775;-2373.95
50956;392.4012;-717.6343;-2371.782
50973;391.5833;-716.6444;-2371.29
51007;390.7478;-716.7475;-2371.073
51060;390.3874;-717.7436;-2369.243
51077;390.5785;-717.6688;-2368.979
51110;390.8538;-718.702;-2366.289
51144;390.95;-719.3159;-2365.485
51178;390.5606;-719.6654;-2364.52
51211;382.1352;-737.8916;-2356.772
51245;382.2037;-734.6266;-2355.955
51279;379.2758;-744.1968;-2351.491
51313;376.3107;-749.0135;-2349.016
51347;373.0899;-755.7164;-2346.759
51398;372.5851;-757.9044;-2345.714
51437;372.4195;-760.6209;-2344.034
51473;372.0051;-764.6814;-2340.408
51504;371.2058;-769.9457;-2335.875
51538;370.2995;-771.463;-2334.065
51588;369.5601;-773.0737;-2332.437
51605;368.6731;-772.3777;-2330.83
51639;368.5864;-772.3701;-2329.332
51673;367.5296;-774.1621;-2327.488
51706;367.1326;-774.5635;-2325.021
51741;367.191;-774.4341;-2323.75
51774;366.8763;-774.6906;-2322.953
51807;366.5468;-775.3047;-2321.021
51858;366.0922;-776.4139;-2318.935
51896;365.0148;-779.9922;-2316.219
51926;366.8033;-787.7536;-2310.369
51942;366.3906;-788.1518;-2309.951
51976;365.7076;-788.6085;-2309.425
52010;365.4517;-787.1011;-2309.222
52044;364.6967;-787.2307;-2309.258
52077;364.3789;-787.1825;-2309.406
52111;363.8321;-785.9581;-2309.476
52162;364.0081;-783.8364;-2309.986
52213;364.2779;-782.2606;-2310.268
52232;365.2378;-780.1382;-2311.999
52280;365.4486;-774.1393;-2314.987
52313;366.1389;-771.6022;-2316.365
52364;365.8456;-771.8348;-2317.15
52380;366.3642;-771.6749;-2318.116
52414;366.1778;-772.3875;-2318.517
52448;365.6623;-772.9514;-2319.266
52482;364.8103;-771.3683;-2320.153
52503;364.3658;-770.2025;-2321.173
52549;364.2532;-768.8182;-2321.873
52575;364.7525;-767.2738;-2323.252
52622;366.3047;-764.5907;-2325.222
52639;366.7834;-763.2426;-2325.971
52672;366.9178;-761.0446;-2327.113
52706;367.5587;-760.1348;-2327.54
52740;369.4356;-775.0663;-2322.646
52774;373.3879;-758.6223;-2329.023
52807;368.0059;-778.4639;-2325.139
52841;368.2869;-779.6607;-2325.032
52891;369.1354;-782.7966;-2324.643
52908;369.9892;-785.5636;-2324.377
52941;370.624;-785.932;-2324.016
52979;368.1758;-789.2197;-2325.648
53013;370.4084;-789.379;-2325.427
53047;371.3275;-789.3125;-2324.982
53083;367.7561;-791.4516;-2327.296
53115;370.9518;-791.8757;-2327.303
53149;371.9889;-792.2685;-2327.284
53199;369.1543;-794.2559;-2329.112
53216;370.5476;-794.454;-2328.075
53251;386.0995;-743.3641;-2333.969
53283;378.0649;-795.8746;-2323.637
53302;382.2665;-778.3503;-2326.967
53350;385.5556;-772.6121;-2328.997
53384;387.0731;-774.7094;-2328.697
53418;387.2627;-778.3966;-2328.755
53452;386.3052;-777.3799;-2328.382
53486;386.5842;-782.7256;-2326.58
53520;385.5681;-779.6243;-2326.444
53553;384.7412;-779.3567;-2326.201
53603;384.5593;-785.4279;-2324.637
53626;379.8944;-768.5276;-2322.63
53643;379.776;-770.1755;-2322.583
53678;379.7504;-770.278;-2322.454
53725;379.1676;-772.1555;-2322.193
53741;378.6143;-774.9895;-2321.533
53775;378.255;-776.0667;-2321.189
53809;377.4393;-777.9201;-2320.566
53859;376.9845;-778.4599;-2320.557
53876;376.9815;-778.7005;-2320.244
53911;376.3533;-779.7607;-2319.913
53961;376.1077;-780.7463;-2319.566
53977;375.958;-781.4464;-2319.494
54011;376.0399;-784.1986;-2319.435
54062;375.8954;-784.4689;-2319.403
54079;375.201;-784.9016;-2319.094
54112;375.1508;-784.8134;-2319.118
54152;374.6096;-784.3415;-2319.385
54182;373.2996;-783.1627;-2319.982
54247;371.1517;-780.0162;-2322.722
54280;370.3618;-778.5582;-2324.243
54313;368.7829;-778.0801;-2326.4
54347;368.5852;-777.6597;-2327.941
54378;367.3138;-777.267;-2329.372
54416;367.0195;-775.6183;-2331.114
54449;366.0958;-775.414;-2331.662
54483;365.404;-775.5939;-2331.696
54534;363.3912;-782.1956;-2328.581
54601;359.2386;-777.6061;-2330.08
54635;356.3757;-775.6605;-2329.688
54651;354.6121;-772.03;-2328.946
54713;352.3979;-768.4271;-2328.057
54747;351.9714;-767.0738;-2327.669
54778;351.3363;-765.3561;-2326.77
54829;346.727;-784.3412;-2314.239
54849;347.6303;-769.3392;-2318.823
54901;348.2502;-766.6865;-2319.63
54912;348.8424;-764.4727;-2319.848
54963;350.2713;-761.7688;-2319.941
54980;350.6391;-761.0744;-2320.157
55011;351.1431;-760.7927;-2320.31
55054;351.4948;-760.2188;-2320.591
55070;352.4103;-759.7082;-2320.887
55121;353.4787;-759.4562;-2322.06
55138;356.4171;-758.5218;-2324.488
55178;359.9379;-756.5024;-2327.023
55205;364.1318;-748.0256;-2332.006
55256;365.3847;-749.6184;-2333.347
55290;366.3127;-750.3054;-2335.444
55307;368.0232;-750.2829;-2339.339
55340;381.2033;-709.4236;-2360.815
55374;382.3678;-749.7637;-2357.803
55408;361.5145;-803.0604;-2353.34
55441;361.7091;-804.0961;-2353.107
55475;362.991;-805.3903;-2354.01
55525;396.1027;-757.2966;-2367.007
55559;395.9565;-757.4473;-2367.033
55593;396.1673;-759.581;-2366.205
55610;396.7466;-760.6517;-2366.06
55677;397.5963;-762.1316;-2365.766
55694;398.3018;-764.686;-2365.199
55728;399.69;-762.4092;-2365.25
55745;401.2054;-764.3062;-2364.237
55812;407.6886;-772.379;-2363.063
55829;409.7148;-774.0215;-2361.821
55846;410.2814;-774.4322;-2361.62
55879;412.1447;-778.7581;-2360.772
55938;412.2939;-779.2875;-2360.616
55965;413.4314;-779.9955;-2359.263
55981;415.1954;-782.5624;-2357.336
56032;416.1504;-788.2109;-2356.708
56048;415.9024;-789.4603;-2356.8
56082;415.972;-790.4902;-2356.147
56116;414.7446;-792.0264;-2356.221
56151;413.2404;-792.3038;-2356.36
56183;413.9094;-803.1467;-2354.263
56204;412.2001;-802.2418;-2354.35
56250;403.5975;-811.4731;-2358.585
56285;395.3088;-800.8809;-2363.567
56331;394.6357;-799.1187;-2364.232
56388;392.4675;-794.2405;-2366.652
56407;384.5115;-787.044;-2369.115
56458;380.681;-782.697;-2369.83
56475;377.8752;-779.5234;-2369.735
56509;376.3378;-779.5652;-2369.163
56542;374.1743;-778.8949;-2368.515
56576;372.3409;-779.4061;-2367.41
56609;369.7366;-779.7758;-2365.993
56663;367.6578;-780.2129;-2365.15
56712;365.213;-780.7043;-2364.534
56721;364.5793;-779.7228;-2364.645
56755;363.4143;-778.6383;-2364.776
56789;361.3868;-777.0005;-2365.052
56805;360.6228;-774.4993;-2366.185
56839;358.3605;-770.4104;-2367.602
56890;358.3724;-763.4132;-2370.49
56907;358.1363;-762.7221;-2370.51
56940;358.3416;-761.1702;-2370.35
56991;361.0561;-754.3862;-2369.159
57008;361.0216;-754.1976;-2368.899
57046;357.9351;-793.6498;-2349.547
57080;357.9938;-793.9191;-2349.131
57114;358.8561;-794.4516;-2348.229
57148;357.5561;-795.4962;-2348.603
57181;359.2707;-795.3264;-2345.972
57215;378.0439;-742.3576;-2351.05
57232;377.9602;-742.3359;-2350.691
57282;381.0621;-735.8384;-2350.37
57323;382.2187;-729.4211;-2349.877
57344;383.2519;-725.3292;-2350.254
57375;383.634;-723.3539;-2350.357
57412;383.8051;-722.6533;-2350.674
57445;383.9198;-722.3016;-2350.805
57478;383.9905;-720.593;-2351.821
57512;385.9038;-730.1277;-2351.377
57546;385.0683;-736.7675;-2350.964
57579;385.3505;-733.5958;-2352.941
57613;383.7044;-725.6303;-2355.969
57664;381.5891;-741.0803;-2355.151
57680;372.3804;-797.4626;-2341.275
57956;378.8385;-787.2007;-2359.271
57988;381.7207;-814.8467;-2354.292
58005;380.4258;-818.4501;-2354.505
58056;379.5446;-823.9097;-2354.736
58072;379.7715;-824.8752;-2354.813
58106;379.5073;-825.883;-2354.045
58140;378.2632;-825.7231;-2353.325
58173;377.2063;-825.6627;-2353.208
58207;376.9296;-825.9902;-2352.981
58258;376.6957;-825.9337;-2353.582
58275;376.5544;-825.801;-2353.764
58308;376.3665;-826.0674;-2354.162
58342;377.0617;-826.9367;-2353.707
58392;377.4021;-827.0317;-2353.612
58409;377.2657;-827.1399;-2353.675
58443;376.9537;-826.7388;-2353.384
58477;375.3954;-826.251;-2353.498
58527;366.8265;-808.7618;-2355.617
58544;369.0287;-785.4979;-2361.632
58578;369.7376;-787.6678;-2360.295
58647;369.946;-788.3179;-2359.497
58731;370.1003;-788.5882;-2358.836
58760;370.6497;-789.3784;-2357.42
58821;372.656;-788.9736;-2356.93
58847;373.2405;-788.6012;-2357.087
58875;373.468;-788.1971;-2357.7
58931;373.6696;-786.553;-2359.2
58964;372.834;-786.5333;-2359.906
59015;372.3882;-786.4001;-2360.564
59032;370.3742;-787.0326;-2361.12
59065;369.0149;-787.8102;-2361.136
59099;367.9009;-788.6939;-2361.017
59150;367.239;-788.8532;-2360.687
59183;365.9482;-789.6027;-2360.679
59201;364.5129;-788.7991;-2360.779
59251;363.3831;-789.4785;-2360.599
59284;361.8105;-802.3502;-2356.237
59308;362.7451;-808.8591;-2355.203
59359;363.5023;-811.5963;-2354.177
59377;361.6536;-807.2961;-2354.233
59427;360.9682;-802.4082;-2354.048
59445;361.0627;-799.9471;-2352.592
59495;361.049;-797.5898;-2350.827
59512;360.5166;-793.4282;-2349.307
59546;360.894;-779.1548;-2347.285
59580;360.8059;-779.4327;-2346.463
59613;360.2908;-780.2168;-2345.057
59647;360.136;-781.0886;-2344.122
59699;360.4072;-780.5691;-2344.021
59714;360.4576;-780.5168;-2343.934
59748;360.5149;-780.5018;-2343.974
59782;361.4279;-780.1812;-2344.401
59816;362.5988;-778.2947;-2344.923
59913;364.9674;-775.8715;-2347.284
59997;365.2747;-775.0713;-2348.543
60012;363.7398;-794.6596;-2349.044
60046;371.6064;-764.5089;-2355.375
60079;371.7189;-761.3972;-2356.586
60113;377.4399;-730.0808;-2363.221
60147;379.6392;-727.0057;-2364.602
60183;378.2814;-736.8608;-2361.669
60214;377.8242;-738.6872;-2360.692
60266;377.9401;-739.0413;-2360.474
60282;380.4934;-730.2425;-2362.618
60316;378.29;-737.7142;-2360.326
60350;378.2887;-738.9717;-2360.081
60383;377.6814;-741.512;-2360.554
60427;369.3301;-796.3522;-2351.842
60457;368.531;-796.6349;-2352.381
60479;368.5159;-796.8276;-2352.538
60530;367.9386;-797.5408;-2353.001
60546;367.2916;-798.0446;-2353.293
60580;374.622;-755.6816;-2363.542
60616;375.6198;-752.8635;-2364.957
60649;378.974;-739.523;-2368.697
60719;377.1223;-750.7007;-2366.875
60753;374.1545;-756.5937;-2366.215
60798;360.3345;-804.719;-2356.864
60821;365.8736;-779.1454;-2361.315
60840;366.395;-777.5755;-2361.555
60889;366.6216;-777.3531;-2361.786
60906;378.7547;-793.1144;-2356.605
60940;376.7184;-786.3958;-2358.424
60973;375.1706;-782.8663;-2358.937
61007;374.2452;-781.0866;-2359.848
61057;372.6954;-772.9934;-2361.151
61091;370.7887;-777.7228;-2360.239
61125;369.8903;-778.9812;-2360.279
61142;369.9694;-779.874;-2360.182
61178;369.1739;-786.9338;-2358.523
61209;369.3654;-787.1263;-2358.256
61243;368.5173;-799.866;-2355.595
61276;369.1033;-797.1487;-2355.563
61310;368.7477;-800.9346;-2353.758
61344;369.0059;-801.8035;-2351.366
61377;369.4498;-802.3508;-2350.83
61428;370.2701;-803.3524;-2350.576
61445;370.4213;-803.5181;-2350.565
61479;370.4503;-803.9276;-2350.569
61513;370.2505;-811.5132;-2350.501
61546;369.9122;-811.4918;-2350.838
61580;370.2462;-798.2548;-2354.52
61613;369.2475;-792.9712;-2356.678
61648;368.679;-793.2995;-2356.831
61681;367.5822;-799.7748;-2356.324
61715;367.0075;-798.9925;-2356.279
61748;366.6529;-798.1685;-2356.73
61783;366.3903;-797.9498;-2357.216
61815;365.4569;-802.3026;-2355.528
61849;365.0765;-794.2145;-2355.715
61883;364.9857;-791.3979;-2357.057
61917;367.3333;-784.4622;-2358.606
61951;367.3;-784.476;-2358.636
61985;366.6615;-784.7729;-2358.717
62018;369.8887;-793.8091;-2358.61
62051;370.9566;-797.108;-2358.101
62068;370.5655;-794.269;-2358.928
62119;371.2791;-796.3955;-2359.137
62152;368.6886;-800.4523;-2359.323
62169;369.3981;-800.6753;-2359.166
62220;373.789;-795.2238;-2360.572
62254;374.8927;-794.9797;-2360.591
62297;379.0938;-790.0864;-2361.758
62323;377.9884;-793.7908;-2358.568
62357;362.6335;-803.2464;-2365.24
62390;387.6124;-757.5272;-2363.272
62408;357.33;-808.0004;-2368.021
62448;369.2869;-807.253;-2358.818
62568;387.1794;-751.9033;-2359.564
62601;377.2942;-795.4555;-2349.99
62638;378.1717;-795.6168;-2349.18
62684;379.2739;-796.363;-2348.733
62701;379.8123;-796.7324;-2348.03
62735;379.8377;-796.8599;-2347.963
62770;379.9024;-797.6622;-2347.721
62803;373.9923;-797.9261;-2350.18
62853;375.6155;-798.9229;-2350.008
62870;385.2133;-773.5629;-2354.589
62903;385.4197;-770.2346;-2355.995
62954;385.343;-770.0922;-2355.867
62971;384.7156;-770.4351;-2355.857
63023;383.7021;-770.1335;-2355.839
63040;382.8804;-769.8492;-2355.428
63074;381.6859;-772.3386;-2354.814
63107;379.2843;-775.0257;-2353.279
63141;379.399;-775.1992;-2351.995
63175;381.0312;-792.4097;-2345.119
63208;381.277;-793.1433;-2344.064
63242;379.0192;-789.3242;-2343.844
63293;377.7321;-794.119;-2341.294
63310;375.1397;-788.4495;-2340.656
63343;375.4776;-792.2805;-2331.648
63377;374.4585;-796.8746;-2329.688
63410;373.635;-801.2599;-2328.682
63444;373.562;-801.6322;-2328.348
63478;372.4394;-799.5905;-2327.561
63512;372.7368;-800.4918;-2326.043
63545;370.6305;-805.683;-2324.868
63579;371.2305;-805.3782;-2324.321
63606;371.7176;-806.295;-2324.361
63640;371.7333;-806.4173;-2324.577
63674;371.9994;-807.1614;-2325.526
63707;372.5619;-807.3648;-2326.427
63741;372.878;-805.8737;-2327.799
63775;373.4602;-805.7644;-2329.224
63858;372.8015;-794.4004;-2335.542
63874;374.6861;-796.2148;-2335.128
63908;374.3367;-792.7662;-2337.176
63950;378.1769;-794.1974;-2337.217
63985;377.2824;-792.1343;-2338.344
64012;376.3142;-760.2103;-2343.309
64046;379.2701;-799.0959;-2343.023
64079;379.4938;-799.7811;-2341.736
64113;378.3145;-792.5963;-2342.319
64147;377.6012;-790.7025;-2342.919
64180;377.7305;-790.6384;-2343.159
64219;379.2111;-792.3858;-2343.124
64252;379.8904;-792.3734;-2343.841
64270;379.3453;-782.9197;-2349.891
64320;381.6128;-786.7266;-2350.327
64355;384.4188;-787.0516;-2351.707
64378;388.9925;-783.6436;-2352.91
64415;390.8494;-782.2144;-2354.244
64479;397.3928;-788.8008;-2349.484
64643;378.8344;-797.8908;-2359.339
64710;380.512;-798.5337;-2358.658
64744;393.5853;-798.3948;-2353.857
64777;391.2239;-800.0908;-2356.483
64811;410.843;-747.6522;-2382.344
64845;407.9915;-797.5931;-2351.635
64895;370.1671;-805.6973;-2368.864
64912;399.2917;-806.0503;-2354.029
64946;400.7599;-804.894;-2352.817
64973;396.2508;-804.9883;-2355.524
65010;397.3594;-796.7248;-2359.823
65039;399.5604;-771.961;-2367.707
65073;399.8873;-776.9246;-2366.612
65106;398.3453;-775.7456;-2365.794
65141;396.9059;-771.294;-2364.58
65174;395.0252;-771.6628;-2362.874
65208;394.5801;-772.7108;-2361.334
65241;392.5358;-772.751;-2359.48
65292;392.5798;-774.305;-2357.354
65326;390.8542;-777.355;-2353.642
65343;389.4486;-774.8892;-2352.284
65394;388.8771;-775.5517;-2351.165
65411;388.3187;-775.2287;-2349.402
65445;386.9211;-776.3325;-2347.644
65478;385.6012;-776.8652;-2347.121
65514;385.2259;-776.2871;-2346.711
65542;383.2976;-783.102;-2344.065
65567;382.6421;-783.6066;-2343.447
65618;381.4884;-785.0332;-2342.767
65635;380.6999;-784.3404;-2341.69
65685;380.5308;-784.2289;-2340.658
65702;377.5583;-792.9839;-2336.668
65736;377.0471;-796.736;-2335.003
65770;378.0873;-791.228;-2334.351
65820;378.903;-790.5963;-2333.16
65854;379.5762;-790.2923;-2333.088
65871;380.1812;-790.1086;-2333.771
65921;380.4777;-790.2991;-2334.934
65938;380.2166;-790.6493;-2336.34
66021;380.0517;-789.3061;-2337.3
66070;379.2373;-786.9924;-2338.74
66119;379.584;-786.0895;-2338.883
66170;380.0784;-784.6699;-2339.307
66202;380.171;-784.5076;-2339.397
66240;379.5516;-784.9763;-2340.146
66270;379.2957;-784.5555;-2340.697
66303;378.8712;-783.9608;-2342.223
66337;378.3321;-782.8192;-2343.187
66370;378.9184;-786.0123;-2343.427
66424;373.3239;-793.8193;-2344.587
66438;374.7806;-794.2745;-2345.224
66472;379.502;-781.1757;-2350.367
66505;379.8853;-780.6141;-2351.328
66539;377.9286;-789.1911;-2351.132
66589;381.7816;-773.0945;-2354.641
66606;367.7068;-799.2211;-2359.379
66640;370.0962;-800.3634;-2357.908
66673;372.4037;-800.2538;-2356.781
66707;374.4762;-800.3314;-2355.009
66741;375.248;-800.1606;-2354.827
66775;407.121;-744.1453;-2364.967
66843;380.5854;-800.5738;-2350.92
66892;394.9602;-797.2134;-2344.994
66943;394.8078;-796.8276;-2344.936
66999;370.4261;-800.7086;-2354.611
67048;371.501;-800.2709;-2353.784
67104;399.253;-746.2081;-2361.933
67149;372.0867;-800.6729;-2347.116
67187;371.995;-800.5081;-2347.079
67245;371.7831;-800.6716;-2347.236
67275;374.8289;-775.1972;-2350.783
67309;375.0736;-773.2302;-2351.274
67343;375.2982;-772.8858;-2351.137
67376;375.366;-773.1005;-2350.954
67410;375.3334;-773.7076;-2350.477
67444;380.4965;-788.4819;-2346.843
67477;379.3353;-784.6871;-2347.315
67511;378.909;-783.269;-2347.042
67545;380.3936;-794.2449;-2343.067
67578;378.4363;-807.6149;-2341.242
67612;378.867;-807.6774;-2340.345
67665;377.2782;-809.8729;-2339.147
67680;376.4676;-809.8424;-2338.739
67713;376.2868;-814.1425;-2337.141
67747;374.8041;-818.1404;-2335.61
67781;373.1658;-820.0025;-2334.026
67814;368.3449;-809.0225;-2333.268
67848;366.8447;-819.472;-2331.03
67869;366.8762;-820.0178;-2330.652
67916;368.2722;-821.4323;-2330.776
67949;370.047;-821.8621;-2330.715
67975;368.5013;-818.2756;-2331.763
68019;369.7705;-816.3512;-2331.841
68036;370.8561;-818.8438;-2332.045
68072;372.9441;-817.8203;-2330.822
68137;376.0429;-798.7736;-2331.14
68174;374.7471;-786.8862;-2331.155
68221;376.3408;-790.7333;-2330.414
68238;376.4194;-791.7559;-2330.388
68271;375.8447;-790.2195;-2331.385
68306;376.2851;-791.4184;-2331.338
68345;377.4431;-791.4594;-2331.027
68407;376.1008;-786.2036;-2331.413
68481;373.075;-779.8719;-2333.395
68491;372.4241;-787.212;-2334.269
68508;373.925;-787.9301;-2334.535
68541;373.9796;-788.2268;-2335.335
68575;373.6744;-782.9324;-2338.394
68609;380.5439;-782.4677;-2339.912
68670;373.8054;-794.2534;-2342.462
68679;372.9461;-796.7239;-2342.969
68713;373.3247;-798.3925;-2343.741
68746;367.1867;-803.0078;-2347.883
68780;365.5515;-803.764;-2349.585
68814;364.3873;-805.2816;-2351.387
68847;364.3432;-806.0743;-2352.398
68882;364.4082;-806.0918;-2352.437
68915;402.8656;-771.3767;-2354.561
68949;394.0134;-787.4385;-2346.521
68982;392.5272;-791.263;-2346.646
69007;392.2956;-791.903;-2347.29
69057;392.1341;-793.0123;-2346.919
69074;392.2445;-794.0231;-2346.864
69108;390.0541;-797.9525;-2348.758
69142;385.6519;-787.3439;-2355.916
69192;395.4399;-780.5792;-2359.257
69226;389.9852;-783.4891;-2359.062
69273;389.9233;-784.553;-2358.939
69289;390.5163;-786.0748;-2359.096
69314;390.3271;-786.1144;-2359.056
69340;389.5967;-793.859;-2358.391
69373;389.8029;-794.7889;-2356.892
69407;389.3095;-798.2386;-2354.752
69441;383.5469;-787.2837;-2352.679
69474;384.6869;-790.5798;-2351.313
69542;383.8377;-789.5521;-2349.024
69576;383.6429;-787.6305;-2348.614
69609;382.2729;-786.7583;-2347.183
69643;378.5756;-805.5269;-2342.74
69677;376.0948;-810.0727;-2341.583
69710;374.4893;-809.5164;-2340.499
69731;373.4594;-800.8333;-2337.97
69781;372.371;-794.7136;-2332.995
69814;373.2467;-785.258;-2327.76
69852;370.6201;-813.9402;-2328.315
69869;370.1396;-815.7584;-2328.889
69902;370.2672;-816.2167;-2329.135
69953;370.5881;-814.7009;-2329.927
69970;372.9411;-816.8912;-2332.674
70020;372.8059;-821.4398;-2333.821
70054;375.6246;-792.1266;-2341.178
70088;375.4521;-792.3146;-2341.185
70107;374.607;-791.5928;-2340.909
70139;374.3742;-790.101;-2340.839
70189;375.0986;-789.7452;-2341.159
70222;376.7284;-787.8682;-2341.609
70240;381.0955;-795.6973;-2339.695
70280;382.5124;-798.2709;-2339.524
70328;380.7755;-791.4418;-2341.726
70344;381.2658;-788.8343;-2342.208
70378;381.1133;-786.0358;-2344.139
70411;393.1888;-778.0287;-2345.346
70445;390.4069;-776.4882;-2347.096
70479;389.4997;-774.5828;-2350.154
70513;389.8261;-777.483;-2351.188
70547;389.8776;-779.1649;-2352.261
70581;390.7145;-768.3225;-2357.511
70615;390.603;-768.4521;-2358.171
70648;393.9277;-772.1096;-2359.775
70682;385.2891;-795.9143;-2359.678
70716;387.0583;-797.1621;-2358.084
70766;388.7329;-798.7181;-2356.037
70783;390.5639;-802.4872;-2354.562
70817;391.1238;-802.4152;-2354.178
70850;411.9257;-743.4598;-2371.065
70884;399.3452;-798.6389;-2351.36
70918;399.2423;-798.8652;-2351.697
70952;396.7785;-798.3422;-2352.363
70987;395.8817;-797.8847;-2352.228
71020;395.3564;-798.2857;-2352.363
71048;394.2634;-798.7009;-2351.771
71082;392.8197;-799.5358;-2352.212
71116;407.697;-761.6234;-2372.353
71149;383.4828;-805.1573;-2353.818
71183;369.5761;-827.4394;-2344.346
71207;392.817;-787.517;-2365.466
71250;383.1531;-795.847;-2361.51
71284;376.9968;-781.8942;-2367.289
71318;376.7929;-778.4472;-2367.494
71337;377.079;-777.8434;-2367.466
71385;377.5183;-776.9712;-2367.267
71419;381.9718;-783.5236;-2363.863
71437;381.1722;-781.6304;-2363.499
71486;380.1088;-780.225;-2363.466
71520;379.269;-778.5674;-2361.454
71538;377.9761;-778.3063;-2360.47
71588;374.5524;-783.1625;-2356.804
71604;380.078;-796.2135;-2350.479
71638;379.9472;-799.7463;-2346.771
71672;375.8044;-805.2846;-2342.429
71705;377.3454;-811.6168;-2336.715
71756;375.1185;-807.0271;-2333.411
71773;374.381;-795.1695;-2324.87
71807;371.6561;-789.924;-2322.023
71840;368.9447;-783.5532;-2318.763
71874;364.8929;-789.8599;-2314.625
71908;365.8599;-786.178;-2314.334
71941;366.0755;-789.9052;-2316.557
71975;366.6289;-788.144;-2320.321
72009;367.6102;-790.0488;-2325.663
72042;373.4853;-809.5518;-2331.663
72080;373.1866;-809.147;-2332.284
72110;373.1755;-809.1796;-2332.287
72143;372.4303;-794.7699;-2334.055
72177;372.1807;-789.1035;-2335.407
72211;373.145;-783.8185;-2336.072
72245;373.2268;-783.5634;-2336.111
72279;375.8775;-776.0421;-2335.821
72312;375.818;-775.9218;-2336.275
72364;378.0369;-785.7628;-2337.752
72392;376.9432;-780.8895;-2340.242
72424;376.7933;-780.6535;-2340.889
72441;376.0688;-780.0551;-2342.194
72477;374.6589;-773.2814;-2345.572
72508;378.1288;-781.3315;-2348.778
72559;378.1441;-775.9495;-2351.083
72576;377.0741;-778.8579;-2350.225
72609;358.5884;-800.0624;-2364.068
72643;403.3995;-790.7846;-2338.714
72677;399.9926;-791.0869;-2340.066
72707;390.1516;-794.3062;-2345.64
72776;388.6435;-795.2476;-2346.726
72892;390.6203;-795.0453;-2345.698
72947;391.4567;-795.2463;-2345.679
72978;391.9202;-795.0586;-2345.625
73011;391.9602;-795.0886;-2345.667
73045;394.3586;-739.5414;-2361.923
73079;393.0715;-794.808;-2342.03
73113;392.8797;-794.6121;-2341.957
73163;390.3688;-744.0969;-2360.19
73180;390.3573;-744.103;-2360.255
73213;389.3048;-736.8009;-2363.736
73248;386.8244;-745.2562;-2362.258
73281;384.8308;-750.4376;-2360.78
73315;381.9907;-756.2426;-2359.658
73349;380.2079;-761.0831;-2358.392
73382;380.4255;-763.8156;-2357.318
73416;380.1008;-765.6124;-2355.676
73449;380.3798;-767.135;-2354.966
73483;379.5231;-769.827;-2353.388
73517;380.9504;-798.8561;-2347.149
73550;380.9203;-800.6938;-2345.732
73584;379.6101;-806.0807;-2343.991
73618;379.3416;-807.7817;-2342.616
73651;377.1713;-812.6993;-2340.732
73685;368.3256;-815.0416;-2337.158
73719;363.9445;-818.8284;-2337.268
73738;360.093;-822.2025;-2338.499
73787;358.8643;-822.7133;-2338.366
73891;356.8917;-824.22;-2339.681
73925;366.0147;-848.1569;-2319.922
73941;371.8533;-824.9677;-2332.24
73975;372.3929;-823.8694;-2331.984
74009;372.9399;-823.0712;-2332.487
74042;373.7605;-820.8898;-2334.247
74076;367.1089;-803.8527;-2336.346
74110;368.0311;-796.2754;-2336.782
74144;368.7762;-791.8442;-2337.139
74195;373.9085;-794.6667;-2337.527
74211;373.2483;-785.68;-2338.999
74245;372.5102;-783.3927;-2339.401
74315;374.1678;-780.0873;-2341.721
74349;379.8671;-790.8851;-2345.035
74415;376.6535;-779.8005;-2349.66
74448;375.027;-774.9672;-2351.261
74483;378.0786;-777.5175;-2351.198
74516;375.5599;-774.4222;-2354.252
74549;378.8903;-764.0233;-2357.164
74583;379.6145;-759.8491;-2358.307
74617;385.2575;-734.7661;-2363.829
74652;385.6496;-732.9456;-2363.712
74686;386.3669;-731.5476;-2364.124
74720;386.5327;-729.2903;-2364.396
74753;387.7212;-728.3906;-2364.748
74787;388.1879;-727.6357;-2364.867
74822;389.432;-726.2556;-2364.838
74871;389.5029;-725.991;-2364.818
74926;390.309;-725.202;-2365.0
74943;391.0146;-724.3847;-2365.206
74977;387.7277;-720.6557;-2365.237
75011;387.8361;-720.6203;-2365.26
75061;388.214;-720.2513;-2365.085
75078;388.3135;-720.1553;-2365.089
75111;388.3015;-720.1475;-2365.091
75145;389.0594;-734.1759;-2361.358
75179;387.9941;-733.5218;-2361.935
75212;389.7114;-777.6358;-2348.994
75246;379.0135;-789.6035;-2345.799
75280;378.0401;-779.5436;-2347.783
75313;377.8574;-776.8567;-2347.901
75347;377.7732;-776.7287;-2347.939
75381;381.8675;-789.8707;-2344.306
75414;382.4268;-790.1606;-2343.849
75448;383.6793;-791.717;-2342.522
75472;382.2049;-802.5504;-2339.634
75516;382.528;-802.0154;-2339.287
75549;380.519;-796.1817;-2337.511
75583;380.5565;-801.6606;-2333.32
75617;378.7217;-804.1473;-2331.21
75650;377.1269;-810.0869;-2327.622
75711;376.7473;-817.5878;-2317.605
75794;371.6077;-825.64;-2309.44
75843;383.9738;-825.3669;-2298.858
75889;391.4172;-828.1854;-2294.522
75916;382.802;-755.228;-2236.0
75950;382.8925;-757.0005;-2236.599
76001;383.7325;-762.6085;-2237.662
76017;409.6623;-819.9685;-2271.259
76051;409.0561;-819.9323;-2270.585
76085;407.1591;-819.6863;-2267.671
76118;405.6754;-820.8044;-2265.305
76152;386.8637;-843.0103;-2255.46
76186;368.8167;-823.2858;-2240.482
76219;387.4788;-836.846;-2242.248
76236;386.6181;-838.08;-2243.015
76287;383.9913;-834.8346;-2244.054
76321;381.3298;-830.5907;-2244.753
76385;392.1267;-782.3646;-2237.671
76468;400.9642;-782.4187;-2232.633
76485;403.3618;-790.4694;-2226.207
76518;404.4784;-795.0611;-2221.754
76552;404.621;-797.7579;-2216.689
76586;426.2547;-790.1974;-2215.87
76614;435.6404;-779.1289;-2214.092
76683;437.5143;-778.7982;-2212.229
76726;456.4552;-768.1796;-2203.229
76761;461.498;-773.5934;-2195.99
76830;473.2875;-771.9569;-2174.061
76864;476.2855;-769.3405;-2161.548
76914;491.3526;-761.7109;-2117.25
76948;492.7096;-760.9893;-2112.707
76982;485.9003;-751.8295;-2085.97
77021;505.2804;-737.549;-2053.422
77044;507.2259;-732.7917;-2040.303
77090;523.9525;-724.4158;-2023.579
77177;530.6047;-721.6074;-2012.128
77192;540.7462;-713.2796;-2003.966
77219;541.8116;-716.3694;-2003.499
77235;550.5284;-706.5854;-2004.762
77276;559.6421;-702.6696;-2005.347
77311;570.9084;-715.4474;-2003.59
77470;602.4439;-716.8638;-1995.858
77518;615.7583;-714.2199;-1987.469
77585;620.6593;-713.8429;-1983.496
77631;624.8723;-713.2559;-1982.164
77681;627.6984;-711.6656;-1980.512
77715;628.2722;-710.6605;-1977.784
77749;628.491;-708.2065;-1973.599
77782;628.61;-707.4357;-1970.833
77817;626.3817;-704.425;-1965.603
77850;622.8825;-703.0785;-1960.523
77883;618.0895;-701.7686;-1956.129
77917;609.6669;-700.6053;-1949.575
77951;604.787;-699.3983;-1945.711
77984;599.8722;-699.701;-1940.453
78005;580.0919;-682.7911;-1926.521
78052;574.4603;-684.5441;-1922.868
78086;561.7874;-684.3274;-1915.315
78119;548.5057;-682.456;-1906.773
78153;535.5862;-680.1274;-1897.979
78187;519.668;-672.1819;-1884.045
78220;508.4742;-668.5041;-1865.359
78254;487.9708;-664.0405;-1849.054
78288;472.6928;-662.1487;-1820.552
78321;460.1792;-656.9675;-1791.756
78355;450.5161;-649.0831;-1768.558
78389;428.354;-632.267;-1729.85
78422;424.0954;-623.6382;-1715.361
78457;401.8902;-616.6085;-1693.227
78516;402.1885;-592.3806;-1628.792
78550;402.0201;-587.2161;-1613.185
78584;391.3081;-578.6246;-1588.841
78617;386.047;-572.9034;-1570.962
78651;384.6271;-563.3632;-1546.217
78685;381.9311;-606.9272;-1505.958
78719;389.9964;-599.4459;-1485.366
78807;375.7202;-593.3751;-1442.146
78856;374.8622;-592.3131;-1433.054
78890;376.1117;-580.539;-1364.596
78924;373.1382;-569.7008;-1335.288
78957;345.2465;-567.8243;-1314.953
78991;325.5376;-543.9614;-1314.056
79025;333.8913;-465.0282;-1329.23
79059;351.0509;-448.8661;-1303.425
79092;348.0472;-451.4218;-1294.223
79128;336.1737;-473.8534;-1257.276
79162;360.4596;-434.3961;-1258.295
79184;360.7742;-436.2752;-1253.881
79218;357.666;-457.0264;-1235.43
79251;367.1485;-548.3759;-1216.841
79285;371.5962;-543.5206;-1202.818
79319;447.988;-523.7747;-1202.458
79352;444.5675;-522.9894;-1199.817
79573;448.7092;-515.021;-1180.166
79607;437.1754;-511.8464;-1119.659
79622;440.2783;-503.7555;-1082.626
79657;445.2057;-499.2466;-1064.399
79675;477.7839;-474.4232;-1050.343
79689;483.9634;-465.624;-1038.215
79723;511.9294;-434.9445;-1000.713
79757;513.7645;-419.3552;-993.3431
79790;525.335;-393.6341;-974.7943
79824;535.3246;-367.2332;-952.4136
79858;585.0266;-297.1025;-927.7993
79892;631.5123;-293.3739;-944.7357
79925;723.7802;-118.1254;-1037.339
79942;684.1043;112.1797;-1004.077
79976;604.8241;85.12425;-949.8369
80010;253.3069;-56.94097;-929.5309
80060;347.4813;242.2108;-969.4656
80077;80.82905;220.2871;-863.2651
80128;76.40036;237.5448;-891.7256
80149;76.40036;237.5448;-891.7256
80689;264.3673;-681.5964;-2021.946
80710;258.0209;-683.3896;-2025.673
80740;247.8588;-686.3232;-2035.467
80773;235.8243;-690.3427;-2045.913
80824;227.7072;-692.2523;-2055.031
80841;218.5004;-693.9709;-2071.762
80874;216.3746;-698.4202;-2080.345
80908;213.7155;-703.8309;-2089.98
80942;210.5005;-710.7136;-2103.018
80976;208.5142;-716.8744;-2115.508
81009;206.0983;-720.7744;-2128.271
81043;190.9714;-731.0508;-2154.437
81077;186.7824;-734.03;-2161.288
81110;184.8327;-735.0195;-2166.791
81144;180.4345;-739.5591;-2173.292
81178;177.1798;-743.1137;-2178.815
81211;178.0587;-742.4832;-2182.64
81248;180.1554;-742.8632;-2185.828
81282;181.5621;-743.563;-2188.055
81315;182.3796;-743.746;-2190.737
81349;184.0884;-743.9905;-2194.028
81383;184.4801;-744.4537;-2195.686
81416;185.4193;-744.4362;-2196.785
81450;188.3939;-744.4886;-2197.708
81484;188.7554;-744.476;-2197.84
81517;193.1351;-744.0173;-2195.798
81551;196.2107;-743.0377;-2194.345
81585;199.0652;-741.8163;-2193.181
81619;207.8069;-737.9131;-2186.985
81652;215.371;-735.0735;-2182.917
81686;220.5097;-732.8802;-2179.384
81703;225.9512;-731.1323;-2176.365
81743;231.1803;-731.2971;-2172.862
81770;240.7263;-726.8344;-2167.456
81809;244.7818;-724.5234;-2164.403
81838;251.349;-724.1718;-2161.099
81888;258.553;-722.8516;-2158.015
81915;263.8347;-723.7552;-2155.555
81950;268.2933;-724.9783;-2153.954
81984;273.1508;-727.3315;-2151.884
82017;275.5659;-728.7592;-2150.336
82051;275.892;-728.2946;-2149.924
82085;276.8017;-725.2786;-2148.357
82118;278.602;-725.3193;-2146.225
82143;281.0572;-723.574;-2143.146
82483;284.5255;-721.1494;-2138.397
82533;336.1796;-665.5706;-2010.142
82601;339.6086;-662.4556;-2006.654
82637;351.2676;-655.7166;-1996.069
82686;355.6024;-655.2299;-1992.233
82719;364.6976;-651.5851;-1984.683
82736;373.3198;-647.3815;-1978.013
82786;397.6297;-642.5564;-1964.175
82820;401.7425;-641.7682;-1960.404
82839;408.0092;-639.7722;-1953.605
82887;417.4716;-637.6893;-1943.027
82921;448.5038;-629.3032;-1920.796
82955;454.3957;-628.229;-1916.413
82988;467.3082;-625.9549;-1908.042
83010;498.1147;-620.0131;-1895.83
83056;504.8669;-619.6718;-1893.891
83089;520.7318;-617.6238;-1891.425
83123;530.9408;-616.5082;-1891.334
83157;541.1594;-616.2565;-1891.185
83190;550.8538;-616.5521;-1891.832
83216;559.2556;-617.1763;-1893.532
