
1;91.214;88.92983;-2367.165
46;86.91359;88.77254;-2367.419
79;76.48946;87.13533;-2369.378
97;68.7979;85.97896;-2368.97
130;63.15287;84.82897;-2368.036
165;56.95906;84.92066;-2366.415
232;36.54195;102.5246;-2357.503
265;34.47485;132.2444;-2342.956
299;32.1382;122.2614;-2347.597
332;29.46262;93.47045;-2358.754
366;28.39733;87.60885;-2359.852
399;25.98244;82.53903;-2360.125
433;25.50868;81.91697;-2360.404
501;24.81789;80.89629;-2360.753
568;24.38962;80.47718;-2361.129
790;22.53853;78.85812;-2360.741
806;22.658;78.73145;-2359.391
839;23.2336;77.88693;-2355.637
873;26.50464;79.10741;-2350.078
907;28.39041;78.90639;-2341.227
931;31.45784;80.10551;-2331.609
994;35.18752;80.32021;-2320.046
1011;41.82584;80.16534;-2308.163
1045;49.41845;81.63329;-2294.261
1078;56.69077;82.67665;-2284.195
1112;66.59697;83.88201;-2270.557
1129;77.18713;83.67172;-2243.396
1179;92.63873;86.88325;-2228.094
1197;109.6811;91.66488;-2206.109
1233;124.6922;95.85598;-2186.063
1265;138.6777;97.86646;-2150.204
1308;154.072;100.2276;-2125.402
1385;201.0336;114.3392;-2053.529
1480;251.6635;140.5746;-1967.688
1509;280.7315;157.9162;-1931.399
1569;315.2458;179.8793;-1881.726
1831;322.4223;184.6071;-1869.862
1880;390.8634;238.2659;-1701.848
1914;393.4564;240.2411;-1687.377
1931;397.9645;241.2393;-1661.691
1981;399.0706;243.1656;-1634.696
2000;399.5257;241.7449;-1605.731
2050;398.6556;240.9666;-1573.566
2094;398.6636;242.3969;-1549.325
2145;397.2955;248.4646;-1481.891
2178;394.1369;247.6414;-1468.547
2199;392.3309;249.7236;-1443.938
2246;393.3067;253.0704;-1431.042
2281;395.5123;258.1882;-1412.658
2342;397.6643;262.318;-1401.882
2360;401.3607;268.6292;-1389.496
2376;404.7837;272.3492;-1380.551
2444;416.4383;280.9255;-1359.857
2464;416.3342;280.5135;-1360.027
2477;424.4878;280.6448;-1354.522
2511;437.1104;284.9055;-1344.165
2530;449.3714;286.6206;-1336.363
2578;463.3182;289.2132;-1327.963
2612;480.1423;291.4611;-1319.748
2645;502.2552;291.2651;-1313.592
2679;518.7245;294.103;-1306.127
2713;538.8347;290.3347;-1302.021
2730;555.9803;281.4474;-1302.078
2769;579.6776;273.7707;-1306.152
2797;597.469;270.8025;-1292.973
2848;604.418;270.5518;-1291.319
2881;686.5258;250.6559;-1359.232
2915;701.017;253.2473;-1379.387
2932;714.1238;259.8717;-1392.381
2966;601.2948;361.6381;-1330.904
2999;604.1506;361.7243;-1336.914
3033;604.1506;361.7243;-1336.914
3067;604.1506;361.7243;-1336.914
3100;604.1506;361.7243;-1336.914
3172;604.1506;361.7243;-1336.914
3238;604.1506;361.7243;-1336.914
3272;604.1506;361.7243;-1336.914
3306;604.1506;361.7243;-1336.914
3339;604.1506;361.7243;-1336.914
3373;604.1506;361.7243;-1336.914
3407;604.1506;361.7243;-1336.914
3441;604.1506;361.7243;-1336.914
3479;604.1506;361.7243;-1336.914
3500;604.1506;361.7243;-1336.914
3539;604.1506;361.7243;-1336.914
17911;348.575;70.55325;-2267.674
17945;342.7716;68.73709;-2275.94
18001;340.6346;68.67789;-2284.08
18064;345.3589;67.53213;-2301.854
18081;348.3805;66.68082;-2308.588
18099;347.9602;65.3929;-2315.234
18138;353.1621;62.56834;-2327.735
18202;368.7296;62.15029;-2347.331
18233;373.8003;61.7219;-2353.077
18284;381.0268;61.05212;-2361.482
18305;388.4795;59.86425;-2366.426
18349;392.6561;58.67783;-2374.352
18382;403.529;56.58809;-2384.092
18399;412.4978;51.11285;-2388.568
18441;414.0571;49.51701;-2390.136
18476;423.7002;45.79234;-2396.777
18508;424.6672;45.25344;-2399.01
18542;426.6642;43.78698;-2403.549
18576;427.564;42.4363;-2407.823
18610;429.1105;41.6627;-2411.631
18643;430.0256;40.33838;-2418.573
18677;431.0499;39.25025;-2425.237
18711;431.3138;36.35602;-2433.199
18744;432.6183;35.30566;-2441.338
18778;435.0341;32.95801;-2451.624
18831;433.257;30.40467;-2460.047
18867;426.0674;27.46772;-2478.829
18913;421.1797;24.65727;-2485.57
18964;418.1432;23.80482;-2490.968
18980;408.7388;19.64847;-2499.893
19014;402.9064;14.32751;-2509.82
19033;397.6592;11.62753;-2517.29
19082;396.2495;8.829982;-2524.291
19114;394.4878;6.789132;-2528.074
19146;392.5108;3.910793;-2533.551
19180;391.0208;2.079329;-2538.907
19213;386.321;2.89817;-2545.671
19247;388.0037;1.474355;-2548.995
19266;388.8986;0.9057814;-2551.817
19314;392.2322;1.565243;-2560.201
19348;394.2875;1.836354;-2562.733
19365;399.4936;4.838868;-2567.231
19400;401.0845;5.966892;-2568.86
19432;403.7244;8.531608;-2571.378
19466;407.2853;11.26986;-2573.014
19500;410.5255;13.70394;-2576.065
19534;413.8786;13.67342;-2580.351
19584;415.4979;14.59997;-2582.127
19618;417.5641;14.75386;-2585.021
19682;418.1634;14.66067;-2586.333
19723;418.3292;16.01478;-2587.545
19756;419.1425;17.82913;-2590.208
19916;412.4958;15.18627;-2595.392
19984;404.793;11.4392;-2596.64
20017;392.6751;7.796814;-2601.377
20039;386.7001;4.842539;-2603.5
20068;379.4161;3.007596;-2604.86
20101;374.5871;0.9522543;-2608.152
20135;369.8699;1.131756;-2611.164
20169;366.8842;0.4856733;-2611.668
20203;364.3816;-0.1214282;-2612.625
20236;361.2089;-0.5433151;-2613.977
20278;358.7158;-1.041314;-2614.795
20302;356.2729;-1.264369;-2616.999
20336;354.6877;-0.8495556;-2618.708
20369;354.5177;0.2806606;-2623.131
20404;354.4601;0.6909704;-2623.427
20438;354.6358;1.363344;-2624.209
20472;354.7977;2.08278;-2624.811
20506;355.2068;2.617176;-2625.559
20566;355.6183;3.3069;-2625.677
20579;356.973;4.363477;-2625.069
20613;358.4051;4.968552;-2624.034
20647;359.2656;5.609345;-2623.507
20697;359.6016;6.007195;-2623.317
20731;360.7439;5.79817;-2623.263
20770;363.6567;6.957257;-2619.776
20807;367.8506;6.326715;-2617.186
20841;365.7352;7.165358;-2607.021
20892;363.8019;7.451447;-2603.464
20909;363.6305;7.525192;-2600.898
20942;362.483;7.701503;-2598.904
20976;362.4219;7.804194;-2598.576
21010;363.6574;9.196405;-2598.483
21043;364.3321;8.439489;-2598.616
21077;363.7303;9.572217;-2595.538
21094;363.3648;9.60741;-2594.134
21144;361.8372;11.0364;-2588.694
21179;361.0421;11.55202;-2586.387
21214;360.3259;12.02101;-2585.512
21256;359.7824;11.98446;-2584.383
21272;357.6542;11.73025;-2583.019
21306;356.21;11.09991;-2581.588
21340;356.1823;11.05098;-2581.613
21375;356.2041;10.95854;-2581.756
21407;355.8875;10.79163;-2581.8
21441;354.1825;9.805535;-2580.832
21474;353.5175;9.659251;-2580.762
21508;350.2272;9.234545;-2580.23
21542;349.5657;8.995329;-2580.999
21575;346.7723;8.278475;-2583.132
21622;345.2604;7.409417;-2585.403
21644;343.466;5.838423;-2587.365
21679;342.9657;5.501782;-2587.761
21731;340.9563;4.598783;-2589.977
21790;339.7408;3.586596;-2591.343
22202;348.1501;4.748173;-2602.412
22251;349.2296;5.118638;-2602.911
22268;351.5304;5.184956;-2602.434
22319;353.1862;5.485392;-2603.563
22354;355.1305;5.852132;-2605.474
22403;355.7724;6.427969;-2605.691
22445;359.9828;5.995746;-2605.255
22484;373.401;5.370921;-2605.412
22503;374.9942;5.452883;-2607.033
22581;381.25;3.824042;-2608.77
22614;382.1584;3.32657;-2609.036
22648;385.3569;3.668999;-2611.983
22682;390.58;2.678102;-2614.532
22715;394.1678;2.164797;-2616.026
22749;396.2718;2.642372;-2617.169
22786;399.2943;2.810419;-2618.846
22809;402.4183;3.307802;-2620.566
22843;403.6182;3.377487;-2620.648
22877;404.0598;2.987373;-2620.278
22911;403.4104;3.357209;-2619.128
22944;403.5162;3.256394;-2619.092
22980;403.5921;3.412256;-2618.937
23013;404.4429;4.018444;-2619.321
23030;406.3413;5.76738;-2618.243
23073;408.5325;6.695232;-2619.053
23118;409.5395;7.783907;-2619.427
23168;409.5613;7.789806;-2619.402
23184;410.8551;8.17414;-2619.524
23201;410.327;8.754124;-2618.138
23236;410.9016;9.874727;-2617.472
23269;410.8228;10.70978;-2616.914
23303;410.4694;12.55144;-2616.25
23337;410.615;12.65801;-2616.24
23370;410.351;12.87117;-2615.853
23421;409.7646;13.09414;-2615.409
23471;407.0609;13.57536;-2613.042
23504;404.6722;14.95217;-2609.348
23597;404.0944;14.71563;-2608.943
23714;400.0168;14.53881;-2605.09
23764;399.7186;14.98281;-2603.527
23807;399.1535;16.83759;-2599.696
23840;399.5534;16.91081;-2598.374
23924;399.461;18.55815;-2594.347
23942;399.1893;17.98848;-2592.028
24045;396.8576;17.71367;-2588.438
24062;396.8325;17.27571;-2586.262
24078;397.0688;16.72205;-2580.423
24112;396.5634;17.24973;-2578.737
24138;396.1115;16.25382;-2575.716
24182;392.5817;15.16452;-2572.219
24216;391.4737;14.75635;-2571.293
24249;388.8581;15.79091;-2569.206
24279;387.4679;15.36914;-2568.214
24313;387.1086;15.38067;-2567.537
24332;386.2828;15.33984;-2567.005
24377;385.6097;15.35318;-2566.45
24426;385.4521;15.49779;-2566.221
24638;385.6129;17.32667;-2566.548
24656;388.1366;17.88016;-2566.625
24699;389.4011;18.16175;-2566.622
24716;391.149;18.19444;-2566.223
24749;394.1708;19.37423;-2566.582
24783;395.3472;18.83041;-2567.094
24817;396.588;18.33118;-2568.028
24834;397.2524;18.01184;-2567.557
24872;399.9352;17.1121;-2566.294
24902;400.7115;16.98002;-2566.183
24953;402.4778;16.34314;-2567.193
24970;402.8986;16.00173;-2566.987
25004;403.4336;16.13963;-2566.58
25037;403.8272;16.13825;-2566.576
25071;404.4222;16.24574;-2566.932
25104;404.1332;16.556;-2566.225
25141;404.1575;16.5148;-2566.2
25190;404.1837;16.54995;-2566.209
25218;403.9673;16.46778;-2566.041
25235;404.0167;16.67132;-2566.251
25269;403.5957;16.6541;-2566.228
25303;403.5104;16.97453;-2566.341
25336;403.353;17.16309;-2566.075
25376;403.2366;17.22055;-2565.791
25404;401.7569;18.30693;-2564.534
25441;401.7485;18.31948;-2564.519
25475;402.2243;18.85464;-2564.796
25514;402.398;19.30242;-2564.756
25546;402.9958;19.51945;-2564.119
25568;401.9138;20.35436;-2562.888
25601;402.4203;20.78318;-2563.564
25635;402.5644;20.82574;-2563.653
25669;401.1793;21.27429;-2562.494
25702;401.1567;21.31582;-2562.517
25737;399.9596;22.83492;-2560.861
25770;399.9926;22.76187;-2560.925
25804;399.9924;22.6104;-2561.081
25837;399.8989;22.34834;-2561.073
25871;399.6635;22.15079;-2561.006
25926;399.788;21.71469;-2561.516
25942;399.9709;21.52334;-2561.591
25994;400.0211;21.26187;-2562.154
26010;402.0092;20.86862;-2565.031
26060;401.949;20.78521;-2565.54
26078;402.1541;20.65478;-2565.65
26131;402.4008;20.40344;-2565.981
26144;402.8176;20.75763;-2565.931
26230;402.9773;20.3398;-2565.752
26269;403.5602;18.73085;-2564.284
26315;403.8226;17.32474;-2562.694
26349;402.7153;16.86067;-2560.056
26433;402.6983;16.88449;-2560.029
26466;401.9883;16.36376;-2560.121
26500;400.8124;15.50591;-2559.759
26534;400.1732;15.30227;-2559.413
26584;398.6786;14.30464;-2558.428
26635;394.8613;14.26367;-2557.468
26669;394.0423;14.00398;-2556.906
26707;394.0406;14.00659;-2556.918
26758;393.2948;14.00782;-2557.018
26775;392.5585;13.9483;-2556.98
26808;392.5891;14.56118;-2556.178
26842;392.404;14.61901;-2555.864
26876;392.713;14.98574;-2555.871
26909;392.6678;15.15989;-2555.72
26961;392.7883;15.02262;-2555.159
26977;393.8466;15.5327;-2554.511
27029;394.0394;15.57192;-2554.258
27044;395.9569;15.95798;-2555.478
27078;396.8163;15.94591;-2555.34
27112;398.4474;16.17275;-2554.956
27145;399.361;15.99827;-2554.662
27179;402.9706;15.92741;-2555.788
27213;405.1791;16.15897;-2556.825
27237;407.1846;16.71977;-2558.6
27265;408.0041;16.28431;-2558.863
27345;411.0408;14.80798;-2560.119
27386;411.5053;14.90485;-2559.785
27545;414.6207;15.77062;-2561.347
27561;415.9597;16.33362;-2562.157
27595;416.1361;16.54096;-2561.807
27632;416.1998;16.82141;-2561.802
27679;416.1241;17.16103;-2561.899
27698;415.9899;17.55845;-2561.88
27731;415.8129;17.76054;-2561.918
27748;415.3043;18.40939;-2562.239
27771;414.0906;19.43665;-2562.505
27818;414.0333;19.5316;-2563.033
27835;413.3729;19.63658;-2563.471
27870;412.5283;21.04628;-2563.651
27902;411.1013;21.06969;-2566.767
27945;405.6918;21.29858;-2566.994
27972;404.2805;20.37016;-2567.213
28005;403.7668;20.21468;-2569.14
28039;404.4249;20.54167;-2570.957
28060;404.4759;19.9777;-2571.58
28106;404.4031;20.02431;-2571.67
28140;403.9179;19.53924;-2572.246
28231;403.2573;18.95906;-2572.64
28246;402.6362;18.77598;-2572.881
28289;402.5201;18.77484;-2573.31
28367;398.0665;19.92301;-2572.567
28417;398.4714;20.21492;-2573.57
28440;399.2722;20.25652;-2575.096
28474;399.2113;20.1912;-2575.081
28507;398.9564;20.08041;-2575.145
28541;399.3856;19.9578;-2575.156
28575;399.3371;19.79195;-2575.123
28609;399.3059;19.19632;-2574.732
28694;400.604;19.02641;-2574.758
28758;405.1161;17.44602;-2574.534
28782;406.609;16.96947;-2574.515
28810;407.0017;16.52259;-2574.021
28862;407.1388;16.05258;-2573.204
28895;406.7757;16.38206;-2571.018
28912;406.9809;16.03486;-2570.174
28946;406.9352;16.02708;-2569.144
29016;408.6282;15.16902;-2566.422
29233;406.6542;13.43184;-2557.865
29282;409.1931;14.78494;-2555.603
29300;409.4957;15.39008;-2555.401
29333;409.6274;15.37671;-2554.938
29383;410.9198;14.70729;-2552.822
29402;413.9119;15.07448;-2551.612
29434;417.0612;15.51787;-2551.222
29484;417.6768;15.52942;-2551.113
29535;418.1973;15.54875;-2550.914
29552;419.0764;15.22372;-2551.183
29578;422.0114;14.39142;-2553.139
29633;424.6085;14.77719;-2554.544
29686;425.8198;14.0854;-2555.767
29718;432.2411;12.61306;-2565.763
29757;432.5588;12.38626;-2566.509
29787;433.3859;12.17305;-2567.187
29803;433.7023;11.92126;-2569.136
29855;432.9054;11.35369;-2570.013
29888;432.4783;10.99325;-2572.029
29904;432.5663;10.73089;-2572.851
29938;433.1369;10.63149;-2574.909
30000;432.8435;10.67553;-2575.233
30023;431.909;10.10639;-2574.678
30066;431.8128;10.25429;-2574.827
30083;431.6284;10.36217;-2574.822
30116;427.1006;9.728123;-2573.484
30181;424.5335;10.01054;-2575.045
30212;421.2881;9.781374;-2574.199
30246;421.1206;10.13325;-2574.069
30279;420.8535;10.34079;-2574.343
30313;420.9139;11.11304;-2575.071
30347;420.3538;13.23774;-2576.759
30384;420.4091;13.9539;-2577.066
30405;419.3327;14.46076;-2579.28
30439;418.8412;14.8563;-2579.298
30473;417.6473;15.91658;-2579.032
30524;415.767;16.43031;-2578.485
30558;415.1187;16.9758;-2578.259
30574;413.3011;17.98543;-2577.433
30608;412.7467;18.06894;-2577.555
30675;411.0067;19.89643;-2575.947
30723;410.3573;20.16002;-2575.931
30739;410.3623;20.21579;-2575.799
30773;407.5767;20.039;-2574.383
30807;407.2556;19.94627;-2574.091
30841;407.7758;19.95822;-2574.157
30875;407.8073;19.67533;-2574.317
30908;408.1047;19.18352;-2573.887
30942;410.0542;18.06616;-2574.226
30975;411.5147;18.11332;-2574.578
31009;411.5712;17.93688;-2572.914
31043;412.5942;16.64055;-2571.323
31076;412.7149;15.82272;-2569.106
31110;416.0118;16.052;-2572.03
31147;416.2824;15.70951;-2571.907
31194;417.0415;15.43053;-2572.441
31214;418.6212;15.11499;-2572.23
31252;418.8079;14.92598;-2571.935
31285;419.0593;14.58175;-2570.687
31319;419.4597;14.59316;-2570.619
31353;419.869;14.4536;-2570.435
31370;418.239;12.32985;-2567.98
31404;415.1896;12.86112;-2565.673
31437;414.7274;12.77746;-2565.139
31471;411.1123;11.61004;-2562.931
31504;410.7825;11.55406;-2563.563
31555;407.5458;11.43826;-2562.359
31572;407.5613;11.449;-2562.381
31605;408.0736;11.44346;-2562.641
31639;408.0496;11.37938;-2562.807
31690;408.1328;11.49862;-2563.002
31761;408.5443;11.71262;-2562.893
31802;413.3042;12.48144;-2564.357
31819;413.0798;12.64174;-2564.351
31855;415.782;14.58465;-2565.918
31897;417.8097;13.76421;-2566.413
32008;423.244;13.8117;-2568.344
32072;425.8799;12.78619;-2569.956
32129;427.5684;12.14398;-2571.196
32179;431.8445;11.03427;-2574.343
32422;442.895;10.68971;-2581.058
32460;443.33;10.7238;-2580.822
32477;443.3843;10.74584;-2580.825
32494;444.2751;11.4145;-2580.911
32544;444.9974;11.96757;-2581.273
32813;439.8161;16.80734;-2576.819
32868;439.2399;17.63744;-2576.506
32884;436.2238;17.40298;-2573.611
32918;434.6122;18.01316;-2572.373
32985;434.4712;18.15481;-2572.257
33002;434.4394;18.84715;-2572.787
33019;433.9702;18.92061;-2572.721
33053;432.8627;18.3061;-2573.088
33109;432.4412;18.50743;-2573.216
33153;431.164;18.04555;-2573.342
33204;431.1044;18.10299;-2573.322
33226;428.6372;16.7818;-2572.245
33261;428.8998;16.86452;-2572.473
33324;428.7961;15.87155;-2572.664
33410;429.4784;15.87371;-2572.527
33488;432.7062;14.84726;-2575.013
33657;433.6713;13.85573;-2575.086
33673;432.7213;13.47298;-2574.627
33706;431.9837;13.31191;-2571.894
33740;429.5054;12.96935;-2570.979
33791;427.4781;12.5146;-2569.848
33808;426.7747;12.71802;-2569.558
33852;418.5309;11.70918;-2562.971
34120;405.3364;12.4438;-2550.755
34186;406.6625;13.63706;-2550.205
34319;413.2984;14.82291;-2548.589
34369;414.6934;14.97885;-2547.213
34454;417.5533;15.52071;-2547.392
34568;425.2958;15.50335;-2551.805
34630;425.707;15.39667;-2551.828
35034;429.1048;22.43676;-2550.188
35086;427.9314;23.46778;-2551.115
35128;427.3888;24.27478;-2551.278
35162;426.3888;24.77722;-2551.035
35227;426.3604;25.58323;-2551.22
35245;426.2211;25.95232;-2551.162
35273;426.4618;26.6696;-2552.434
35294;426.6383;26.90012;-2553.005
35372;423.4501;27.68874;-2556.872
35394;422.4156;27.77282;-2556.906
35659;415.7813;25.59461;-2567.088
35720;415.508;25.27511;-2567.278
35815;416.9403;23.47465;-2569.737
35832;418.5716;23.88116;-2570.495
35908;419.6595;24.08781;-2571.703
35941;420.0775;24.17275;-2571.861
35990;422.1275;24.01302;-2573.245
36129;425.027;23.06131;-2575.519
36205;424.731;21.56035;-2576.855
36264;424.0508;20.78686;-2576.874
36313;422.7421;19.78157;-2577.15
36360;415.214;16.47709;-2575.225
36687;402.4789;9.579761;-2569.584
36714;402.7925;9.607842;-2570.49
36747;404.8527;8.902056;-2573.646
36781;410.4925;9.703466;-2582.182
36851;413.812;9.607041;-2588.06
36886;414.4422;8.597531;-2590.583
36905;414.7288;8.378206;-2591.371
36953;418.0259;7.5761;-2595.917
36971;419.3911;7.400698;-2597.708
37004;421.1415;6.407423;-2600.001
37038;423.3073;7.823782;-2602.412
37071;424.6004;9.07674;-2603.745
37105;424.8931;8.651736;-2604.004
37166;426.6736;8.42842;-2604.559
37178;426.7873;8.457807;-2604.451
37211;427.1431;8.369843;-2603.56
37309;427.8871;8.969241;-2602.274
37349;428.7125;9.581967;-2602.648
37399;429.3295;11.24784;-2602.472
37450;429.1825;11.77765;-2601.994
37483;429.2231;12.0734;-2601.9
37500;429.3966;12.13955;-2601.714
37551;429.3918;12.25387;-2601.627
37573;428.7013;12.195;-2601.059
37624;428.6327;12.58632;-2600.882
37658;428.5797;12.6872;-2601.069
37692;428.4569;13.12017;-2601.386
37709;427.7751;13.46184;-2601.386
37742;428.0424;14.20056;-2602.537
37776;428.4561;15.17705;-2602.94
37813;427.9116;15.57207;-2602.891
37847;427.9902;15.65347;-2602.877
37879;427.9107;15.71185;-2602.622
37908;427.6331;15.80475;-2602.2
37942;427.3526;15.9654;-2601.73
37975;426.901;15.80112;-2601.018
38009;426.4369;15.95435;-2600.348
38049;427.2201;16.14536;-2600.527
38082;427.3315;16.19804;-2600.485
38118;427.486;16.13169;-2600.441
38151;426.6881;14.85639;-2599.347
38186;427.343;14.13334;-2599.944
38219;427.1012;13.02894;-2598.759
38253;426.8821;11.76177;-2598.678
38312;426.0784;9.651792;-2597.601
38456;425.9933;9.475202;-2597.23
38481;425.7628;9.110773;-2596.936
38611;423.5434;7.493806;-2584.188
38628;422.4386;7.14114;-2582.656
38678;420.0634;6.69773;-2581.478
38712;416.6917;5.943557;-2578.738
38745;416.3585;6.576505;-2576.98
38779;415.2802;6.953435;-2575.541
38803;410.7253;6.53694;-2571.728
38847;410.4927;6.868952;-2571.169
38881;410.4991;7.131007;-2570.295
38914;409.3896;6.878712;-2567.415
38948;412.1224;8.059833;-2567.165
38969;412.325;7.114151;-2566.147
39054;413.6884;7.300723;-2565.89
39389;423.2278;6.1159;-2579.27
39446;425.6364;5.731934;-2582.759
39509;427.4665;5.916822;-2584.23
39577;427.6807;5.938464;-2584.385
39645;427.9561;6.001298;-2584.393
40209;408.0416;21.64452;-2560.399
40235;408.6836;21.82585;-2561.7
40252;408.9465;22.36567;-2562.548
40269;410.5254;22.76852;-2564.262
40319;411.5448;23.03579;-2565.62
40336;411.8452;23.05734;-2566.101
40377;409.1175;23.17364;-2567.622
40399;408.1289;23.27174;-2569.638
40449;408.9476;23.47342;-2570.571
40467;414.4567;22.87382;-2574.478
40519;417.6146;23.42805;-2576.606
40551;418.2129;23.58227;-2577.155
40585;416.1548;21.91212;-2576.905
40618;417.2155;21.6805;-2576.703
40652;416.0629;21.72206;-2576.483
40679;415.4328;21.57902;-2576.371
40708;415.0204;21.41209;-2576.128
40885;412.3408;17.77189;-2569.251
40896;413.2614;17.93649;-2569.163
40940;408.5737;15.34694;-2565.817
41006;399.6073;10.13014;-2555.428
41039;398.549;9.034761;-2553.949
41073;396.7604;8.12768;-2551.612
41106;395.9606;7.751308;-2550.318
41157;395.7119;7.272786;-2549.865
41183;395.2723;6.573736;-2548.698
41217;394.9782;7.289877;-2547.049
41234;395.6959;6.965876;-2546.875
41268;395.6954;6.809307;-2545.959
41318;396.5107;7.224561;-2545.378
41352;397.5853;7.20957;-2544.36
41403;399.1705;6.287066;-2543.625
41460;403.7169;5.054539;-2544.84
41520;405.4456;4.797218;-2546.163
42003;440.8096;13.66818;-2583.201
42038;440.9977;13.56403;-2582.945
42069;441.1333;13.65753;-2582.591
42103;441.5987;14.65614;-2582.773
42137;441.8053;15.37397;-2582.281
42170;441.729;16.50487;-2582.073
42205;441.6217;17.71074;-2582.329
42279;440.0026;19.48794;-2582.591
42346;440.0132;19.81251;-2582.634
42380;439.9834;19.83549;-2582.713
42437;440.2156;20.04947;-2582.957
42453;441.2401;20.52429;-2583.938
42476;441.0458;20.40746;-2583.577
42513;442.1237;20.49912;-2584.344
42547;442.3223;20.31899;-2584.267
42623;442.2822;20.33876;-2584.201
42679;442.238;20.23457;-2584.254
42728;441.9871;20.22541;-2584.116
42787;441.6208;20.37276;-2583.821
42838;441.3057;20.22222;-2583.39
43020;432.9043;18.23266;-2574.974
43053;431.6919;18.36907;-2573.814
43098;430.3182;18.23767;-2572.998
43124;430.2647;18.41234;-2573.075
43141;428.8985;18.56983;-2571.534
43175;427.2822;19.03026;-2570.764
43209;425.3873;18.93259;-2569.435
43259;422.0258;19.02979;-2567.141
43293;420.7072;19.08835;-2566.849
43348;419.4722;19.45773;-2565.674
43378;418.7746;20.42703;-2564.326
43448;417.0545;19.67789;-2561.868
43490;416.2008;19.51765;-2560.891
43530;416.246;19.57315;-2559.686
43586;415.705;19.4592;-2558.018
43653;416.763;20.08582;-2554.324
43670;416.3752;19.48423;-2553.526
43704;416.4616;19.30013;-2553.764
43737;417.2953;18.92141;-2553.501
43771;418.3266;17.8556;-2553.03
43805;421.6965;17.65591;-2552.789
43839;422.228;15.91474;-2551.485
43889;422.9151;15.05215;-2551.424
43911;425.544;14.41918;-2553.347
43959;426.9662;13.99602;-2555.852
44014;429.2526;12.20354;-2559.804
44039;432.0583;9.588329;-2564.555
44073;433.6521;8.746786;-2566.798
44107;434.0196;7.450357;-2568.133
44140;433.3176;6.119159;-2568.719
44174;433.2171;6.150881;-2568.901
44208;433.3351;5.946106;-2570.104
44241;433.5534;6.247488;-2570.544
44275;433.2499;5.740865;-2570.809
44309;433.7478;6.201736;-2571.751
44343;433.6977;6.403475;-2571.716
44376;434.1274;7.134857;-2571.628
44410;434.4502;7.457336;-2572.175
44463;436.245;9.957583;-2573.455
44479;435.9252;11.1585;-2573.361
44549;428.6364;13.78347;-2572.984
44619;427.1299;15.83679;-2575.005
44636;429.2182;16.1532;-2578.779
44693;428.8486;15.58919;-2579.837
44710;427.2413;15.94222;-2580.888
44748;426.7612;16.36536;-2581.248
44787;427.1651;15.19248;-2586.141
44821;427.0885;15.18398;-2586.24
44837;426.9182;14.24195;-2587.276
44896;426.7392;14.22966;-2587.717
44910;426.3699;13.39793;-2587.757
44944;428.2192;14.13992;-2590.632
44977;429.4723;14.55011;-2592.886
45011;428.2397;13.56829;-2593.763
45061;428.3335;13.66832;-2597.489
45082;428.4557;15.16609;-2599.4
45100;428.4053;14.77452;-2599.81
45146;427.1301;14.45436;-2599.98
45189;428.0833;14.12603;-2602.085
45216;428.3038;14.00616;-2602.481
45250;427.82;13.1983;-2602.6
45284;427.856;13.1029;-2602.624
45317;427.2874;12.85715;-2601.827
45339;425.8004;11.23927;-2599.787
45368;425.6311;11.22796;-2599.444
45402;419.7391;9.890615;-2594.082
45524;415.3198;8.224617;-2586.931
45553;415.314;9.109864;-2585.67
45594;414.1444;10.80383;-2582.709
45634;411.3319;12.25882;-2577.319
45689;398.6806;13.57537;-2568.116
45739;398.7745;14.52449;-2564.879
45773;398.9609;15.62945;-2563.477
45807;398.7882;16.33582;-2562.65
45840;398.9247;16.58656;-2561.681
45891;398.9064;17.16843;-2560.487
45908;398.4951;18.13773;-2559.273
45942;397.9075;18.24877;-2557.502
45992;397.5954;18.63053;-2556.819
46009;394.6393;20.73074;-2555.593
46043;395.2778;20.59179;-2554.258
46094;395.8355;20.96175;-2552.967
46110;395.4099;21.10199;-2549.977
46144;395.541;21.20378;-2549.55
46182;395.2938;22.29513;-2549.187
46215;395.0507;22.03328;-2548.712
46239;397.0657;21.52184;-2548.379
46282;398.208;21.33385;-2548.194
46316;399.2424;21.53594;-2548.985
46333;400.1192;21.7772;-2548.987
46383;400.5523;21.88928;-2549.508
46402;402.3159;22.16812;-2549.82
46451;402.4633;22.69025;-2549.896
46488;403.1891;23.29668;-2550.461
46539;401.6719;23.16034;-2549.946
46555;403.729;24.33138;-2551.009
46572;404.6721;24.26837;-2551.469
46606;402.2668;24.10086;-2551.431
46640;402.2439;24.04225;-2552.294
46685;401.2935;26.05257;-2555.197
46749;401.3154;25.85915;-2556.026
46791;396.9529;23.17445;-2555.965
46830;398.8766;23.13082;-2556.814
46879;398.2392;22.56033;-2557.228
46913;397.6833;20.77636;-2556.387
46966;395.2995;17.96384;-2553.504
46980;395.7494;17.27713;-2553.851
47013;392.8639;14.71108;-2550.867
47047;392.5285;14.12334;-2550.435
47098;392.3359;13.43549;-2550.12
47114;392.3067;13.31642;-2550.136
47148;393.4359;12.1167;-2551.692
47168;392.4434;11.40475;-2551.168
47202;391.8767;11.11306;-2551.343
47236;391.7636;11.04169;-2551.268
47286;392.0227;10.26323;-2552.268
47433;390.5397;8.485298;-2555.714
47449;390.9622;5.430608;-2560.58
47468;391.347;4.84189;-2564.24
47498;392.7496;3.193572;-2571.375
47549;392.623;2.848393;-2576.572
47566;390.7245;2.477054;-2579.153
47616;389.6155;1.729785;-2583.132
47633;390.5658;0.5954183;-2593.531
47684;388.7311;0.7922726;-2595.782
47757;384.6364;0.3653573;-2600.913
47778;383.1556;-0.1236738;-2604.04
47811;376.7038;-3.13958;-2622.293
47845;374.1119;-1.562871;-2625.939
47879;370.9764;0.4997002;-2628.858
47913;371.0841;1.431976;-2631.997
47971;371.6479;1.689105;-2632.508
48012;371.3339;2.560013;-2633.267
48045;370.3836;2.696191;-2631.868
48079;370.5005;3.080569;-2631.809
48106;370.1135;3.386125;-2631.2
48140;369.4906;3.708262;-2630.676
48174;369.9384;4.106805;-2629.482
48208;370.0949;3.981134;-2627.671
48241;373.0861;3.916704;-2622.927
48283;372.9726;4.049088;-2622.091
48305;372.6971;3.510584;-2621.033
48338;371.8824;2.781658;-2620.449
48371;371.6956;2.841884;-2619.985
48414;368.9407;3.202184;-2618.124
48441;362.2505;1.358975;-2617.711
48475;358.5827;0.4552796;-2618.742
48508;352.7021;0.4442205;-2618.891
48542;349.0981;0.4619548;-2619.236
48576;342.9626;1.483437;-2621.615
48609;338.4713;4.156726;-2622.973
48643;324.8261;4.81471;-2625.86
48676;317.5138;3.874856;-2627.068
48710;311.5375;5.701606;-2627.417
48780;302.8002;6.064703;-2629.622
48817;289.1709;4.693523;-2634.093
48879;280.8591;4.483464;-2636.465
48913;273.1454;2.564515;-2639.042
48942;266.5895;1.438021;-2640.657
49047;249.768;5.077149;-2652.27
49098;246.2378;5.6463;-2654.119
49170;244.8187;6.255759;-2657.736
49232;245.779;6.126477;-2657.165
49266;248.9041;6.413181;-2656.13
49316;254.2001;6.03533;-2653.101
49333;258.7948;7.003096;-2649.223
49367;264.2586;8.914201;-2645.882
49400;270.4724;9.971258;-2640.902
49451;282.7019;12.66485;-2636.989
49486;289.4134;11.76399;-2633.119
49506;294.9356;9.225781;-2625.802
49552;298.8089;9.113715;-2622.551
49585;306.4471;8.63401;-2619.767
49646;316.5687;9.082202;-2607.272
49680;319.381;7.926524;-2606.016
49718;325.5491;8.819509;-2604.471
49751;329.7094;7.866501;-2603.574
49785;330.7746;8.162192;-2603.54
49819;333.1255;8.028147;-2605.16
49837;333.6466;8.153456;-2606.633
49870;334.0251;7.653074;-2608.005
49920;333.6824;7.839565;-2609.789
49979;328.5807;6.392004;-2618.295
50006;327.0627;6.667822;-2624.682
50040;325.3897;5.756807;-2630.772
50073;323.8181;5.115067;-2634.074
50107;323.3044;2.597491;-2636.946
50141;320.9543;-1.674229;-2643.487
50164;319.1518;-3.703074;-2646.271
50215;319.0975;-3.803735;-2648.006
50231;319.248;-4.158941;-2649.285
50266;319.0309;-4.093995;-2649.79
50316;318.3126;-3.408911;-2651.249
50333;318.4059;-3.115871;-2651.819
50383;317.897;-2.733832;-2651.829
50417;317.6045;-1.452675;-2652.024
50434;316.8541;0.4395756;-2652.43
50467;314.9063;2.1565;-2651.935
50502;314.6763;4.386309;-2651.324
50551;313.5085;7.284401;-2649.468
50585;312.7174;8.88593;-2649.36
50619;311.8505;10.11237;-2648.593
50636;310.07;11.29238;-2648.074
50686;307.833;11.49855;-2646.554
50703;305.4624;11.93995;-2645.607
50754;300.415;10.35229;-2642.991
50771;298.1707;10.1243;-2642.606
50804;296.7332;10.06945;-2641.797
50838;296.351;9.682225;-2640.181
50888;296.0887;9.672584;-2639.536
50905;296.1252;9.712538;-2639.159
50956;294.8657;9.710178;-2635.166
50973;293.3879;9.874312;-2632.044
51006;293.0024;9.372491;-2630.429
51059;292.9445;9.526046;-2630.162
51076;292.09;9.194291;-2627.451
51110;291.6623;8.880221;-2626.26
51144;291.9734;8.978579;-2625.763
51177;292.2148;9.340811;-2625.641
51211;292.3903;9.32361;-2625.441
51245;292.4387;9.335069;-2625.329
51278;291.8023;9.584775;-2624.703
51312;290.4475;9.102265;-2623.976
51346;288.79;9.054358;-2622.575
51397;287.4578;8.924701;-2621.475
51436;287.2565;9.009392;-2621.247
51472;287.1469;8.855204;-2620.768
51503;284.5223;7.928099;-2616.976
51537;285.2285;8.370309;-2615.845
51588;288.9394;10.10901;-2615.409
51605;290.6878;11.16202;-2614.485
51639;293.0713;14.11327;-2613.907
51672;295.1287;14.2021;-2611.457
51706;298.1934;13.96916;-2607.36
51740;301.6049;15.67898;-2605.91
51773;302.318;15.69356;-2605.015
51807;305.7317;15.79223;-2604.275
51857;308.4467;16.56892;-2603.071
51891;309.9478;16.38948;-2602.459
51925;310.6705;16.97707;-2602.05
51942;312.0773;16.9964;-2602.379
51975;313.0936;17.54554;-2603.159
52009;313.7808;18.74413;-2604.15
52043;313.0085;18.61741;-2605.199
52077;312.5462;19.84056;-2609.444
52110;312.3633;19.63164;-2610.458
52161;311.2596;19.37282;-2613.432
52212;310.8165;18.99269;-2615.543
52232;308.0526;18.72633;-2619.384
52279;306.5724;18.30594;-2620.355
52312;305.9915;17.8514;-2622.562
52363;304.5616;16.8469;-2622.418
52380;304.3241;16.77435;-2622.638
52413;303.8691;16.33398;-2622.665
52448;302.2257;16.01473;-2622.325
52481;300.6395;15.07585;-2622.891
52502;296.3606;13.52561;-2620.349
52548;294.5558;13.2005;-2619.826
52574;292.7797;13.00642;-2617.786
52621;291.6231;12.82085;-2616.919
52638;290.8716;12.79694;-2616.312
52672;290.7879;12.77499;-2616.242
52705;289.071;11.79695;-2614.801
52739;285.9798;11.62688;-2612.618
52773;284.218;11.86973;-2612.813
52806;281.182;12.2862;-2611.918
52840;276.6682;11.08695;-2610.955
52891;275.9819;11.46264;-2610.159
52908;275.7852;11.39433;-2609.894
52939;275.018;11.25269;-2609.22
52978;274.8539;11.20292;-2608.735
53012;275.0741;11.71937;-2608.619
53046;275.1407;11.89287;-2608.502
53082;275.5604;12.34797;-2607.353
53114;277.2926;13.38573;-2601.671
53148;278.3211;13.18415;-2598.952
53198;278.9554;12.86081;-2597.782
53215;280.3337;12.926;-2596.643
53249;281.535;13.11126;-2595.911
53282;282.5696;12.83962;-2595.573
53302;284.0751;13.18766;-2595.554
53350;286.4133;13.40731;-2596.292
53384;286.6401;13.21141;-2596.482
53417;287.1391;13.02068;-2596.75
53451;288.3001;11.36489;-2597.196
53485;288.8212;9.727435;-2597.634
53519;290.0359;9.014455;-2598.083
53552;292.0051;10.11695;-2598.955
53602;292.1694;10.17973;-2598.992
53625;293.4458;10.94941;-2599.544
53642;295.8411;10.89406;-2599.724
53677;297.3816;10.69556;-2599.922
53724;298.5712;10.38799;-2599.833
53740;301.1188;10.5501;-2600.155
53774;303.065;11.81131;-2599.537
53808;303.6654;11.44817;-2598.337
53858;304.5949;11.4812;-2598.156
53875;304.9854;11.49609;-2597.948
53910;306.1465;12.24844;-2598.787
53961;307.8966;12.53129;-2598.75
53977;310.2905;12.81582;-2600.246
54010;310.688;12.78264;-2600.405
54061;310.9036;12.9311;-2601.485
54078;311.0132;13.08163;-2601.892
54112;311.7107;15.18087;-2605.627
54145;311.3293;15.34118;-2607.279
54181;310.1598;15.034;-2607.888
54246;308.9902;14.9682;-2613.737
54279;309.6655;13.51271;-2618.121
54313;308.6134;12.33828;-2622.142
54347;308.1304;11.70021;-2625.068
54376;308.721;10.16153;-2630.091
54415;309.3342;8.517653;-2633.699
54449;310.3188;6.466355;-2637.456
54482;309.2661;4.441636;-2639.54
54533;309.7278;-4.499125;-2648.202
54600;308.2335;-8.102509;-2649.532
54634;307.9235;-9.080734;-2651.075
54651;306.5708;-10.7941;-2654.994
54712;302.8283;-15.50473;-2659.631
54745;301.4716;-17.16305;-2662.059
54778;300.4041;-17.90383;-2662.157
54828;299.9731;-17.82247;-2661.968
54848;299.5581;-18.19388;-2663.968
54900;298.0496;-19.0861;-2665.448
54912;298.1069;-19.29329;-2665.85
54963;297.2989;-20.83816;-2666.614
54979;297.8278;-21.43873;-2667.379
55009;297.9544;-21.53833;-2667.99
55053;296.6786;-22.70069;-2668.435
55070;296.505;-23.0736;-2668.623
55120;296.614;-23.19051;-2668.989
55137;295.9612;-22.93914;-2668.737
55177;295.0239;-23.57928;-2667.436
55205;295.7418;-22.57028;-2666.841
55255;296.7719;-21.56943;-2667.966
55289;298.0128;-19.59318;-2667.814
55306;302.4119;-15.79605;-2667.163
55339;308.296;-12.52132;-2666.29
55373;312.5963;-10.46196;-2666.958
55407;313.3501;-9.045901;-2666.009
55441;316.8657;-5.658376;-2664.602
55474;317.4817;-3.716237;-2663.817
55525;318.3431;-3.314991;-2663.688
55559;319.1857;-3.236901;-2662.561
55592;320.8927;-1.583063;-2661.066
55609;324.5961;0.0103378;-2656.941
55676;334.1932;0.004154655;-2650.034
55693;336.6905;0.3740266;-2646.01
55727;342.3701;-0.3586534;-2640.652
55744;346.5461;-1.409151;-2633.969
55811;353.9232;0.03569381;-2627.436
55829;358.3787;0.123755;-2624.32
55845;372.4009;2.077464;-2613.493
55879;376.7531;0.6240996;-2609.763
55937;381.304;-0.4461873;-2605.349
55964;382.125;-0.7850543;-2603.405
55980;382.3767;-1.826873;-2600.815
56031;383.3431;-2.945371;-2597.562
56047;383.2248;-3.079355;-2595.911
56081;383.1806;-2.961009;-2594.789
56115;382.7982;-2.59531;-2592.904
56150;382.8745;-2.185877;-2592.615
56182;378.1539;-2.790088;-2599.251
56204;371.2779;-2.520527;-2601.048
56249;361.8996;-2.045256;-2604.681
56284;356.1615;-1.815491;-2610.787
56330;352.7159;-2.385441;-2614.569
56387;347.2792;-2.057457;-2623.577
56407;335.1508;-3.482402;-2640.12
56457;331.5157;-5.608083;-2645.008
56474;324.4202;-10.16207;-2655.151
56508;319.3444;-14.23643;-2660.406
56541;311.6548;-19.3532;-2665.888
56575;301.978;-20.57024;-2677.369
56609;299.0666;-22.87988;-2678.495
56660;297.8889;-23.00435;-2678.696
56701;295.62;-22.78525;-2680.227
56720;290.9338;-23.79615;-2681.454
56754;288.2267;-24.24373;-2681.321
56788;286.4448;-22.86219;-2681.375
56805;284.383;-22.84203;-2680.28
56838;282.7693;-20.06392;-2676.754
56889;281.9216;-17.93015;-2675.277
56906;282.1514;-14.4328;-2674.849
56940;281.4693;-8.895332;-2672.783
56991;281.4363;-5.364858;-2671.66
57007;282.6741;-0.09873556;-2672.516
57046;283.9065;2.791012;-2673.24
57079;285.9891;6.758401;-2671.527
57113;287.1802;8.200155;-2670.7
57147;291.7746;12.0897;-2673.175
57181;293.1278;13.19786;-2672.401
57214;295.0627;15.57272;-2673.73
57231;295.9262;18.37108;-2674.059
57282;296.9244;19.96856;-2674.799
57322;298.4519;21.21857;-2674.255
57343;299.5159;22.91721;-2671.92
57373;303.2838;25.51528;-2667.673
57411;303.4338;25.42525;-2666.27
57444;304.9428;25.14512;-2663.271
57478;305.7933;24.41302;-2661.082
57511;304.822;22.18902;-2652.805
57545;308.4726;18.81428;-2645.829
57579;310.2277;17.87751;-2641.864
57612;310.8685;16.74857;-2635.397
57663;311.4811;16.40114;-2631.501
57680;312.2114;13.71342;-2626.571
57955;317.046;2.288671;-2584.427
57988;318.0535;1.992043;-2580.682
58004;318.5427;1.648973;-2579.777
58055;318.2856;1.589526;-2578.972
58071;317.0454;1.082713;-2577.698
58105;317.1526;1.021406;-2577.442
58139;317.0045;0.9940196;-2577.49
58173;316.7276;1.126257;-2578.936
58207;314.8172;-0.01031702;-2581.346
58257;311.7133;-0.8152573;-2583.638
58274;310.0347;-0.6764572;-2586.859
58308;306.5956;-1.674104;-2590.961
58342;304.5749;-1.95657;-2594.836
58392;303.7174;-2.593611;-2597.538
58409;303.093;-3.179634;-2600.098
58442;302.1846;-3.886582;-2600.336
58476;303.5045;-4.030805;-2601.116
58527;307.1888;-5.325009;-2602.895
58543;307.7054;-5.714221;-2603.105
58578;312.6012;-5.170943;-2605.097
58647;323.5443;-5.466093;-2605.761
58731;326.1815;-6.023014;-2606.746
58760;328.8914;-6.695002;-2608.704
58821;332.2117;-4.998592;-2611.696
58847;332.5546;-3.91583;-2612.469
58874;332.7815;-2.814466;-2613.054
58930;330.4891;-2.547556;-2613.485
58964;329.4925;-1.936464;-2613.337
59014;326.687;-1.837561;-2613.178
59031;324.0808;-3.017211;-2613.072
59065;320.8134;-4.177954;-2612.106
59099;315.4146;-5.141051;-2612.473
59149;312.1845;-6.223981;-2612.387
59183;311.6139;-6.259528;-2612.528
59200;309.6485;-6.747036;-2612.283
59250;308.5295;-7.27142;-2612.043
59284;308.7305;-6.885397;-2612.308
59306;308.683;-6.599227;-2612.39
59358;308.4959;-4.565897;-2613.942
59376;307.9807;-2.448986;-2614.583
59426;309.1644;-0.6653802;-2614.914
59444;309.9944;1.622603;-2616.574
59495;311.7254;3.384557;-2618.342
59511;312.4412;5.261817;-2621.719
59545;313.5001;6.308124;-2624.701
59579;315.2905;9.283732;-2629.253
59613;315.685;9.879167;-2630.907
59646;317.5397;10.01785;-2631.957
59698;317.8643;9.523969;-2632.786
59714;318.206;7.54798;-2633.12
59747;321.0441;7.571291;-2634.684
59781;321.705;7.214783;-2635.458
59815;322.2393;6.893164;-2635.37
59912;322.9584;5.566373;-2633.839
59996;322.3993;5.424993;-2632.575
60011;321.3505;6.346807;-2629.366
60045;321.3426;8.13752;-2628.094
60079;321.1533;9.988777;-2626.455
60112;322.2536;14.82347;-2622.241
60146;321.6928;16.15985;-2621.095
60182;321.2057;17.87471;-2620.446
60214;319.7213;18.87009;-2620.01
60265;318.1791;19.77251;-2618.737
60281;316.0191;20.32732;-2617.834
60315;315.8155;20.28926;-2617.806
60349;313.9977;20.37071;-2616.963
60382;313.8491;20.36838;-2616.84
60425;313.2333;20.07855;-2616.688
60455;313.0363;20.05108;-2616.627
60478;313.1255;20.18871;-2616.582
60529;313.0514;19.85699;-2616.502
60545;313.8504;19.94249;-2616.475
60579;314.6823;20.15629;-2616.173
60615;315.6072;20.09895;-2616.342
60648;315.0873;18.74586;-2615.854
60719;318.7309;13.70408;-2616.358
60752;317.5339;7.879813;-2616.789
60797;317.2662;4.736443;-2615.951
60821;317.2292;3.245692;-2616.644
60839;317.4457;0.9178253;-2616.307
60888;317.1229;-0.631029;-2617.402
60905;318.5244;-2.785833;-2618.591
60939;318.5102;-3.955963;-2619.142
60972;320.2262;-5.486603;-2620.859
61006;321.3927;-6.382644;-2621.444
61057;322.9405;-7.08136;-2621.971
61090;324.024;-8.416599;-2621.084
61124;325.7248;-8.706431;-2620.671
61141;330.2835;-8.188528;-2620.261
61175;333.4431;-7.232897;-2616.267
61208;334.5243;-7.147432;-2613.682
61242;336.1986;-6.789126;-2612.746
61276;337.159;-6.624063;-2612.563
61309;338.008;-6.499352;-2611.677
61343;339.461;-6.150494;-2610.499
61377;340.1354;-5.595493;-2610.058
61427;339.8101;-5.584511;-2609.834
61444;339.946;-5.248106;-2609.824
61478;340.0177;-4.817953;-2609.976
61512;339.8498;-4.321957;-2610.655
61545;341.1078;-2.676605;-2612.532
61579;340.5143;-1.959798;-2613.127
61613;339.7005;-1.283233;-2613.916
61647;337.7435;0.6502388;-2615.335
61680;334.2439;2.655167;-2618.632
61714;325.7376;4.834427;-2623.886
61748;324.1376;6.235413;-2627.275
61781;322.3058;6.351294;-2630.455
61815;321.2719;6.13891;-2631.646
61849;318.5245;5.708773;-2633.303
61882;317.6921;5.359382;-2633.657
61916;315.4709;3.813867;-2634.461
61951;309.862;1.86245;-2636.943
61984;305.8015;-0.9165184;-2636.465
62017;304.5201;-1.46922;-2635.997
62051;301.4716;-2.550152;-2634.341
62068;297.7867;-3.078601;-2631.483
62118;295.0019;-2.792214;-2627.855
62152;294.2693;-2.844397;-2627.0
62169;294.0391;-1.813793;-2625.708
62219;293.4985;-0.9998712;-2623.601
62253;293.1253;-0.5595252;-2622.729
62296;292.1608;0.688499;-2618.789
62323;289.3874;1.133563;-2613.591
62357;289.0961;1.913141;-2611.381
62390;289.105;2.458734;-2610.111
62408;288.99;2.930511;-2609.116
62447;288.8057;2.985016;-2608.678
62567;289.5949;3.705179;-2607.748
62600;288.7197;5.843618;-2604.723
62637;288.0909;6.030776;-2602.205
62684;287.2643;6.515692;-2600.917
62701;286.428;7.276114;-2597.835
62735;286.765;7.686693;-2595.78
62769;286.0457;8.320636;-2592.957
62802;285.9727;9.726264;-2590.673
62852;286.3236;9.942362;-2590.162
62869;286.765;9.935012;-2589.014
62903;287.1734;10.16066;-2588.151
62953;287.1599;10.67846;-2587.212
62970;287.2799;10.73069;-2586.909
63022;287.1908;10.61354;-2586.206
63039;287.8485;10.69634;-2586.085
63073;288.0409;10.62341;-2585.956
63107;288.1462;10.44363;-2585.927
63140;288.1839;9.386397;-2585.028
63174;288.3565;8.404827;-2583.591
63208;289.975;7.499291;-2580.841
63242;290.6743;7.52821;-2580.285
63292;293.1141;7.935086;-2579.436
63309;297.3147;9.063164;-2578.814
63343;299.0053;9.745893;-2578.428
63376;299.9157;9.438309;-2578.287
63410;301.188;9.850266;-2577.918
63444;306.1007;12.02726;-2579.321
63477;308.9482;12.90277;-2580.697
63511;310.1121;12.85838;-2580.869
63545;311.6557;14.09942;-2581.363
63578;312.0433;14.05636;-2581.37
63605;312.5356;14.30234;-2581.983
63639;313.8765;15.10831;-2583.931
63673;314.2279;15.87001;-2585.454
63707;313.88;17.06603;-2587.285
63740;313.6846;16.96701;-2587.293
63774;312.9414;16.38042;-2589.047
63857;309.8696;15.07465;-2591.424
63874;309.2765;14.8961;-2593.205
63907;306.5714;12.62171;-2597.328
63949;303.1454;11.16363;-2603.072
63985;300.8853;9.638185;-2607.878
64011;300.459;8.675923;-2612.448
64045;299.6379;8.828876;-2614.01
64079;298.5085;8.673802;-2615.878
64113;297.1411;8.101221;-2617.949
64146;296.5641;7.953388;-2618.631
64180;295.6631;8.303514;-2620.187
64218;293.9501;7.30295;-2622.02
64252;292.6228;7.403647;-2622.932
64269;291.2309;7.489397;-2623.365
64319;289.3985;7.823287;-2623.549
64353;288.765;7.672969;-2623.006
64377;287.7724;8.098575;-2621.687
64414;287.0894;8.965063;-2621.891
64478;286.1814;9.398331;-2621.989
64643;286.4414;13.58087;-2622.553
64709;286.6325;14.13353;-2622.332
64743;285.9982;14.51334;-2620.143
64777;286.3831;14.53937;-2617.447
64810;286.756;14.96199;-2615.969
64844;288.6858;12.60869;-2612.425
64895;291.062;11.21665;-2610.422
64912;295.1937;12.2134;-2609.101
64946;297.2072;12.12178;-2609.03
64972;300.1533;10.23695;-2608.49
65010;303.3192;9.280299;-2608.441
65038;306.1978;8.811238;-2609.915
65072;306.9041;8.700844;-2610.206
65106;306.7218;8.798742;-2610.337
65140;307.5072;9.390898;-2611.583
65174;308.3033;10.08344;-2614.197
65207;306.9036;9.312822;-2615.578
65241;305.643;8.021847;-2615.77
65291;305.2302;7.342035;-2616.383
65325;304.5214;6.26002;-2617.007
65343;305.2428;5.754179;-2617.221
65393;309.0;6.393125;-2619.14
65410;313.4561;8.018596;-2621.123
65444;317.4969;10.29324;-2620.728
65478;320.1699;11.17677;-2620.828
65513;323.872;12.18001;-2621.001
65542;328.6997;12.27799;-2619.101
65567;332.9807;13.55574;-2617.911
65617;337.079;15.10336;-2616.735
65634;339.1754;15.75727;-2614.095
65685;341.0531;16.31136;-2613.108
65702;346.3302;18.80923;-2612.352
65735;348.6852;20.18207;-2611.824
65769;350.2552;21.07656;-2610.697
65820;350.7331;21.50641;-2610.564
65853;350.9167;21.47685;-2610.526
65870;350.8057;21.50667;-2610.459
65921;350.0252;21.39645;-2610.567
65938;348.2995;21.513;-2610.863
66020;338.377;18.92312;-2615.934
66069;336.1132;18.9957;-2619.372
66118;332.3065;17.81997;-2626.853
66169;329.9614;17.12955;-2628.527
66201;321.627;11.81963;-2630.1
66239;311.5745;7.102979;-2630.252
66269;309.2488;5.905117;-2629.662
66302;307.7006;6.185931;-2628.961
66336;306.8831;6.153163;-2628.78
66370;304.7212;4.440661;-2625.16
66424;302.6889;3.838477;-2621.974
66437;301.9692;3.980001;-2620.423
66471;300.2582;4.549945;-2616.872
66505;298.8083;4.731187;-2614.57
66538;298.7647;5.992599;-2612.597
66589;296.4588;5.50664;-2608.93
66606;295.4821;5.716506;-2606.258
66639;294.7056;6.791096;-2603.054
66673;293.884;7.420129;-2600.207
66707;293.6979;8.198331;-2598.972
66740;292.8228;9.833958;-2597.098
66774;291.8784;9.861227;-2596.171
66842;291.1706;10.62361;-2595.342
66892;290.7628;10.99872;-2594.064
66942;290.4669;11.87114;-2592.606
66998;290.4206;12.27459;-2591.892
67047;290.4918;13.03992;-2591.387
67103;291.2255;14.78812;-2591.531
67148;291.6886;15.8585;-2592.133
67186;292.7303;16.59238;-2594.04
67244;293.2472;16.83156;-2594.76
67275;292.9737;16.21613;-2596.943
67308;292.7773;15.8384;-2598.033
67342;292.5474;13.9086;-2599.39
67376;291.8405;13.27526;-2599.087
67409;292.6818;12.31839;-2599.157
67443;294.054;12.8226;-2598.922
67477;295.3214;12.81345;-2597.896
67510;296.2016;12.77732;-2595.025
67544;298.5378;12.85838;-2590.885
67578;300.8849;13.36342;-2587.301
67611;304.2405;13.76245;-2586.347
67664;304.9653;13.65978;-2584.977
67679;306.6069;13.49147;-2582.872
67713;309.5948;14.14771;-2581.049
67746;313.1612;14.82696;-2579.204
67780;316.675;16.25485;-2577.056
67814;318.1891;17.08185;-2573.867
67848;320.4086;17.61735;-2573.603
67869;320.6276;17.44156;-2572.883
67915;321.0056;17.67868;-2573.174
67949;321.0376;17.58786;-2573.202
67975;320.935;17.25203;-2573.674
68018;321.5243;16.60801;-2576.854
68035;320.5091;15.89968;-2579.938
68071;317.5153;15.60307;-2585.2
68136;311.1524;14.41994;-2594.623
68173;310.2514;14.82293;-2596.854
68220;307.2114;14.46401;-2600.24
68237;305.8476;12.1159;-2602.979
68271;305.2601;12.01341;-2603.488
68305;304.2748;11.83967;-2604.267
68344;301.3908;10.48934;-2604.128
68406;300.2677;9.687448;-2603.911
68481;296.7001;8.336434;-2602.645
68490;295.3674;7.462315;-2601.92
68507;293.1786;6.640583;-2601.074
68541;292.0872;6.584947;-2600.264
68575;292.0605;6.677492;-2599.838
68609;290.8361;7.05406;-2598.658
68669;290.6058;7.252529;-2598.262
68678;290.4415;7.357785;-2597.756
68712;290.2695;7.327547;-2597.48
68746;289.6121;8.27161;-2597.241
68779;288.6504;8.8673;-2597.703
68813;286.8621;9.333545;-2597.79
68847;285.6787;9.407182;-2597.436
68881;285.2997;9.680123;-2597.849
68915;284.9291;10.22712;-2597.886
68948;284.612;10.69;-2597.613
68982;284.7663;10.81036;-2597.753
69006;284.8376;11.44284;-2597.972
69057;284.9122;11.35877;-2598.087
69074;285.5329;10.64041;-2598.885
69107;285.7723;10.26442;-2599.301
69141;286.9761;9.037667;-2600.29
69191;288.7977;7.568478;-2601.445
69225;288.8668;6.235344;-2601.513
69272;289.2129;3.878324;-2602.246
69289;289.9336;0.3729709;-2603.89
69313;291.0292;-0.429147;-2604.614
69339;291.3127;-0.5228761;-2604.864
69373;291.6697;-0.5932125;-2605.138
69407;293.7106;-0.5884007;-2606.28
69440;294.1618;-0.7321485;-2606.521
69474;298.3794;-0.009658397;-2608.691
69541;302.3004;2.228567;-2609.812
69575;306.1732;4.21712;-2609.29
69609;310.9489;4.628642;-2607.867
69642;313.6641;4.56715;-2606.655
69676;320.5149;7.582923;-2603.771
69710;324.6214;7.401184;-2602.988
69730;332.3568;7.590287;-2604.242
69780;333.1615;7.721426;-2604.278
69814;335.0505;7.868442;-2604.011
69851;335.92;8.070348;-2604.066
69868;336.677;8.478014;-2604.071
69902;337.2759;9.760761;-2604.025
69952;337.5308;9.725749;-2604.453
69969;337.6275;10.31496;-2605.104
70020;337.5308;11.42331;-2606.565
70053;336.9557;12.39419;-2608.948
70088;336.3233;12.95187;-2610.742
70107;332.5971;13.5785;-2615.831
70138;331.1469;13.59713;-2618.278
70188;330.0103;14.63396;-2621.309
70222;328.9295;14.1498;-2623.541
70239;326.1291;12.9426;-2626.272
70279;320.1177;10.14655;-2628.678
70327;318.5383;8.161513;-2630.764
70343;314.8309;5.935597;-2632.169
70377;311.9266;4.251745;-2632.312
70411;305.9476;3.51288;-2635.344
70445;303.3622;4.25167;-2637.393
70478;302.5225;5.503023;-2638.11
70512;301.894;5.616213;-2637.732
70546;301.9326;5.349658;-2636.396
70580;301.3386;5.589021;-2636.11
70614;300.6351;5.479444;-2635.474
70648;300.2237;5.465382;-2635.057
70681;300.5329;6.437436;-2634.969
70716;300.636;8.059516;-2634.431
70766;300.0381;8.207627;-2633.869
70783;298.622;9.023884;-2633.799
70816;297.6441;9.544839;-2634.071
70850;297.2292;10.53044;-2634.923
70884;296.2656;10.83277;-2634.602
70917;296.1757;11.09864;-2635.04
70951;295.3312;10.67515;-2634.718
70987;294.9015;10.90168;-2634.789
71019;295.0239;11.28878;-2634.745
71048;295.2509;11.49384;-2634.462
71081;296.3356;11.51341;-2634.691
71115;296.5979;11.17389;-2634.604
71149;297.4161;10.79723;-2634.08
71183;296.7567;10.81999;-2632.732
71206;297.5262;10.3442;-2631.737
71250;298.4959;10.07947;-2631.005
71284;299.3221;9.903339;-2630.195
71317;299.8857;9.763066;-2629.459
71336;300.1011;9.594071;-2629.286
71385;302.1919;9.593704;-2628.746
71418;303.6357;9.464585;-2628.421
71436;304.2781;9.59008;-2627.781
71486;304.2154;8.572732;-2623.259
71520;307.6857;9.500193;-2617.654
71537;309.0432;10.47373;-2616.973
71587;312.1282;10.64667;-2613.845
71604;314.1328;11.36377;-2612.045
71637;318.624;12.28709;-2606.659
71671;321.9815;12.11837;-2604.507
71705;325.9439;13.09369;-2601.847
71755;328.7214;14.78665;-2599.913
71772;331.4132;15.78694;-2597.663
71806;334.4883;17.39426;-2595.347
71840;335.9319;17.43367;-2592.982
71873;336.6925;16.5389;-2588.386
71907;337.3885;16.10772;-2587.693
71941;337.454;15.91421;-2587.33
71974;337.6929;16.05723;-2587.522
72008;337.9472;16.441;-2588.703
72042;337.7043;16.97363;-2589.73
72079;337.1709;17.45386;-2591.681
72109;335.395;16.88019;-2595.779
72143;331.3583;16.9561;-2601.948
72177;327.868;16.10789;-2605.201
72211;324.4394;14.69943;-2609.723
72244;318.588;15.50052;-2616.267
72278;314.9632;14.93764;-2617.508
72311;312.1336;13.55534;-2618.656
72363;309.9609;13.08881;-2620.311
72391;306.8087;12.98938;-2622.071
72423;297.2375;13.8387;-2621.341
72440;295.8044;13.69198;-2622.177
72476;292.8866;13.33003;-2622.486
72508;291.9869;13.49997;-2622.182
72558;291.6245;14.58339;-2621.186
72575;291.3594;15.29301;-2621.272
72609;292.7237;17.5212;-2621.554
72642;291.9377;18.00691;-2620.008
72676;291.4822;20.05444;-2619.16
72707;290.0267;20.72634;-2617.194
72775;286.3466;22.84087;-2611.983
72892;285.0715;23.71715;-2608.775
72945;283.9603;24.28291;-2605.899
72978;283.5634;23.85684;-2604.479
73011;283.3482;23.21389;-2603.339
73044;283.8188;21.5889;-2601.985
73078;283.6951;20.79391;-2600.838
73112;283.8903;20.3604;-2600.3
73163;284.5422;20.1923;-2600.854
73179;285.3215;19.74637;-2601.375
73213;286.578;18.8128;-2602.786
73247;287.1575;18.49251;-2603.874
73280;287.171;17.42549;-2604.38
73314;288.3715;15.92043;-2606.137
73348;288.0497;15.11832;-2606.37
73381;288.0651;13.97565;-2607.228
73415;288.1087;13.86712;-2607.29
73449;288.4224;13.77083;-2607.465
73482;289.4827;13.72416;-2607.602
73516;292.3052;14.4499;-2608.261
73550;296.4115;14.993;-2609.207
73584;300.2105;16.12349;-2605.235
73617;304.4232;19.10953;-2603.206
73651;310.3858;20.19699;-2602.3
73685;316.2492;22.16947;-2599.943
73718;317.9118;22.47658;-2599.885
73738;318.581;22.66025;-2598.347
73786;319.0262;22.48158;-2596.924
73890;319.2346;23.04481;-2596.661
73924;319.303;23.34122;-2596.915
73941;319.3166;23.61899;-2597.76
73974;320.6252;23.49542;-2601.066
74008;321.1711;22.67896;-2603.317
74042;319.0579;22.12045;-2606.712
74076;317.9631;22.36927;-2612.691
74110;315.8185;21.39394;-2615.002
74143;311.3238;19.71408;-2619.857
74194;305.5922;18.22083;-2622.221
74210;303.8157;18.29581;-2623.708
74244;301.0641;17.73712;-2626.038
74315;299.522;16.6968;-2628.563
74349;296.9489;15.79291;-2628.09
74414;293.0099;14.7155;-2627.692
74448;292.8231;14.65938;-2627.291
74482;292.2973;14.35108;-2626.315
74515;291.952;14.14884;-2624.755
74549;291.5582;14.62816;-2623.331
74583;291.7235;15.26188;-2622.09
74616;292.0828;15.75508;-2620.699
74652;292.0524;15.92385;-2618.291
74685;291.9401;16.01873;-2617.603
74719;290.87;16.53453;-2617.099
74752;290.3063;16.62865;-2616.856
74786;289.9014;17.2473;-2616.378
74822;289.3769;18.03424;-2616.208
74870;289.6811;19.42483;-2617.193
74925;288.7215;19.51695;-2616.511
74942;287.7199;19.89204;-2615.448
74976;287.7606;19.99614;-2615.069
75010;288.0404;20.21662;-2614.384
75060;288.8315;20.4739;-2613.392
75077;290.2202;20.19108;-2612.496
75111;291.0335;20.46873;-2611.591
75144;292.683;19.67807;-2609.419
75178;294.3954;19.66781;-2610.259
75212;295.5062;18.93426;-2610.242
75245;296.01;18.5047;-2607.882
75279;298.1622;18.83821;-2606.128
75313;299.2975;16.50504;-2601.54
75347;298.4484;13.64819;-2594.433
75380;300.2361;12.98908;-2593.589
75414;303.5049;12.45719;-2591.699
75448;306.665;13.42697;-2586.125
75471;310.0985;13.65854;-2584.028
75515;316.0172;15.56654;-2580.643
75549;324.2739;16.76246;-2577.365
75582;328.4671;15.92673;-2572.7
75617;331.6451;15.70647;-2566.62
75650;334.9901;16.94454;-2562.0
75711;346.2614;19.52689;-2555.923
75793;354.0866;20.17171;-2546.317
75842;368.118;21.98604;-2534.525
75888;371.5846;19.48188;-2530.679
75916;375.4617;21.53075;-2526.056
75949;378.9976;20.98387;-2524.681
76000;383.0236;22.70488;-2519.505
76016;389.1291;22.61193;-2518.328
76050;393.5618;21.45316;-2516.833
76084;397.963;21.98687;-2513.983
76117;400.5127;21.38202;-2512.043
76151;405.3376;22.20022;-2510.861
76185;406.7737;22.26342;-2510.666
76219;408.7932;20.78866;-2508.675
76235;409.3369;20.809;-2507.976
76286;413.026;21.31753;-2504.673
76320;414.0996;21.45611;-2501.595
76384;419.9845;23.53704;-2496.265
76467;423.3818;25.38283;-2487.789
76484;424.4375;26.75903;-2482.189
76517;428.3766;26.9466;-2477.854
76551;430.1459;27.49143;-2472.665
76585;431.7621;28.31704;-2468.051
76614;433.6559;29.56569;-2461.586
76682;433.2667;30.24774;-2449.213
76725;436.1446;30.25131;-2433.261
76761;434.6648;30.91491;-2423.058
76829;434.6446;32.12746;-2405.71
76863;434.8972;30.77351;-2385.634
76914;436.9324;36.07749;-2369.127
76947;438.7148;39.71059;-2364.366
76981;439.8423;45.09042;-2354.031
77021;443.951;49.86672;-2346.413
77043;445.5147;52.0298;-2339.42
77088;447.5925;54.93113;-2329.031
77176;462.9915;62.27971;-2313.87
77192;467.1688;64.23926;-2310.256
77218;476.0675;68.71503;-2302.104
77235;481.0891;72.51678;-2300.288
77275;487.0392;74.69041;-2294.555
77310;500.3773;77.07927;-2289.488
77469;539.7404;77.87846;-2279.118
77517;551.0733;77.66534;-2276.4
77584;556.0366;77.1717;-2271.508
77630;558.9611;77.87013;-2268.391
77681;562.5616;79.99329;-2261.023
77714;564.9152;81.40906;-2252.387
77748;564.6771;84.5059;-2242.065
77782;563.9007;83.18198;-2234.98
77816;561.949;83.48354;-2225.671
77849;557.0725;85.11134;-2216.848
77883;551.121;84.75195;-2204.683
77916;542.2358;83.67141;-2194.188
77950;530.4778;85.17044;-2178.924
77984;521.3387;86.2572;-2167.622
78004;510.2654;88.21275;-2153.081
78051;484.322;86.83336;-2123.606
78085;476.5168;88.07315;-2115.973
78119;465.1709;92.41217;-2097.269
78152;450.8236;97.52914;-2083.215
78186;432.2786;100.9189;-2061.597
78220;418.4208;106.1717;-2043.345
78253;405.7883;106.5958;-2029.122
78287;377.5273;112.3471;-2000.714
78321;368.1986;116.0619;-1990.354
78355;360.1894;121.9891;-1978.816
78388;344.8452;126.25;-1961.188
78422;336.1896;129.1858;-1948.269
78456;329.0621;133.6996;-1933.738
78515;310.3686;143.0343;-1900.901
78549;297.7653;147.9627;-1883.561
78583;294.9196;150.877;-1874.452
78617;289.6839;156.2079;-1857.124
78650;284.8447;161.3307;-1840.51
78684;276.2327;167.2284;-1818.197
78718;275.3178;171.8481;-1802.303
78805;272.8467;186.9423;-1750.108
78856;271.8799;189.0541;-1738.436
78889;273.797;203.2443;-1673.65
78923;274.7507;208.113;-1660.225
78957;280.6098;219.5686;-1630.044
78990;283.7695;226.3379;-1615.57
79024;286.8824;234.2882;-1596.64
79058;288.7235;241.8989;-1577.497
79091;291.2401;247.4702;-1559.482
79127;292.3777;253.8788;-1543.633
79161;294.5056;261.6239;-1528.398
79183;296.6317;268.7948;-1514.491
79217;296.5178;274.8696;-1498.09
79250;296.1743;278.485;-1482.203
79284;297.1532;285.3032;-1467.865
79319;295.6761;290.364;-1447.986
79352;295.7972;293.2719;-1432.491
79573;294.2794;297.8268;-1389.231
79606;292.2587;299.5557;-1309.984
79622;286.6948;302.681;-1258.862
79656;283.1394;303.156;-1244.164
79674;277.0543;307.0934;-1210.203
79689;270.2117;315.5201;-1192.037
79723;259.369;324.8503;-1159.735
79756;253.1226;330.3605;-1136.245
79790;250.805;335.2411;-1110.354
79824;252.0499;340.0352;-1091.057
79857;252.6865;346.0215;-1070.64
79891;257.8446;349.4897;-1047.214
79925;252.7271;357.7765;-1028.176
79942;234.8589;367.0097;-1018.647
79975;175.6821;371.0354;-1018.704
80009;163.4404;334.3121;-974.2325
80060;304.3467;342.1954;-911.5623
80076;130.4826;172.1132;-896.0687
80127;130.2823;173.0051;-891.3535
80148;130.2823;173.0051;-891.3535
80689;185.9848;72.33453;-2376.432
80710;174.3977;69.53622;-2382.497
80739;154.5984;66.20895;-2396.383
80773;138.5767;61.77353;-2403.701
80823;113.269;56.57484;-2418.306
80840;100.2731;55.34406;-2424.659
80874;79.3054;52.1766;-2431.724
80908;64.74052;52.8241;-2439.773
80941;45.42462;43.83355;-2446.663
80975;37.73483;42.29603;-2449.625
81009;26.40337;39.09963;-2457.392
81042;17.10355;34.98327;-2460.631
81076;8.051413;31.56147;-2466.081
81110;4.764263;31.20654;-2468.726
81143;-4.301775;28.04553;-2471.47
81177;-9.902882;23.97019;-2474.307
81211;-10.54259;24.97373;-2476.209
81247;-10.97647;25.31163;-2477.669
81281;-11.78456;24.61194;-2478.169
81315;-11.46195;24.19767;-2478.955
81348;-11.12396;23.88473;-2480.5
81382;-8.802428;24.59977;-2482.989
81416;-4.932817;26.18343;-2485.695
81449;-1.504953;27.70219;-2485.51
81483;0.9790869;28.30094;-2484.775
81517;9.124097;27.38518;-2485.917
81550;15.06117;27.95041;-2484.91
81584;30.37173;33.0191;-2485.831
81618;38.69794;33.34896;-2482.45
81652;45.40302;35.12178;-2482.207
81685;57.24842;35.24057;-2478.121
81702;74.72717;37.93766;-2475.291
81742;86.64581;38.80559;-2471.817
81770;94.68213;39.40829;-2470.878
81809;109.995;42.03563;-2468.337
81837;121.0072;42.47115;-2466.831
81888;133.4916;49.9952;-2462.777
81914;144.0693;52.67897;-2457.229
81949;154.5243;54.7528;-2452.295
81983;161.5013;54.87598;-2445.053
82017;169.7799;57.34769;-2436.496
82050;178.0614;59.73142;-2425.385
82084;186.8551;63.41463;-2419.257
82118;190.6046;65.55573;-2412.729
82142;190.8278;65.83777;-2408.335
82482;190.6762;67.44178;-2403.185
82533;153.5744;86.72984;-2313.728
82601;154.119;89.11863;-2310.915
82637;162.278;97.22533;-2298.23
82685;163.2389;97.82761;-2294.779
82718;168.1356;100.1351;-2291.17
82735;176.9253;103.6376;-2284.296
82786;194.0069;106.3838;-2275.375
82819;202.9883;108.4341;-2269.38
82838;215.183;109.0112;-2261.089
82887;231.5455;112.4485;-2254.805
82920;247.7074;113.9442;-2242.731
82954;273.0429;113.5442;-2234.925
82988;286.527;118.7647;-2227.483
83009;305.181;120.8961;-2216.025
83055;324.633;124.2778;-2208.364
83089;339.9629;133.7352;-2197.691
83123;361.3014;144.0673;-2188.786
83156;368.9233;149.728;-2183.398
83190;386.9882;158.5222;-2174.627
83215;397.6448;164.5927;-2169.71
