
1;84.91849;-232.8436;-2315.264
46;82.03879;-232.9026;-2315.062
79;78.46934;-234.071;-2314.579
97;76.31884;-235.2899;-2313.951
130;74.6805;-236.9408;-2312.85
165;73.98951;-238.3733;-2311.809
232;67.25216;-238.0423;-2304.727
265;68.30128;-242.265;-2297.644
299;68.69149;-242.2283;-2298.024
332;63.61598;-250.8373;-2293.894
366;59.15927;-267.3578;-2288.476
399;57.11903;-274.6186;-2287.512
433;54.04515;-241.9697;-2302.454
501;55.80276;-243.6795;-2303.301
569;55.85636;-245.9034;-2303.164
790;68.8603;-248.6775;-2298.073
806;71.82114;-247.8475;-2292.92
839;76.01579;-247.963;-2286.389
873;80.99008;-247.6914;-2276.903
907;83.26022;-247.3078;-2268.838
931;83.7681;-246.4148;-2262.755
994;90.27193;-244.1022;-2246.588
1011;94.77173;-242.876;-2236.492
1045;94.18045;-243.2923;-2227.273
1078;97.25087;-242.0503;-2216.955
1112;104.9823;-239.181;-2199.344
1129;113.348;-239.5237;-2178.342
1179;121.3898;-235.2338;-2164.705
1197;137.091;-231.2948;-2142.189
1233;147.4472;-230.994;-2122.246
1265;158.6111;-229.3299;-2099.039
1308;174.8038;-226.8389;-2067.334
1385;210.708;-217.127;-2007.871
1480;259.0783;-189.5624;-1933.772
1509;281.3788;-174.8517;-1902.262
1569;311.5359;-157.6552;-1846.733
1831;318.7332;-152.098;-1833.479
1880;382.4539;-88.17062;-1658.117
1914;384.2091;-85.77754;-1646.572
1931;387.894;-83.73158;-1618.515
1981;390.9073;-79.39449;-1593.513
2000;393.4587;-77.31103;-1565.458
2050;396.3346;-75.47269;-1538.459
2094;401.3294;-75.04547;-1511.835
2145;413.0204;-63.76482;-1453.424
2178;415.3345;-63.12584;-1444.219
2199;419.8488;-58.81586;-1427.193
2246;425.4676;-54.32818;-1414.147
2281;430.5141;-48.95697;-1399.761
2342;436.4952;-45.22558;-1389.165
2360;440.2188;-39.2945;-1379.178
2376;442.4423;-36.04022;-1370.087
2444;450.0037;-30.9574;-1359.264
2464;449.5121;-31.14015;-1357.835
2477;453.0486;-29.63698;-1354.489
2511;458.3235;-27.08611;-1351.716
2530;466.541;-23.84759;-1349.197
2578;477.7786;-21.81355;-1350.037
2612;497.0422;-20.27295;-1361.099
2645;523.3038;-14.59479;-1383.639
2679;547.0496;-18.51866;-1394.189
2713;587.3384;5.900214;-1425.021
2730;618.1851;-2.143249;-1446.139
2769;638.8267;-20.5381;-1435.713
2797;681.3113;-31.2324;-1428.12
2848;687.7723;-37.24058;-1420.244
2881;706.3866;-21.36455;-1434.095
2915;735.3783;30.00383;-1464.527
2932;758.3826;71.51722;-1433.099
2966;758.6244;133.6911;-1444.716
2999;758.6244;133.6911;-1444.716
3033;758.6244;133.6911;-1444.716
3067;758.6244;133.6911;-1444.716
3100;758.6244;133.6911;-1444.716
3172;758.6244;133.6911;-1444.716
3238;388.5446;362.8001;-975.1303
3272;556.3543;33.34486;-1238.005
3306;441.7141;328.1786;-1080.721
3340;530.7153;139.0636;-1213.144
3373;457.2139;334.0398;-1112.55
3407;438.4913;304.63;-1124.439
3441;445.3884;302.6413;-1116.799
3480;445.3884;302.6413;-1116.799
3500;381.9622;326.5474;-976.8748
3539;381.9622;326.5474;-976.8748
17911;351.5225;-273.4916;-2238.536
17945;350.665;-274.9286;-2245.119
18001;346.1769;-277.2896;-2253.362
18064;347.7023;-285.8034;-2268.754
18081;347.5612;-285.9612;-2273.074
18099;349.1396;-289.9658;-2280.228
18138;350.8806;-288.6875;-2287.183
18202;360.2285;-291.2256;-2301.791
18233;364.1205;-290.9434;-2307.873
18284;368.8166;-292.524;-2315.557
18305;373.6696;-293.4358;-2323.611
18349;378.4113;-294.9358;-2331.668
18383;385.2992;-297.65;-2339.513
18399;392.1376;-300.4128;-2346.022
18441;395.1447;-300.7437;-2350.306
18476;401.2897;-301.3805;-2357.551
18508;404.3853;-302.2873;-2363.869
18542;406.0628;-302.7472;-2370.277
18576;408.8876;-303.7184;-2375.904
18610;411.062;-303.8707;-2382.797
18643;412.0898;-304.821;-2388.219
18677;412.7637;-306.0818;-2394.492
18711;411.332;-307.27;-2401.372
18744;411.8861;-308.5808;-2408.159
18778;412.3164;-310.3748;-2415.856
18831;411.3176;-311.3393;-2423.08
18867;407.6423;-316.2483;-2440.213
18913;403.2561;-318.1007;-2449.219
18964;401.4352;-320.3581;-2455.952
18980;397.7649;-322.2212;-2466.141
19014;395.4171;-326.6726;-2475.684
19033;393.832;-327.4637;-2483.973
19082;392.769;-328.9193;-2491.63
19114;390.2124;-330.8434;-2498.404
19146;389.1869;-332.6123;-2502.26
19180;386.3352;-335.2544;-2506.894
19213;384.3857;-336.508;-2510.363
19247;385.2996;-337.2752;-2512.098
19266;385.4048;-337.8656;-2512.875
19314;385.3772;-338.7044;-2513.966
19348;385.7391;-338.6328;-2514.679
19365;388.1377;-337.7423;-2515.817
19400;388.8884;-337.5492;-2516.309
19432;390.0186;-337.2265;-2516.532
19467;391.756;-336.44;-2516.286
19500;392.8584;-336.5779;-2516.079
19534;395.1128;-336.1264;-2516.332
19584;396.2062;-335.5649;-2516.532
19618;398.0685;-335.3882;-2516.717
19682;400.5388;-334.8265;-2517.014
19723;400.901;-334.8781;-2517.075
19756;401.3506;-334.9368;-2517.24
19916;395.0139;-330.2826;-2529.904
19984;383.9916;-330.9101;-2538.532
20017;378.8738;-332.3153;-2542.49
20039;372.0928;-335.2002;-2546.984
20068;368.5531;-338.0088;-2549.081
20102;363.332;-341.2872;-2551.973
20135;360.3429;-342.676;-2554.21
20169;357.0898;-344.6377;-2555.81
20203;354.5245;-347.8972;-2556.423
20236;352.0284;-350.3542;-2557.011
20278;350.3157;-350.7232;-2557.429
20302;349.0649;-351.2674;-2557.728
20336;347.9085;-351.7002;-2557.838
20369;347.1884;-351.9657;-2557.92
20404;346.7953;-352.1859;-2557.574
20438;346.6045;-351.5963;-2557.361
20472;346.3624;-351.5653;-2557.125
20506;346.3212;-350.7528;-2556.315
20566;346.4824;-350.7945;-2554.991
20579;346.3525;-349.8462;-2553.305
20613;347.1604;-349.0219;-2550.439
20647;347.6735;-348.6295;-2548.607
20697;348.2015;-347.7387;-2546.861
20731;348.9532;-347.642;-2544.998
20770;349.8354;-347.0268;-2542.119
20807;351.0039;-346.3221;-2539.638
20841;351.6996;-344.3184;-2535.723
20892;351.8116;-343.1116;-2533.588
20909;351.9784;-342.6534;-2532.022
20942;351.9996;-341.8979;-2531.077
20976;352.254;-342.2229;-2529.926
21010;352.6791;-342.5217;-2529.13
21043;352.9422;-343.4057;-2528.367
21077;352.7604;-343.443;-2527.616
21094;351.3789;-337.871;-2526.955
21144;351.2755;-337.163;-2526.488
21179;350.9767;-336.2039;-2525.984
21214;350.8097;-335.7973;-2525.921
21256;350.4929;-335.6351;-2525.837
21272;349.9932;-335.5034;-2525.783
21306;349.3076;-335.6261;-2525.798
21340;348.6153;-335.5688;-2526.439
21375;348.0039;-335.8292;-2527.041
21407;347.1808;-335.8684;-2527.9
21441;346.3232;-336.0973;-2528.46
21474;345.8729;-336.3133;-2528.846
21508;343.8616;-336.3133;-2530.649
21542;342.1933;-336.5911;-2532.573
21575;340.6873;-336.7626;-2533.864
21622;338.628;-337.4396;-2535.698
21644;338.1185;-337.9942;-2536.04
21679;336.9849;-338.1835;-2536.973
21731;335.4445;-338.6671;-2537.924
21790;328.5036;-340.9913;-2542.626
22202;333.9013;-347.173;-2537.664
22251;334.2314;-347.1013;-2537.802
22269;336.5379;-345.3819;-2537.401
22319;338.4323;-346.2699;-2536.45
22354;340.0054;-345.7078;-2536.447
22403;342.5359;-344.5605;-2536.016
22446;347.3159;-343.9767;-2535.056
22484;352.9686;-342.1895;-2535.302
22503;354.0145;-341.2276;-2536.161
22581;360.4498;-339.0165;-2537.065
22614;361.2057;-339.1136;-2537.116
22648;362.701;-338.7505;-2537.918
22682;365.6111;-337.9939;-2538.871
22716;368.4286;-337.2679;-2539.614
22749;369.7638;-336.8611;-2540.033
22786;371.3946;-336.8543;-2540.32
22810;373.8033;-335.6977;-2541.387
22843;374.4454;-335.9158;-2541.452
22877;376.3938;-335.1451;-2541.638
22911;377.2955;-333.9359;-2541.905
22944;378.5016;-331.6595;-2542.881
22980;377.6499;-329.0678;-2543.72
23013;377.3187;-326.0286;-2544.613
23030;377.5027;-323.4776;-2544.683
23074;379.5392;-321.8969;-2544.606
23118;379.9518;-320.1714;-2544.733
23168;379.2289;-319.1357;-2544.896
23185;379.3672;-317.764;-2545.109
23201;378.4933;-316.0212;-2545.221
23237;378.1919;-314.9453;-2545.276
23269;377.5549;-313.5224;-2545.35
23303;377.4587;-312.5203;-2545.062
23337;377.8636;-312.0037;-2544.985
23370;376.9935;-311.6344;-2544.458
23421;375.8585;-311.015;-2544.185
23471;374.5109;-310.0034;-2543.401
23504;373.4558;-309.3824;-2542.246
23597;372.6071;-309.8196;-2541.469
23714;367.6484;-312.7555;-2535.933
23764;366.4424;-313.6266;-2532.557
23807;366.3385;-314.4387;-2527.646
23840;366.5615;-316.2812;-2524.073
23924;368.4932;-315.2123;-2520.443
23942;369.468;-315.6647;-2518.561
24045;370.2157;-318.248;-2513.851
24062;371.5165;-319.6545;-2511.908
24078;371.7593;-322.2251;-2508.647
24112;371.9498;-322.3175;-2508.019
24138;371.3981;-323.4164;-2506.143
24182;369.641;-326.6912;-2502.957
24216;368.9115;-327.7129;-2501.68
24249;368.3468;-328.3238;-2500.258
24279;365.4392;-328.6884;-2499.314
24313;363.2888;-331.2943;-2497.024
24332;362.383;-332.3759;-2495.9
24377;362.3501;-332.3238;-2495.541
24426;362.5064;-332.2819;-2495.444
24638;365.125;-331.5087;-2494.246
24656;366.5838;-332.588;-2493.22
24699;367.8585;-331.6681;-2493.005
24716;369.4746;-330.9893;-2492.584
24749;370.1609;-330.6676;-2492.552
24783;372.0478;-329.525;-2492.943
24817;374.2435;-329.0247;-2493.108
24834;376.0043;-328.1094;-2492.938
24872;376.4894;-327.9429;-2492.821
24902;378.4471;-327.1111;-2492.902
24953;378.9657;-326.7263;-2493.363
24970;378.7335;-326.906;-2493.617
25004;378.8781;-326.2545;-2493.986
25037;378.7876;-325.4409;-2494.177
25071;379.0952;-324.7506;-2494.492
25104;378.2564;-323.1962;-2495.268
25141;378.1766;-320.4163;-2496.405
25191;377.6256;-319.6094;-2497.355
25218;377.0934;-318.4592;-2497.881
25235;376.9299;-317.4262;-2498.502
25269;376.3976;-316.9555;-2498.774
25303;376.0515;-315.9591;-2499.113
25336;375.6413;-314.4868;-2499.436
25376;375.5781;-313.4306;-2499.476
25404;374.7508;-311.5374;-2499.549
25441;374.7422;-309.9789;-2499.892
25475;375.4436;-309.1694;-2500.129
25514;375.9894;-308.6228;-2500.173
25546;375.963;-308.0754;-2500.404
25568;376.0958;-307.6161;-2500.49
25601;376.0995;-307.2215;-2501.148
25635;376.541;-307.1126;-2501.463
25669;376.0272;-306.4453;-2501.528
25702;375.7525;-306.1354;-2501.898
25737;375.4303;-305.0348;-2502.13
25770;375.3928;-304.5938;-2502.335
25804;374.8564;-304.6976;-2502.759
25837;374.918;-304.3619;-2502.923
25871;374.4312;-304.4045;-2503.087
25926;374.1822;-304.5062;-2503.152
25942;373.7923;-304.9052;-2503.081
25994;373.38;-304.9946;-2503.201
26010;372.9222;-305.9037;-2503.362
26060;372.4769;-306.2496;-2503.598
26078;372.6565;-306.7477;-2503.407
26131;372.6947;-307.171;-2503.219
26144;376.7678;-309.073;-2501.966
26230;379.8374;-310.8325;-2500.69
26269;382.0447;-314.2632;-2499.594
26315;383.8858;-316.6192;-2498.328
26349;383.1417;-316.968;-2497.641
26433;382.9867;-318.4518;-2497.341
26466;381.835;-320.3694;-2496.842
26500;381.0225;-321.8062;-2496.468
26534;380.3199;-323.6785;-2495.476
26584;379.8181;-324.648;-2494.655
26635;378.8319;-325.4799;-2494.231
26669;378.495;-326.7304;-2493.437
26707;377.7177;-327.4841;-2493.283
26758;375.7669;-328.9004;-2493.332
26775;375.4148;-329.2397;-2493.293
26808;375.3586;-328.8817;-2493.169
26842;374.8093;-328.5918;-2493.393
26876;374.9535;-328.5986;-2493.302
26909;375.6584;-328.6451;-2492.798
26961;376.1254;-328.8261;-2492.478
26977;377.2014;-328.827;-2491.987
27029;377.8366;-328.6905;-2491.628
27044;378.7014;-328.7985;-2491.395
27078;379.828;-329.3053;-2490.854
27112;379.9246;-329.3909;-2490.702
27145;381.6305;-328.8056;-2490.032
27179;383.5448;-328.4152;-2489.714
27213;383.9596;-327.8883;-2489.713
27237;384.4774;-327.6381;-2489.66
27265;384.5484;-327.1783;-2489.93
27345;385.156;-327.3557;-2490.204
27386;385.3799;-327.2402;-2490.302
27545;386.7088;-325.5366;-2491.473
27561;386.6812;-321.1189;-2493.42
27595;387.1083;-318.2171;-2493.713
27632;387.1893;-316.1084;-2494.221
27679;386.6194;-313.8829;-2494.876
27698;386.4262;-313.1357;-2495.064
27731;386.7858;-312.3345;-2495.429
27748;386.576;-311.2244;-2495.7
27771;386.4214;-310.26;-2496.189
27818;386.331;-309.629;-2497.045
27835;385.8353;-309.0263;-2497.697
27870;385.4459;-308.5939;-2498.133
27902;384.5553;-308.6117;-2500.106
27945;381.4308;-307.4591;-2501.632
27972;380.5525;-307.098;-2502.413
28005;380.2426;-307.2313;-2503.094
28039;379.0266;-307.9624;-2504.6
28060;376.7984;-308.4523;-2505.931
28106;376.2888;-308.5334;-2506.423
28140;374.9262;-309.0697;-2507.375
28231;374.3718;-309.6029;-2507.746
28246;373.9821;-309.7999;-2507.978
28289;373.7302;-310.1475;-2508.251
28367;373.431;-310.2095;-2508.362
28417;374.0066;-310.8568;-2508.167
28440;373.8472;-311.2715;-2508.111
28474;373.5238;-311.4516;-2507.906
28507;373.3382;-312.2748;-2507.084
28541;373.6876;-313.0384;-2506.317
28575;373.4704;-313.4757;-2505.721
28609;375.4813;-316.2858;-2503.75
28694;377.4329;-317.9317;-2502.579
28758;378.9786;-318.1855;-2501.725
28782;379.723;-318.8392;-2500.884
28810;377.7278;-320.7051;-2500.471
28862;377.0856;-321.2526;-2499.69
28895;377.3565;-321.9434;-2498.236
28912;378.7604;-325.3053;-2495.965
28946;378.2513;-326.2678;-2495.082
29016;379.9249;-326.7163;-2493.93
29233;381.4918;-325.9625;-2491.958
29282;381.5327;-326.3671;-2492.041
29300;381.2538;-327.1499;-2491.914
29333;382.1834;-327.9247;-2491.397
29383;383.4279;-327.8646;-2490.87
29402;385.4168;-327.602;-2490.22
29434;387.4626;-327.303;-2490.091
29484;389.1115;-326.9459;-2490.088
29535;389.8387;-326.8109;-2490.058
29552;391.2636;-326.4769;-2490.398
29578;393.3188;-326.2591;-2491.209
29633;394.7256;-326.9435;-2491.348
29686;396.0103;-327.2281;-2491.716
29718;399.4902;-327.4162;-2493.956
29757;399.9539;-327.5974;-2494.93
29787;400.4993;-327.7677;-2495.451
29803;402.0888;-327.7588;-2496.628
29855;402.5225;-327.8483;-2497.234
29888;403.5681;-327.549;-2498.541
29904;403.3413;-327.7658;-2499.891
29938;403.0434;-327.3378;-2501.541
30000;402.567;-327.2352;-2502.161
30023;402.1576;-327.0075;-2502.364
30066;401.7419;-326.471;-2502.823
30083;401.5626;-326.2552;-2503.026
30116;400.3438;-321.6841;-2504.661
30181;398.0322;-318.3008;-2506.722
30212;397.7109;-316.568;-2507.173
30246;396.0836;-314.5689;-2507.764
30279;395.9312;-313.6442;-2508.147
30313;395.9168;-312.6036;-2508.566
30347;396.1383;-312.1197;-2508.949
30384;396.0476;-311.6349;-2509.261
30405;395.7286;-311.5355;-2509.974
30439;395.7807;-311.3714;-2510.082
30473;394.559;-309.9642;-2510.439
30524;393.5208;-309.3878;-2510.614
30558;393.5203;-309.3148;-2510.655
30574;393.2253;-309.0797;-2510.738
30608;393.0228;-308.9496;-2510.82
30675;392.0642;-308.1355;-2510.637
30723;390.9172;-308.4157;-2510.439
30739;390.829;-308.4642;-2510.105
30773;389.774;-308.0707;-2509.693
30807;389.533;-308.4283;-2509.079
30841;390.2043;-308.7822;-2508.448
30875;390.0495;-309.2951;-2507.752
30908;389.9631;-309.6769;-2506.874
30942;389.8653;-310.1464;-2506.418
30975;389.6065;-310.5427;-2506.061
31009;389.9687;-311.588;-2504.253
31043;389.5233;-312.6757;-2503.099
31076;389.3296;-313.5894;-2502.348
31110;389.6421;-314.3228;-2502.126
31147;389.7254;-315.985;-2501.766
31194;390.4297;-316.9549;-2501.115
31214;391.5332;-318.0517;-2500.345
31252;391.3207;-318.6654;-2499.941
31285;391.4977;-318.945;-2499.758
31319;392.1372;-320.044;-2499.511
31353;392.4185;-322.2768;-2499.279
31370;392.4661;-323.2691;-2498.716
31404;391.0588;-323.926;-2498.093
31437;390.6845;-324.2063;-2498.111
31471;390.1924;-324.4482;-2497.973
31504;391.285;-326.7661;-2497.668
31555;390.1452;-327.6343;-2497.096
31572;388.8448;-328.8317;-2497.536
31605;389.0756;-328.9445;-2497.728
31639;388.9574;-329.028;-2497.981
31690;388.8607;-329.091;-2498.216
31761;388.9162;-329.0505;-2498.661
31802;393.5654;-328.9734;-2499.466
31819;393.6339;-328.8244;-2499.703
31855;394.2315;-329.2066;-2500.117
31897;394.2954;-329.3913;-2500.292
32008;397.126;-329.0691;-2501.086
32072;398.4941;-329.2639;-2501.287
32129;401.9233;-329.1732;-2501.455
32179;403.4066;-331.2618;-2501.738
32422;412.9064;-328.8121;-2506.486
32460;412.8062;-328.3922;-2506.397
32477;412.1877;-327.4445;-2506.645
32494;411.907;-326.9564;-2506.799
32544;411.7509;-324.7713;-2506.326
32813;407.3848;-309.6909;-2505.176
32868;407.7531;-309.0084;-2505.048
32884;407.4301;-308.1976;-2504.995
32918;406.6041;-307.3618;-2505.035
32986;406.5545;-307.0222;-2505.055
33002;406.2063;-306.7083;-2505.173
33019;403.9112;-305.0791;-2505.694
33053;404.0251;-305.3585;-2505.786
33109;403.0321;-305.1877;-2506.187
33154;402.808;-306.554;-2505.818
33204;402.6386;-306.5508;-2505.787
33226;402.2191;-307.5377;-2505.401
33261;402.2903;-307.9606;-2505.025
33324;402.2798;-308.7753;-2504.589
33410;401.6104;-309.965;-2504.02
33488;403.9184;-317.0696;-2503.555
33657;402.7852;-326.522;-2502.919
33673;403.0564;-327.2744;-2502.37
33706;402.9378;-327.7811;-2501.927
33740;399.0726;-329.156;-2502.227
33791;399.0898;-329.0323;-2502.143
33808;399.0307;-328.7391;-2501.792
33852;396.0781;-328.3223;-2500.001
34120;391.5662;-328.4614;-2496.54
34186;392.012;-328.3972;-2495.756
34319;395.7299;-328.0487;-2491.154
34369;396.0812;-327.7703;-2490.575
34454;398.1845;-326.8168;-2488.593
34568;401.8345;-328.1525;-2485.98
34630;401.8834;-327.9634;-2485.463
35034;403.8208;-317.9178;-2479.372
35086;401.6645;-315.6472;-2479.309
35128;399.8759;-311.6091;-2479.797
35162;398.7221;-310.0468;-2480.252
35227;397.8175;-308.0529;-2480.855
35245;397.6749;-307.9859;-2480.898
35273;396.7547;-305.7205;-2482.322
35294;396.5192;-303.9423;-2483.366
35373;393.0839;-300.4761;-2486.295
35394;393.0753;-299.9198;-2486.766
35659;390.1118;-303.7257;-2494.539
35720;389.7876;-305.2027;-2495.232
35815;390.4721;-308.162;-2496.882
35832;390.4479;-308.7585;-2497.259
35908;391.5926;-310.0508;-2498.479
35941;391.8312;-310.7448;-2499.049
35990;393.1077;-313.6838;-2500.567
36129;393.2532;-321.3541;-2505.36
36205;392.3878;-323.8893;-2506.883
36264;393.4161;-326.7465;-2507.077
36313;393.8939;-327.5815;-2507.618
36360;393.9507;-329.0069;-2508.271
36687;387.6053;-334.5067;-2509.082
36714;387.5199;-334.7979;-2509.347
36747;388.0581;-335.2555;-2509.854
36781;388.14;-336.6887;-2511.011
36851;388.1334;-337.1687;-2511.934
36886;388.394;-337.9801;-2512.495
36905;387.3638;-338.4296;-2513.086
36953;387.5005;-339.0871;-2513.513
36971;387.2132;-339.8676;-2514.105
37004;387.0821;-340.5501;-2514.443
37038;387.3997;-340.6828;-2514.194
37072;388.2498;-339.4664;-2514.466
37105;388.5908;-339.9393;-2514.548
37166;389.0826;-340.0903;-2514.79
37178;388.9761;-339.0598;-2515.078
37212;389.6734;-338.5525;-2515.493
37309;391.7397;-335.4843;-2517.121
37349;394.3704;-331.1424;-2517.576
37399;395.7285;-327.0434;-2518.051
37450;395.8928;-325.3937;-2518.107
37483;396.0174;-324.7751;-2518.129
37500;396.2156;-324.3203;-2518.127
37551;395.8597;-323.6735;-2517.973
37573;395.9743;-321.8251;-2518.42
37624;395.7462;-321.7393;-2518.412
37658;395.5652;-321.5386;-2518.364
37692;395.2512;-319.7227;-2518.822
37709;394.742;-318.8702;-2519.075
37742;395.0276;-318.3468;-2519.582
37776;394.8192;-318.2197;-2519.798
37813;394.6463;-318.2199;-2519.842
37847;394.3968;-318.2471;-2519.882
37880;394.3279;-318.5476;-2519.818
37908;394.2015;-318.6157;-2519.929
37942;394.1179;-319.0008;-2520.329
37975;393.9428;-319.1907;-2520.461
38009;394.4763;-320.214;-2520.736
38049;395.4421;-321.5359;-2520.862
38082;395.4219;-323.0819;-2520.921
38118;396.4779;-327.437;-2521.141
38151;396.8477;-329.7105;-2521.213
38186;397.6936;-332.945;-2521.286
38219;397.8614;-335.5982;-2520.663
38254;398.3459;-338.0121;-2520.494
38312;397.7631;-340.2644;-2520.05
38456;397.7719;-341.0786;-2519.552
38481;397.6154;-341.6077;-2518.971
38611;396.0894;-341.592;-2516.06
38628;394.5709;-342.7993;-2514.182
38678;392.8717;-342.6195;-2511.984
38712;390.2342;-341.0876;-2510.424
38745;390.488;-340.6609;-2509.271
38779;390.0132;-340.0257;-2508.458
38803;389.7019;-339.2007;-2507.982
38847;389.3697;-338.5047;-2507.647
38881;389.4111;-338.2614;-2507.389
38914;389.0184;-338.0905;-2506.664
38948;389.0381;-337.596;-2506.266
38969;389.0807;-337.3976;-2505.78
39054;391.2195;-338.1179;-2503.946
39390;392.6823;-339.5001;-2503.094
39446;393.5782;-339.79;-2502.412
39509;394.4231;-340.0089;-2502.02
39577;396.052;-338.6653;-2500.674
39645;396.9043;-338.3147;-2500.02
40209;386.6539;-306.4466;-2496.632
40235;386.3334;-307.1111;-2496.707
40252;385.8769;-308.4444;-2496.516
40269;386.0773;-308.9142;-2496.809
40319;386.5739;-309.4499;-2496.85
40336;385.9081;-310.5703;-2496.701
40377;385.3729;-311.8703;-2496.771
40399;385.2917;-312.2133;-2496.836
40449;385.8252;-314.9715;-2496.451
40467;385.0487;-316.8397;-2497.391
40519;387.0812;-318.6319;-2497.984
40551;387.2016;-319.0147;-2498.376
40585;388.3156;-323.4367;-2498.787
40618;388.6079;-324.1507;-2499.303
40652;388.0802;-324.565;-2499.573
40679;388.5647;-325.8359;-2500.062
40708;389.514;-326.4087;-2500.237
40885;390.2263;-327.0953;-2500.303
40896;391.3545;-328.5348;-2500.638
40940;390.1742;-329.8307;-2499.019
41006;387.4425;-331.8533;-2496.027
41039;386.8427;-332.4748;-2495.224
41073;386.6474;-332.8988;-2494.8
41107;386.5756;-333.0907;-2494.488
41157;386.3107;-333.6431;-2494.204
41183;386.235;-333.6337;-2494.171
41217;385.9413;-333.8664;-2494.053
41234;386.0572;-333.7825;-2494.124
41268;386.1614;-333.7239;-2494.105
41318;386.9057;-334.3804;-2494.066
41352;387.1744;-334.719;-2493.846
41403;387.7208;-335.1286;-2493.772
41460;388.6525;-336.2426;-2493.639
41520;389.764;-336.8985;-2493.831
42003;399.0697;-331.8732;-2497.064
42038;400.4191;-330.0331;-2497.39
42069;401.0648;-328.7531;-2497.402
42103;402.5674;-324.3009;-2498.12
42137;403.4275;-320.9141;-2498.365
42170;404.0815;-314.7394;-2499.875
42205;403.9192;-313.6547;-2500.36
42279;403.3349;-310.7652;-2501.036
42346;402.8622;-308.682;-2501.375
42380;402.809;-308.1093;-2501.571
42437;402.6544;-308.1047;-2501.591
42454;402.5983;-307.3902;-2501.806
42476;402.6026;-307.3438;-2501.816
42513;402.6168;-307.6984;-2501.683
42547;402.7941;-308.627;-2501.135
42624;402.6626;-310.3397;-2500.15
42679;402.618;-311.248;-2499.866
42728;402.3453;-312.8635;-2498.745
42787;401.9319;-316.5161;-2497.321
42838;401.9439;-318.1656;-2496.821
43020;401.874;-327.0117;-2498.491
43053;401.3406;-328.543;-2498.529
43098;400.8639;-329.9393;-2498.186
43125;400.5354;-330.5285;-2498.399
43141;401.0144;-330.7842;-2498.083
43175;400.6996;-330.6275;-2497.822
43209;400.0132;-330.632;-2497.606
43259;399.7243;-330.4535;-2496.462
43294;399.3404;-330.5409;-2495.553
43348;398.4979;-330.819;-2492.714
43378;398.4681;-331.4796;-2491.004
43448;398.7466;-331.3668;-2490.688
43490;399.8165;-332.8064;-2489.674
43530;404.9937;-335.3864;-2488.769
43586;406.1197;-334.9432;-2488.54
43654;407.8366;-334.3186;-2488.891
43670;407.7206;-334.4046;-2488.879
43704;407.6816;-334.3864;-2489.023
43737;407.1939;-335.03;-2488.903
43771;407.3105;-337.4044;-2488.198
43805;407.4512;-337.6112;-2488.137
43839;407.304;-337.5314;-2488.192
43889;407.2688;-337.5561;-2488.296
43912;407.3568;-337.1115;-2488.983
43959;407.4621;-337.0258;-2489.695
44014;406.3611;-338.3819;-2491.823
44039;406.6182;-338.9622;-2492.148
44074;407.2143;-339.2395;-2492.436
44107;407.8959;-339.3693;-2492.447
44140;408.7547;-338.64;-2492.148
44174;408.9139;-338.2474;-2492.33
44208;408.9083;-336.0644;-2492.275
44241;408.7304;-335.4182;-2492.756
44275;407.9293;-335.1001;-2492.628
44309;407.8499;-334.1919;-2492.509
44343;406.893;-331.55;-2492.463
44376;406.3529;-328.3908;-2492.786
44410;406.3371;-324.7635;-2494.577
44463;406.0631;-320.6295;-2495.532
44480;404.7491;-317.8855;-2496.032
44549;403.0743;-312.8194;-2497.111
44619;401.7441;-311.5716;-2497.94
44636;402.7276;-309.2754;-2500.285
44693;401.9971;-309.5125;-2500.526
44710;400.9604;-309.7401;-2500.753
44748;400.1744;-309.9689;-2500.814
44787;398.9205;-310.8692;-2501.528
44821;398.7599;-311.1362;-2501.719
44838;398.6614;-311.1161;-2503.091
44896;398.0594;-312.1038;-2503.767
44910;397.5917;-312.5197;-2504.205
44944;397.6186;-313.5374;-2505.431
44977;397.1856;-315.2128;-2506.35
45011;397.0496;-316.858;-2506.982
45062;396.7286;-318.8311;-2507.828
45082;397.131;-320.6969;-2509.733
45100;396.8051;-323.8186;-2511.258
45146;395.7224;-326.4626;-2511.805
45189;395.9579;-329.7205;-2512.596
45216;396.2415;-329.7563;-2512.678
45250;396.1252;-331.2063;-2512.826
45284;396.1087;-332.2561;-2512.992
45317;395.5665;-333.7769;-2513.114
45339;395.4564;-334.6194;-2512.762
45368;395.4228;-334.5822;-2512.782
45402;394.7965;-334.2019;-2512.847
45524;393.8429;-335.0552;-2511.392
45553;392.9057;-335.7022;-2510.838
45594;392.6407;-335.0307;-2510.503
45635;393.1133;-334.2082;-2505.344
45689;390.5197;-334.7924;-2500.645
45739;388.0887;-335.7274;-2494.73
45773;387.8223;-335.2295;-2493.563
45807;387.3182;-335.3152;-2492.956
45841;386.878;-335.1917;-2492.807
45891;386.7309;-335.5452;-2492.417
45908;386.3188;-335.1318;-2491.968
45942;385.2754;-334.9222;-2491.707
45992;385.0258;-334.5992;-2491.494
46009;384.8236;-334.2536;-2490.915
46043;384.8258;-334.6382;-2490.562
46094;384.9442;-334.5269;-2490.466
46110;384.5788;-334.5797;-2489.942
46144;384.5155;-334.5212;-2489.558
46182;384.336;-333.6629;-2489.271
46215;384.227;-333.6213;-2488.856
46239;385.0389;-333.1229;-2488.124
46282;385.2871;-334.9946;-2486.871
46316;385.4065;-335.2108;-2486.589
46333;386.1994;-335.1597;-2486.147
46384;386.802;-335.0905;-2485.323
46402;387.7602;-336.0522;-2483.948
46451;387.9589;-336.0651;-2483.623
46488;388.5087;-336.7604;-2483.038
46539;388.5944;-336.8281;-2482.79
46555;388.9024;-336.9671;-2482.56
46572;389.7255;-336.5172;-2482.455
46606;390.0051;-336.6432;-2482.369
46640;389.3885;-336.2883;-2482.621
46686;389.3625;-336.2332;-2482.715
46749;389.2807;-335.9627;-2483.252
46791;387.946;-334.2861;-2484.924
46831;388.346;-333.9541;-2485.867
46879;388.6588;-331.779;-2487.674
46913;388.6983;-330.7354;-2488.305
46966;388.6673;-330.2072;-2488.717
46980;388.919;-329.5471;-2490.158
47013;388.594;-329.4554;-2490.31
47047;388.113;-329.1358;-2491.187
47098;387.6455;-329.3504;-2491.862
47115;386.3611;-328.0312;-2493.757
47148;386.7971;-327.6844;-2496.028
47168;386.656;-327.4032;-2496.469
47202;386.4979;-327.0719;-2497.13
47236;386.8287;-326.8705;-2497.48
47286;386.8581;-327.2815;-2498.732
47433;383.5992;-331.376;-2504.038
47449;383.0779;-332.7358;-2506.088
47468;382.8518;-334.1122;-2507.719
47498;382.5938;-335.6986;-2509.406
47549;383.1081;-337.343;-2510.497
47566;380.6603;-337.2927;-2513.794
47616;380.3412;-338.6055;-2514.747
47633;379.6305;-341.3161;-2516.553
47684;379.7507;-342.137;-2517.716
47757;377.0388;-344.8696;-2521.18
47778;374.964;-345.4971;-2523.836
47811;374.1905;-347.8145;-2528.044
47845;373.2816;-346.2016;-2532.467
47879;372.2849;-339.1913;-2537.066
47913;371.4345;-339.4547;-2538.853
47971;370.7985;-337.5845;-2541.273
48012;360.652;-334.5117;-2556.849
48045;363.8905;-332.669;-2554.215
48079;368.9038;-330.0647;-2552.218
48106;370.5065;-328.2779;-2551.348
48140;370.0918;-327.5949;-2551.595
48174;373.4721;-325.1071;-2550.331
48208;374.1299;-324.3086;-2549.853
48241;376.9002;-322.8567;-2548.221
48283;377.4919;-321.9081;-2547.928
48305;378.3754;-321.1701;-2547.34
48338;378.6003;-321.0217;-2547.064
48371;378.3395;-319.6785;-2546.99
48414;376.9745;-318.2583;-2546.833
48441;374.0978;-317.4684;-2547.23
48475;371.7773;-316.0267;-2547.44
48508;369.1856;-316.0717;-2546.81
48542;361.9266;-315.647;-2547.503
48576;355.4427;-312.9746;-2549.703
48609;349.1652;-313.8201;-2549.473
48643;325.3337;-315.6891;-2555.384
48677;318.6069;-314.8047;-2557.971
48710;312.4397;-313.3466;-2559.637
48780;297.6211;-310.2329;-2563.323
48817;288.2911;-314.1074;-2564.143
48879;278.3687;-317.4249;-2565.705
48913;271.4594;-321.6845;-2566.586
48942;265.4634;-321.331;-2568.44
49047;251.0428;-323.3949;-2573.234
49098;248.1824;-323.9377;-2573.756
49170;244.9706;-326.6812;-2573.977
49232;245.7068;-328.5899;-2571.981
49266;248.2207;-330.8368;-2569.221
49316;252.3004;-332.1373;-2564.718
49333;255.2691;-333.3393;-2563.199
49367;262.3706;-334.8159;-2559.304
49400;270.4699;-336.4381;-2552.773
49451;276.549;-336.7054;-2549.76
49486;281.6076;-338.1046;-2547.284
49506;286.805;-338.2075;-2545.033
49552;291.7181;-338.9047;-2543.317
49585;296.9869;-339.6976;-2541.739
49646;306.9568;-338.8194;-2537.503
49680;312.5294;-337.9715;-2535.901
49718;317.3599;-337.1859;-2534.807
49752;318.9623;-339.4074;-2535.06
49785;320.0924;-339.1922;-2535.253
49819;321.9763;-341.0469;-2535.352
49837;321.7691;-341.0902;-2536.109
49870;322.7905;-341.0689;-2536.1
49920;322.4245;-340.874;-2537.304
49979;318.381;-341.4435;-2541.613
50006;316.5557;-338.6148;-2544.941
50040;314.7231;-340.5045;-2547.437
50073;312.9563;-340.9097;-2548.769
50107;311.2542;-341.6742;-2550.875
50141;309.2477;-343.5663;-2552.858
50164;305.8627;-343.716;-2556.086
50215;304.8535;-342.9667;-2557.549
50231;303.6932;-342.1002;-2559.426
50266;302.7379;-340.975;-2560.953
50316;301.9367;-339.4588;-2562.497
50333;302.0559;-336.6556;-2564.554
50384;301.5872;-334.9914;-2565.846
50417;302.6418;-327.4921;-2569.616
50434;303.4033;-324.0333;-2570.872
50467;303.2271;-320.1232;-2572.15
50502;304.1757;-315.3932;-2573.493
50551;303.7278;-313.4608;-2574.143
50585;302.7393;-311.7036;-2574.865
50619;301.8144;-310.4246;-2575.025
50636;301.2912;-309.8329;-2575.138
50686;300.6175;-309.2024;-2575.054
50703;299.7238;-308.1414;-2574.879
50754;299.6569;-306.3641;-2573.045
50771;298.523;-306.1555;-2572.656
50804;297.7076;-305.4557;-2572.166
50838;297.2173;-304.6514;-2571.282
50888;300.4115;-303.9091;-2567.455
50905;300.6858;-304.955;-2565.243
50956;299.0191;-304.7909;-2564.88
50973;297.4233;-303.1087;-2564.125
51006;297.1143;-303.0754;-2563.463
51059;296.5984;-303.0829;-2562.913
51076;295.8141;-302.9405;-2561.893
51110;295.2169;-303.4312;-2560.878
51144;295.4567;-303.4536;-2560.43
51177;296.1682;-306.4771;-2557.661
51211;294.5027;-309.8164;-2555.399
51245;292.9146;-313.6041;-2553.493
51278;291.6798;-315.3947;-2552.514
51312;291.0443;-317.8127;-2550.249
51346;291.1387;-318.7151;-2548.672
51397;291.2177;-319.2821;-2547.353
51436;290.6837;-321.2201;-2546.226
51472;291.0316;-322.7018;-2544.899
51504;291.2016;-324.6313;-2542.348
51537;292.7503;-325.9812;-2538.778
51588;293.3592;-327.5525;-2538.196
51605;294.5867;-328.4958;-2535.823
51639;297.3282;-328.4281;-2532.642
51672;298.1701;-328.4195;-2531.213
51706;298.1201;-329.2595;-2529.94
51740;299.927;-327.7906;-2527.815
51773;300.8541;-328.718;-2525.192
51807;301.7487;-327.9058;-2524.473
51857;302.5491;-328.2345;-2522.915
51891;302.991;-327.5782;-2521.962
51925;303.4519;-327.5858;-2520.976
51942;304.2772;-328.7022;-2519.568
51975;304.3259;-329.0833;-2519.221
52009;304.4051;-328.953;-2518.952
52043;304.52;-329.19;-2518.566
52077;304.4081;-329.4584;-2518.555
52110;304.4108;-329.5442;-2518.519
52161;304.4581;-329.7457;-2518.561
52212;303.6122;-330.2286;-2520.354
52232;302.15;-331.6662;-2522.876
52279;301.0788;-331.7828;-2523.727
52312;300.3011;-331.0571;-2525.621
52363;300.066;-330.0741;-2526.252
52380;298.591;-329.8257;-2527.929
52414;297.2199;-328.7442;-2529.703
52448;296.0045;-326.7639;-2530.798
52481;294.0693;-325.861;-2532.682
52502;293.0788;-324.545;-2533.088
52548;292.0991;-323.0984;-2533.779
52574;290.9645;-321.2844;-2534.185
52621;290.2378;-319.1338;-2534.53
52638;287.8262;-312.3309;-2538.286
52672;287.4148;-310.994;-2538.964
52706;286.8013;-309.8277;-2539.318
52739;286.1669;-306.8631;-2539.358
52773;285.6139;-305.7943;-2539.79
52806;284.5417;-304.795;-2540.103
52840;283.9945;-302.9912;-2539.764
52891;283.1019;-302.9697;-2539.52
52908;284.4831;-300.9291;-2538.364
52939;284.3228;-300.4445;-2538.275
52978;288.8027;-301.269;-2534.073
53012;288.6015;-300.4928;-2534.358
53046;288.3736;-300.2529;-2534.454
53083;288.9887;-299.4842;-2534.008
53114;290.2002;-298.646;-2532.965
53148;292.4903;-299.7233;-2530.912
53198;292.5486;-300.1476;-2531.001
53215;294.8802;-300.764;-2529.801
53249;296.2486;-301.9457;-2529.461
53283;297.0898;-303.7963;-2529.368
53302;297.3754;-306.7174;-2529.436
53350;297.6884;-309.8167;-2529.949
53384;297.5314;-312.8882;-2530.172
53417;297.6231;-317.7687;-2529.72
53451;297.5391;-320.7965;-2530.013
53485;298.3791;-322.0918;-2530.083
53519;298.7296;-324.95;-2530.069
53552;300.8086;-326.6309;-2529.134
53602;301.5339;-326.7536;-2529.121
53625;302.1718;-326.6974;-2528.905
53642;304.6409;-327.4612;-2527.705
53677;305.7979;-328.169;-2527.149
53724;306.3349;-329.8546;-2526.573
53741;307.3948;-331.5662;-2525.976
53775;308.4414;-331.6103;-2525.399
53808;308.7067;-333.5412;-2524.632
53858;308.8545;-333.6497;-2524.605
53875;309.917;-332.893;-2524.305
53910;310.114;-332.9752;-2524.276
53961;310.1455;-332.9967;-2524.452
53977;310.821;-332.7867;-2524.185
54011;310.6565;-332.8341;-2524.587
54061;310.57;-332.8971;-2524.826
54078;310.1756;-332.7626;-2525.342
54112;310.2348;-332.7752;-2525.338
54145;309.7784;-332.1809;-2526.059
54181;307.4922;-331.5779;-2528.212
54246;305.1687;-333.0125;-2530.588
54279;303.3113;-333.2545;-2535.253
54313;302.0248;-334.147;-2537.271
54347;300.6576;-335.5053;-2538.887
54376;299.1844;-336.9879;-2540.691
54415;298.1468;-337.7628;-2542.298
54449;296.4557;-339.5418;-2544.724
54482;295.7034;-340.2304;-2545.152
54533;293.3029;-341.3052;-2547.007
54600;290.6736;-342.002;-2549.682
54634;288.7843;-342.0177;-2551.824
54651;286.039;-341.5778;-2554.818
54712;283.3289;-340.5335;-2557.608
54745;281.8358;-339.6467;-2559.21
54778;280.5977;-338.524;-2560.287
54828;279.3637;-338.2396;-2560.623
54848;278.2353;-337.2001;-2562.489
54900;277.5468;-336.409;-2563.86
54912;277.0685;-335.9206;-2565.06
54963;276.7118;-336.0432;-2565.564
54979;276.8193;-335.818;-2566.224
55010;276.5578;-335.6482;-2567.126
55053;276.5322;-335.517;-2567.724
55070;276.4489;-335.3668;-2568.284
55121;276.416;-335.4488;-2568.558
55137;280.1483;-333.6189;-2568.297
55177;279.9875;-333.6129;-2568.593
55205;280.2428;-333.1924;-2568.99
55255;281.1738;-332.9913;-2569.98
55290;281.8724;-332.7757;-2570.438
55306;283.6528;-331.7299;-2571.451
55340;288.3434;-328.6255;-2572.021
55373;291.8677;-328.7446;-2573.224
55407;294.5727;-328.5014;-2573.43
55441;299.1772;-327.9928;-2573.689
55474;303.1576;-325.4741;-2575.096
55525;305.4434;-327.0848;-2575.668
55559;307.1223;-328.498;-2575.577
55592;316.9415;-333.004;-2571.162
55609;317.4868;-334.6141;-2571.994
55676;320.097;-337.2256;-2571.894
55693;323.8032;-341.2972;-2570.777
55727;327.0391;-342.2525;-2569.9
55744;336.6784;-344.2563;-2563.102
55811;341.6604;-344.8436;-2561.559
55829;345.5992;-346.052;-2560.631
55845;350.6819;-346.25;-2559.061
55879;354.2372;-347.5378;-2557.866
55937;355.8388;-347.3981;-2557.368
55965;357.0562;-347.8225;-2556.74
55980;358.7783;-348.5884;-2555.419
56031;363.8443;-353.6931;-2549.922
56047;364.3792;-353.1979;-2549.015
56081;364.5312;-353.0252;-2548.655
56115;364.3941;-353.5044;-2547.232
56150;363.7481;-353.0348;-2546.835
56182;362.0993;-353.969;-2547.018
56204;357.8212;-354.5756;-2547.941
56250;349.9296;-355.6201;-2552.241
56284;343.0286;-351.8505;-2557.725
56330;338.5128;-352.8401;-2560.257
56387;332.7252;-351.8595;-2564.65
56407;317.2811;-347.2842;-2575.233
56457;313.4482;-348.7892;-2576.587
56474;309.1332;-350.6298;-2578.522
56508;302.7538;-351.7869;-2582.611
56541;296.0185;-353.2469;-2585.08
56575;289.5717;-354.826;-2588.435
56609;284.8044;-355.4861;-2589.981
56660;282.2539;-354.9758;-2590.999
56701;278.4241;-354.9787;-2592.016
56721;275.7201;-353.9158;-2593.163
56754;274.337;-352.969;-2593.484
56788;272.4569;-350.5957;-2594.443
56805;270.9366;-348.6022;-2594.319
56839;269.945;-344.8846;-2593.137
56889;270.0018;-340.8926;-2592.409
56906;270.2302;-337.5556;-2591.5
56940;269.054;-333.808;-2590.457
56991;269.4537;-330.9973;-2589.259
57007;270.5646;-320.6638;-2589.878
57046;272.937;-320.8735;-2588.304
57080;273.4587;-315.3659;-2586.622
57113;274.6369;-312.763;-2585.264
57147;277.0107;-310.498;-2584.27
57181;279.6581;-306.3814;-2582.431
57214;280.4132;-305.8861;-2581.683
57231;281.3774;-304.7466;-2580.237
57282;285.9262;-302.6499;-2576.377
57322;289.8311;-301.1042;-2573.366
57343;293.4984;-302.3002;-2568.119
57373;294.1817;-301.0297;-2567.927
57411;294.7033;-301.2067;-2567.056
57444;295.4068;-301.7574;-2565.694
57478;296.4312;-301.2791;-2565.141
57511;296.6348;-302.3513;-2563.642
57545;299.9776;-307.6219;-2559.914
57579;300.5514;-310.2767;-2558.538
57612;300.9983;-309.9412;-2558.255
57663;301.5233;-311.9407;-2557.594
57680;302.3799;-313.7369;-2556.846
57955;310.0937;-330.4023;-2548.632
57988;313.7809;-332.597;-2543.707
58004;313.6076;-334.691;-2542.679
58055;312.2876;-338.1444;-2540.995
58072;310.4096;-339.7374;-2539.586
58105;308.2661;-342.0501;-2539.015
58139;306.6633;-342.0722;-2539.094
58173;304.3038;-341.8548;-2539.852
58207;301.9154;-342.271;-2540.965
58257;299.6939;-342.7668;-2541.9
58274;298.0211;-342.4854;-2543.446
58308;296.4229;-342.8207;-2545.228
58342;294.6165;-343.9001;-2546.825
58392;291.7256;-346.1114;-2549.981
58409;290.263;-346.6397;-2552.626
58442;289.7465;-346.5821;-2553.269
58476;289.551;-346.4094;-2554.184
58527;289.6295;-346.4622;-2555.325
58544;291.3205;-345.3867;-2555.799
58578;293.4438;-345.3165;-2556.269
58647;298.1045;-344.9697;-2556.182
58731;300.8352;-345.438;-2556.331
58760;302.2116;-345.6945;-2557.025
58821;311.7895;-343.9193;-2554.799
58847;311.4758;-342.7524;-2556.044
58874;311.9102;-342.2677;-2556.259
58930;311.699;-342.0567;-2556.464
58964;311.5955;-341.8941;-2556.593
59014;308.4725;-342.835;-2558.462
59031;306.1362;-343.7637;-2559.336
59065;303.25;-344.5522;-2560.218
59099;298.7366;-345.6425;-2561.629
59149;297.8489;-345.8678;-2561.67
59183;294.7766;-345.683;-2562.956
59200;292.138;-345.8265;-2563.247
59250;290.6038;-345.8841;-2563.536
59284;289.7207;-345.8153;-2563.742
59306;289.0965;-345.7056;-2563.616
59358;290.2501;-344.274;-2562.438
59376;289.6579;-343.4592;-2562.013
59426;289.7744;-342.8047;-2561.29
59444;290.6803;-341.4738;-2560.141
59495;290.8601;-341.4524;-2559.783
59511;291.0137;-340.5299;-2559.562
59545;292.0277;-339.7793;-2557.339
59579;292.2486;-338.7696;-2557.4
59613;293.5114;-336.0254;-2556.383
59646;294.8547;-337.1481;-2554.89
59698;295.2919;-337.9319;-2554.614
59714;296.3604;-338.6627;-2553.741
59747;297.6513;-338.1567;-2553.913
59781;298.1458;-337.5004;-2554.32
59815;299.9253;-334.3978;-2554.892
59912;302.1955;-331.3633;-2555.669
59996;303.2498;-329.5693;-2555.674
60011;304.0637;-323.7145;-2555.935
60045;304.8411;-317.7978;-2556.322
60079;304.9467;-309.1819;-2557.745
60112;305.553;-306.9651;-2556.873
60146;304.4454;-305.837;-2556.792
60182;303.8702;-305.7188;-2556.589
60214;302.8134;-305.409;-2556.368
60265;301.6238;-303.7956;-2556.387
60281;300.4202;-301.5071;-2556.865
60315;300.2678;-302.6931;-2556.212
60349;299.9161;-303.0167;-2555.901
60382;299.5745;-303.1179;-2555.876
60425;299.5008;-303.3116;-2555.626
60456;299.4568;-303.3011;-2555.695
60478;299.3873;-303.5849;-2555.762
60529;299.1686;-303.8821;-2555.851
60545;299.2694;-303.9118;-2555.938
60579;299.5405;-303.7328;-2556.138
60615;299.8847;-304.0016;-2556.369
60648;299.7874;-306.2174;-2556.665
60719;301.3278;-309.2953;-2558.09
60753;300.9975;-313.631;-2558.885
60797;301.6809;-314.7566;-2559.306
60821;301.505;-318.0989;-2560.803
60839;301.8857;-320.9527;-2560.753
60889;302.4341;-323.0411;-2560.925
60905;303.4089;-324.5696;-2561.516
60939;303.8219;-326.5991;-2561.662
60972;304.4616;-330.2356;-2562.54
61006;305.1451;-332.2645;-2562.692
61057;305.6728;-333.2821;-2562.775
61090;306.6295;-337.2349;-2561.215
61124;307.1729;-337.6199;-2560.806
61141;307.4199;-337.9533;-2560.606
61175;308.2593;-337.4862;-2559.788
61208;309.154;-337.9577;-2558.328
61242;313.467;-341.5721;-2554.201
61276;315.3481;-343.2856;-2552.034
61309;317.3003;-343.0945;-2549.008
61343;318.9283;-342.6983;-2546.771
61377;319.4432;-342.6266;-2546.011
61427;319.4294;-342.6401;-2545.652
61444;319.5865;-342.4479;-2545.531
61478;320.7072;-341.3051;-2545.123
61512;320.7482;-341.2671;-2545.195
61545;320.6463;-340.9665;-2545.912
61579;321.326;-340.3141;-2545.735
61613;318.2273;-338.8541;-2548.41
61647;316.0429;-338.3786;-2550.284
61680;313.6508;-337.6237;-2552.445
61714;311.6541;-337.1124;-2553.375
61748;309.1465;-336.8542;-2555.671
61781;307.4833;-337.8589;-2556.847
61815;306.186;-336.5416;-2557.905
61849;304.6012;-336.4936;-2559.116
61882;302.8591;-338.4226;-2559.446
61916;300.2204;-340.0847;-2560.501
61951;298.5983;-340.6398;-2561.124
61984;297.6206;-340.9972;-2561.175
62017;296.5854;-340.87;-2561.26
62051;295.1886;-340.4854;-2561.542
62068;293.6035;-339.8747;-2561.6
62118;293.1663;-337.8618;-2561.484
62152;292.7021;-336.6093;-2560.966
62169;292.2069;-332.6241;-2561.464
62220;291.3176;-329.2502;-2561.205
62253;292.0662;-325.9796;-2559.296
62296;291.8372;-323.7603;-2558.8
62323;290.9469;-316.5672;-2557.274
62357;291.2583;-315.8657;-2556.375
62390;291.505;-316.3598;-2554.96
62408;291.3344;-315.4134;-2554.337
62447;291.3185;-312.1422;-2554.11
62567;292.1876;-313.0092;-2552.643
62600;297.6179;-313.1205;-2544.088
62637;299.4031;-312.7612;-2541.458
62684;300.0496;-311.3729;-2540.284
62701;301.1498;-310.7171;-2538.626
62735;300.12;-310.5298;-2538.437
62769;300.7539;-310.4282;-2536.93
62802;300.6489;-308.2688;-2537.094
62852;299.7463;-312.3555;-2535.573
62869;299.3409;-312.8497;-2535.522
62903;298.7817;-313.5319;-2535.262
62953;298.7493;-313.7779;-2535.207
62970;298.5972;-314.5995;-2535.09
63023;297.0558;-317.2562;-2534.999
63039;296.9169;-320.143;-2535.314
63073;297.3105;-326.6005;-2533.552
63107;296.9836;-329.2793;-2533.333
63140;296.8433;-329.7634;-2533.439
63174;297.3605;-332.7473;-2532.306
63208;298.0236;-333.6526;-2531.724
63242;299.2633;-333.6008;-2530.992
63292;299.6845;-333.5786;-2530.375
63309;300.8213;-333.1219;-2529.469
63343;305.8566;-330.4833;-2524.58
63376;306.0909;-330.4455;-2524.38
63410;306.7401;-330.7233;-2523.275
63444;307.3669;-330.735;-2522.635
63477;307.6729;-330.1615;-2522.122
63511;313.2018;-328.6864;-2516.269
63545;312.4497;-328.5536;-2516.65
63579;315.3299;-327.9705;-2513.849
63605;316.666;-327.6487;-2513.187
63639;317.0684;-327.6353;-2513.465
63673;315.7743;-327.8077;-2516.004
63707;314.8662;-327.2048;-2518.172
63741;314.7241;-327.116;-2518.667
63774;311.8617;-328.1275;-2522.554
63857;309.3663;-329.1441;-2525.644
63874;308.3972;-329.8089;-2526.88
63907;306.6346;-332.8819;-2528.661
63949;305.4637;-333.6594;-2529.93
63985;303.541;-334.4968;-2531.771
64011;301.8526;-335.5571;-2533.793
64046;299.9418;-335.8237;-2535.698
64079;298.1832;-335.949;-2537.537
64113;296.6478;-336.3936;-2538.571
64146;295.5754;-336.8038;-2539.446
64180;294.9407;-336.9378;-2540.172
64218;294.006;-336.5045;-2541.58
64252;293.2176;-335.1492;-2542.993
64269;292.7184;-333.6237;-2544.242
64319;292.6122;-332.0712;-2545.013
64354;292.1744;-330.9014;-2545.58
64377;294.7289;-320.7849;-2545.672
64414;295.6766;-318.3669;-2546.007
64479;296.6782;-311.8284;-2547.532
64643;299.9597;-301.6618;-2549.302
64709;300.7339;-300.9504;-2549.431
64743;300.7884;-300.6661;-2549.484
64777;301.2176;-300.7014;-2549.259
64810;302.9216;-301.9846;-2548.768
64844;304.4879;-305.6613;-2548.433
64895;306.2839;-307.8164;-2547.943
64912;308.3379;-307.2534;-2548.233
64946;307.744;-309.7399;-2549.358
64972;309.8555;-311.0811;-2548.715
65010;311.1213;-312.3534;-2548.449
65039;313.4802;-315.3564;-2547.925
65072;317.324;-317.9566;-2546.357
65106;315.1617;-319.999;-2547.95
65140;314.3832;-321.5879;-2549.048
65174;315.9403;-322.5367;-2548.538
65207;315.5267;-324.1019;-2549.158
65241;313.9413;-326.2661;-2549.769
65291;313.2047;-328.5961;-2550.527
65325;312.2819;-331.2947;-2551.335
65343;312.6096;-332.0322;-2551.298
65393;315.5939;-334.2742;-2549.867
65410;316.8129;-334.6867;-2549.884
65444;318.7207;-334.8998;-2549.129
65478;319.5167;-334.8991;-2549.021
65513;321.1427;-335.5545;-2547.962
65542;322.2865;-336.3265;-2547.639
65567;330.3762;-337.9661;-2542.505
65617;336.3799;-337.8594;-2535.648
65634;337.4682;-338.3526;-2532.953
65685;337.5537;-338.43;-2532.444
65702;337.7298;-338.4009;-2532.08
65735;338.0696;-338.129;-2531.442
65769;338.0506;-339.2073;-2530.613
65820;338.7142;-338.4399;-2529.113
65853;340.1796;-339.0705;-2526.998
65870;339.9151;-339.8331;-2527.526
65921;339.5413;-340.6331;-2528.083
65938;335.5105;-341.1056;-2532.045
66020;333.2389;-341.9867;-2532.671
66069;332.4629;-342.2996;-2533.078
66118;328.7591;-343.8199;-2535.761
66169;325.6606;-344.5559;-2537.591
66201;319.4005;-344.4196;-2540.999
66239;314.737;-344.7541;-2542.058
66269;308.6996;-343.3363;-2544.733
66302;307.2908;-342.0449;-2544.947
66336;305.8658;-341.2932;-2545.53
66370;305.0052;-340.5511;-2545.653
66424;303.4548;-337.8041;-2545.858
66437;302.7148;-336.4611;-2545.631
66471;300.324;-332.0194;-2545.312
66505;299.0122;-325.9732;-2546.187
66538;299.1181;-323.6398;-2545.679
66589;298.2211;-323.1024;-2545.375
66606;298.4342;-320.0415;-2544.126
66639;300.7;-316.2924;-2540.29
66673;300.1895;-315.8474;-2539.893
66707;302.5456;-307.4673;-2538.694
66740;299.7813;-305.2016;-2539.632
66774;300.3495;-305.3888;-2538.118
66842;300.5168;-303.5522;-2537.446
66892;300.8419;-304.4487;-2535.65
66943;301.424;-304.8297;-2533.982
66999;300.7494;-303.5609;-2534.241
67047;302.0257;-304.4596;-2532.693
67103;302.5897;-304.9197;-2532.01
67148;299.8799;-308.1655;-2532.499
67186;300.266;-309.0376;-2532.118
67244;301.4505;-310.8052;-2531.272
67275;297.5147;-318.8521;-2531.984
67308;297.3296;-321.6669;-2532.061
67342;296.9089;-324.9027;-2532.676
67376;296.5005;-326.9356;-2532.631
67409;297.462;-327.8386;-2532.647
67443;298.5348;-328.711;-2532.134
67477;300.0692;-330.0149;-2530.973
67510;301.3147;-331.1328;-2529.523
67544;301.923;-331.6536;-2529.244
67578;302.7058;-331.3363;-2528.952
67611;305.8506;-331.536;-2527.139
67664;307.5742;-331.5757;-2525.315
67679;307.5085;-331.3269;-2524.358
67713;308.3104;-330.579;-2521.87
67746;308.5805;-330.3498;-2519.643
67780;307.6041;-330.773;-2518.774
67814;306.3613;-330.9749;-2516.951
67848;306.0508;-331.2355;-2516.272
67869;306.106;-331.4902;-2515.058
67915;306.545;-332.0955;-2514.364
67949;306.8753;-332.5716;-2513.984
67975;306.8032;-332.7412;-2514.008
68018;307.0685;-333.4371;-2514.175
68035;308.5709;-334.9641;-2514.438
68071;307.9671;-335.8731;-2515.69
68136;306.5859;-337.3358;-2517.831
68173;305.5935;-337.6686;-2518.388
68220;304.2556;-338.1064;-2519.229
68237;302.8723;-338.8896;-2520.321
68271;301.5601;-337.8322;-2521.352
68305;300.5244;-337.9733;-2521.602
68344;298.0125;-338.0498;-2522.801
68406;297.0995;-337.6987;-2523.12
68481;295.5412;-336.8048;-2523.949
68490;294.1614;-335.5485;-2525.103
68507;292.326;-334.1534;-2526.357
68541;290.8643;-330.568;-2527.741
68575;290.3217;-328.2701;-2528.674
68609;289.5472;-326.0634;-2529.304
68669;288.1159;-314.4254;-2533.903
68678;288.2606;-311.3671;-2534.928
68712;288.8066;-311.8767;-2534.579
68746;291.4929;-310.316;-2533.146
68779;294.042;-305.3842;-2533.743
68813;294.0967;-305.0788;-2534.002
68847;295.1724;-307.3771;-2533.472
68881;294.3352;-304.9462;-2535.486
68915;295.9825;-303.2268;-2535.549
68948;298.5328;-305.6613;-2533.583
68982;299.2831;-304.0262;-2534.617
69006;300.5867;-302.6327;-2535.54
69057;303.1271;-306.1803;-2534.906
69074;300.747;-310.3191;-2537.203
69107;301.6369;-312.3779;-2537.035
69141;299.7723;-313.0559;-2539.486
69191;299.5323;-316.9906;-2540.496
69225;298.5628;-320.8612;-2541.093
69272;298.2057;-325.8502;-2541.726
69289;298.0851;-328.5757;-2542.559
69313;298.6526;-329.8334;-2542.955
69339;298.5619;-333.9341;-2543.015
69373;299.0601;-335.1996;-2543.432
69407;300.472;-337.5323;-2543.386
69440;300.503;-337.8527;-2543.47
69474;301.1792;-339.8912;-2543.782
69541;303.9912;-341.9857;-2542.563
69575;305.4648;-342.8855;-2541.926
69609;311.1564;-344.9184;-2537.781
69642;316.0591;-347.8676;-2533.652
69676;321.9489;-347.7332;-2528.447
69710;324.653;-343.9915;-2526.36
69731;325.6888;-344.2705;-2525.396
69780;325.7926;-344.4467;-2525.258
69814;325.6721;-344.4572;-2525.24
69851;324.013;-343.4449;-2526.845
69868;324.0834;-343.009;-2526.905
69902;324.153;-342.7671;-2526.933
69952;324.482;-342.4467;-2527.039
69969;325.0133;-342.2427;-2527.278
70020;325.6755;-342.9472;-2527.651
70053;326.8918;-343.3338;-2527.565
70088;327.4157;-343.8259;-2528.635
70107;327.6533;-344.128;-2530.254
70138;325.1033;-344.1072;-2535.442
70188;322.558;-345.4869;-2540.78
70222;321.4963;-345.9997;-2542.594
70239;319.196;-346.6184;-2545.338
70279;315.8839;-347.8794;-2548.058
70327;313.6696;-348.5308;-2549.7
70343;312.0891;-348.3936;-2550.936
70377;311.1939;-348.1455;-2551.315
70411;308.059;-345.1061;-2553.832
70445;305.9807;-344.1895;-2555.338
70478;305.9094;-341.1777;-2556.793
70512;305.1747;-338.6927;-2558.078
70546;305.1976;-336.9191;-2558.719
70580;304.7907;-333.8974;-2559.814
70614;304.356;-329.5357;-2561.137
70648;307.5521;-324.998;-2560.224
70681;307.1973;-319.6557;-2562.632
70716;313.3226;-312.0314;-2561.496
70766;312.929;-312.0803;-2561.439
70783;313.0705;-309.9622;-2561.132
70816;313.2695;-308.0877;-2560.938
70850;312.7257;-306.1335;-2561.354
70884;312.1632;-305.6099;-2561.029
70917;312.3903;-305.8348;-2560.669
70951;311.9792;-305.7575;-2560.555
70987;312.3788;-305.8749;-2560.097
71019;312.251;-305.9628;-2560.2
71048;312.2844;-305.9973;-2560.213
71081;312.4522;-306.2257;-2560.162
71115;310.252;-308.3925;-2561.196
71149;308.8705;-314.1477;-2560.101
71183;305.58;-318.3235;-2559.471
71206;306.1246;-319.2836;-2558.973
71250;306.2057;-321.1456;-2558.307
71284;305.7211;-323.164;-2558.253
71317;305.6725;-324.9316;-2557.854
71336;306.0803;-326.8217;-2557.309
71385;306.1738;-328.9689;-2556.871
71418;305.8655;-330.8704;-2556.534
71436;305.4352;-333.047;-2555.588
71486;305.288;-334.796;-2553.862
71520;308.0805;-337.4543;-2548.778
71537;308.4467;-337.3384;-2547.899
71587;309.1964;-338.0142;-2546.631
71604;311.4797;-338.6985;-2543.433
71637;314.6033;-337.9989;-2538.917
71671;320.7856;-337.9781;-2530.19
71705;322.1353;-336.951;-2526.776
71755;322.9169;-337.1443;-2523.231
71772;322.78;-336.9161;-2520.949
71806;322.2832;-336.7151;-2519.511
71840;321.635;-336.7254;-2517.745
71873;320.2326;-335.9217;-2516.336
71907;320.2419;-335.3373;-2515.899
71941;320.207;-335.4352;-2515.411
71974;320.8017;-334.6372;-2514.771
72008;321.3501;-334.2497;-2514.52
72042;321.8307;-334.2404;-2514.527
72079;322.1411;-334.5947;-2514.845
72109;322.2421;-336.4871;-2516.485
72143;321.731;-338.0324;-2517.625
72177;318.4543;-338.9184;-2521.632
72211;314.7115;-340.6699;-2525.255
72244;311.5744;-342.7013;-2527.385
72278;308.421;-341.4637;-2529.938
72311;306.0804;-342.2982;-2531.238
72363;303.7838;-341.9736;-2532.909
72391;301.2743;-341.4188;-2534.424
72423;299.5512;-339.8343;-2535.345
72440;298.3829;-339.5293;-2535.982
72476;296.9121;-334.978;-2537.501
72508;295.9073;-334.2825;-2537.956
72558;296.3647;-332.1318;-2537.993
72575;297.4528;-323.2874;-2537.363
72609;299.3253;-316.6194;-2537.976
72642;298.7983;-315.1387;-2537.64
72676;299.7698;-309.8513;-2537.006
72707;299.878;-306.7477;-2536.748
72775;301.8458;-302.1216;-2534.635
72892;302.7207;-296.4369;-2533.626
72945;304.4341;-293.3473;-2532.47
72978;304.8731;-293.0537;-2532.449
73011;305.0873;-293.0538;-2532.267
73044;305.844;-293.0631;-2532.119
73078;306.5201;-293.4517;-2531.787
73112;306.1761;-294.6099;-2531.461
73163;307.5508;-298.4403;-2530.364
73179;307.2921;-301.6318;-2530.144
73213;302.4645;-308.4293;-2530.577
73247;302.1475;-311.5081;-2530.926
73280;301.3973;-316.3223;-2531.311
73314;298.6187;-323.1118;-2533.701
73348;296.6678;-326.7866;-2534.484
73382;295.5635;-330.7068;-2535.732
73415;295.5016;-332.9374;-2535.965
73449;296.3422;-335.7036;-2535.555
73483;297.4515;-337.4736;-2534.84
73516;298.4102;-338.3111;-2534.505
73550;300.733;-339.231;-2532.938
73584;303.5676;-339.9737;-2530.025
73617;304.1814;-339.9258;-2528.848
73651;304.6246;-339.8713;-2526.815
73685;302.6178;-336.8294;-2525.733
73718;302.6137;-335.0659;-2525.202
73738;300.8756;-333.5932;-2525.525
73786;298.7122;-333.7677;-2526.42
73890;297.6307;-330.6347;-2526.671
73924;297.8683;-329.5903;-2526.3
73941;299.5715;-329.3598;-2525.374
73975;301.9012;-331.5255;-2524.515
74008;304.1756;-333.0933;-2524.277
74042;305.515;-334.0506;-2524.577
74076;306.5867;-335.3603;-2525.661
74110;305.901;-335.6504;-2526.972
74143;305.2818;-336.4667;-2528.132
74194;302.6443;-337.6007;-2530.687
74210;301.2718;-337.7117;-2531.863
74244;299.6826;-338.3026;-2533.319
74315;297.012;-338.3441;-2535.956
74349;295.6217;-338.1722;-2536.874
74414;293.7914;-336.5844;-2537.913
74448;295.495;-335.015;-2537.411
74482;295.6176;-334.066;-2537.726
74515;294.3658;-331.384;-2538.892
74549;295.8524;-326.1278;-2538.26
74583;298.2979;-312.7363;-2539.705
74617;299.6936;-309.2421;-2539.323
74652;299.8654;-307.9593;-2538.711
74685;301.0111;-306.35;-2538.009
74719;299.9678;-303.5888;-2538.191
74752;300.0164;-302.2563;-2538.06
74786;300.6243;-300.6968;-2537.526
74822;301.1069;-299.618;-2537.228
74870;302.7058;-297.0904;-2537.391
74925;303.6674;-296.0327;-2536.256
74942;304.7918;-296.337;-2534.844
74976;302.872;-296.2676;-2535.653
75010;305.5988;-297.6631;-2533.264
75060;305.5133;-297.7498;-2533.145
75077;306.5081;-298.2791;-2532.75
75111;306.1428;-301.3315;-2531.605
75144;302.2037;-309.08;-2531.51
75178;301.7559;-311.4999;-2532.267
75212;301.381;-314.3021;-2532.721
75245;300.6954;-317.2322;-2532.758
75279;301.4506;-318.855;-2532.874
75313;301.9477;-320.6304;-2532.347
75347;301.7614;-321.3677;-2531.969
75380;302.9876;-321.8273;-2531.604
75414;304.8708;-322.7571;-2530.807
75448;306.8928;-324.2753;-2529.001
75471;308.7102;-325.5795;-2527.394
75515;313.5248;-325.8205;-2523.973
75549;316.3333;-326.8351;-2522.136
75582;321.2144;-328.8812;-2517.011
75617;323.2123;-330.4719;-2512.106
75650;325.5208;-332.8098;-2505.892
75711;328.4121;-334.5226;-2498.204
75793;329.6639;-334.4;-2491.335
75842;331.3092;-333.6032;-2488.999
75888;338.0119;-331.2719;-2480.939
75916;343.3696;-329.353;-2476.016
75949;346.3065;-328.6602;-2474.474
76000;346.7048;-329.0237;-2474.622
76016;348.4032;-330.0243;-2474.168
76050;358.9367;-330.1906;-2463.48
76084;363.3197;-330.3027;-2459.074
76117;365.7163;-329.2885;-2456.7
76151;367.6506;-328.4357;-2455.002
76185;368.9915;-327.5753;-2452.713
76219;370.9083;-327.5943;-2449.846
76236;371.8658;-326.7688;-2447.996
76286;374.3909;-326.4422;-2444.006
76320;375.2645;-326.0835;-2441.769
76384;382.3507;-326.094;-2434.205
76467;395.7742;-326.4666;-2419.385
76484;398.9117;-325.8316;-2415.58
76517;406.0574;-325.3796;-2408.948
76551;408.4392;-324.5482;-2405.334
76585;410.2981;-324.6568;-2401.347
76614;411.7327;-323.9575;-2397.145
76682;414.0496;-322.1255;-2389.373
76725;417.8853;-320.8949;-2373.98
76761;417.1748;-320.1697;-2365.839
76829;419.6274;-317.8842;-2343.061
76863;418.6892;-319.131;-2329.758
76914;418.0809;-310.3471;-2308.705
76947;421.1435;-309.5512;-2298.557
76981;423.4173;-305.4327;-2288.459
77021;427.8893;-299.0196;-2277.884
77043;429.6704;-295.3815;-2270.216
77088;432.4691;-292.7617;-2261.97
77176;449.8693;-284.0253;-2243.672
77192;453.6608;-282.0046;-2239.073
77218;462.7173;-280.9651;-2231.227
77235;470.3884;-279.1617;-2227.122
77275;480.089;-276.2053;-2221.036
77311;492.2402;-271.3174;-2216.492
77469;536.8789;-268.2504;-2202.093
77517;549.9704;-269.0849;-2194.841
77584;556.8492;-268.2184;-2188.067
77630;559.9902;-266.7075;-2184.139
77681;562.155;-263.1241;-2178.13
77714;564.7099;-262.0839;-2170.665
77748;564.7351;-260.4769;-2163.641
77782;564.1181;-260.4599;-2156.842
77816;557.5127;-261.4925;-2147.125
77849;555.6693;-261.9353;-2140.575
77883;548.8956;-263.8891;-2131.302
77917;541.8909;-264.7559;-2122.197
77950;532.9368;-263.4748;-2112.631
77984;520.9647;-261.7383;-2100.556
78005;507.6654;-258.9019;-2087.103
78051;492.9417;-255.6964;-2072.21
78085;479.6539;-255.8691;-2059.04
78119;466.8645;-251.1521;-2044.591
78152;453.3711;-247.8796;-2030.615
78186;438.5132;-243.0272;-2014.35
78220;419.8753;-237.5059;-1998.142
78253;406.2928;-236.362;-1984.613
78287;384.1101;-228.4112;-1965.172
78321;369.9681;-226.8325;-1950.93
78355;355.7625;-223.261;-1935.656
78388;343.0358;-217.5938;-1921.234
78422;331.4879;-211.7907;-1907.463
78456;322.66;-207.3854;-1892.868
78515;304.5538;-198.6423;-1863.194
78549;295.716;-195.3062;-1848.436
78583;290.394;-193.1269;-1835.943
78617;284.3945;-188.3839;-1821.28
78650;278.9498;-184.5373;-1803.982
78684;274.4107;-179.1419;-1786.083
78718;270.6101;-173.2448;-1767.414
78805;268.2858;-160.2313;-1713.8
78856;268.6322;-158.3511;-1702.063
78890;271.6195;-147.5624;-1636.253
78923;273.671;-143.8681;-1621.458
78957;280.2763;-132.7413;-1589.31
78990;298.1862;-71.20242;-1573.94
79024;327.3819;-44.85521;-1578.117
79058;326.8184;-35.54739;-1570.608
79091;307.1343;-9.238442;-1531.094
79127;314.3919;-3.907639;-1531.039
79161;303.9417;13.96281;-1512.471
79183;300.758;18.15627;-1500.108
79217;294.9843;17.69691;-1480.29
79250;293.0792;-80.67543;-1397.639
79284;291.2392;-77.55245;-1392.091
79319;288.5845;-73.21614;-1374.967
79352;286.4006;-70.62337;-1358.393
79573;282.9872;-63.0683;-1317.274
79606;269.101;-59.25752;-1245.373
79622;265.2183;-54.59573;-1196.367
79656;262.757;-53.53654;-1182.179
79674;257.2512;-48.5607;-1151.169
79689;252.6138;-45.84022;-1129.164
79723;244.1883;-36.17352;-1105.077
79756;236.8128;-28.93177;-1083.606
79790;232.8107;-20.09924;-1059.502
79824;227.3212;-14.82614;-1043.176
79857;229.8099;-6.798669;-1029.013
79891;261.8576;0.5221963;-1021.281
79925;289.2992;61.55783;-1047.274
79942;261.5983;239.3265;-1054.442
79975;216.4031;296.9575;-1019.345
80009;112.2158;285.1263;-1014.541
80060;173.3337;123.5202;-749.4507
80076;69.82841;44.81741;-662.1971
80127;76.22764;118.691;-661.4814
80148;33.8791;160.2526;-540.3448
80689;205.5298;-267.7322;-2280.616
80710;193.5876;-264.6864;-2293.015
80739;180.1005;-262.4234;-2306.657
80773;163.7941;-262.6336;-2322.039
80824;150.4131;-265.7082;-2334.033
80840;137.5192;-267.8975;-2346.168
80874;122.8808;-272.8655;-2358.749
80908;108.6517;-267.3864;-2376.771
80941;95.68639;-274.2455;-2387.151
80975;85.92699;-277.7617;-2395.694
81009;70.72066;-282.7981;-2412.244
81042;64.48575;-286.3745;-2416.122
81076;59.6877;-290.2781;-2419.71
81110;56.91312;-290.9416;-2422.574
81143;50.61827;-293.0948;-2426.933
81178;47.03709;-295.7448;-2429.934
81211;43.51142;-295.8137;-2433.577
81247;42.62091;-295.4854;-2434.927
81281;40.89529;-295.4217;-2436.323
81315;40.07293;-295.8257;-2436.98
81348;39.65285;-296.1881;-2437.222
81382;39.61714;-296.3253;-2437.43
81416;39.47579;-296.3861;-2437.667
81449;40.17635;-296.3536;-2437.376
81483;42.69276;-295.8449;-2435.308
81517;46.92612;-297.3442;-2433.184
81550;52.05221;-295.6532;-2430.053
81584;57.53855;-293.9127;-2428.374
81618;66.18722;-291.4323;-2423.401
81652;75.59792;-290.3155;-2417.763
81685;88.68894;-287.4534;-2410.135
81702;100.0274;-284.6158;-2404.584
81742;109.5947;-283.965;-2397.539
81770;119.661;-281.5332;-2392.559
81809;129.0935;-279.503;-2388.142
81837;139.4324;-277.931;-2383.969
81888;146.6717;-273.7572;-2380.608
81914;154.7002;-270.5801;-2376.847
81949;164.7527;-266.7042;-2371.509
81983;171.5379;-263.6652;-2367.587
82017;177.5787;-259.4428;-2363.288
82050;182.212;-254.52;-2359.596
82084;188.4841;-250.0294;-2353.974
82118;190.0669;-247.1293;-2350.87
82142;191.4061;-245.6113;-2345.81
82482;194.2549;-242.6176;-2339.194
82533;187.8295;-215.3471;-2256.517
82601;189.2789;-212.962;-2252.412
82637;197.876;-207.0126;-2238.017
82685;203.072;-206.4476;-2230.442
82718;208.8481;-206.14;-2223.556
82735;217.8177;-205.197;-2214.32
82786;227.4574;-204.1058;-2205.852
82819;240.6531;-202.6132;-2196.407
82838;255.442;-203.0128;-2185.914
82887;272.2437;-201.7857;-2176.302
82920;287.3138;-198.1958;-2166.569
82954;303.0873;-195.0103;-2159.18
82988;321.0888;-193.7381;-2147.13
83009;340.783;-188.9545;-2138.511
83055;358.3867;-186.8779;-2129.754
83089;371.4275;-180.5316;-2124.091
83123;385.7633;-175.4408;-2119.537
83156;397.7981;-171.1595;-2114.354
83190;413.1966;-165.5884;-2109.266
83215;423.0346;-159.5816;-2106.833
