
4;-16.07348;74.89429;-2379.618
57;-16.23918;73.79285;-2379.489
215;-15.95469;70.929;-2378.824
257;-15.96157;68.22056;-2377.721
362;-15.98494;66.18975;-2377.095
458;-14.31103;61.99428;-2373.732
501;-13.56208;60.57989;-2372.396
581;-12.45749;58.56635;-2369.255
636;-11.54755;56.64566;-2366.034
696;-11.48637;55.9624;-2364.257
786;-11.27463;55.25163;-2361.64
843;-12.63701;53.88155;-2359.038
1081;-21.36854;48.38015;-2356.232
1173;-22.12712;47.94788;-2356.512
1400;-24.83632;47.31524;-2358.05
1459;-25.08213;47.34827;-2358.363
1663;-26.37108;47.75656;-2359.98
1776;-27.15622;47.99418;-2362.253
1816;-27.46154;48.59212;-2367.459
1898;-26.16966;48.3586;-2372.355
1962;-25.70845;48.34936;-2375.421
2032;-25.18824;47.72731;-2378.368
2083;-23.4047;46.86487;-2379.879
2132;-21.6829;46.65625;-2381.87
2200;-17.92573;47.50607;-2385.999
2351;-13.95263;49.46031;-2389.188
2461;-11.95911;59.89495;-2407.071
2488;-13.65241;65.89116;-2412.851
2546;-17.11152;78.61848;-2423.771
2647;-19.51598;93.53895;-2437.175
2699;-22.51832;98.52475;-2444.269
2736;-22.38997;101.411;-2447.814
2829;-22.4391;108.2803;-2453.608
2896;-22.10903;113.5208;-2457.839
2992;-22.23105;117.6327;-2461.014
3063;-22.07594;120.2118;-2463.426
3125;-23.22542;124.0289;-2467.452
3169;-32.0151;141.2969;-2483.307
3230;-29.23321;152.0867;-2489.202
3424;-26.36935;168.1326;-2492.836
3527;-26.20242;174.3625;-2492.691
3566;-26.22426;175.7995;-2492.457
3652;-26.36382;176.0582;-2491.695
3710;-26.55807;176.4683;-2490.624
3776;-27.88148;169.7519;-2485.246
3835;-29.27933;165.2451;-2481.755
3898;-33.57531;146.29;-2467.683
3973;-33.81507;146.1233;-2467.53
4042;-30.65585;128.3176;-2446.123
4120;-30.70868;124.1782;-2442.505
4228;-30.19641;108.0604;-2427.536
4353;-25.43756;97.37229;-2417.599
4406;-22.35115;63.17977;-2391.714
4505;-23.92308;60.37573;-2388.714
4569;-28.16661;55.11111;-2383.872
4628;-34.65292;51.02867;-2380.365
4699;-37.2522;50.0075;-2378.455
4806;-41.2129;48.01468;-2376.348
4846;-43.60873;46.56482;-2373.979
4922;-43.0344;46.62082;-2372.1
4993;-40.51076;46.64635;-2370.164
5052;-33.85955;49.12299;-2368.695
5131;-30.0635;50.67885;-2369.637
5204;-27.40961;54.19756;-2372.935
5272;-25.58174;64.92775;-2379.513
5333;-29.50782;84.25847;-2391.968
5409;-38.82449;110.7157;-2412.728
5538;-38.265;164.5073;-2459.376
5612;-32.33827;178.7303;-2463.761
5675;-30.41385;182.2568;-2463.864
5744;-23.73662;189.1487;-2461.426
5893;-21.82839;192.0141;-2460.432
5932;-21.866;190.9637;-2459.68
5996;-23.55784;183.4018;-2456.631
6069;-24.41567;175.789;-2452.974
6137;-26.45727;161.9466;-2445.846
6199;-28.37897;153.5338;-2440.261
6281;-24.07462;123.9524;-2413.945
6340;-23.81483;112.0642;-2405.844
6401;-20.63645;104.0136;-2399.067
6445;-18.65417;98.91766;-2395.481
6525;-16.26787;94.26357;-2391.357
6595;-12.58409;87.42892;-2384.087
6655;-10.42402;84.44055;-2380.354
6715;-5.997441;78.50562;-2371.254
6785;14.55514;70.4035;-2320.673
6836;16.01158;74.20263;-2316.794
6899;22.22046;95.08054;-2328.278
6971;21.90253;94.33515;-2328.502
7032;20.2262;93.44716;-2329.843
7082;9.118509;89.81673;-2335.297
7161;9.195546;89.4749;-2334.266
7228;7.47612;79.05164;-2320.242
7310;-29.79639;75.20716;-2373.112
7378;-20.06573;65.56064;-2365.418
7436;-18.24156;63.67357;-2363.874
7499;-16.10752;62.39948;-2362.332
7540;-15.59872;62.13759;-2361.992
7611;-14.20999;62.3879;-2361.55
7674;-12.97709;62.50017;-2361.13
7734;-11.5116;62.76262;-2360.426
7796;-8.533512;64.20879;-2358.444
7857;-6.486461;64.72991;-2356.97
7914;-6.396092;64.76719;-2356.79
8021;-6.449779;64.74882;-2356.712
8054;-6.695936;64.59955;-2356.744
8131;-6.86233;64.26048;-2356.797
8222;-7.77788;62.96603;-2357.499
8282;-8.028717;61.72486;-2358.177
8359;-8.421899;59.92969;-2359.229
8461;-8.604667;58.12648;-2360.181
8528;-9.131301;56.56173;-2361.1
8588;-9.535951;55.74545;-2361.911
8643;-9.820388;54.75808;-2362.123
8739;-9.986486;53.91539;-2362.123
8823;-9.981605;53.55415;-2362.198
8861;-9.948833;53.47821;-2362.294
8903;-9.347687;52.80357;-2362.45
8967;-6.578978;51.81531;-2362.834
9007;-4.025023;51.20093;-2364.686
9093;-2.417477;50.93873;-2365.025
9157;-4.302714;57.46505;-2377.469
9224;-5.602343;62.58646;-2383.192
9286;-16.42318;84.60863;-2399.464
9350;-26.9871;106.6289;-2418.328
9394;-38.28219;141.6535;-2453.136
9436;-38.81432;142.828;-2453.985
9492;-38.78014;146.6112;-2455.597
9526;-34.10507;163.6808;-2461.26
9571;-32.92884;166.2639;-2461.343
9616;-32.52984;167.9371;-2460.886
9684;-32.14183;168.599;-2460.541
9746;-30.72088;167.8495;-2458.65
9817;-29.99421;167.1718;-2457.549
9894;-29.67138;166.3405;-2456.304
9958;-29.78317;165.8754;-2455.572
10005;-30.29462;165.1626;-2454.778
10071;-30.52825;164.0279;-2453.033
10142;-34.64867;160.2664;-2450.05
10202;-35.4777;150.7166;-2441.848
10267;-31.07824;125.9768;-2420.035
10314;-29.65508;113.9906;-2411.03
10372;-29.34216;110.2276;-2408.364
10433;-28.07736;103.4308;-2403.653
10495;-27.50526;99.16465;-2400.757
10549;-26.61399;90.4872;-2396.074
10631;-25.44867;81.78441;-2392.169
10686;-25.40657;77.13512;-2390.5
10748;-25.2381;71.48477;-2388.02
10831;-24.9134;68.76898;-2386.475
10891;-24.22219;64.55103;-2382.924
10965;-24.00353;61.43432;-2379.957
11030;-24.58842;59.04939;-2377.802
11095;-31.15729;53.47731;-2376.572
11199;-35.78793;51.18807;-2376.291
11261;-38.70858;49.58191;-2376.019
11338;-40.17437;47.76316;-2374.476
11563;-40.60591;45.88942;-2373.363
11606;-40.43974;45.82486;-2373.35
11663;-40.00721;45.72976;-2373.284
11727;-39.54986;45.7072;-2373.672
11809;-38.92458;45.5882;-2375.359
11928;-38.52674;45.37348;-2376.054
11970;-38.13469;45.39188;-2376.221
12017;-37.72108;45.72728;-2375.774
12093;-36.20537;47.40264;-2374.696
12148;-34.01784;49.12191;-2373.539
12211;-26.43583;52.9113;-2370.437
12270;-18.24538;56.25944;-2374.081
12381;-15.12836;58.27565;-2377.111
12424;-13.58705;60.59497;-2380.118
12488;-15.84366;74.54408;-2395.741
12584;-29.12902;110.176;-2431.446
12652;-37.65964;138.0554;-2464.44
12711;-36.16483;157.5772;-2474.636
12787;-34.99401;159.1147;-2475.451
12892;-30.81269;167.8362;-2480.486
12932;-29.65881;166.7579;-2480.51
12991;-29.49423;166.038;-2479.809
13067;-30.52092;164.4646;-2479.288
13109;-32.02148;162.9039;-2478.983
13162;-34.59322;157.9854;-2477.883
13232;-36.71755;151.1011;-2475.625
13302;-38.28196;146.0898;-2473.972
13365;-39.5323;143.4202;-2472.877
13405;-36.64;128.7996;-2462.235
13502;-31.64653;108.8449;-2439.277
13569;-29.10288;104.4939;-2433.416
13634;-24.79777;97.05495;-2425.379
13683;-22.45143;91.74897;-2419.478
13736;-20.50797;85.97739;-2413.703
13804;-19.24723;81.76243;-2409.799
13864;-18.97407;77.17359;-2406.228
13924;-18.47166;73.63561;-2403.585
13980;-18.4058;64.10502;-2395.367
14033;-19.67642;61.17176;-2391.557
14098;-20.55983;59.44516;-2389.352
14183;-21.77254;58.08575;-2387.704
14312;-27.62423;54.72444;-2381.97
14378;-29.14652;53.93517;-2380.592
14441;-30.52921;53.40786;-2379.359
14506;-32.13911;52.4245;-2378.104
14550;-33.46627;52.00909;-2377.504
14637;-35.09725;49.87562;-2376.143
14685;-36.75086;48.51146;-2375.052
14747;-37.71785;47.5868;-2374.497
14812;-37.94688;47.68293;-2373.659
14889;-38.13681;47.87403;-2372.931
14951;-37.93182;48.59478;-2371.81
15025;-37.60587;49.23255;-2370.443
15098;-37.27793;49.70353;-2369.276
15161;-36.87486;50.47422;-2367.981
15223;-35.37495;51.28482;-2365.463
15290;-33.6264;51.22877;-2363.024
15368;-29.14325;50.55544;-2359.457
15443;-26.6789;51.24651;-2358.729
15539;-24.79079;52.27876;-2358.527
15618;-22.95586;58.02449;-2361.644
15685;-22.93123;77.27245;-2373.568
15758;-30.57289;103.6173;-2396.715
15844;-41.79416;123.9784;-2421.719
15883;-46.84719;145.0225;-2446.043
16078;-45.16439;193.435;-2474.679
16147;-43.0031;194.2831;-2474.102
16192;-36.78413;192.7193;-2469.249
16235;-35.14115;191.7116;-2468.096
16288;-32.81699;189.0718;-2465.755
16328;-30.83973;185.7904;-2464.139
16369;-30.74713;183.1967;-2463.975
16445;-30.50682;182.2443;-2464.161
16506;-30.33438;179.872;-2464.677
16589;-30.05873;178.8192;-2464.661
16640;-32.33212;169.726;-2462.938
16697;-35.30341;164.3234;-2461.257
16755;-37.90572;157.3622;-2458.277
16856;-38.3258;153.0694;-2455.688
16890;-33.21;134.2679;-2439.869
16907;-33.00105;131.1702;-2437.753
16960;-32.54977;126.9327;-2434.843
17027;-31.32509;118.8828;-2430.356
17063;-31.29902;113.6217;-2427.211
17122;-30.11135;104.841;-2420.871
17183;-29.40662;100.5585;-2417.456
17222;-28.95807;97.11232;-2414.969
17283;-29.44017;92.75166;-2412.746
17375;-26.59056;81.06488;-2404.789
17768;-27.94816;56.75415;-2388.991
17817;-28.75137;55.72823;-2387.537
17861;-30.43238;54.52919;-2385.166
17931;-31.77622;53.56394;-2383.586
17998;-32.88645;52.89973;-2382.345
18065;-34.37487;52.00594;-2381.078
18267;-36.39239;50.48465;-2378.704
18320;-36.73691;50.14081;-2378.095
18381;-37.31824;49.78745;-2377.779
18452;-37.77449;49.01272;-2377.265
18537;-38.42729;48.37933;-2376.932
18603;-38.65285;47.97208;-2376.731
18708;-37.48569;47.75354;-2376.044
18768;-23.14844;50.98835;-2373.102
18836;-20.25679;52.94149;-2376.511
18895;-27.75681;79.22781;-2400.628
18978;-31.68032;93.73465;-2411.497
19060;-45.24852;133.6207;-2447.906
19110;-45.78789;137.4579;-2451.172
19185;-43.25398;151.0661;-2459.149
19250;-42.45034;195.0119;-2478.909
19325;-41.71394;194.7966;-2477.351
19370;-42.65722;194.4722;-2472.516
19476;-43.21539;194.793;-2471.498
19515;-41.74444;193.2446;-2468.624
19568;-44.34141;183.8628;-2463.094
19638;-45.13943;177.9776;-2460.391
19685;-45.21078;172.0984;-2458.219
19747;-45.66696;167.9608;-2456.607
19824;-49.96049;155.5478;-2451.845
19861;-50.14293;151.5034;-2448.862
19932;-48.76317;145.6077;-2443.996
20037;-45.52718;130.0898;-2432.904
20113;-33.72871;92.6393;-2407.618
20186;-33.06305;88.95528;-2406.568
20264;-32.35754;82.13456;-2405.184
20313;-31.33947;72.37943;-2400.693
20360;-31.4375;65.49407;-2397.635
20431;-33.0577;59.03682;-2393.917
20497;-33.59236;56.12022;-2391.392
20579;-34.27143;54.6139;-2389.674
20640;-35.85286;53.10538;-2387.751
20681;-37.65775;50.44985;-2384.756
20756;-39.29638;49.6747;-2383.559
20822;-40.13583;48.95369;-2382.034
20866;-40.79175;48.33742;-2380.732
20955;-39.91985;47.41913;-2378.304
21018;-37.63612;47.96947;-2376.296
21081;-35.37017;48.15231;-2374.813
21155;-28.42127;49.46083;-2374.052
21202;-23.5704;51.24295;-2374.655
21266;-21.22082;52.79159;-2376.289
21333;-20.92975;58.39122;-2381.761
21379;-40.27223;104.1243;-2420.195
21474;-52.60957;128.1485;-2444.941
21536;-56.18483;145.6265;-2459.397
21604;-56.49042;148.5834;-2461.707
21678;-55.00856;162.2251;-2468.66
21744;-53.61645;167.0526;-2469.023
21812;-52.50923;167.9227;-2467.768
21879;-50.06757;167.7682;-2466.049
21942;-47.98304;165.3829;-2464.052
22006;-48.53364;155.6438;-2459.071
22072;-50.09653;151.8772;-2456.793
23138;-32.2155;54.41945;-2381.766
23177;-34.54617;52.40047;-2381.768
23232;-35.93285;51.20137;-2381.167
23289;-37.47123;50.15375;-2380.758
23347;-38.58165;49.14556;-2380.103
23410;-39.55825;48.21249;-2379.432
23476;-40.51029;47.4248;-2378.778
23524;-40.94609;47.00026;-2378.178
23579;-41.13193;46.81254;-2377.752
23625;-40.90946;46.59024;-2376.93
23676;-40.17134;46.31584;-2375.87
23710;-37.92178;46.80469;-2375.078
23771;-32.98097;47.09263;-2372.605
23793;-30.84412;47.50614;-2372.408
23841;-29.51535;48.36516;-2373.112
23953;-28.18538;49.27637;-2373.911
24013;-27.19492;53.53187;-2376.119
24094;-32.41531;80.20329;-2390.185
24151;-33.55862;83.31448;-2391.931
24193;-55.40824;126.014;-2433.878
24403;-58.74976;130.834;-2439.571
24467;-51.22399;169.8955;-2453.103
24536;-54.91894;175.2257;-2453.785
24598;-57.90428;186.3655;-2451.508
24652;-57.08755;183.4946;-2448.009
24730;-56.60433;169.9583;-2438.703
24787;-57.51092;167.1964;-2437.232
24847;-58.83311;162.1966;-2434.698
24915;-59.26668;155.3938;-2431.611
25092;-59.72227;149.9207;-2429.109
25131;-53.1078;129.4701;-2412.509
25204;-47.85668;113.8144;-2400.37
25271;-47.0691;112.0273;-2398.696
25363;-43.74438;104.1486;-2392.835
25411;-42.93511;98.46593;-2390.958
25509;-46.5284;89.85607;-2391.287
25620;-47.31727;84.10642;-2390.601
25686;-50.18826;78.97453;-2391.751
25756;-51.58519;67.77507;-2384.416
25840;-51.19225;64.51495;-2380.936
25931;-49.29586;61.7415;-2376.609
26011;-48.88675;60.4114;-2373.299
26052;-46.94361;58.12563;-2362.072
26149;-47.41897;57.30671;-2358.721
26214;-47.98289;56.42766;-2352.948
26293;-48.40949;55.71091;-2349.2
26357;-49.47543;54.54772;-2345.274
26420;-51.0618;52.42596;-2342.662
26468;-51.59899;51.52603;-2341.636
26536;-51.46094;51.52773;-2341.543
26620;-50.12802;52.20108;-2341.415
26658;-46.64789;53.25307;-2341.43
26730;-40.76962;55.69784;-2343.0
26788;-34.50966;57.51379;-2345.206
26846;-31.71555;59.22279;-2347.434
26886;-26.49767;74.61553;-2360.54
26959;-26.13827;79.59556;-2364.036
26999;-29.95762;91.27075;-2373.646
27040;-39.58464;114.3337;-2393.785
27118;-43.30008;122.2323;-2401.626
27178;-50.45285;151.8092;-2433.372
27238;-51.63177;153.9155;-2435.834
27274;-48.28362;174.7993;-2446.709
27342;-48.19724;185.3952;-2451.861
27384;-47.46194;187.4582;-2450.229
27452;-44.66894;189.6882;-2446.518
27494;-43.32982;188.6748;-2442.952
27535;-43.49296;189.1805;-2440.147
27631;-45.21186;185.2076;-2434.862
27678;-44.97213;184.4889;-2433.683
27725;-45.10776;183.7493;-2433.26
27787;-47.01065;174.8241;-2431.393
27850;-47.88247;171.3756;-2430.62
27908;-50.21636;167.6442;-2430.901
27949;-53.20224;158.3685;-2428.386
28018;-52.92416;155.7821;-2427.329
28080;-52.52112;152.1342;-2425.559
28147;-46.97987;129.2006;-2411.814
28194;-46.6259;126.337;-2410.446
28240;-44.49889;120.0442;-2405.57
28309;-38.24007;106.2447;-2393.072
28346;-36.8378;101.5952;-2390.262
28401;-32.91438;90.56157;-2383.393
28480;-32.80121;87.33414;-2382.146
28547;-33.21785;82.2664;-2380.174
28620;-34.4068;76.06308;-2378.209
28701;-35.99376;70.18192;-2374.379
28763;-38.84986;63.95109;-2369.422
29006;-41.83775;60.24701;-2366.624
29064;-49.54899;53.82423;-2366.03
29345;-55.97112;46.37584;-2364.928
29381;-56.43826;45.79854;-2365.011
29451;-56.4123;45.85585;-2365.051
29518;-56.32932;45.9333;-2365.065
29572;-53.99172;46.46529;-2364.482
29633;-50.30649;47.6865;-2364.276
29749;-47.44775;48.47541;-2365.335
29931;-52.1724;101.7827;-2390.393
29993;-57.92163;112.0782;-2398.11
30073;-70.1609;155.0101;-2434.222
30178;-70.12495;158.1418;-2437.668
30224;-68.62029;161.8964;-2441.267
30289;-66.41532;162.8626;-2441.299
30355;-64.41096;163.0197;-2440.184
30419;-63.46645;162.7919;-2439.406
30462;-63.57087;161.1066;-2438.948
30489;-63.47942;159.7742;-2438.784
30545;-62.96441;157.5466;-2437.624
30602;-62.41339;156.0001;-2436.953
30633;-59.54512;147.9261;-2432.579
30667;-56.05052;129.3424;-2421.155
30696;-54.47235;125.0517;-2418.627
30780;-51.84818;116.3097;-2412.831
30839;-51.35563;111.132;-2409.788
30897;-49.96539;101.8855;-2405.125
30934;-46.72689;92.89788;-2398.993
31083;-41.98071;81.03025;-2390.854
31351;-44.04252;64.51136;-2383.461
31539;-44.77771;61.81685;-2382.088
31585;-46.23988;59.09021;-2380.41
31619;-52.64114;53.95169;-2378.651
31690;-56.26201;50.03122;-2377.725
31804;-57.36551;47.90347;-2376.916
31909;-57.8444;45.63163;-2376.386
31966;-58.37077;42.86173;-2375.933
32001;-60.11356;40.7648;-2376.671
32024;-60.12436;39.59116;-2376.566
32061;-60.12649;38.61173;-2376.118
32085;-59.80857;37.48169;-2375.643
32130;-59.62236;37.18098;-2375.312
32154;-59.4593;36.8767;-2374.968
32185;-59.29692;36.87799;-2374.554
32227;-58.93148;36.82219;-2373.884
32253;-58.35936;36.84128;-2373.062
32299;-56.39395;38.11085;-2371.598
32325;-50.9565;40.87505;-2368.756
32374;-46.87414;42.88691;-2367.589
32417;-43.35123;44.45533;-2366.9
32442;-40.72233;45.2462;-2366.397
32492;-39.12803;46.02933;-2366.88
32515;-37.27462;47.88502;-2368.588
32573;-36.32003;50.18716;-2371.033
32603;-35.45436;53.83227;-2373.448
32757;-35.44626;58.76501;-2376.689
32847;-62.37938;120.8809;-2422.294
32911;-63.83696;154.9505;-2450.395
32952;-62.3378;160.3573;-2452.776
33014;-62.29282;183.9475;-2465.088
33082;-61.76506;184.2052;-2464.982
33120;-60.57337;185.181;-2465.266
33158;-52.79209;181.8392;-2461.488
33238;-50.57503;181.3848;-2457.623
33295;-47.66667;175.577;-2451.922
33350;-48.35278;175.8055;-2451.175
33407;-50.34795;171.3859;-2447.859
33446;-52.4588;167.9299;-2446.537
33513;-53.313;162.4237;-2443.958
33578;-54.38755;155.1045;-2440.789
33639;-56.50079;147.3632;-2437.457
33706;-55.51413;139.5348;-2431.592
33783;-52.16846;129.4256;-2423.064
33846;-50.58806;114.9493;-2411.956
33911;-47.80953;104.3333;-2403.631
33980;-47.17816;100.1689;-2400.453
34038;-46.5603;95.75111;-2398.018
34103;-44.40107;86.38545;-2392.649
34153;-42.08779;78.64719;-2387.906
34212;-41.73159;73.67558;-2384.947
34260;-41.95992;68.0143;-2381.855
34321;-42.4309;65.98157;-2380.49
34382;-43.27436;63.38853;-2378.531
34430;-43.81807;61.43446;-2376.347
34500;-44.411;60.35492;-2375.135
34552;-45.03629;58.63208;-2372.914
34612;-48.31042;56.6334;-2370.76
34676;-49.74976;54.92243;-2368.567
34716;-51.12869;53.24876;-2365.82
34773;-52.38314;51.17573;-2363.117
34842;-52.67583;51.01162;-2361.862
34888;-52.69278;50.97116;-2360.396
34950;-52.07952;51.29377;-2357.252
35015;-51.00911;51.58764;-2353.408
35076;-48.98851;52.27615;-2349.359
35133;-46.83429;53.00879;-2345.34
35178;-44.93231;53.77019;-2341.311
35236;-44.55462;54.12627;-2339.713
35304;-44.05393;54.30912;-2337.947
35907;-70.14653;50.21544;-2329.11
35962;-70.71957;50.15835;-2328.258
36056;-70.34847;50.22044;-2326.311
36093;-69.03474;49.74446;-2323.36
36132;-65.33916;50.18042;-2319.972
36169;-56.80809;52.92892;-2317.006
36225;-52.45029;55.7827;-2316.743
36318;-45.69007;58.88808;-2316.01
36358;-40.81424;61.31898;-2315.995
36405;-38.94244;61.55249;-2315.357
36488;-44.71813;66.69962;-2319.859
36544;-52.65564;69.34412;-2323.759
36599;-53.05386;69.28098;-2324.009
36688;-42.64339;66.18112;-2321.309
36746;-40.96892;65.80241;-2320.877
36820;-40.83281;65.77631;-2320.811
36880;-42.02954;65.69337;-2320.988
36923;-46.19154;64.45789;-2321.055
36983;-50.52108;63.21319;-2321.148
37045;-54.31952;61.97999;-2321.259
37093;-62.6198;59.62626;-2320.691
37133;-66.1614;58.45344;-2319.944
37184;-70.25183;57.1581;-2318.977
37258;-71.89481;56.64107;-2318.579
37336;-73.61567;56.42512;-2317.821
37390;-75.66144;56.53907;-2317.157
37457;-76.12472;56.69201;-2316.782
37504;-76.03744;56.72304;-2316.32
37567;-75.80415;56.90894;-2315.876
37609;-75.1328;56.84478;-2315.218
37665;-74.28922;57.12485;-2314.604
37742;-70.77986;57.88852;-2313.6
37794;-68.72956;58.61395;-2313.248
37851;-64.43499;60.28867;-2312.132
37903;-62.38557;61.3242;-2311.635
37973;-58.72364;62.7844;-2310.885
38017;-56.60039;63.26639;-2310.655
38076;-54.62737;63.91706;-2310.409
38139;-54.02974;64.16077;-2310.624
38201;-53.77726;64.15782;-2310.869
38248;-53.75536;63.99649;-2311.111
38315;-53.74429;63.97272;-2311.13
38372;-53.93671;63.64834;-2310.919
38411;-53.95968;63.57108;-2310.896
38503;-54.77444;62.90299;-2311.008
38539;-55.28963;62.66159;-2311.582
38600;-53.76013;62.78555;-2312.292
38643;-52.45998;63.47866;-2313.182
38708;-50.50716;64.0344;-2313.811
38776;-47.77042;64.34165;-2314.397
38832;-42.8624;65.11576;-2315.135
38900;-37.57495;66.50618;-2316.517
38940;-29.80261;65.95592;-2316.125
39015;-26.57868;65.02511;-2316.006
39066;-25.87461;64.67472;-2316.153
39147;-23.5253;63.43878;-2315.755
39202;-22.65616;63.31269;-2315.872
39247;-24.25743;64.21416;-2317.042
39295;-26.24949;64.9127;-2317.771
39328;-28.71542;66.02016;-2318.967
39396;-30.90243;66.4108;-2319.611
39478;-43.00787;64.31439;-2320.391
39502;-47.1917;62.20446;-2319.517
39547;-51.10197;61.27583;-2319.318
39591;-53.90508;60.61574;-2318.881
39645;-55.6214;60.09195;-2318.45
39679;-57.24496;59.50789;-2318.22
39702;-59.79888;59.26901;-2318.038
39743;-61.10355;58.84217;-2317.723
39781;-61.54876;58.70575;-2317.678
39807;-61.82327;58.44019;-2317.484
39838;-62.42087;57.85794;-2317.213
39867;-62.8941;57.55812;-2317.186
39939;-63.58754;56.94909;-2316.904
39968;-63.72016;56.61709;-2316.711
40042;-63.76477;56.26287;-2316.775
40094;-63.49754;56.10423;-2316.705
40145;-63.4719;56.08291;-2316.727
40208;-62.11024;56.30513;-2316.378
40288;-60.29563;56.84716;-2316.248
40336;-56.3999;58.0119;-2315.605
40395;-54.07039;59.08328;-2315.813
40452;-51.573;59.75481;-2315.888
40511;-50.03368;60.05365;-2316.27
40555;-49.54176;60.25757;-2316.561
40625;-49.27615;60.3502;-2316.848
40673;-49.28908;60.20523;-2317.112
40729;-49.23207;59.89927;-2317.434
40786;-49.34249;59.64351;-2317.927
40834;-50.04804;59.18447;-2318.681
40901;-51.15472;58.3987;-2319.85
40955;-51.78605;58.08318;-2320.419
41112;-53.80362;57.21094;-2322.278
41159;-53.90087;57.33272;-2323.206
41201;-52.06005;58.18873;-2323.929
41251;-48.90435;59.61722;-2324.56
41317;-45.80951;60.83621;-2324.841
41363;-40.07881;62.44116;-2325.549
41541;-34.53934;63.17081;-2325.913
41631;-27.89513;63.16528;-2327.847
41783;-25.99257;63.0421;-2328.357
41839;-24.00133;62.90268;-2328.56
41896;-23.73023;63.24638;-2329.243
41986;-24.36783;63.46413;-2330.484
42043;-27.88944;62.81275;-2331.698
42120;-29.6809;62.5595;-2332.317
42206;-34.96643;62.64508;-2333.656
42287;-39.20898;62.01321;-2334.367
42477;-43.70199;60.98862;-2334.807
42627;-46.47795;59.66695;-2333.33
42671;-47.01982;59.48299;-2332.845
42763;-46.7274;58.55741;-2330.673
42943;-46.35949;58.14228;-2329.144
42989;-43.40549;59.32906;-2326.935
43050;-41.15176;59.78759;-2325.061
43110;-40.2054;59.833;-2324.088
43187;-39.9605;59.84471;-2323.621
43228;-39.71106;59.99134;-2323.27
43271;-39.38709;59.84669;-2322.636
43330;-39.52018;59.80892;-2322.436
43486;-39.61907;59.74438;-2322.409
43542;-40.47096;59.19357;-2321.942
43599;-41.45022;59.02254;-2321.562
43667;-42.59196;58.77291;-2321.001
43739;-43.2523;58.55138;-2320.502
43830;-44.902;58.0421;-2320.25
43901;-45.53348;57.99236;-2320.294
43943;-45.43876;57.88771;-2320.184
44003;-45.26818;57.9928;-2320.178
44065;-45.00262;58.02832;-2320.134
44104;-39.61679;59.19035;-2319.759
44169;-37.25602;59.67472;-2319.741
44223;-30.89917;60.968;-2318.834
44294;-27.62334;61.33099;-2317.986
44337;-25.18373;61.68587;-2317.528
44408;-23.08301;62.46571;-2317.543
44453;-22.05644;62.7192;-2317.308
44524;-19.27638;62.47561;-2316.342
44605;-18.88232;62.65897;-2316.064
44642;-18.09503;62.94499;-2316.05
44703;-18.6316;63.89766;-2316.629
44768;-19.13674;64.02344;-2316.863
44807;-20.83394;64.24123;-2317.363
44869;-23.53352;63.20667;-2317.31
44924;-25.92824;62.70661;-2317.539
44987;-33.32623;62.37898;-2318.913
45105;-37.37352;62.40932;-2319.291
45162;-40.18211;62.54412;-2319.232
45217;-40.83166;62.68083;-2318.963
45279;-41.24822;62.64333;-2318.726
45355;-41.9124;62.35497;-2318.686
45413;-42.16513;62.162;-2318.768
45452;-42.62539;61.99814;-2318.849
45550;-42.78088;61.69238;-2318.586
45591;-42.54432;61.43336;-2318.207
45633;-42.3899;61.54325;-2317.774
45721;-41.91282;61.98137;-2317.006
45783;-40.88218;62.45584;-2315.953
45823;-40.32735;62.90955;-2315.126
45886;-39.81456;63.23376;-2314.682
45937;-39.7546;63.44201;-2314.634
46015;-39.89816;63.58373;-2314.595
46085;-40.04151;63.48462;-2314.499
46140;-40.209;63.40799;-2314.323
46204;-40.41801;63.44132;-2314.293
46287;-40.77063;63.36395;-2313.974
46357;-40.71117;63.42929;-2313.943
46412;-40.37864;63.51185;-2313.663
46512;-37.15603;63.63396;-2312.763
46545;-35.44537;63.95095;-2312.616
46579;-32.11341;64.45628;-2312.481
46641;-28.91849;65.36901;-2312.694
46671;-24.33974;66.26051;-2312.993
46712;-22.67344;66.35332;-2313.114
46752;-21.52478;66.27464;-2313.01
46799;-18.88646;65.43999;-2312.333
46824;-19.56718;66.64884;-2313.527
46869;-19.82195;67.76772;-2314.76
46911;-20.16405;67.93759;-2315.038
46935;-20.69899;66.98976;-2314.63
47029;-20.15267;66.8416;-2314.667
47087;-20.17107;66.82265;-2314.696
47117;-23.28434;66.30766;-2316.146
47164;-26.67068;65.52747;-2316.992
47221;-29.0407;64.60166;-2317.202
47253;-31.53092;64.04407;-2317.995
47348;-40.42448;60.96602;-2319.07
47419;-43.84101;59.67654;-2319.338
47508;-46.30867;57.4464;-2318.973
47793;-52.76534;52.85711;-2317.873
47847;-52.70713;52.8621;-2317.733
47943;-52.67349;53.14037;-2317.459
47982;-52.24293;53.57588;-2316.879
48049;-50.57328;56.28506;-2315.328
48108;-48.64254;58.66895;-2314.348
48156;-47.50284;59.96461;-2313.665
48208;-47.08068;60.67451;-2313.229
48304;-46.93494;60.90224;-2313.134
48356;-47.0211;60.96555;-2313.119
48435;-47.47577;60.57827;-2312.928
48501;-48.65314;60.09961;-2312.855
48602;-48.91442;60.13785;-2312.948
48653;-48.98132;60.14503;-2313.091
48723;-45.84763;60.91055;-2313.888
48785;-38.35889;62.56223;-2314.394
48869;-27.61658;65.67841;-2314.951
48976;-17.56677;68.36194;-2315.127
49029;-15.1523;69.10996;-2316.04
49094;-15.92368;81.06792;-2329.568
49155;-15.04542;84.45826;-2332.648
49200;-17.284;84.59845;-2334.193
49260;-7.269062;80.15542;-2327.95
49351;0.9103189;76.51453;-2323.52
49415;-0.06842601;75.20249;-2323.146
49473;-3.337951;73.28879;-2323.163
49526;-6.731821;70.74604;-2323.458
49584;-9.662945;68.42116;-2323.597
49661;-20.88011;63.08421;-2324.005
49705;-26.65947;61.37352;-2325.24
49804;-32.99362;59.74759;-2326.581
49846;-38.29918;58.71873;-2327.554
49896;-40.5012;57.4113;-2327.308
49977;-41.70197;57.21909;-2327.262
50031;-43.14285;56.69477;-2327.288
50077;-44.1613;56.55283;-2327.131
50119;-45.32537;56.38891;-2326.552
50178;-46.13987;55.81622;-2325.71
50253;-46.27353;55.81451;-2325.441
50310;-46.28398;55.78301;-2324.824
50367;-46.28543;55.86302;-2324.304
50424;-45.94911;55.86465;-2323.682
50535;-45.2372;55.70388;-2322.304
50596;-43.62343;56.12501;-2321.266
50687;-42.88121;56.26866;-2320.198
50726;-41.85908;56.94086;-2319.213
50792;-40.90047;57.69276;-2318.693
50850;-40.43456;58.21306;-2318.334
50956;-40.20169;58.62172;-2317.859
51041;-40.1748;58.9492;-2317.579
51115;-41.21164;59.23351;-2316.85
51188;-44.04123;58.84723;-2315.542
51232;-45.66043;58.80054;-2314.809
51279;-46.60801;58.76172;-2314.48
51336;-46.78848;58.78378;-2314.348
51392;-46.89416;58.85659;-2314.264
51459;-46.73132;59.06057;-2314.25
51502;-44.52913;60.91928;-2314.591
51569;-37.88424;63.30853;-2313.435
51638;-32.38489;63.38192;-2311.643
51704;-30.88593;63.46469;-2311.105
51785;-30.29559;63.81064;-2311.31
51864;-29.53007;64.40399;-2311.762
51917;-28.47404;64.34247;-2311.479
51975;-35.37943;73.93899;-2323.305
52037;-32.69308;70.89754;-2320.522
52123;-32.03075;69.69205;-2319.351
52186;-32.39119;69.17858;-2319.188
52251;-37.46242;66.25685;-2318.248
52321;-56.84002;56.99197;-2316.865
52383;-60.84426;55.03594;-2316.523
52446;-62.16344;54.0727;-2315.947
52502;-63.38475;53.63572;-2315.479
52571;-63.36163;53.729;-2315.135
52635;-62.58599;54.28932;-2314.575
52682;-60.94058;55.39397;-2313.164
52725;-58.12579;57.23242;-2311.971
52794;-55.67446;59.11461;-2310.912
52832;-53.8998;60.03048;-2309.641
52947;-50.02178;62.66603;-2309.318
52998;-48.59705;63.12789;-2308.96
53058;-47.39441;63.75303;-2309.003
53107;-46.83776;64.03938;-2309.05
53161;-46.06277;64.40676;-2309.109
53225;-45.21067;64.96529;-2309.476
53291;-44.94395;65.12483;-2309.605
53354;-44.97567;65.10326;-2309.695
53471;-45.13848;64.93812;-2309.841
53523;-45.76204;64.65244;-2309.865
53572;-46.43489;64.45437;-2309.913
53606;-47.15868;64.09924;-2309.911
53673;-47.25843;64.05655;-2309.799
53731;-46.95272;64.3035;-2309.637
53795;-46.19962;64.53277;-2309.451
53830;-43.80561;65.85669;-2309.851
53868;-40.53928;66.56279;-2309.472
53893;-34.94468;68.08263;-2309.39
53935;-30.22802;68.98873;-2309.258
53997;-23.92449;71.70843;-2309.625
54034;-22.06237;72.29999;-2309.565
54075;-19.99628;72.67861;-2309.042
54141;-18.82367;73.10567;-2308.995
54185;-18.02237;73.76217;-2309.236
54240;-18.54097;85.46418;-2319.871
54281;-19.50033;86.45774;-2321.702
54315;-18.5943;87.88927;-2322.891
54372;-26.34837;121.8252;-2348.389
54399;-27.79138;93.14126;-2329.719
54440;-26.50683;79.20129;-2316.524
54470;-24.46037;77.1225;-2314.193
54517;-21.35088;75.17005;-2311.801
54540;-18.98942;74.52995;-2310.631
54587;-17.98;74.88776;-2310.491
54610;-17.65373;74.62888;-2310.059
54705;-17.65447;74.62681;-2310.058
54752;-17.67289;74.56696;-2309.845
54856;-18.03496;74.6222;-2309.312
54900;-19.54627;74.41666;-2308.849
54953;-21.36465;74.11922;-2308.415
55011;-22.07297;73.91569;-2308.034
55038;-22.29304;73.83855;-2307.788
55067;-22.76668;73.61511;-2307.501
55089;-23.59225;73.22245;-2307.205
55137;-24.23452;72.82421;-2307.304
55169;-25.97286;71.85305;-2306.917
55254;-26.8051;70.86859;-2306.55
55277;-27.32363;70.58776;-2306.643
55319;-27.34481;70.54486;-2306.653
55376;-27.36711;70.54291;-2306.669
55403;-27.59251;70.53629;-2306.819
55435;-27.56134;70.54565;-2306.847
55482;-27.55992;70.53558;-2306.825
55506;-27.5605;70.55979;-2306.857
55532;-27.71495;70.59608;-2306.866
55582;-28.13492;70.53782;-2306.928
55608;-28.23216;70.49223;-2306.928
55638;-28.67863;70.3647;-2307.073
55664;-29.04755;70.27099;-2307.227
55703;-29.92694;70.11324;-2307.436
55853;-30.36109;69.99974;-2307.69
55877;-32.43058;69.57747;-2307.945
55923;-34.68515;68.66307;-2307.0
55946;-36.32984;67.79438;-2306.29
55980;-38.5183;67.17882;-2305.435
56024;-40.5139;66.53699;-2304.361
56086;-44.37764;66.14002;-2303.833
56196;-47.16123;65.8042;-2303.78
56236;-49.44377;65.55822;-2304.1
56251;-49.92764;65.53494;-2304.373
56304;-50.06192;65.36565;-2304.697
56320;-50.14518;65.07526;-2305.191
56363;-49.80127;64.83238;-2305.5
56408;-48.83903;64.30501;-2305.824
56465;-47.13915;64.05731;-2306.196
56548;-40.29782;64.74075;-2305.695
56589;-32.74271;66.49155;-2305.846
56644;-26.33122;67.82696;-2305.655
56682;-22.10525;66.49345;-2304.704
56783;-21.65134;66.51232;-2304.892
56841;-21.51883;66.28344;-2304.957
56894;-34.8939;71.32474;-2315.745
56952;-29.84272;80.80153;-2326.693
57001;-33.9327;79.65119;-2327.09
57049;-36.57431;78.91756;-2327.791
57134;-37.51647;80.44642;-2329.566
57221;-37.7167;74.38132;-2326.359
57279;-31.37093;71.12276;-2322.503
57336;-31.04957;70.45825;-2321.621
57397;-34.41733;68.63487;-2320.379
57452;-37.68755;65.90636;-2318.608
57511;-42.87637;63.32054;-2316.607
57582;-46.125;61.50171;-2315.291
57744;-48.86384;61.05774;-2313.796
57886;-48.96918;60.94302;-2313.096
57954;-48.63205;61.07259;-2312.446
58013;-47.98188;61.31797;-2311.617
58074;-47.20582;61.51277;-2310.709
58113;-46.08307;62.05983;-2309.6
58190;-44.72177;62.84451;-2308.28
58255;-43.01484;63.85583;-2307.146
58391;-41.20515;64.88816;-2305.495
58442;-39.5149;65.64742;-2303.332
58591;-38.74041;66.2291;-2301.836
58814;-38.94797;66.24986;-2301.448
58878;-43.26145;64.99575;-2298.904
58917;-44.02072;64.84496;-2298.565
59082;-45.08001;64.91327;-2298.677
59172;-44.98162;64.78936;-2298.713
59313;-36.5186;65.46796;-2299.04
59415;-30.23045;67.08321;-2299.595
59493;-11.94684;81.37498;-2307.765
59571;-16.99581;88.83218;-2315.105
59674;-14.51065;84.99754;-2313.163
59750;-15.98089;77.3084;-2310.029
59816;-16.15226;75.2437;-2308.937
59953;-18.33775;72.12601;-2307.215
60052;-27.22574;67.41136;-2305.791
60110;-29.59797;65.91815;-2305.399
60218;-31.29809;65.09438;-2305.446
60263;-32.61758;64.72844;-2305.669
60309;-33.58028;64.54377;-2305.735
60361;-34.29451;64.43671;-2305.673
60408;-34.63282;64.31683;-2305.583
60466;-35.14671;64.10265;-2305.651
60513;-35.3483;64.0218;-2305.613
60563;-35.6117;63.92267;-2305.719
60687;-36.16093;63.8107;-2306.494
60776;-35.92822;63.57873;-2306.975
60843;-35.52258;63.56324;-2307.16
60896;-33.9184;63.49017;-2306.838
61054;-30.52749;63.86784;-2306.494
61103;-29.48253;64.37478;-2306.949
61209;-28.18708;64.42508;-2307.151
61403;-27.8815;64.22726;-2307.248
61464;-29.43109;62.66561;-2308.104
61531;-32.24199;61.08436;-2309.644
61576;-34.42549;60.04856;-2310.682
61651;-37.26213;58.90551;-2311.322
61691;-38.68255;58.04388;-2311.367
61735;-39.04113;57.80114;-2311.35
61799;-39.7676;57.27106;-2311.348
61856;-40.17243;56.75039;-2311.203
61923;-40.52761;56.5257;-2311.386
61992;-40.66298;56.56069;-2311.659
62061;-41.19123;56.02456;-2312.505
62124;-41.42255;55.65097;-2313.561
62195;-41.46439;55.20399;-2314.548
62251;-41.3031;54.95892;-2315.899
62299;-40.901;54.74848;-2317.091
62389;-39.87902;54.52798;-2318.529
62432;-39.03513;53.98104;-2319.764
62485;-38.32307;53.75354;-2321.31
62567;-37.03223;52.99914;-2322.94
62630;-36.07503;52.77894;-2324.751
62670;-35.71955;52.36307;-2326.355
62715;-34.80508;51.8895;-2327.812
62777;-33.96894;51.60721;-2329.218
62846;-34.22748;51.81577;-2330.53
62915;-34.29275;52.31127;-2331.002
62944;-33.87286;53.70518;-2331.606
63003;-31.71173;54.75554;-2331.08
63146;-27.48151;55.97822;-2330.783
63209;29.52484;54.38142;-2333.167
63255;41.99022;51.44923;-2333.867
63294;74.92506;52.32456;-2340.174
63343;83.06159;52.3722;-2342.446
63408;94.48139;53.81787;-2344.948
63460;137.9832;58.99925;-2353.414
63487;147.0433;59.11988;-2355.516
63519;157.3925;61.43607;-2359.319
63561;168.5023;62.9278;-2362.044
63647;177.5072;64.47743;-2363.259
63696;191.0907;66.65916;-2365.975
63728;201.1387;67.90264;-2368.127
63777;207.2543;69.60398;-2369.949
63803;215.9839;70.12846;-2370.883
63854;232.0761;70.95748;-2368.622
63909;235.882;71.55548;-2367.958
63958;242.4599;73.05756;-2366.977
63981;255.3965;77.46877;-2365.598
64044;261.575;79.26772;-2364.742
64068;264.9034;80.39346;-2364.267
64129;270.6819;81.79381;-2363.765
64174;274.1015;82.92323;-2363.538
64204;280.0243;83.65221;-2362.382
64264;284.2424;84.27604;-2362.797
64320;286.5106;84.67423;-2363.304
64376;290.3686;84.36206;-2363.434
64413;302.7347;85.53544;-2364.267
64461;307.5321;85.33131;-2364.149
64505;310.1321;85.99234;-2365.126
64563;313.4967;86.93801;-2366.401
64590;317.4263;87.61662;-2367.618
64665;325.1879;88.11733;-2368.398
64719;328.4901;88.52069;-2369.332
64765;332.4126;88.95692;-2370.018
64808;333.8722;88.79486;-2370.226
64837;335.7884;88.77698;-2369.953
64865;336.4826;88.56512;-2369.777
64907;336.7747;88.49641;-2369.534
64935;336.8116;88.17863;-2369.326
65030;336.8124;87.99702;-2369.131
65054;336.8655;87.95464;-2369.078
65097;336.5508;87.67243;-2368.452
65149;336.341;87.3576;-2367.686
65170;335.7135;87.30182;-2367.211
65248;334.6995;86.68886;-2366.436
65313;333.9648;86.36195;-2366.17
65364;333.3008;85.8869;-2365.692
65420;332.3535;85.70843;-2365.269
65481;330.8303;85.18809;-2364.936
65531;328.8298;83.78568;-2363.268
65600;325.4367;81.96837;-2360.61
65644;324.3665;81.41744;-2359.555
65668;322.4303;81.01543;-2358.076
65688;319.9442;80.08315;-2356.704
65750;318.7166;80.08096;-2355.718
65785;315.9696;78.87475;-2353.636
65805;312.2652;77.41684;-2350.236
65868;311.2404;76.97586;-2348.778
65911;310.1364;76.45394;-2346.982
65934;309.1304;75.59433;-2343.747
65992;308.1527;74.94193;-2341.084
66057;307.4505;74.33769;-2338.625
66117;306.4885;74.03246;-2336.69
66185;305.9944;74.18552;-2334.774
66226;304.6539;74.31008;-2331.794
66310;302.6835;74.52375;-2329.16
66343;300.7877;75.04642;-2327.318
66387;298.7564;75.99287;-2326.591
66423;297.3983;76.69273;-2325.768
66463;294.9203;77.95258;-2325.638
66489;293.5884;78.50441;-2325.504
66523;292.7376;78.93958;-2325.376
66626;291.1698;80.36473;-2325.926
66673;289.6375;80.49092;-2326.072
66702;286.8085;81.97551;-2327.184
66726;285.4099;82.688;-2327.832
66772;284.5237;82.33472;-2328.021
66802;281.3617;82.46678;-2329.477
66918;279.4608;82.5349;-2331.091
66943;277.8613;82.17621;-2332.342
67017;277.6427;81.58897;-2332.653
67092;276.4571;80.38584;-2333.152
67149;273.055;78.62681;-2335.428
67201;264.8761;77.73399;-2340.107
67241;251.2755;75.46479;-2345.912
67266;244.9661;73.91672;-2348.004
67294;229.1685;70.27459;-2352.524
67323;221.2305;67.72231;-2354.646
67349;209.1003;65.82758;-2357.531
67411;199.7971;63.8374;-2359.278
67506;193.8386;62.30536;-2360.915
67536;184.2753;59.65158;-2362.143
67577;164.7186;55.0104;-2366.664
67652;160.7847;53.58669;-2368.594
67731;158.4319;51.52364;-2373.273
67763;157.8674;49.79749;-2375.207
67799;157.6245;48.80998;-2376.779
67909;157.9008;48.42177;-2379.062
67926;157.7484;47.96493;-2380.454
68014;160.135;49.49288;-2385.167
68069;161.967;49.74875;-2387.564
68104;169.7538;47.57172;-2395.015
68140;172.6168;46.51406;-2398.936
68210;179.0392;44.85899;-2408.7
68278;181.8698;43.67026;-2415.364
68384;209.6272;28.51625;-2444.969
68497;239.39;19.40711;-2473.326
68518;247.516;20.56785;-2483.119
68573;252.6856;19.44362;-2488.422
68600;261.0588;19.48019;-2495.821
68629;271.9998;14.56656;-2504.814
68672;278.5551;14.03307;-2509.856
68697;285.1293;15.00024;-2513.63
68740;288.452;16.39502;-2518.834
68762;292.7341;15.07397;-2521.354
68802;297.9738;15.36486;-2524.409
68831;303.7096;16.42669;-2528.251
68890;309.6931;18.06487;-2531.348
68915;313.9621;19.93892;-2533.526
68982;318.64;21.43172;-2537.237
69018;323.1099;22.1191;-2538.947
69077;325.3206;23.02166;-2541.056
69098;327.8712;23.95762;-2542.919
69136;332.8458;25.78441;-2545.51
69163;336.6354;27.07744;-2547.643
69232;340.2362;28.18444;-2549.78
69253;349.4994;31.37085;-2553.466
69297;354.2171;32.80666;-2555.105
69376;363.3942;35.19315;-2557.0
69411;371.5512;37.58584;-2558.022
69465;376.7932;38.56684;-2558.478
69485;379.3662;39.17418;-2558.985
69528;390.6567;44.37942;-2559.226
69553;392.3974;45.52898;-2559.49
69644;397.6242;46.99709;-2559.936
