
6;428.2553;-178.7667;-2256.615
58;428.1437;-179.3093;-2256.49
216;428.1098;-181.0386;-2257.641
259;427.5937;-182.3146;-2257.793
363;427.5112;-183.4273;-2257.736
459;428.1436;-185.3787;-2256.877
502;428.403;-186.4487;-2256.259
582;428.4669;-186.5855;-2256.336
637;428.6025;-186.835;-2256.322
697;428.5323;-186.8393;-2256.614
787;427.6396;-187.854;-2257.042
844;427.009;-189.3564;-2257.721
1082;422.5308;-186.4036;-2256.18
1174;421.3451;-183.538;-2254.711
1401;420.433;-178.8235;-2254.853
1460;422.3094;-179.0795;-2255.754
1664;426.1151;-182.0981;-2258.567
1777;426.7666;-182.2545;-2261.551
1817;427.2379;-182.3216;-2263.236
1899;427.5599;-182.1926;-2263.579
1963;427.5787;-182.0058;-2263.929
2033;427.7344;-182.2047;-2263.892
2083;427.3795;-182.0207;-2264.739
2133;427.3327;-182.6736;-2265.496
2201;427.2262;-182.9617;-2266.544
2352;426.8931;-182.7618;-2267.336
2462;429.6767;-182.4546;-2273.026
2488;428.8763;-182.3639;-2274.36
2547;424.4492;-179.6944;-2281.068
2647;423.763;-179.8475;-2282.165
2699;422.0938;-178.7193;-2283.37
2736;419.5382;-177.2673;-2284.49
2830;417.4419;-174.8968;-2284.552
2897;415.2424;-172.9251;-2285.063
2993;414.884;-171.3789;-2285.363
3066;414.6676;-171.2348;-2285.453
3125;414.5336;-170.7567;-2285.193
3170;414.8888;-170.6108;-2285.045
3231;415.9195;-169.7302;-2283.2
3425;421.1785;-156.0029;-2279.909
3528;421.1612;-134.9564;-2283.258
3567;421.5321;-135.1302;-2283.105
3653;421.5969;-146.7219;-2276.657
3714;421.5829;-151.195;-2273.817
3777;420.644;-145.2734;-2274.906
3836;418.8842;-152.1311;-2269.691
3899;419.5089;-155.5351;-2268.821
3974;419.3249;-148.5192;-2272.834
4043;419.4675;-156.6575;-2270.149
4121;420.2851;-160.4816;-2269.248
4229;421.2686;-164.0338;-2268.661
4353;420.7431;-168.4109;-2267.994
4406;419.7521;-171.7144;-2267.456
4506;419.2984;-171.7009;-2267.643
4570;418.1042;-172.2006;-2267.11
4629;415.4793;-173.1721;-2264.714
4700;413.882;-173.5018;-2262.967
4807;411.8689;-172.192;-2261.999
4847;411.3706;-172.3158;-2261.576
4923;410.9592;-171.2374;-2262.095
4994;411.319;-170.4607;-2262.527
5053;412.672;-171.0197;-2261.676
5132;414.1534;-170.9455;-2260.162
5205;418.533;-172.0154;-2252.897
5272;420.1414;-172.5203;-2249.873
5334;420.7905;-173.3209;-2247.215
5410;419.1376;-172.5414;-2243.846
5539;402.4146;-137.5186;-2243.82
5613;400.909;-134.922;-2244.286
5676;400.5356;-134.3017;-2244.045
5745;399.5899;-131.8067;-2244.227
5894;404.542;-140.7775;-2236.152
5933;410.1387;-131.886;-2240.021
5996;413.4277;-131.7271;-2240.173
6070;418.8212;-151.7492;-2228.896
6138;420.9515;-147.8685;-2231.647
6200;423.617;-146.7312;-2232.343
6282;427.6768;-148.1324;-2233.946
6341;429.1265;-153.7962;-2235.5
6402;429.423;-157.5783;-2235.826
6446;429.8451;-158.2039;-2236.373
6526;431.0351;-158.8459;-2236.928
6596;442.8226;-137.8794;-2243.877
6656;447.5362;-125.372;-2246.244
6716;424.3668;-104.3361;-2178.285
6786;379.1972;-54.83659;-2131.073
6836;366.8646;-27.38004;-2118.209
6900;293.906;76.29063;-2093.707
6972;291.9717;84.99264;-2093.379
7033;278.8668;105.0125;-2102.625
7083;277.9883;105.2454;-2101.483
7162;295.6156;53.78099;-2094.376
7229;342.8349;-1.524278;-2106.826
7311;385.9874;-73.74276;-2134.861
7379;423.4626;-112.5319;-2182.464
7437;434.1347;-135.0618;-2229.163
7500;442.5788;-145.802;-2264.141
7541;445.17;-165.0518;-2272.552
7612;442.1111;-187.073;-2279.905
7675;440.932;-191.5532;-2281.557
7735;440.209;-213.3712;-2285.105
7797;440.108;-215.0686;-2287.314
7858;439.4934;-212.0317;-2290.065
7915;437.485;-209.798;-2292.711
8022;429.2243;-202.1576;-2292.346
8055;424.9447;-199.4126;-2288.758
8132;419.6714;-185.5267;-2277.521
8224;417.814;-183.1982;-2274.487
8283;417.9298;-181.8029;-2272.26
8360;420.8972;-180.7426;-2266.04
8462;422.159;-183.2868;-2260.332
8529;424.0781;-184.5555;-2256.934
8589;424.6166;-184.452;-2256.597
8644;426.3266;-185.1475;-2256.594
8740;427.6067;-185.8035;-2257.584
8824;428.219;-187.2999;-2258.173
8862;428.1125;-187.5974;-2258.652
8904;427.2461;-188.0591;-2258.972
8968;426.9368;-188.1178;-2258.999
9008;426.445;-187.1242;-2257.726
9094;425.8588;-186.6136;-2256.952
9158;426.1855;-180.5498;-2247.681
9225;426.547;-176.8539;-2243.677
9288;426.7495;-173.3768;-2240.75
9350;425.2139;-169.0424;-2238.2
9395;418.1674;-142.4127;-2238.504
9436;417.415;-139.8721;-2237.603
9493;416.3708;-133.0118;-2235.978
9527;412.9831;-121.6783;-2233.867
9572;412.6057;-117.8922;-2232.621
9617;412.569;-115.4449;-2230.645
9685;411.8628;-114.4366;-2228.551
9747;410.7638;-111.4627;-2229.126
9818;410.8305;-111.7005;-2229.026
9895;409.4131;-111.8227;-2229.528
9959;408.879;-112.1984;-2231.259
10006;410.0139;-113.926;-2232.493
10071;411.8307;-117.6083;-2233.249
10143;417.6418;-125.217;-2234.455
10203;421.7265;-130.5631;-2233.422
10268;426.7644;-138.7006;-2231.357
10315;432.7624;-150.6683;-2226.332
10373;433.1558;-150.2061;-2226.883
10436;432.719;-153.7357;-2225.612
10496;432.1656;-157.7693;-2224.553
10550;430.2969;-159.5709;-2226.323
10632;426.5236;-157.0;-2237.162
10688;426.1192;-156.6101;-2240.144
10749;425.7889;-154.8683;-2243.763
10832;425.4459;-154.6739;-2245.467
10892;422.6883;-156.6915;-2245.363
10966;422.2702;-158.7505;-2245.397
11031;421.5922;-158.7069;-2246.374
11096;422.2818;-158.524;-2246.41
11199;422.9508;-158.3651;-2246.365
11262;422.9995;-160.1148;-2244.487
11339;422.1182;-160.8383;-2244.142
11564;418.54;-155.1274;-2253.961
11607;416.5418;-154.4018;-2257.885
11664;415.8843;-154.0589;-2260.44
11727;415.9028;-154.6251;-2260.845
11810;414.5665;-156.8373;-2260.287
11929;414.2575;-158.16;-2260.095
11971;413.6576;-160.8919;-2257.773
12017;412.4651;-163.8528;-2254.863
12094;410.9273;-168.8652;-2253.44
12149;409.5395;-171.6802;-2253.161
12212;408.877;-174.0149;-2252.521
12272;410.067;-175.4209;-2252.811
12382;411.2539;-175.7093;-2253.108
12425;411.9838;-176.0379;-2253.19
12489;413.2168;-176.5643;-2252.48
12585;410.6456;-174.4182;-2248.713
12653;402.8341;-169.6304;-2238.819
12712;397.3985;-162.9119;-2232.993
12788;393.1423;-151.0269;-2233.305
12893;392.9868;-151.9415;-2230.256
12933;392.4804;-151.1405;-2226.292
12992;393.0558;-149.8333;-2224.532
13068;394.7179;-142.7982;-2224.567
13110;395.762;-144.1268;-2223.397
13163;395.9548;-144.196;-2223.426
13233;400.4362;-135.4043;-2230.124
13303;401.6389;-142.0101;-2229.425
13366;402.9255;-143.9123;-2229.476
13406;405.3927;-149.2554;-2229.494
13503;410.7522;-156.36;-2235.14
13570;412.2283;-160.3626;-2238.573
13635;412.8954;-164.9731;-2242.153
13685;413.994;-168.5737;-2245.688
13737;414.7329;-168.46;-2247.078
13805;414.6093;-168.8048;-2248.867
13865;414.6271;-168.3878;-2251.88
13925;414.4254;-168.0192;-2252.708
13981;414.4672;-168.1435;-2253.222
14033;413.9203;-168.6948;-2253.775
14099;414.0636;-170.0017;-2254.048
14183;413.8206;-170.4434;-2253.872
14313;412.8334;-168.2948;-2252.739
14378;412.3132;-168.5488;-2251.536
14442;412.4871;-166.6572;-2249.77
14507;412.9629;-165.447;-2248.261
14551;413.0013;-164.0366;-2246.3
14637;410.959;-162.226;-2240.869
14686;411.5821;-159.0094;-2236.449
14748;412.0367;-158.8175;-2235.378
14813;413.1569;-159.0894;-2233.193
14890;413.8516;-159.0735;-2231.965
14952;414.7056;-159.8132;-2230.8
15027;415.0299;-160.4643;-2228.938
15099;415.3071;-161.3194;-2226.509
15162;414.9572;-161.1337;-2225.038
15224;414.5982;-161.4314;-2223.504
15291;414.7325;-161.8242;-2221.699
15369;414.0107;-161.765;-2220.757
15444;414.3229;-161.228;-2220.36
15539;414.9884;-160.9977;-2219.307
15619;415.5747;-161.3283;-2219.185
15686;416.1919;-162.1885;-2219.389
15759;415.8981;-162.4103;-2219.225
15845;411.0203;-154.7544;-2222.344
15885;401.1329;-146.2071;-2225.934
16078;398.9568;-148.5557;-2224.069
16148;396.0828;-141.0515;-2228.113
16206;395.4581;-139.6069;-2229.008
16235;395.7213;-142.4874;-2228.081
16288;395.638;-143.4314;-2228.125
16328;398.3811;-132.4582;-2234.317
16369;400.1212;-131.9857;-2235.941
16446;401.5394;-131.8872;-2236.686
16507;402.3949;-132.3343;-2236.702
16590;404.9447;-134.9261;-2237.39
16641;409.9435;-151.7826;-2232.729
16697;411.3792;-149.1049;-2235.576
16755;411.9214;-150.8892;-2236.615
16856;412.5036;-152.2811;-2237.615
16891;410.0785;-151.7745;-2245.404
16908;409.0779;-151.5002;-2247.206
16960;409.1212;-152.0367;-2248.256
17027;409.6014;-152.0603;-2249.718
17064;409.9502;-152.3377;-2250.385
17123;410.4384;-153.6424;-2251.456
17184;410.8877;-154.2646;-2252.15
17223;410.8987;-154.7345;-2252.307
17284;410.7162;-157.3369;-2251.825
17376;411.0664;-159.5794;-2251.673
17769;408.7541;-170.1541;-2253.814
17817;408.2445;-170.1955;-2253.856
17862;407.3291;-169.3631;-2254.027
17932;406.6113;-168.2606;-2254.015
17999;406.0365;-167.7241;-2253.758
18066;404.9228;-166.3436;-2253.653
18268;404.5414;-164.5465;-2250.91
18321;404.5574;-164.356;-2250.513
18382;404.8999;-164.6328;-2249.953
18453;404.9996;-164.7614;-2249.713
18538;405.0668;-164.9457;-2249.348
18604;405.6385;-166.3766;-2247.784
18708;405.3466;-166.9805;-2245.78
18769;405.8321;-167.2642;-2244.193
18837;406.3358;-166.545;-2242.464
18896;408.2263;-164.6633;-2238.314
18979;406.6516;-163.6458;-2235.606
19061;403.2442;-162.8563;-2234.838
19111;393.8401;-163.011;-2231.993
19186;390.6326;-159.3317;-2232.453
19251;389.4303;-158.606;-2231.51
19326;386.4109;-146.2077;-2231.865
19371;386.6223;-140.771;-2232.533
19477;386.7363;-140.0602;-2232.342
19516;388.1749;-139.2162;-2231.911
19569;395.8218;-127.0037;-2237.616
19639;398.3159;-125.6026;-2238.231
19686;399.3295;-128.1823;-2237.684
19748;400.1154;-129.3168;-2237.798
19825;407.5248;-148.1466;-2231.041
19862;408.1576;-146.8292;-2232.987
19933;408.3059;-147.4126;-2233.038
20038;409.1852;-149.3782;-2233.588
20114;410.3616;-151.784;-2236.162
20187;410.798;-152.4163;-2239.087
20265;410.7968;-152.8515;-2241.137
20314;410.169;-152.8995;-2241.866
20361;410.0161;-153.5844;-2242.642
20432;409.6138;-154.11;-2242.63
20498;409.2386;-154.4973;-2242.698
20580;408.4514;-155.7737;-2241.904
20641;407.2516;-156.2797;-2241.687
20682;406.7957;-157.3912;-2241.288
20757;406.4942;-157.5938;-2241.347
20823;406.9972;-159.7552;-2241.275
20867;406.9792;-159.7297;-2241.283
20955;407.1023;-160.4161;-2241.107
21019;407.3146;-160.6026;-2241.138
21082;407.4261;-160.5028;-2241.283
21156;408.8602;-162.0445;-2238.683
21204;409.8655;-163.0234;-2236.396
21266;410.9404;-163.4619;-2234.92
21334;411.9103;-163.4545;-2232.873
21380;412.0005;-162.6597;-2230.082
21475;409.6546;-146.6276;-2234.581
21537;406.4932;-146.5;-2234.035
21605;399.3289;-136.5781;-2237.609
21679;398.5065;-127.8937;-2239.123
21745;398.3385;-124.217;-2240.445
21813;399.7253;-118.6593;-2241.179
21880;401.7618;-116.5019;-2242.274
21943;403.8376;-114.9848;-2244.152
22006;408.309;-121.1555;-2245.845
22073;410.1706;-135.4965;-2243.077
23139;402.7664;-168.216;-2251.922
23178;402.0921;-167.8353;-2250.002
23233;402.0978;-167.261;-2249.518
23289;402.2144;-168.2717;-2247.472
23347;401.9052;-167.6551;-2246.169
23411;401.429;-166.8658;-2245.423
23477;401.0517;-165.0685;-2245.199
23524;400.175;-165.4762;-2244.006
23581;399.7684;-165.6559;-2243.833
23625;399.3749;-165.9596;-2243.611
23677;399.1915;-166.0753;-2243.573
23711;398.9739;-166.0014;-2243.296
23772;398.3856;-167.2861;-2242.449
23794;398.2238;-167.5147;-2242.149
23841;399.1023;-166.3823;-2242.368
23954;400.0903;-166.0784;-2241.219
24014;400.2103;-165.911;-2240.96
24095;400.3738;-165.8766;-2240.441
24152;400.3842;-165.4939;-2240.155
24194;398.5444;-163.1814;-2240.903
24404;395.5221;-159.1291;-2241.172
24468;391.6471;-149.3997;-2238.017
24538;389.4952;-147.1803;-2236.208
24598;389.2341;-113.8339;-2252.817
24653;390.0028;-113.0227;-2253.329
24731;391.3863;-108.1191;-2256.989
24791;393.8546;-109.3977;-2257.44
24848;400.1618;-116.9907;-2256.03
24916;402.9857;-137.9787;-2250.219
25093;404.7813;-147.7991;-2247.004
25132;408.6138;-154.3951;-2248.266
25205;408.0542;-159.7562;-2250.236
25273;407.7881;-162.0956;-2251.876
25364;407.0159;-163.0309;-2254.587
25412;407.0345;-164.8977;-2256.827
25510;404.8129;-165.9355;-2260.315
25621;404.7072;-165.629;-2260.743
25687;404.6603;-165.08;-2260.869
25756;405.8402;-165.8374;-2258.402
25841;405.4977;-166.926;-2256.769
25932;405.6753;-167.0205;-2256.291
26012;405.6849;-166.9315;-2256.057
26053;405.7182;-166.9123;-2255.599
26150;404.8948;-167.0585;-2255.01
26215;404.4829;-168.9357;-2252.17
26294;404.0492;-169.22;-2251.003
26358;404.1211;-169.3382;-2250.843
26421;404.0879;-169.1433;-2250.552
26469;404.6635;-169.9739;-2248.778
26537;404.9188;-171.0244;-2247.188
26620;404.92;-170.0354;-2245.664
26660;404.5135;-170.619;-2241.341
26731;403.3083;-171.4841;-2236.328
26789;402.9869;-171.3161;-2232.202
26847;403.0546;-170.9421;-2229.272
26887;403.0943;-170.728;-2225.509
26960;402.2549;-169.1966;-2223.122
27000;400.937;-166.3914;-2220.519
27041;400.3864;-163.7028;-2218.548
27119;398.9296;-163.0279;-2217.403
27179;396.1266;-161.0336;-2217.305
27239;390.7201;-156.7283;-2217.458
27275;387.2409;-154.8558;-2217.781
27342;385.8185;-153.9145;-2217.343
27385;383.4311;-132.2544;-2227.738
27453;387.381;-123.0706;-2235.245
27494;387.6987;-123.2699;-2235.316
27536;388.1599;-122.6023;-2236.982
27632;390.9027;-129.7519;-2236.439
27678;392.4021;-135.7396;-2235.526
27726;393.8479;-139.6075;-2234.653
27788;400.5895;-151.3173;-2229.71
27852;401.8944;-148.8897;-2231.374
27909;402.1418;-146.2;-2231.796
27949;402.2044;-146.1993;-2231.427
28019;402.0122;-143.7084;-2231.388
28081;405.1399;-149.6644;-2228.384
28148;405.2205;-149.7807;-2228.033
28195;405.2542;-149.9595;-2227.932
28241;403.9349;-150.4971;-2227.96
28310;401.3376;-151.5262;-2228.872
28347;400.2015;-152.4096;-2230.013
28402;398.7076;-155.9465;-2232.725
28481;399.4402;-160.9052;-2233.698
28548;399.2441;-161.9066;-2235.133
28620;399.0775;-165.1945;-2235.941
28702;398.3782;-166.9031;-2237.06
28764;397.0755;-168.8471;-2238.505
29007;395.4704;-169.6396;-2239.495
29065;395.3531;-167.2608;-2240.485
29346;395.102;-152.8362;-2242.107
29382;395.7389;-152.8979;-2242.079
29452;396.0186;-155.4347;-2240.585
29519;395.7125;-157.7065;-2239.286
29573;395.2857;-160.0991;-2237.914
29634;395.6324;-162.1716;-2236.275
29750;396.718;-162.2047;-2233.877
29932;395.7253;-160.2948;-2231.263
29994;391.4303;-158.0454;-2231.102
30074;389.0324;-157.9077;-2230.333
30179;384.4174;-155.1774;-2231.278
30225;382.4495;-153.5488;-2230.885
30290;382.5624;-146.694;-2231.248
30356;384.5807;-143.4081;-2232.29
30420;385.9445;-125.2487;-2240.051
30463;388.5139;-119.2868;-2245.834
30490;388.8371;-118.645;-2246.249
30546;390.2832;-118.1768;-2245.867
30602;393.5197;-120.3616;-2244.188
30634;395.5929;-123.0245;-2242.852
30667;399.0941;-129.636;-2239.862
30696;401.8497;-133.601;-2239.04
30781;405.2817;-148.1975;-2233.374
30840;407.1552;-151.2418;-2232.564
30898;408.5281;-154.3324;-2232.131
30935;409.063;-155.6248;-2232.505
31084;407.7418;-159.2617;-2234.276
31352;399.6898;-162.9864;-2250.709
31540;398.1681;-164.326;-2250.513
31585;397.3569;-164.5072;-2251.214
31620;394.803;-161.673;-2248.369
31690;393.6571;-158.8806;-2244.258
31804;393.2448;-157.0701;-2243.817
31909;393.5552;-155.3191;-2244.174
31966;395.1387;-153.6166;-2245.194
32001;395.4539;-153.6059;-2245.149
32025;396.4684;-151.7362;-2246.197
32062;396.9697;-151.8411;-2245.402
32085;398.533;-151.8859;-2243.299
32131;400.9361;-148.3215;-2242.81
32154;403.392;-145.2879;-2242.994
32186;404.8278;-148.8199;-2239.498
32228;404.8193;-152.5554;-2233.884
32254;405.0401;-152.8568;-2232.466
32299;404.82;-153.8953;-2231.018
32325;403.5758;-154.5778;-2229.599
32374;402.9525;-155.1583;-2228.231
32417;402.6591;-156.1503;-2226.424
32442;403.2514;-156.4508;-2225.342
32493;403.6189;-156.1231;-2225.18
32515;405.0611;-156.6797;-2223.731
32574;406.4671;-156.5859;-2222.153
32603;406.9048;-156.341;-2221.767
32758;407.3401;-155.7311;-2221.184
32847;403.422;-145.2683;-2228.778
32911;391.4554;-123.8058;-2246.152
32953;390.9931;-123.3635;-2246.693
33014;390.4203;-123.1934;-2247.396
33083;389.8096;-128.3051;-2246.286
33121;391.7434;-130.6161;-2247.649
33159;393.4871;-131.7431;-2248.938
33239;395.7183;-116.5379;-2260.27
33296;399.6988;-111.1745;-2267.972
33351;402.4584;-113.6931;-2268.311
33407;403.8242;-117.8933;-2266.511
33447;405.4046;-123.0919;-2264.61
33514;410.1119;-152.2109;-2252.474
33578;410.1169;-153.9724;-2251.75
33640;409.9922;-153.439;-2252.889
33707;410.6445;-157.8746;-2253.241
33783;410.0283;-159.0692;-2254.695
33848;410.1533;-159.961;-2257.514
33912;409.501;-159.0884;-2260.492
33981;409.4048;-159.4626;-2261.75
34039;408.6813;-159.3311;-2262.047
34104;407.1768;-159.7024;-2263.539
34154;406.7275;-160.3899;-2263.654
34213;405.8228;-160.4918;-2264.352
34260;403.6372;-163.1044;-2262.542
34322;403.1494;-163.8485;-2262.156
34383;401.6984;-165.5982;-2261.034
34430;400.1238;-167.7562;-2259.521
34501;398.689;-169.0203;-2257.984
34553;397.6739;-169.4826;-2257.476
34613;396.0177;-170.2849;-2257.11
34677;395.1403;-170.8303;-2256.758
34717;393.8371;-171.8306;-2256.855
34774;392.8475;-172.4744;-2256.958
34843;391.5417;-174.4279;-2258.05
34888;390.0974;-175.2082;-2260.269
34951;388.9916;-178.2255;-2263.789
35016;388.704;-180.8111;-2271.024
35077;388.16;-184.9781;-2273.473
35134;386.0051;-189.1766;-2277.498
35179;385.6257;-194.4431;-2285.975
35238;383.1818;-194.9773;-2289.173
35305;382.7442;-196.2455;-2290.609
35907;523.5042;-51.04725;-2421.905
35963;547.7919;-7.443165;-2428.788
36057;560.0851;136.1336;-2461.77
36093;553.0356;167.9529;-2464.399
36133;553.7361;261.4216;-2473.35
36170;499.7308;320.3052;-2473.134
36225;481.3246;331.1519;-2470.062
36318;459.8564;342.7565;-2467.232
36359;416.1678;361.8495;-2459.708
36406;403.6416;375.9096;-2459.417
36489;371.6003;468.695;-2460.693
36545;372.2558;466.119;-2459.308
36600;373.8249;467.0983;-2459.153
36689;385.2025;454.715;-2460.022
36747;419.2756;446.5605;-2466.212
36821;457.3026;354.9384;-2473.337
36881;463.9277;336.4615;-2475.497
36924;485.6241;276.0331;-2481.914
36984;483.3881;268.0894;-2481.066
37046;535.5858;272.5067;-2496.054
37094;528.6899;169.699;-2481.859
37134;506.4195;124.3912;-2479.532
37185;535.1401;96.00274;-2467.432
37259;535.6091;77.17612;-2463.439
37336;534.0522;13.60177;-2438.103
37391;534.1103;-35.95958;-2420.157
37458;518.0107;-68.2859;-2410.154
37505;493.0475;-106.6608;-2399.888
37568;488.5445;-151.8493;-2378.634
37609;480.9538;-161.2318;-2377.939
37665;452.5807;-177.8092;-2370.802
37743;432.3995;-199.0048;-2369.068
37795;424.4093;-203.8668;-2365.678
37852;370.5057;-233.5649;-2355.097
37904;364.1576;-227.9684;-2359.646
37974;357.2823;-222.2635;-2359.666
38018;354.0278;-220.5273;-2358.96
38077;353.4581;-219.5429;-2358.146
38140;353.8585;-217.9162;-2357.069
38202;355.6718;-216.8614;-2355.818
38249;404.7938;-219.2576;-2345.309
38316;447.0446;-172.5382;-2362.047
38373;509.1264;-144.2299;-2376.362
38430;502.8306;-94.88079;-2400.092
38504;539.8649;-21.96213;-2422.188
38539;541.8095;62.31213;-2455.467
38602;552.7571;139.4163;-2479.128
38644;561.8645;187.5475;-2496.87
38709;555.7548;211.6585;-2505.211
38777;553.0528;273.2389;-2521.871
38833;494.565;308.786;-2529.062
38902;456.8615;358.4516;-2522.173
38941;436.4332;355.3126;-2503.448
39016;417.6715;412.4455;-2491.726
39067;410.4517;459.7312;-2494.897
39148;412.2695;408.8351;-2482.633
39203;417.8711;447.834;-2484.345
39248;436.0739;355.4028;-2478.729
39296;442.1573;353.2635;-2478.447
39328;454.556;349.1061;-2478.211
39396;468.065;344.8275;-2479.38
39478;508.651;283.7271;-2482.833
39503;519.3821;282.8438;-2485.617
39548;546.1668;272.7839;-2486.183
39591;553.7377;246.402;-2479.525
39646;555.0645;222.0873;-2475.392
39680;552.3383;194.3305;-2470.626
39702;564.2922;152.8483;-2460.261
39744;561.841;130.5705;-2454.587
39782;559.136;110.1885;-2448.614
39808;559.7156;89.51324;-2439.961
39838;551.6791;54.88372;-2433.888
39868;551.8572;34.65052;-2429.991
39940;562.3085;-23.81141;-2414.685
39968;552.5339;-47.61345;-2411.047
40056;536.906;-68.58713;-2407.378
40096;528.967;-97.80394;-2402.779
40146;504.2036;-146.4011;-2382.462
40209;476.356;-175.8869;-2367.402
40289;465.5444;-180.2814;-2366.275
40337;430.3488;-202.1716;-2355.14
40395;400.6891;-208.0684;-2352.78
40453;397.3777;-209.9632;-2353.518
40512;383.7479;-213.3831;-2354.629
40556;377.3471;-215.0021;-2355.986
40626;374.4339;-215.41;-2356.519
40674;372.8015;-215.3371;-2354.94
40730;379.9625;-211.1609;-2350.744
40787;404.0786;-209.3242;-2340.421
40834;450.6481;-170.3353;-2350.363
40902;511.4973;-144.2184;-2369.284
40960;517.1653;-97.288;-2394.77
41113;563.3673;-32.3042;-2423.853
41160;549.3232;88.74992;-2479.396
41202;557.3615;207.5066;-2516.651
41252;540.8221;291.7023;-2537.188
41318;530.7224;310.7969;-2538.958
41364;486.7266;347.2309;-2534.599
41542;463.761;357.9013;-2527.031
41632;411.9231;358.282;-2497.767
41784;412.001;359.1356;-2496.848
41840;411.6452;358.1277;-2495.115
41897;438.5698;360.3007;-2487.26
41987;455.1392;352.6376;-2484.612
42045;504.0824;321.4365;-2486.871
42121;506.9574;308.1628;-2487.018
42207;573.0856;262.3066;-2487.848
42288;562.6436;216.161;-2483.719
42478;560.4047;119.0562;-2466.885
42628;554.4678;-44.29507;-2428.715
42672;522.1948;-131.433;-2417.323
42765;482.6755;-174.1429;-2402.342
42943;476.1955;-182.0722;-2397.9
42989;403.9445;-228.3148;-2367.521
43050;397.3316;-224.4604;-2369.183
43111;391.1932;-221.8472;-2369.097
43189;384.8464;-222.3918;-2368.594
43229;380.3466;-221.4725;-2368.362
43272;379.3747;-221.398;-2368.248
43332;379.279;-221.3564;-2368.116
43487;380.3143;-222.7831;-2367.701
43547;447.3325;-213.3021;-2359.282
43600;505.1937;-169.348;-2369.158
43668;520.5961;-153.0014;-2378.218
43740;538.913;-114.6117;-2397.769
43830;565.6758;-51.2628;-2417.052
43902;560.7711;58.79388;-2452.629
43944;571.1752;124.9034;-2474.001
44004;560.0581;188.6209;-2489.388
44066;561.3441;209.4547;-2497.135
44105;539.9402;293.5569;-2515.283
44170;530.4946;301.7476;-2520.356
44224;476.055;354.8237;-2514.099
44295;471.1855;355.8912;-2510.666
44338;453.4046;361.8843;-2503.365
44409;415.6678;406.8915;-2491.929
44454;416.0708;462.6043;-2497.12
44525;416.14;462.5458;-2496.401
44606;420.1101;457.2654;-2490.564
44643;439.4825;447.2812;-2472.961
44704;462.7506;433.9147;-2459.688
44769;466.7674;344.6858;-2448.705
44808;477.0795;345.9117;-2449.162
44870;508.1702;295.2243;-2443.282
44925;527.4429;290.9423;-2442.951
44988;566.4704;183.9431;-2422.164
45106;564.7097;120.3191;-2416.419
45163;575.6482;61.2503;-2405.083
45217;551.9354;-25.40738;-2384.701
45280;551.9152;-36.19838;-2380.152
45355;522.1349;-99.67993;-2369.915
45414;527.3168;-115.117;-2368.599
45452;510.168;-143.3137;-2368.63
45551;484.6857;-181.1602;-2364.166
45591;456.9076;-200.3725;-2365.237
45634;428.0192;-216.2572;-2357.774
45722;404.6397;-226.1425;-2351.869
45784;394.9733;-223.4033;-2354.305
45823;387.7453;-218.3411;-2354.398
45887;385.5564;-216.842;-2353.305
45938;390.0464;-220.6013;-2349.18
46015;450.7858;-200.713;-2348.379
46085;465.6117;-189.3867;-2353.39
46140;506.0756;-172.4855;-2362.414
46204;554.7875;-58.09346;-2413.376
46289;567.2552;71.20476;-2450.157
46358;581.292;105.2501;-2462.744
46412;567.2698;179.5856;-2479.735
46513;543.8549;290.969;-2504.499
46545;528.9344;299.9909;-2501.504
46579;505.1445;333.745;-2503.936
46641;494.1297;341.3874;-2500.972
46672;450.8107;365.1247;-2492.274
46712;432.0666;353.3202;-2485.804
46752;419.3372;406.2124;-2492.443
46800;409.5932;447.2618;-2495.719
46825;406.1715;391.171;-2482.948
46870;406.1786;391.1635;-2482.922
46911;406.3188;386.1135;-2481.287
46936;409.8354;384.5579;-2476.438
47029;420.9838;371.7808;-2464.779
47087;458.0563;387.2665;-2450.754
47118;490.4368;334.9553;-2436.609
47165;497.2118;324.6671;-2433.768
47221;511.0201;291.7694;-2430.115
47254;537.4126;281.8395;-2423.61
47349;564.6039;141.4635;-2390.784
47420;551.8257;102.1053;-2388.886
47510;552.0033;35.41503;-2379.207
47794;452.8751;-195.4257;-2343.192
47848;448.6678;-199.0692;-2344.125
47943;427.8785;-202.9396;-2349.43
47983;419.3137;-210.2384;-2349.511
48050;388.1694;-211.9975;-2355.985
48109;377.7899;-212.89;-2356.107
48157;373.5037;-213.8759;-2356.157
48209;371.4753;-213.9932;-2355.715
48305;372.8788;-214.4177;-2354.143
48357;398.361;-221.3223;-2343.169
48436;477.5845;-169.7058;-2343.41
48502;506.7962;-107.5957;-2367.079
48603;551.4376;-32.04646;-2389.3
48654;552.0906;59.88424;-2417.239
48724;571.4523;197.2336;-2454.934
48786;544.1554;278.7394;-2479.109
48870;499.3572;335.5802;-2484.371
48977;457.1692;344.8694;-2481.796
49029;418.3486;409.1907;-2489.214
49095;443.5467;414.8945;-2489.65
49156;411.3282;412.0016;-2481.866
49201;416.5124;407.6328;-2471.865
49260;435.0319;428.7136;-2460.437
49352;441.5196;429.7419;-2455.955
49416;484.8234;346.497;-2440.595
49474;507.669;336.7989;-2435.164
49527;525.7133;285.2523;-2434.409
49585;532.5755;283.3791;-2434.83
49662;566.4512;221.8518;-2425.635
49706;567.811;219.4583;-2424.807
49805;574.2571;183.4687;-2417.76
49847;575.4156;148.0332;-2412.922
49897;577.3315;88.37138;-2402.643
49978;577.0023;80.99064;-2400.693
50032;567.8028;24.21655;-2381.936
50078;561.1276;-15.35862;-2368.91
50120;560.7365;-29.12848;-2365.089
50179;550.4261;-48.90583;-2360.916
50254;536.8389;-62.65374;-2358.641
50312;524.2441;-123.3265;-2346.7
50368;509.1304;-131.2763;-2344.649
50426;472.1311;-164.8637;-2344.568
50536;465.242;-177.9067;-2338.483
50597;411.089;-212.8424;-2326.91
50688;407.0244;-211.4969;-2328.414
50727;389.7775;-210.4977;-2332.805
50793;377.0937;-208.1175;-2337.634
50852;376.0773;-208.5943;-2338.922
50957;377.2729;-208.9403;-2339.317
51042;384.9284;-211.4941;-2341.142
51116;467.7383;-170.3363;-2346.376
51189;509.3923;-165.705;-2345.916
51233;516.2358;-77.76752;-2382.019
51280;535.3401;55.6426;-2425.379
51337;559.8035;104.7696;-2432.217
51393;557.4985;134.3652;-2443.365
51460;557.2376;225.2894;-2471.917
51503;504.0441;320.7594;-2495.127
51569;474.7854;352.1199;-2492.031
51640;459.1961;353.4196;-2490.691
51705;408.6245;355.3676;-2486.374
51786;394.3109;451.3199;-2498.148
51865;393.7892;453.415;-2498.165
51918;368.3136;421.172;-2476.286
51976;360.5492;467.6158;-2468.907
52038;406.2645;442.0444;-2461.249
52124;414.7401;442.9517;-2460.35
52187;462.6758;358.6379;-2445.71
52252;506.0598;323.3761;-2436.801
52322;535.7226;200.5417;-2418.909
52384;542.9298;119.2301;-2408.829
52447;545.2523;97.41958;-2402.168
52502;550.2402;13.00581;-2376.171
52572;527.5713;-50.06315;-2365.185
52636;518.9808;-107.0977;-2353.754
52683;502.6837;-148.489;-2338.137
52726;493.6523;-162.9057;-2334.881
52795;473.9136;-172.1994;-2334.338
52833;433.6703;-207.7173;-2330.921
52947;387.2028;-213.6898;-2348.17
53000;384.7743;-213.6989;-2349.496
53058;383.4128;-213.6382;-2350.044
53108;382.7403;-213.3463;-2350.152
53162;382.8288;-213.0063;-2349.902
53226;382.9942;-212.6513;-2349.75
53292;386.4688;-212.0929;-2350.093
53355;427.402;-210.5554;-2351.851
53472;453.3986;-188.1763;-2366.52
53524;497.3868;-160.2574;-2388.852
53573;531.0979;-120.0077;-2407.645
53607;525.9901;-79.73306;-2413.728
53674;569.5671;-8.585365;-2427.478
53731;547.7993;71.31391;-2445.073
53796;579.1407;151.8105;-2468.175
53831;561.3293;213.2638;-2477.844
53869;546.6745;220.8176;-2480.48
53893;514.8861;295.2127;-2486.999
53936;509.0513;322.6041;-2485.519
53997;473.4529;344.3311;-2479.893
54035;446.7143;346.8348;-2473.209
54075;439.3498;343.8312;-2471.563
54141;429.477;349.6557;-2470.963
54185;427.7479;365.7768;-2474.276
54240;410.6658;340.4981;-2467.759
54282;410.4838;405.0118;-2467.454
54315;411.4426;423.2076;-2467.493
54373;397.7783;421.3571;-2463.624
54400;398.2411;418.7943;-2460.93
54440;401.4239;410.9631;-2454.409
54470;406.0464;408.3182;-2451.163
54518;411.209;417.2242;-2446.868
54540;417.2201;421.9062;-2444.888
54588;445.3319;348.4036;-2435.744
54611;446.7548;346.6157;-2434.817
54705;459.6844;339.2383;-2432.328
54753;515.8483;319.1378;-2419.637
54856;547.5333;253.778;-2406.813
54901;574.5097;180.0794;-2383.841
54954;576.6658;164.752;-2379.552
55011;556.1783;108.0714;-2376.711
55038;561.1164;49.50042;-2356.215
55068;552.0349;-11.61605;-2342.775
55090;550.2813;-35.53774;-2334.531
55138;545.6448;-69.83209;-2323.44
55169;525.4315;-93.44054;-2323.898
55255;510.648;-148.3409;-2301.185
55278;506.3274;-160.3719;-2302.579
55320;491.9324;-170.155;-2305.027
55377;476.2243;-179.1891;-2307.587
55403;457.7613;-188.1404;-2309.892
55436;427.8762;-213.6722;-2308.671
55482;419.9706;-219.5873;-2307.829
55507;407.5763;-215.3481;-2315.202
55533;401.5161;-213.2632;-2316.257
55583;394.1336;-212.3643;-2317.349
55609;389.4037;-209.864;-2318.223
55639;386.6203;-208.7207;-2318.978
55664;384.4151;-206.6478;-2320.229
55703;384.013;-205.8923;-2321.586
55854;384.0829;-208.802;-2321.104
55877;394.6568;-207.7481;-2316.392
55924;433.7892;-196.8425;-2300.799
55946;440.8077;-192.951;-2299.373
55981;459.8201;-178.1324;-2298.552
56025;480.5407;-149.2379;-2306.689
56086;495.4446;-139.0382;-2309.227
56196;513.8729;-103.0415;-2324.208
56236;575.6875;-7.977045;-2354.807
56251;562.9922;65.10551;-2377.333
56304;562.2412;87.15186;-2387.013
56320;567.4625;128.5246;-2404.157
56364;568.4681;170.3405;-2411.114
56409;563.5294;189.7867;-2420.306
56466;559.3619;228.9783;-2434.017
56549;534.307;313.2738;-2459.986
56589;495.0619;350.0859;-2458.857
56645;452.0225;352.7112;-2445.219
56683;433.0349;353.963;-2439.156
56784;415.9234;394.9211;-2435.514
56842;415.4739;396.4357;-2435.962
56895;407.1648;398.0656;-2436.677
56953;409.699;389.6962;-2436.786
57002;371.1209;437.2951;-2428.815
57050;383.4223;457.1378;-2433.099
57135;359.191;453.1398;-2422.244
57222;406.0851;432.671;-2418.158
57280;424.6728;432.472;-2415.614
57337;472.3018;381.8409;-2412.645
57398;528.5106;318.2952;-2410.946
57453;539.7385;301.9692;-2408.802
57512;561.2897;214.1983;-2398.373
57583;564.2604;200.6354;-2393.769
57745;558.6975;18.32341;-2366.129
57898;557.5219;-39.94132;-2350.922
57955;523.6761;-118.042;-2336.515
58015;496.6717;-166.4419;-2327.618
58075;487.7661;-172.539;-2327.938
58114;447.9227;-199.058;-2328.368
58191;430.3545;-207.6193;-2326.199
58255;417.3107;-210.1276;-2328.846
58392;377.3526;-206.2234;-2331.979
58443;373.447;-206.693;-2331.617
58591;375.4635;-205.9642;-2336.944
58814;378.8379;-206.177;-2336.885
58879;511.7418;-138.7518;-2350.537
58918;553.8059;-5.73853;-2399.486
59083;535.9031;37.6528;-2418.118
59172;562.5627;172.786;-2454.824
59314;512.3278;308.2948;-2486.831
59416;462.8618;346.3436;-2484.833
59494;447.4291;342.5082;-2483.632
59572;385.896;440.5475;-2472.265
59676;392.0244;428.0915;-2479.639
59751;393.4004;433.1983;-2478.087
59817;430.3274;357.9506;-2457.025
59954;471.1006;334.6114;-2456.85
60053;528.8529;268.3893;-2458.289
60111;543.5499;265.6174;-2459.52
60219;572.4684;226.6297;-2452.223
60264;571.6824;222.9077;-2452.002
60310;570.8802;167.4506;-2434.285
60362;563.7773;126.9041;-2423.587
60409;570.2211;120.0407;-2421.808
60467;573.3741;64.98071;-2410.566
60514;575.8635;51.16592;-2410.33
60563;579.4519;-15.43664;-2402.551
60688;547.4338;-91.33492;-2384.646
60777;519.6214;-164.5958;-2360.831
60844;480.1029;-186.8506;-2354.412
60897;472.8541;-196.0017;-2348.758
61055;396.8502;-209.176;-2315.015
61104;389.0675;-204.34;-2308.074
61210;377.049;-191.9169;-2306.224
61403;374.4956;-189.6118;-2304.095
61464;401.4736;-200.6672;-2290.18
61532;430.6573;-200.3952;-2295.181
61576;445.7774;-196.5235;-2301.942
61652;507.8431;-179.8297;-2335.736
61692;513.8558;-173.1522;-2341.564
61736;543.0998;-128.8594;-2369.358
61800;552.2875;-80.45639;-2397.091
61856;560.5556;-71.32584;-2401.903
61924;581.7169;-20.24423;-2422.171
61993;579.9823;-12.2423;-2425.673
62062;589.0156;57.69963;-2445.81
62125;587.4136;79.62683;-2446.655
62196;579.1515;100.3231;-2448.899
62251;567.2856;120.7572;-2447.567
62300;550.819;130.5405;-2442.39
62390;580.569;187.5854;-2446.721
62433;579.985;188.2123;-2446.403
62485;571.38;194.3706;-2443.329
62568;565.6252;202.7478;-2440.05
62631;558.5232;215.0962;-2436.642
62671;541.7998;231.1254;-2428.15
62716;559.6259;270.7073;-2421.271
62778;560.4907;271.1752;-2421.366
62847;530.4841;233.5958;-2418.262
62916;530.8014;233.0243;-2419.218
62945;531.83;230.2651;-2420.421
63003;540.3335;226.3167;-2426.139
63147;549.2144;223.1679;-2429.978
63210;602.806;224.1937;-2443.483
63256;640.455;234.0581;-2453.167
63295;687.2252;253.3592;-2458.094
63343;686.3791;252.2544;-2456.52
63408;691.2809;250.9527;-2454.245
63460;702.502;247.359;-2445.677
63488;706.0983;242.8046;-2440.298
63520;762.5808;271.5908;-2432.916
63561;765.0308;272.5784;-2431.859
63647;766.7855;273.5317;-2429.492
63697;793.3203;284.739;-2417.687
63728;799.7151;286.4786;-2413.587
63778;805.3241;287.2591;-2410.142
63804;806.7141;286.9358;-2408.436
63855;812.9085;284.8476;-2404.661
63910;837.1345;290.6223;-2397.368
63958;845.321;292.6521;-2396.4
63982;835.3774;273.4889;-2395.95
64045;834.0925;269.2065;-2394.498
64068;872.6672;292.4167;-2386.987
64129;892.3702;303.9929;-2380.772
64175;895.4569;303.6351;-2379.454
64205;895.9312;302.8517;-2377.999
64264;900.784;296.5037;-2366.088
64321;899.1164;291.4714;-2358.404
64376;897.598;287.49;-2351.101
64413;889.004;262.0939;-2324.686
64461;887.0519;258.191;-2316.551
64505;884.1131;252.343;-2304.518
64564;915.976;273.7233;-2258.755
64591;908.3549;262.088;-2256.648
64665;907.2128;256.9072;-2224.228
64720;899.1086;245.3007;-2213.964
64765;897.5663;243.5674;-2210.305
64810;897.5989;242.3741;-2205.066
64839;896.3298;240.4141;-2203.164
64865;894.6561;238.892;-2200.767
64908;893.7787;238.3584;-2200.027
64935;890.8806;236.8736;-2199.203
65031;890.3826;236.8653;-2199.011
65055;889.6668;236.7222;-2198.821
65098;887.8747;237.0862;-2198.793
65150;887.4102;237.1301;-2198.667
65171;885.7577;236.8014;-2199.482
65249;884.7808;235.8341;-2200.446
65313;884.742;235.4666;-2200.618
65365;884.9733;233.4008;-2201.82
65421;886.5807;227.6091;-2206.59
65482;888.397;224.5021;-2210.737
65532;894.5812;223.3662;-2228.759
65601;903.7238;233.8479;-2271.784
65644;906.3206;235.9295;-2287.641
65668;905.4142;231.909;-2315.05
65689;909.0046;237.9914;-2337.872
65751;909.4535;240.7315;-2357.533
65786;914.8848;244.8504;-2380.608
65805;897.9328;223.2476;-2422.469
65869;919.1614;245.9721;-2439.94
65912;916.301;237.9487;-2448.886
65935;909.8274;236.2732;-2465.254
65994;910.4304;238.4574;-2478.869
66058;907.548;236.8352;-2494.426
66118;902.9252;233.189;-2506.607
66186;898.3889;233.2708;-2524.752
66227;901.9438;252.4786;-2557.24
66311;898.3484;249.1831;-2564.335
66344;886.1759;233.8655;-2574.416
66388;884.7852;237.6048;-2583.25
66424;879.8795;229.9671;-2588.096
66463;878.6577;229.3279;-2590.317
66490;877.3016;228.976;-2594.301
66524;875.6208;228.0078;-2597.477
66627;873.4449;227.636;-2601.27
66673;872.3406;226.9296;-2603.407
66702;872.0548;226.4678;-2606.888
66727;869.9548;223.8768;-2608.445
66773;869.2225;221.4456;-2611.922
66802;867.1677;217.4692;-2614.456
66919;868.1547;214.4017;-2617.16
66943;867.5178;213.1777;-2617.589
67018;867.5715;212.6566;-2618.07
67093;866.8701;210.2285;-2618.737
67150;865.3362;209.4344;-2619.396
67201;817.4152;176.2133;-2603.63
67242;816.9089;177.0802;-2605.865
67267;842.5491;210.416;-2640.909
67294;799.3574;186.8372;-2626.937
67324;796.5286;187.2872;-2629.519
67350;791.7817;188.4208;-2632.459
67412;787.987;192.5296;-2640.818
67506;784.2205;195.3467;-2646.882
67536;780.4312;196.6336;-2651.174
67578;752.4103;203.3254;-2677.091
67653;732.2631;190.0861;-2678.122
67732;731.9502;194.1716;-2687.374
67764;732.9204;195.9104;-2691.073
67799;726.9247;196.3072;-2697.668
67909;726.139;197.963;-2705.008
67926;727.7727;197.4257;-2711.629
68014;725.4925;192.0983;-2716.306
68069;727.9325;192.9296;-2720.344
68104;735.4809;194.9294;-2724.737
68140;720.4136;169.0764;-2716.953
68210;772.4616;190.0918;-2723.792
68279;757.7388;165.3793;-2714.332
68384;803.9557;179.644;-2717.194
68498;813.5845;170.9931;-2710.325
68519;866.1355;200.3457;-2724.746
68574;872.6589;203.6042;-2726.61
68600;876.1765;205.8606;-2727.417
68629;889.4066;223.3743;-2727.137
68673;891.4367;226.7813;-2726.524
68698;893.5173;230.0158;-2727.529
68740;892.5588;228.5737;-2726.368
68763;894.4189;233.0403;-2722.97
68803;893.0306;232.3595;-2720.029
68832;891.6252;233.0961;-2716.881
68891;894.1892;236.7482;-2712.439
68916;895.5091;238.8005;-2710.253
68982;900.6969;241.1659;-2705.573
69019;904.069;241.8277;-2703.385
69077;912.3081;247.2394;-2700.207
69099;912.9236;242.1949;-2697.229
69137;913.5787;241.1019;-2695.221
69164;917.2996;240.1062;-2693.738
69233;932.1002;253.8198;-2688.082
69254;940.5985;258.9257;-2682.054
69298;955.4597;276.3972;-2670.994
69376;964.5455;284.4022;-2660.299
69412;968.5984;290.4161;-2649.061
69466;966.7058;296.2932;-2636.143
69486;969.7768;302.3298;-2629.372
69528;973.6185;310.9424;-2622.633
69554;973.1221;318.4999;-2616.972
69644;975.6973;327.7444;-2611.013
