
1;-433.4498;-673.4744;-1636.443
17;-435.6429;-673.1543;-1635.497
57;-444.2907;-684.8393;-1633.971
140;-453.5511;-684.7423;-1630.119
155;-456.9466;-686.771;-1628.774
189;-459.8039;-672.0944;-1622.999
213;-460.6092;-671.1865;-1622.449
247;-461.6624;-669.0385;-1621.318
281;-462.7913;-667.1125;-1620.124
314;-463.3156;-666.1406;-1619.263
346;-464.0851;-665.2809;-1618.911
381;-463.1549;-664.8796;-1618.758
414;-461.9875;-664.1036;-1618.486
448;-463.5227;-677.8995;-1620.596
482;-462.1289;-681.6784;-1621.891
516;-460.987;-684.5705;-1623.426
549;-459.9771;-686.622;-1625.575
583;-458.4439;-688.2529;-1627.805
634;-456.848;-681.3388;-1629.878
650;-457.4463;-676.6105;-1630.182
685;-458.1412;-673.5311;-1629.228
725;-458.9339;-670.027;-1626.187
742;-461.0374;-667.6774;-1622.915
777;-463.2142;-666.3586;-1620.315
827;-463.8022;-666.672;-1619.763
844;-467.0435;-664.7193;-1616.653
895;-469.4866;-667.2955;-1614.612
911;-488.9266;-716.9335;-1685.083
945;-488.8649;-720.0836;-1683.917
979;-498.6862;-717.7589;-1666.384
1030;-513.8901;-700.7037;-1642.819
1047;-526.3433;-677.6548;-1631.736
1089;-534.6384;-654.2788;-1634.492
1123;-533.832;-647.1269;-1634.3
1157;-535.1031;-644.1014;-1635.75
1208;-534.0041;-642.491;-1632.925
1224;-530.2953;-637.506;-1625.668
1258;-524.4985;-628.8361;-1612.8
1281;-474.9229;-723.9026;-1562.638
1314;-472.4088;-711.8823;-1559.483
1365;-482.0098;-705.5356;-1549.434
1387;-484.3968;-699.8682;-1531.815
1433;-490.8984;-690.522;-1500.541
1466;-480.2215;-690.6061;-1460.089
1484;-444.9197;-685.3395;-1408.698
1518;-412.9946;-686.2155;-1353.39
1551;-378.5471;-680.275;-1300.942
1585;-439.532;-732.5112;-1015.681
1635;-391.0608;-728.7086;-929.595
1687;-337.293;-715.1066;-834.7229
1729;-261.1984;-696.4451;-759.9437
1758;-132.155;-642.8362;-607.3109
1791;-315.2731;-280.0573;-955.2291
1830;-302.0249;-276.4542;-932.088
1851;-251.153;-659.9467;-506.3451
1884;-263.6306;-313.3766;-810.7429
1935;-240.0509;-297.8238;-818.6072
1951;-138.2767;-216.9459;-825.3522
1985;-80.41099;-276.5019;-1060.775
2022;210.2188;-702.8844;-1137.696
2056;-80.4511;-552.4114;-1087.469
2091;-79.94015;-216.8716;-654.2103
2125;44.64561;-86.26403;-493.325
2156;19.9463;-23.85357;-146.208
2189;73.90511;-0.3926903;-476.9352
2659;-648.8578;-960.8629;-2555.345
2676;-648.4053;-961.4423;-2556.868
2692;-648.3285;-962.0765;-2557.43
2709;-648.197;-962.0798;-2557.059
2760;-648.0484;-961.9867;-2557.091
2793;-648.0828;-962.022;-2557.098
2827;-647.6708;-963.8508;-2554.238
2861;-647.344;-963.5201;-2553.613
2895;-647.3865;-963.2991;-2553.498
2928;-641.7935;-963.2491;-2555.388
2989;-644.2074;-960.8707;-2550.303
3023;-644.6586;-960.6962;-2550.669
3056;-645.1416;-960.8021;-2551.364
3090;-646.0766;-963.0831;-2549.814
3124;-645.8706;-963.3364;-2556.531
3174;-645.9781;-963.2284;-2556.352
3209;-646.4899;-963.1318;-2555.78
3226;-646.5161;-963.155;-2555.741
3248;-645.6155;-962.4059;-2560.783
3276;-645.9543;-962.3226;-2559.887
3310;-645.9878;-962.3438;-2559.664
3345;-646.0144;-962.0723;-2560.62
3395;-646.0709;-961.7098;-2559.979
3412;-646.1117;-960.4326;-2558.457
3446;-647.1036;-966.0002;-2556.999
3491;-647.2572;-965.7149;-2557.62
3546;-647.2833;-965.5324;-2557.288
3562;-646.1605;-965.5547;-2550.648
3611;-646.0005;-964.0439;-2549.817
3629;-646.3476;-963.8135;-2550.483
3662;-649.4153;-965.3649;-2531.739
3696;-648.3088;-964.0242;-2538.985
3730;-648.2985;-963.5989;-2540.631
3763;-647.0933;-964.3383;-2543.889
3780;-646.8594;-962.5826;-2543.683
3821;-646.9952;-962.7436;-2544.254
3850;-650.4348;-965.1244;-2533.71
3903;-649.3204;-964.5691;-2536.322
3948;-647.9326;-963.8895;-2541.443
3961;-648.2122;-963.9243;-2541.985
4002;-648.5168;-963.9948;-2542.527
4018;-648.6412;-965.0272;-2543.126
4051;-648.8705;-965.5703;-2546.274
4086;-648.9756;-965.8676;-2547.077
4135;-649.2766;-965.3808;-2546.568
4154;-649.8618;-966.3665;-2548.27
4192;-653.61;-972.5628;-2529.719
4230;-651.6519;-972.2766;-2539.058
4248;-652.7717;-971.5062;-2533.915
4281;-653.9124;-979.2632;-2537.318
4314;-653.7805;-978.7902;-2537.539
4348;-652.5977;-978.9512;-2539.354
4399;-645.894;-963.4551;-2556.904
4432;-650.64;-969.2859;-2543.458
4449;-650.1149;-969.3121;-2547.629
4483;-649.6451;-968.451;-2547.654
4517;-649.6272;-969.9506;-2528.291
4550;-641.9119;-956.6547;-2552.345
4584;-649.6827;-960.5468;-2530.091
4618;-648.871;-966.7351;-2527.818
4651;-647.5148;-957.9306;-2522.652
4686;-643.1338;-952.2971;-2538.246
4751;-650.2057;-954.3971;-2497.413
4799;-647.1853;-965.8545;-2519.052
4815;-646.4086;-964.8693;-2521.897
4849;-641.3349;-952.6661;-2541.345
4900;-648.8965;-964.0953;-2518.122
4916;-648.2195;-972.0081;-2527.303
4967;-647.9761;-971.6699;-2527.159
4984;-648.2072;-975.2109;-2532.592
5018;-647.556;-973.4955;-2535.163
5051;-647.4756;-973.5269;-2534.42
5085;-647.5768;-973.2894;-2534.505
5119;-646.765;-966.3828;-2534.274
5152;-645.8765;-968.803;-2538.122
5186;-622.0558;-925.4296;-2451.7
5220;-617.4976;-926.2479;-2451.951
5240;-616.0925;-924.1446;-2453.493
5290;-617.0885;-924.1451;-2444.136
5324;-604.8303;-929.8969;-2425.117
5358;-624.204;-967.6394;-2484.586
5391;-617.7631;-980.785;-2514.538
5425;-612.7493;-973.5136;-2499.479
5442;-566.8348;-921.9454;-2413.138
5476;-564.9003;-920.1126;-2413.131
5507;-552.0096;-958.9161;-2467.453
5541;-550.165;-969.3966;-2467.297
5575;-548.0962;-962.8631;-2467.689
5609;-562.575;-968.7515;-2476.293
5642;-563.7424;-969.7631;-2469.191
5676;-568.9723;-965.7422;-2472.428
5726;-558.2204;-923.6616;-2415.613
5743;-552.4944;-970.8908;-2469.925
5777;-554.3948;-968.3097;-2470.44
5813;-581.2461;-975.1396;-2479.385
5841;-579.0852;-976.5094;-2476.835
5891;-572.0447;-975.4795;-2474.227
5925;-564.8776;-971.2596;-2475.363
5942;-566.7709;-970.3502;-2479.921
5975;-561.3113;-925.0954;-2421.371
6009;-562.5224;-924.397;-2421.732
6043;-561.1971;-924.9575;-2416.152
6093;-564.7051;-923.35;-2418.772
6127;-563.189;-923.8373;-2414.901
6144;-564.2266;-924.1349;-2413.466
6178;-563.2704;-924.127;-2411.411
6211;-563.0403;-924.1349;-2411.454
6262;-562.8344;-923.698;-2411.437
6281;-567.9432;-964.3406;-2462.267
6372;-562.858;-922.8204;-2412.013
6416;-562.4829;-922.4631;-2412.395
6450;-561.5931;-921.6071;-2412.996
6484;-561.5681;-921.1093;-2413.515
6518;-574.2068;-958.3354;-2480.267
6551;-565.1779;-964.1307;-2483.63
6585;-562.3303;-918.7725;-2419.146
6619;-560.3671;-962.1736;-2480.378
6652;-561.6479;-917.7556;-2418.473
6703;-560.8848;-917.4669;-2418.226
6720;-560.4919;-917.3143;-2417.926
6770;-561.3361;-915.8969;-2421.961
6787;-561.2643;-916.016;-2420.431
6838;-560.3647;-915.9411;-2420.185
6855;-560.3763;-916.2338;-2419.738
6894;-571.5145;-962.829;-2482.653
6930;-571.4565;-962.7856;-2482.683
6947;-562.7319;-916.2665;-2418.272
6988;-566.6492;-913.6005;-2425.274
7009;-564.9656;-913.8743;-2421.927
7065;-564.6736;-913.7109;-2420.4
7081;-571.212;-959.2941;-2481.826
7122;-564.2578;-913.956;-2418.469
7157;-564.0488;-913.7601;-2417.779
7192;-566.2347;-910.8304;-2425.001
7210;-565.9933;-911.3395;-2420.404
7262;-564.7443;-911.9442;-2414.635
7279;-572.1129;-959.5141;-2485.232
7330;-563.1837;-911.5427;-2412.67
7347;-562.7009;-911.4297;-2412.366
7397;-562.4773;-910.7145;-2412.224
7414;-562.4363;-910.0986;-2411.928
7448;-562.1401;-910.4202;-2410.847
7482;-560.9365;-909.0706;-2412.598
7532;-559.5894;-909.0101;-2409.845
7549;-559.9091;-907.8857;-2407.966
7600;-561.259;-911.1454;-2406.245
7617;-561.0865;-903.748;-2415.03
7651;-562.9127;-903.7158;-2414.78
7684;-580.4679;-968.0634;-2453.015
7718;-581.6531;-969.3285;-2455.544
7752;-564.7172;-903.1984;-2416.672
7785;-560.5335;-904.4956;-2413.245
7819;-575.712;-962.2261;-2465.076
7853;-573.9531;-954.3677;-2478.503
7886;-573.3109;-958.3768;-2477.828
7909;-553.4948;-916.0782;-2422.698
7954;-549.5089;-765.7776;-2464.656
7988;-672.6281;-646.3788;-2491.364
8005;-736.2774;-437.037;-2574.602
8621;-547.5858;-953.5774;-2438.125
8667;-548.0898;-956.0096;-2438.672
8684;-549.3649;-959.4812;-2434.024
8717;-549.5972;-960.0715;-2433.973
8751;-537.1057;-899.7196;-2371.485
8785;-533.8066;-906.8886;-2374.438
8819;-550.8173;-960.403;-2440.562
8852;-548.3951;-894.629;-2373.77
8886;-553.5591;-882.8371;-2373.36
8921;-549.7903;-880.3494;-2375.955
8954;-551.9373;-881.9299;-2375.617
8988;-552.8544;-883.8681;-2376.805
9022;-554.0018;-883.8497;-2378.019
9055;-542.7849;-908.9554;-2381.835
9108;-550.2358;-959.612;-2453.613
9126;-543.2372;-908.4039;-2384.9
9143;-550.845;-958.9217;-2453.416
9194;-551.3173;-958.3029;-2454.204
9210;-554.5038;-933.5297;-2455.146
9244;-549.9518;-957.7947;-2453.633
9278;-550.0703;-957.6227;-2454.156
9311;-551.3885;-956.7154;-2453.415
9345;-551.927;-954.98;-2454.758
9396;-552.6561;-954.1382;-2454.51
9412;-550.9724;-954.0745;-2450.826
9446;-549.529;-955.485;-2449.403
9480;-549.4445;-957.6284;-2448.338
9514;-550.606;-955.03;-2452.928
9547;-550.6052;-955.4963;-2452.773
9581;-550.5881;-955.489;-2452.846
9632;-549.419;-954.3202;-2450.958
9648;-550.2667;-955.6752;-2449.607
9682;-554.5044;-954.8271;-2460.539
9733;-551.9094;-954.611;-2454.928
9750;-553.9493;-954.8027;-2457.773
9772;-554.2043;-959.2931;-2451.288
9822;-554.3106;-959.8187;-2451.347
9839;-554.1968;-960.1835;-2448.847
9889;-552.8893;-957.9079;-2452.34
9910;-553.1746;-955.8384;-2453.429
9943;-552.6249;-956.0302;-2453.753
9994;-552.7668;-955.311;-2454.372
10010;-553.0915;-954.3779;-2457.174
10061;-552.8181;-953.0397;-2457.666
10078;-552.9424;-953.1072;-2457.828
10112;-551.9193;-950.6993;-2457.954
10215;-551.4841;-954.9206;-2452.917
10235;-559.2117;-958.1663;-2472.966
10257;-556.775;-955.5733;-2468.506
10309;-551.0806;-953.3351;-2462.463
10333;-550.5671;-953.3792;-2462.714
10367;-550.1427;-952.5152;-2459.631
10384;-549.3531;-951.4034;-2457.942
10417;-549.3983;-950.8911;-2456.952
10451;-547.9409;-952.6072;-2462.868
10485;-547.0312;-951.0013;-2461.693
10519;-548.1429;-949.7183;-2459.786
10553;-548.0724;-949.2205;-2460.165
10586;-553.4351;-955.799;-2465.971
10620;-549.0648;-949.7125;-2460.988
10664;-549.2734;-949.2086;-2461.151
10683;-548.3826;-951.1011;-2455.907
10711;-547.8214;-952.168;-2460.327
10750;-549.1107;-955.5649;-2454.869
10784;-549.6212;-954.8043;-2454.434
10817;-549.8153;-954.7473;-2454.469
10851;-550.6279;-953.8053;-2456.396
10886;-551.1003;-952.4818;-2457.209
10920;-548.9466;-953.953;-2461.24
10954;-550.7426;-957.2731;-2456.95
10987;-550.8654;-957.7367;-2456.44
11021;-552.9735;-959.0176;-2460.543
11055;-552.5751;-957.3395;-2460.033
11088;-551.8522;-956.221;-2455.159
11122;-551.5214;-957.1876;-2454.267
11155;-551.1142;-958.7184;-2453.096
11189;-551.4448;-957.2985;-2453.925
11209;-552.5576;-956.1404;-2455.828
11243;-551.7504;-956.2278;-2455.71
11277;-551.5712;-953.8569;-2457.234
11310;-551.4525;-953.7006;-2457.103
11344;-551.0736;-953.2244;-2457.991
11378;-550.4385;-952.8125;-2457.605
11411;-551.0935;-951.8136;-2459.86
11445;-550.8281;-950.4526;-2460.64
11479;-551.9541;-950.1539;-2460.904
11512;-552.0685;-949.6075;-2459.911
11546;-552.1282;-948.8174;-2459.276
11580;-551.7876;-948.5319;-2459.123
11613;-551.9058;-948.67;-2459.591
11647;-552.6366;-949.0591;-2460.884
11681;-551.7238;-948.7075;-2460.406
11734;-550.793;-953.6974;-2456.026
11837;-551.5442;-953.6587;-2458.62
11858;-552.0724;-953.236;-2459.553
11887;-552.2492;-951.8057;-2459.099
11920;-552.6213;-948.6072;-2457.03
11954;-552.5604;-948.1935;-2457.967
11988;-556.5203;-930.4713;-2464.74
12022;-553.3044;-952.2356;-2460.781
12055;-553.3864;-954.6056;-2460.696
12089;-553.2753;-960.5914;-2453.339
12123;-552.2725;-954.8767;-2456.024
12157;-552.1893;-956.0654;-2455.477
12190;-551.7694;-955.1903;-2457.659
12208;-551.395;-953.7409;-2456.874
12259;-552.062;-954.031;-2457.836
12276;-553.1008;-956.0678;-2457.884
12309;-552.8336;-954.7419;-2458.225
12360;-553.0485;-953.571;-2459.013
12377;-552.658;-952.1929;-2458.264
12439;-552.5856;-952.3892;-2458.364
12464;-551.65;-950.0093;-2457.818
12484;-549.9673;-946.5834;-2454.761
12521;-550.9048;-947.0211;-2455.823
12541;-550.0518;-946.1218;-2456.771
12592;-546.6155;-947.9369;-2456.515
12609;-546.9231;-947.6207;-2456.368
12659;-550.6084;-953.7972;-2456.797
12693;-550.4402;-952.0059;-2456.409
12710;-550.7403;-951.6595;-2456.579
12761;-550.9568;-949.3495;-2454.781
12794;-553.99;-956.051;-2458.561
12810;-553.2698;-955.0277;-2457.382
12861;-553.8773;-955.6203;-2457.847
12895;-554.2414;-956.1567;-2458.698
12912;-554.2529;-956.1485;-2458.674
12962;-543.7259;-909.3411;-2412.935
12986;-555.5441;-951.6567;-2462.636
13009;-555.3879;-951.5065;-2462.751
13044;-555.3173;-953.1592;-2462.786
13093;-555.4183;-956.0995;-2462.21
13118;-553.6002;-953.3818;-2458.21
13151;-554.1599;-953.5081;-2459.17
13184;-552.3143;-951.3754;-2458.655
13218;-559.4269;-961.7413;-2471.793
13252;-554.799;-958.7213;-2463.47
13285;-554.976;-957.3774;-2463.195
13319;-553.2967;-956.4338;-2462.831
13353;-554.1546;-956.0405;-2463.673
13387;-554.5947;-955.6526;-2464.971
13420;-554.3767;-955.8439;-2464.819
13665;-552.9212;-955.1407;-2464.984
13681;-550.0663;-950.0294;-2462.159
13705;-549.2298;-952.5284;-2463.795
13721;-549.5705;-951.3315;-2464.065
13754;-550.5805;-951.6411;-2464.492
13788;-550.4319;-952.0168;-2464.347
13822;-551.7783;-953.2446;-2462.215
13856;-552.2656;-953.7643;-2462.323
13889;-552.2529;-953.2759;-2460.673
13923;-552.3634;-953.202;-2460.699
13957;-552.386;-953.1925;-2460.796
13990;-554.1276;-960.1333;-2461.812
14024;-552.5952;-955.7512;-2458.136
14058;-552.7283;-955.3716;-2458.592
14091;-548.5875;-952.9695;-2458.975
14125;-548.9208;-952.4418;-2458.814
14159;-549.1763;-953.6399;-2457.388
14192;-549.7575;-953.6315;-2457.5
14210;-548.7571;-954.3787;-2458.753
14263;-548.8758;-954.6318;-2458.966
14292;-549.7675;-954.5226;-2459.233
14323;-547.8862;-954.3018;-2458.393
14347;-550.3945;-957.2657;-2459.29
14381;-550.5789;-957.5881;-2459.256
14414;-550.5146;-957.636;-2459.178
14448;-550.5511;-958.6605;-2458.44
14482;-550.5099;-955.3783;-2459.331
14515;-552.0558;-957.8073;-2459.14
14566;-552.7634;-957.3127;-2459.164
14583;-552.9535;-959.3872;-2457.73
14617;-552.5086;-956.4527;-2458.716
14650;-551.0662;-958.5522;-2459.948
14701;-551.3048;-958.3888;-2457.803
14734;-546.8918;-956.4066;-2460.696
14751;-548.3445;-955.7733;-2461.161
14785;-549.6309;-953.5519;-2461.731
14819;-549.3351;-948.3998;-2459.027
14852;-550.4387;-949.9658;-2457.516
14886;-551.5559;-954.2301;-2457.918
14920;-552.52;-955.0212;-2457.626
15024;-547.1006;-952.9755;-2461.353
15091;-547.3586;-953.1221;-2461.507
15125;-547.7706;-953.0032;-2461.58
15158;-548.4044;-953.1384;-2461.604
15192;-548.4573;-950.6382;-2461.12
15209;-549.3753;-950.3331;-2460.859
15260;-550.7869;-954.2728;-2461.007
15293;-551.0067;-954.9786;-2461.187
15310;-551.7419;-954.409;-2460.92
15344;-552.1915;-953.3448;-2460.958
15395;-552.681;-953.7348;-2461.861
15411;-551.9281;-953.8958;-2461.521
15445;-552.2443;-953.877;-2461.447
15478;-552.548;-953.9584;-2461.71
15512;-552.9109;-956.1909;-2460.087
15546;-555.2268;-955.4439;-2463.635
15580;-554.9584;-954.5533;-2463.886
15613;-555.0772;-954.5055;-2463.972
15647;-555.2039;-954.7723;-2463.863
15681;-541.9301;-907.6984;-2415.688
15714;-546.2661;-941.0248;-2458.64
15748;-548.7759;-943.704;-2459.608
15782;-546.0383;-963.5396;-2470.218
15815;-546.2808;-960.4271;-2468.204
15849;-548.5746;-958.1535;-2466.962
15883;-549.3082;-955.8849;-2466.45
15917;-550.1612;-955.1061;-2465.975
15950;-548.2334;-949.363;-2462.181
15984;-548.6943;-949.5648;-2461.43
16018;-550.998;-957.6726;-2461.953
16074;-549.8752;-955.4523;-2461.104
16085;-549.9073;-955.4725;-2461.116
16119;-550.3786;-955.8268;-2460.909
16153;-548.853;-959.9676;-2462.002
16208;-547.7891;-954.7273;-2460.01
16220;-548.1812;-954.3889;-2460.397
16255;-541.7745;-956.4694;-2457.582
16287;-545.0578;-954.6885;-2459.948
16323;-543.9856;-956.0499;-2458.062
16367;-545.1088;-956.0683;-2459.188
16400;-547.5775;-954.7969;-2458.143
16419;-548.1351;-954.2842;-2459.264
16453;-547.1038;-954.4245;-2459.93
16487;-547.1852;-954.1091;-2460.047
16520;-547.7101;-951.2578;-2461.317
16554;-547.643;-951.3342;-2461.152
16588;-548.3893;-950.6669;-2462.338
16640;-548.2149;-948.7127;-2459.092
16657;-547.9769;-948.2308;-2459.475
16691;-549.7437;-950.4438;-2461.866
16767;-549.9813;-951.0866;-2460.234
16805;-550.8229;-951.3499;-2461.213
16821;-551.2269;-950.8323;-2461.719
16854;-556.2258;-883.2394;-2407.175
16898;-549.2845;-950.5176;-2460.753
16920;-549.0079;-949.4215;-2458.924
16953;-549.5253;-949.3981;-2458.6
16987;-549.0336;-949.7608;-2458.921
17020;-549.375;-949.8095;-2459.192
17054;-549.7524;-953.1951;-2458.204
17088;-550.3209;-953.8389;-2457.34
17122;-548.4391;-955.7294;-2460.801
17155;-548.0387;-953.4293;-2459.206
17189;-548.2947;-958.2923;-2465.721
17222;-547.2637;-954.3318;-2464.254
17258;-548.1162;-953.2676;-2464.078
17275;-550.5677;-956.1943;-2465.261
17326;-549.5237;-944.0447;-2465.652
17343;-549.4348;-955.8759;-2463.806
17378;-550.2003;-953.8256;-2463.23
17412;-550.5062;-954.8143;-2463.379
17457;-549.5281;-954.0905;-2463.25
17491;-546.3067;-951.5048;-2462.348
17525;-549.3599;-953.4609;-2463.825
17558;-543.5178;-950.4223;-2468.34
17611;-543.683;-952.0543;-2468.892
17627;-547.7914;-957.1176;-2468.286
17644;-547.7344;-956.7566;-2468.067
17678;-547.7551;-956.6225;-2468.266
17712;-547.8636;-954.1211;-2466.224
17745;-551.1197;-941.4128;-2469.778
17780;-545.3534;-948.7244;-2464.142
17842;-544.7538;-956.3986;-2460.647
17857;-545.8068;-956.848;-2461.725
17891;-548.5397;-940.5446;-2465.961
17913;-542.2714;-956.2549;-2460.003
17947;-546.6414;-946.9586;-2464.707
17980;-547.2189;-955.7841;-2462.424
18014;-547.975;-889.921;-2409.098
18048;-548.4915;-952.772;-2463.293
18082;-547.8378;-953.5452;-2461.252
18138;-550.0965;-954.6505;-2463.404
18155;-549.5941;-954.6906;-2464.201
18206;-549.4468;-953.4608;-2464.07
18222;-549.8035;-878.8096;-2407.071
18256;-549.8549;-878.8851;-2407.052
18290;-552.2239;-877.254;-2407.435
18336;-552.8779;-877.0142;-2407.937
18352;-547.9334;-932.1304;-2466.93
18403;-548.4811;-951.9379;-2463.213
18420;-549.8791;-954.0215;-2463.688
18454;-555.1495;-878.1359;-2406.639
18487;-550.2371;-953.0858;-2464.838
18521;-550.2866;-952.8109;-2465.04
18544;-551.2263;-952.5566;-2464.24
18578;-547.9134;-886.6513;-2408.485
18634;-549.9492;-882.4829;-2408.302
18667;-551.5645;-879.763;-2408.462
18683;-543.0975;-940.7121;-2459.751
18717;-543.2938;-955.825;-2457.354
18752;-545.8236;-945.4562;-2461.729
18786;-546.037;-944.6812;-2463.503
18837;-553.4116;-882.9429;-2411.891
18871;-554.0403;-882.1955;-2411.933
18887;-554.7772;-881.9545;-2411.927
18938;-547.7467;-950.7961;-2464.758
18957;-546.2681;-948.805;-2463.661
18992;-546.1433;-949.5156;-2462.253
19042;-548.8461;-951.2355;-2463.803
19061;-549.9611;-952.1826;-2465.398
19094;-550.7823;-951.8722;-2466.047
19128;-545.3961;-906.3547;-2415.092
19145;-554.068;-954.6494;-2468.377
19196;-554.3585;-954.7184;-2468.625
19213;-555.995;-960.9923;-2466.586
19255;-555.7032;-960.5903;-2466.243
19291;-555.7402;-960.7081;-2466.194
19326;-555.0452;-958.1744;-2464.776
19360;-554.9943;-957.3314;-2464.738
19394;-555.0898;-957.3987;-2464.485
19445;-553.7554;-958.1351;-2462.668
19461;-554.0397;-957.4417;-2463.834
19478;-552.4949;-953.8671;-2461.206
19548;-551.8973;-951.9674;-2460.313
19598;-551.7646;-952.0103;-2460.688
19615;-551.8207;-951.9233;-2460.792
19648;-552.6301;-952.1857;-2460.817
19682;-554.2924;-954.6603;-2463.152
19744;-549.4361;-912.7355;-2415.057
19760;-555.7245;-950.8582;-2458.876
19793;-555.6052;-950.1807;-2460.236
19832;-555.1923;-951.0209;-2460.529
19855;-554.6158;-950.4883;-2459.734
19879;-549.9772;-913.7563;-2414.925
19912;-554.3306;-952.7558;-2469.303
19946;-554.3672;-952.6863;-2469.314
19980;-538.3811;-958.7724;-2460.412
20014;-543.8071;-958.0245;-2463.684
20047;-546.1923;-955.5562;-2465.344
20079;-547.9092;-955.2469;-2466.104
20132;-549.8432;-957.9919;-2466.026
20159;-550.5913;-958.4979;-2466.973
20186;-551.0465;-957.5069;-2465.846
20236;-552.015;-957.3102;-2466.764
20253;-553.5492;-958.6009;-2467.96
20304;-549.2927;-914.3295;-2417.864
20323;-546.1432;-950.6833;-2465.379
20356;-546.214;-949.9809;-2465.101
20390;-545.79;-950.0043;-2465.039
20424;-549.3669;-950.3556;-2466.519
20457;-553.4801;-955.1356;-2468.125
20510;-551.8719;-957.6495;-2468.265
20525;-551.8968;-957.1512;-2468.621
20558;-552.2715;-956.9037;-2468.287
20575;-552.507;-956.5204;-2468.531
20610;-553.0104;-956.9417;-2467.976
20660;-553.5463;-957.8705;-2469.307
20693;-553.6169;-955.8273;-2469.609
20710;-552.859;-952.1961;-2467.627
20745;-551.2267;-956.0493;-2464.078
20789;-551.3197;-955.3032;-2463.979
20829;-550.5408;-956.0005;-2466.029
20862;-549.3788;-952.1628;-2463.497
20879;-549.8855;-952.4592;-2463.388
20913;-550.601;-953.2451;-2464.4
20948;-550.8117;-953.0565;-2464.418
20986;-549.236;-951.8749;-2462.982
21020;-549.5094;-951.9642;-2462.873
21053;-551.3512;-956.4164;-2458.301
21089;-552.5573;-955.861;-2460.686
21123;-552.4352;-955.8547;-2460.694
21157;-552.4227;-956.0187;-2462.028
21191;-552.4562;-956.1158;-2462.231
21215;-552.3409;-953.8256;-2462.586
21247;-553.2573;-955.119;-2462.856
21281;-553.4509;-954.5289;-2461.859
21320;-551.5146;-954.6879;-2461.734
21343;-551.071;-952.7264;-2461.917
21387;-551.3058;-953.4971;-2462.989
21421;-551.4915;-952.7352;-2463.833
21471;-550.9186;-952.2132;-2463.156
21490;-550.7398;-952.5497;-2462.933
21506;-574.1006;-963.6938;-2519.17
21555;-551.9433;-954.4619;-2463.06
21585;-553.349;-955.237;-2465.266
21619;-553.6139;-953.2092;-2465.828
21670;-553.9942;-954.5092;-2464.672
21687;-552.6304;-953.7092;-2464.209
21739;-552.8021;-953.7088;-2464.378
21755;-553.0389;-953.8115;-2464.573
21789;-553.1099;-953.9787;-2464.359
21823;-553.4045;-957.926;-2463.258
21856;-553.0966;-956.3859;-2464.139
21890;-554.3079;-957.3426;-2464.978
21924;-554.5997;-957.3401;-2464.743
21957;-554.8049;-955.8969;-2464.13
21991;-554.9934;-956.1164;-2464.2
22040;-555.0893;-955.4533;-2465.061
22062;-553.5239;-953.4011;-2464.567
22099;-554.1122;-953.3904;-2464.915
22129;-554.3719;-953.6363;-2465.341
22145;-552.5223;-950.6379;-2463.121
22182;-553.1575;-952.6563;-2462.94
22216;-553.479;-953.0886;-2462.332
22250;-553.8667;-954.6472;-2463.623
22283;-555.9277;-957.8042;-2465.425
22317;-555.6042;-957.3839;-2464.961
22351;-556.0115;-958.3981;-2465.372
22385;-550.4372;-909.7728;-2420.915
22418;-558.4671;-963.4849;-2465.688
22440;-557.4123;-959.3051;-2465.856
22486;-554.3894;-955.1219;-2462.115
22520;-554.6237;-955.446;-2462.442
22553;-554.903;-956.1801;-2461.915
22587;-555.3472;-955.4961;-2463.163
22621;-555.5228;-956.2766;-2463.371
22655;-555.6562;-955.5801;-2463.265
22705;-555.7888;-955.5767;-2464.022
22722;-545.8638;-953.144;-2459.44
22744;-549.0909;-953.2069;-2461.576
22789;-549.0327;-953.0166;-2461.237
22823;-549.6113;-953.5717;-2463.623
22856;-548.4103;-953.6953;-2463.163
22878;-549.5032;-952.9841;-2462.812
22926;-551.2071;-955.0203;-2464.315
22977;-551.9454;-956.409;-2464.743
22995;-552.4183;-956.2295;-2464.849
23013;-552.8001;-956.8705;-2465.399
23047;-553.0454;-956.2876;-2466.593
23097;-553.6893;-955.8344;-2467.267
23114;-553.9722;-955.0773;-2467.712
23153;-554.2865;-954.9222;-2468.343
23186;-553.9472;-954.319;-2466.317
23220;-554.0212;-954.3195;-2466.459
23254;-554.4247;-954.4988;-2467.182
23287;-554.2067;-954.3952;-2467.353
23322;-554.3401;-954.407;-2467.762
23362;-554.358;-954.8025;-2467.608
23395;-554.2147;-954.9132;-2467.964
23412;-554.5209;-956.1014;-2467.585
23458;-555.1575;-956.2188;-2466.01
23510;-555.116;-956.2474;-2466.032
23526;-553.6511;-956.0076;-2465.456
23543;-552.6839;-954.6317;-2464.476
23593;-542.5895;-910.2371;-2417.86
23627;-550.3817;-948.7452;-2467.846
23663;-550.3883;-948.7263;-2467.85
23680;-550.2945;-948.7982;-2468.023
23710;-549.7354;-947.7764;-2467.46
23767;-550.1623;-948.386;-2466.81
23795;-549.2903;-947.6229;-2464.929
23829;-549.259;-949.2823;-2464.025
23863;-550.048;-951.1647;-2465.204
23879;-551.2831;-951.6763;-2468.272
23913;-550.8593;-954.2772;-2468.017
23964;-555.3329;-958.7419;-2478.413
23984;-540.7255;-910.656;-2418.727
24034;-555.7955;-949.7846;-2469.12
24051;-545.4113;-902.3925;-2417.14
24101;-543.6201;-906.2603;-2418.493
24118;-546.3868;-944.3165;-2461.637
24169;-548.3332;-946.1905;-2464.223
24187;-549.142;-947.1166;-2464.459
24238;-550.8527;-948.1563;-2466.307
24255;-553.5483;-954.1044;-2468.719
24289;-553.7385;-953.8689;-2468.703
24316;-554.108;-954.1096;-2468.356
24349;-552.6865;-952.0618;-2466.084
24383;-553.1742;-952.4935;-2466.487
24416;-552.9247;-952.7819;-2466.356
24450;-553.7268;-952.9893;-2467.212
24484;-553.7116;-952.6284;-2467.046
24518;-553.9608;-955.8488;-2465.093
24551;-554.4321;-955.3934;-2465.598
24585;-553.5093;-955.7741;-2464.0
24619;-553.3567;-955.682;-2464.275
24652;-553.3128;-954.525;-2464.409
24686;-549.4827;-913.7221;-2419.767
24720;-547.593;-948.3179;-2463.656
24753;-549.4825;-948.8462;-2464.42
24787;-550.0159;-948.7567;-2464.004
24821;-549.8181;-948.4089;-2463.852
24838;-550.4518;-949.1688;-2463.783
24888;-550.8994;-949.603;-2463.863
24922;-558.1819;-961.4261;-2476.332
24956;-557.8014;-960.2211;-2474.784
24989;-575.4814;-965.4337;-2521.791
25023;-555.1052;-954.3584;-2465.273
25057;-554.6233;-953.8383;-2465.644
25090;-555.0652;-953.9757;-2466.911
25124;-552.0241;-951.5825;-2464.818
25158;-551.1769;-951.1619;-2464.001
25191;-553.2075;-952.6571;-2466.957
25225;-553.856;-951.4767;-2467.722
25242;-553.2903;-950.9055;-2467.604
25294;-554.5379;-952.3884;-2468.807
25328;-554.6557;-952.2599;-2468.466
25345;-554.5803;-952.0513;-2468.315
25395;-555.3289;-953.7366;-2468.909
25412;-551.6223;-953.3539;-2463.026
25446;-551.7711;-954.5275;-2463.58
25496;-551.2796;-953.1518;-2463.098
25513;-557.4641;-961.0245;-2474.721
25547;-557.2107;-958.0556;-2468.07
25581;-556.5165;-957.5385;-2467.64
25614;-556.0483;-957.1173;-2466.894
25648;-555.494;-960.8884;-2462.882
25678;-556.4115;-961.8539;-2465.004
25714;-556.08;-961.2866;-2464.593
25749;-555.5194;-959.8809;-2463.334
25783;-555.6734;-958.6547;-2463.805
25816;-556.098;-958.9703;-2464.233
25850;-556.7343;-963.1821;-2463.857
25884;-548.2494;-911.6282;-2417.663
25918;-556.2526;-953.5187;-2464.722
25951;-556.2388;-954.7538;-2465.102
25985;-555.705;-954.9562;-2465.601
26025;-555.4832;-955.2501;-2465.96
26059;-554.7863;-955.2761;-2465.112
26092;-555.7392;-958.8427;-2464.972
26126;-554.7451;-957.9858;-2464.684
26160;-553.3576;-954.5043;-2462.571
26193;-545.6826;-910.6579;-2417.408
26227;-550.3845;-946.3705;-2463.815
26249;-550.7215;-947.8311;-2464.673
26278;-550.1193;-948.8506;-2461.654
26328;-552.6157;-961.3325;-2459.802
26369;-551.5726;-960.6255;-2457.69
26422;-550.3624;-959.0614;-2457.418
26454;-550.2893;-956.6356;-2457.911
26505;-551.335;-955.6863;-2462.096
26534;-542.7537;-956.2309;-2460.16
26551;-548.0989;-956.0462;-2461.58
26585;-548.7867;-956.3461;-2461.079
26619;-549.7604;-956.0984;-2462.124
26652;-552.7792;-961.2343;-2462.671
26686;-552.47;-959.9476;-2463.465
26720;-552.8539;-955.9566;-2460.982
26753;-553.2845;-957.3513;-2461.76
26792;-553.7644;-957.5342;-2462.394
26826;-554.1371;-957.1648;-2463.935
26859;-552.5011;-959.0503;-2458.921
26893;-550.0917;-951.0603;-2461.085
26950;-552.3625;-952.0189;-2464.718
26983;-546.316;-903.4473;-2417.961
27017;-545.5117;-905.7256;-2418.117
27051;-543.5387;-945.5687;-2476.35
27084;-544.3057;-944.2197;-2470.735
27118;-553.9277;-961.1549;-2470.482
27159;-553.8917;-958.5861;-2469.353
27185;-552.6339;-957.0878;-2466.883
27223;-550.3019;-950.5641;-2462.145
27274;-550.4357;-950.3855;-2462.628
27290;-550.7568;-950.0899;-2463.278
27309;-550.1108;-948.55;-2462.754
27358;-549.4486;-947.917;-2463.468
27391;-550.6214;-951.0855;-2464.478
27425;-550.9919;-951.0748;-2464.77
27459;-551.2643;-950.8765;-2464.401
27492;-550.8616;-950.1519;-2464.279
27543;-551.3312;-951.0088;-2463.444
27560;-551.2694;-951.0076;-2463.488
27594;-551.3198;-950.9951;-2463.439
27627;-551.7133;-953.5367;-2463.199
27661;-551.9285;-956.4765;-2460.324
27695;-553.0159;-955.2985;-2461.984
27712;-553.0654;-954.5139;-2462.343
27762;-552.9595;-954.2339;-2462.564
27779;-552.7919;-952.9144;-2463.763
27813;-552.7444;-952.7114;-2463.852
27864;-552.7572;-952.7217;-2463.86
27886;-552.3823;-952.9496;-2462.789
27914;-552.7922;-953.0677;-2464.38
27948;-552.8757;-953.152;-2464.379
27981;-553.8954;-954.8779;-2463.69
28015;-554.8032;-955.1798;-2465.065
28049;-548.683;-955.6589;-2463.7
28082;-549.5501;-954.304;-2463.514
28116;-550.0248;-954.0161;-2464.085
28150;-550.8227;-955.1603;-2464.974
28183;-550.1133;-954.5889;-2465.23
28217;-550.1919;-954.3245;-2465.086
28251;-550.6613;-954.3973;-2465.031
28284;-550.8375;-954.5289;-2464.869
28318;-551.2682;-953.5408;-2464.031
28383;-551.969;-953.6738;-2464.679
28417;-552.5381;-954.0688;-2465.092
28474;-552.9252;-953.361;-2464.457
28491;-552.9023;-953.2532;-2464.41
28524;-553.0154;-953.2493;-2464.216
28559;-553.6465;-954.1725;-2464.802
28577;-553.7456;-954.1652;-2464.798
28628;-553.9951;-953.998;-2465.01
28661;-551.6063;-949.5745;-2465.134
28679;-551.0232;-949.9865;-2464.999
28712;-551.3054;-950.1462;-2465.279
28763;-552.2147;-952.5441;-2465.786
28779;-551.7133;-953.0133;-2464.395
28830;-551.8725;-951.9778;-2464.111
28863;-553.4154;-954.6205;-2464.533
28880;-554.1707;-955.777;-2464.949
28914;-554.1598;-955.3107;-2464.874
28964;-554.4684;-955.3956;-2464.794
28998;-553.3677;-953.1306;-2464.825
29015;-553.4997;-953.0862;-2465.235
29065;-553.5246;-952.9765;-2465.383
29082;-553.8065;-951.6355;-2466.534
29116;-553.8966;-951.6274;-2466.54
29150;-549.334;-946.4674;-2472.158
29183;-549.7349;-947.6133;-2471.594
29217;-550.7304;-948.2646;-2471.145
29251;-551.8546;-950.845;-2468.195
29284;-552.732;-953.1274;-2467.205
29318;-552.7324;-953.1824;-2467.239
29352;-552.9635;-952.5386;-2466.435
29447;-553.4814;-954.8458;-2466.111
29527;-554.2357;-945.7976;-2461.478
29544;-554.6556;-947.3065;-2462.302
29560;-554.5645;-947.3086;-2462.346
29594;-554.4117;-947.4008;-2462.507
29610;-554.6252;-950.4316;-2471.239
29661;-553.4965;-949.0242;-2468.156
29678;-553.4488;-951.9705;-2468.482
29711;-546.3063;-909.8174;-2422.927
29745;-556.1752;-954.4617;-2467.867
29779;-556.348;-955.0949;-2467.786
29829;-555.9689;-953.9642;-2467.793
29846;-555.4745;-952.4318;-2467.204
29880;-550.5829;-952.0152;-2464.483
29914;-551.0335;-951.7542;-2464.594
29947;-551.041;-951.6722;-2464.233
29998;-550.8939;-951.3719;-2463.47
30015;-551.169;-950.7747;-2463.588
30065;-550.8748;-950.6514;-2463.215
30079;-550.9029;-950.3371;-2462.809
30130;-551.9452;-951.7479;-2464.886
30163;-551.8648;-952.0254;-2464.4
30180;-552.8523;-954.0244;-2464.229
30214;-553.1333;-953.3456;-2463.948
30281;-553.3313;-953.4119;-2464.618
30298;-553.6929;-953.2713;-2464.566
30332;-554.7931;-956.1169;-2466.051
30365;-554.7972;-955.6785;-2465.63
30382;-555.1468;-957.8479;-2466.501
30416;-555.327;-957.602;-2466.473
30450;-553.5485;-956.3637;-2464.371
30483;-552.6434;-954.7812;-2463.491
30518;-550.8525;-912.0404;-2419.977
30574;-559.7853;-956.7299;-2476.39
30590;-557.6925;-954.5978;-2472.236
30618;-556.6193;-953.5236;-2471.006
30652;-553.1968;-950.2471;-2467.08
30702;-552.6745;-951.0958;-2463.262
30719;-550.8308;-912.6891;-2419.889
30753;-550.0742;-956.7892;-2459.466
30786;-549.9255;-953.7289;-2458.924
30820;-546.4507;-948.311;-2459.343
30854;-547.3837;-948.8865;-2459.386
30888;-547.6943;-948.9738;-2459.526
30921;-550.0628;-950.1736;-2460.339
30955;-551.5396;-950.2906;-2463.002
30989;-552.2371;-950.6433;-2464.151
31022;-553.0302;-952.7304;-2465.274
31056;-552.0622;-951.1408;-2464.617
31090;-553.1946;-951.9009;-2466.665
31123;-552.2098;-950.958;-2463.831
31157;-551.1396;-949.8707;-2464.253
31177;-550.9987;-953.0623;-2463.26
31224;-550.5798;-952.3605;-2463.996
31248;-543.4396;-949.2217;-2462.133
31282;-546.9049;-952.5569;-2465.385
31316;-547.0019;-952.6;-2465.308
31350;-546.9589;-952.5007;-2465.341
31384;-549.9061;-953.4633;-2466.894
31417;-549.9612;-953.5536;-2466.764
31451;-550.489;-953.5958;-2467.113
31485;-543.664;-910.2141;-2419.855
31519;-552.3708;-948.3553;-2467.995
31552;-552.3316;-950.643;-2467.441
31586;-552.0939;-949.8751;-2467.164
31619;-552.5355;-949.5143;-2466.473
31653;-553.2263;-950.269;-2466.892
31687;-552.3697;-948.8452;-2465.345
31738;-553.3096;-949.7824;-2466.489
31754;-553.4975;-949.954;-2466.586
31788;-553.2848;-949.3748;-2466.913
31822;-554.1953;-950.0297;-2467.887
31891;-554.1987;-950.0056;-2467.876
31907;-553.6689;-949.8887;-2466.794
31924;-553.7215;-950.7692;-2467.061
31949;-541.9351;-908.2384;-2422.61
31999;-557.2302;-956.6866;-2472.762
32016;-549.7648;-947.0006;-2477.601
32050;-549.8234;-946.4196;-2475.267
32083;-553.1566;-951.2023;-2472.924
32118;-554.7988;-958.5184;-2467.61
32151;-554.5082;-956.6804;-2467.375
32185;-554.3862;-955.3551;-2467.901
32245;-554.3843;-955.5684;-2468.074
32269;-553.3647;-952.324;-2465.384
32285;-553.6281;-951.1253;-2465.398
32322;-553.8217;-951.2088;-2466.196
32339;-546.1079;-909.3397;-2419.312
32377;-556.4257;-961.9836;-2466.57
32411;-551.4193;-949.8588;-2461.862
32445;-552.0362;-949.8433;-2461.968
32478;-551.5633;-949.2555;-2460.693
32511;-551.676;-949.1824;-2460.829
32562;-552.8048;-951.2314;-2462.746
32579;-553.0688;-951.5708;-2462.886
32612;-551.1825;-949.1844;-2460.126
32663;-551.3405;-950.4;-2459.469
32681;-552.357;-954.1357;-2464.775
32726;-551.7077;-953.0855;-2465.357
32743;-551.9026;-952.7587;-2465.841
32794;-551.5308;-951.6352;-2465.36
32828;-552.2065;-952.3876;-2466.023
32845;-552.8651;-953.0383;-2467.168
32895;-552.9611;-953.3015;-2467.429
32940;-552.7693;-953.2321;-2467.365
32956;-550.8979;-952.0203;-2463.669
32990;-550.5333;-951.7342;-2463.702
33023;-550.4883;-950.8268;-2461.812
33057;-550.9712;-951.5103;-2461.734
33090;-548.4437;-947.2596;-2468.48
33124;-547.8;-948.3613;-2466.52
33158;-548.8795;-910.6841;-2418.564
33191;-557.8932;-952.0931;-2469.345
33225;-557.4711;-951.5813;-2468.926
33259;-556.6764;-953.4446;-2469.332
33293;-546.4871;-911.7829;-2419.649
33326;-552.7403;-953.7198;-2461.367
33360;-553.1433;-954.2961;-2461.18
33394;-553.2663;-954.1412;-2461.629
33427;-551.6141;-951.389;-2462.291
33461;-555.0641;-959.699;-2463.878
33495;-546.8115;-911.2389;-2418.954
33512;-552.8705;-950.096;-2464.274
33562;-541.0093;-955.3883;-2456.542
33579;-543.9048;-955.4901;-2457.888
33613;-545.3497;-954.4565;-2457.992
33663;-545.7959;-953.8701;-2457.644
33680;-547.191;-952.8597;-2459.396
33714;-547.6535;-952.5126;-2459.367
33748;-548.2853;-953.0416;-2459.885
33781;-551.3022;-956.1677;-2462.917
33815;-552.9349;-954.6194;-2464.94
33866;-552.9611;-954.5233;-2465.037
33884;-553.2383;-954.1251;-2465.12
33928;-553.6453;-954.1212;-2465.094
33946;-553.887;-954.0383;-2465.113
33979;-553.9966;-953.9208;-2464.94
34013;-553.7559;-953.3629;-2464.522
34046;-553.7797;-953.0709;-2464.23
34097;-545.0497;-907.2007;-2417.336
34114;-548.968;-951.6563;-2453.822
34148;-549.1324;-951.1213;-2454.228
34208;-548.4841;-951.0286;-2455.153
34224;-548.251;-949.8209;-2456.52
34258;-548.8871;-955.6683;-2457.758
34292;-552.4028;-955.7394;-2462.671
34325;-551.9479;-955.1417;-2462.112
34360;-552.478;-954.6017;-2462.676
34387;-552.6167;-958.1711;-2462.875
34428;-553.2534;-958.2513;-2463.979
34444;-550.8996;-952.8232;-2464.082
34479;-551.3456;-951.5879;-2464.497
34514;-550.6398;-949.6871;-2464.263
34547;-553.5984;-958.9999;-2465.331
34581;-553.8196;-959.2905;-2465.041
34614;-554.3275;-959.5917;-2464.715
34648;-554.1896;-959.5751;-2464.759
34682;-554.7111;-959.6984;-2465.797
34715;-554.4188;-959.8749;-2465.806
34749;-552.2499;-953.9833;-2465.599
34783;-548.6702;-947.0752;-2473.526
34816;-552.0577;-951.8707;-2471.445
34850;-554.532;-955.9116;-2469.002
34901;-554.9211;-956.1772;-2468.978
34948;-555.7279;-957.6727;-2469.664
34973;-556.4817;-961.0889;-2469.224
34996;-556.115;-959.9247;-2468.407
35012;-555.6175;-959.0877;-2465.674
35063;-555.9969;-959.1986;-2465.886
35097;-555.7671;-957.1937;-2466.654
35130;-555.8638;-956.9684;-2467.514
35164;-555.8259;-956.7799;-2468.02
35198;-555.986;-956.8186;-2468.421
35219;-550.4863;-909.9027;-2418.477
35259;-546.6778;-944.6045;-2463.127
35292;-546.7548;-944.8268;-2462.973
35326;-549.8607;-949.9581;-2465.201
35360;-549.0681;-950.0699;-2465.644
35393;-551.9258;-954.2653;-2466.048
35431;-552.8281;-953.1003;-2466.927
35465;-553.3421;-953.7927;-2467.341
35482;-552.962;-952.983;-2466.924
35532;-552.8821;-952.9233;-2466.526
35566;-553.0446;-954.8805;-2466.023
35583;-553.2729;-954.6023;-2466.477
35618;-553.4637;-955.3691;-2466.688
35651;-554.0043;-955.6417;-2468.272
35702;-553.8416;-955.8475;-2468.16
35719;-553.9869;-955.9714;-2468.094
35753;-551.7458;-951.5663;-2466.25
35803;-552.811;-951.5556;-2467.438
35820;-552.4893;-951.9903;-2466.134
35854;-551.5512;-951.123;-2462.261
35889;-551.5742;-950.9924;-2462.193
35921;-552.0529;-951.0452;-2462.595
35955;-552.1794;-950.8616;-2463.295
35989;-552.5867;-949.2829;-2462.287
36022;-553.9267;-950.3386;-2464.944
36073;-551.8552;-950.3007;-2464.947
36090;-552.0317;-950.3011;-2465.371
36123;-552.8678;-951.3516;-2466.159
36165;-553.0826;-950.53;-2467.081
36183;-553.4421;-950.7468;-2467.208
36263;-556.0037;-958.6819;-2464.969
36303;-556.0037;-957.7812;-2464.919
36324;-542.7639;-911.1462;-2421.678
36352;-537.8083;-953.43;-2460.38
36397;-544.308;-952.2014;-2461.851
36414;-544.7434;-946.4988;-2468.262
36455;-548.825;-951.0842;-2466.933
36488;-549.2241;-951.4644;-2466.217
36522;-550.0553;-949.9377;-2465.702
36556;-558.2524;-958.4087;-2477.818
36590;-554.1254;-950.6178;-2464.409
36623;-554.2979;-952.4223;-2464.924
36657;-554.3796;-953.3297;-2464.789
36691;-552.9271;-952.9537;-2463.886
36724;-551.403;-950.3891;-2462.908
36758;-551.1862;-950.353;-2464.802
36792;-552.2179;-951.663;-2466.762
36814;-551.6643;-950.4475;-2465.304
36864;-550.6749;-954.5734;-2460.355
36882;-553.3498;-959.1129;-2461.809
36917;-553.7635;-958.05;-2464.707
36962;-553.1486;-956.0782;-2465.571
36995;-553.3026;-956.4944;-2465.642
37029;-553.798;-957.1813;-2466.109
37063;-553.6036;-956.5306;-2464.822
37096;-554.6541;-959.4948;-2464.175
37113;-555.17;-959.4908;-2463.378
37164;-554.9145;-959.7024;-2462.938
37188;-554.9843;-959.2229;-2463.146
37221;-555.2922;-959.2264;-2463.133
37261;-555.2745;-959.4935;-2463.4
37294;-555.3022;-958.3408;-2464.632
37328;-555.5682;-958.464;-2465.118
37350;-555.7673;-958.715;-2465.636
37384;-555.493;-957.631;-2466.159
37417;-555.7078;-956.9622;-2466.682
37629;-555.4698;-955.4684;-2466.977
37780;-554.7499;-955.8699;-2466.813
37796;-553.0789;-955.2108;-2466.499
37816;-557.7748;-962.7388;-2468.381
37850;-557.7756;-962.6777;-2468.395
37883;-557.8828;-962.742;-2468.621
37916;-557.8565;-962.766;-2468.593
37950;-557.485;-962.2485;-2468.219
37984;-557.3987;-961.7462;-2468.507
38018;-557.2537;-961.6826;-2467.933
38051;-556.1755;-958.9955;-2466.209
38085;-556.4266;-958.5738;-2466.364
38119;-555.8148;-960.1548;-2466.815
38152;-555.8697;-959.6279;-2466.884
38186;-555.9175;-957.8489;-2467.881
38220;-555.6605;-958.3531;-2468.394
38270;-554.9544;-957.3477;-2467.808
38288;-544.2108;-957.9174;-2466.597
38449;-548.4606;-958.761;-2467.022
38483;-549.1771;-958.4144;-2467.582
38516;-549.5099;-957.8885;-2467.415
38567;-549.5321;-958.827;-2467.514
38583;-550.2139;-958.932;-2467.291
38617;-554.2473;-963.4393;-2465.772
38651;-547.1811;-948.8758;-2470.503
38685;-546.9563;-946.8994;-2471.783
38735;-548.499;-946.6057;-2471.986
38788;-551.9774;-959.7336;-2470.788
38836;-549.7318;-952.4584;-2467.142
38853;-549.2098;-952.0765;-2465.789
38904;-549.7449;-952.0011;-2465.493
38920;-551.3091;-952.493;-2466.321
38974;-551.8902;-952.8134;-2466.274
39027;-551.4592;-954.0478;-2465.452
39061;-551.6307;-953.9764;-2465.658
39077;-553.4042;-958.3968;-2466.064
39128;-553.8668;-958.4086;-2466.822
39161;-553.9944;-958.5983;-2466.588
39195;-553.5798;-958.2209;-2466.677
39229;-553.4114;-958.0912;-2466.634
39264;-547.4164;-908.6406;-2417.652
39306;-549.9431;-947.7888;-2472.582
39350;-550.8271;-949.4134;-2471.916
39366;-547.8146;-909.222;-2419.396
39390;-557.1992;-957.2581;-2465.755
39418;-557.1369;-956.9866;-2465.438
39451;-557.027;-957.2068;-2465.539
39484;-557.105;-957.2445;-2465.976
39517;-547.2979;-947.7211;-2476.944
39551;-541.9955;-958.2822;-2462.176
39585;-546.6849;-959.7399;-2467.062
39618;-547.5539;-957.7798;-2465.402
39652;-550.1125;-957.2214;-2465.262
39708;-550.5439;-957.4822;-2465.171
39729;-550.8467;-957.3198;-2465.476
39747;-551.6366;-956.8759;-2465.957
39780;-552.1476;-956.0383;-2465.662
39814;-552.3046;-956.3722;-2465.541
39864;-552.4861;-959.3724;-2464.974
39899;-552.7363;-910.0417;-2420.472
39941;-554.4025;-955.0731;-2466.412
39957;-554.5795;-955.2387;-2465.813
39979;-552.5497;-910.3757;-2420.27
40021;-554.3995;-951.4461;-2467.13
40061;-551.6376;-909.7566;-2419.26
40095;-552.1325;-909.8412;-2419.403
40146;-554.0447;-949.3798;-2465.696
40196;-551.649;-950.0143;-2463.78
40230;-549.9189;-951.6363;-2464.01
40251;-551.6764;-955.1072;-2466.214
40285;-552.0315;-955.5129;-2466.604
40319;-553.2785;-955.8422;-2467.017
40352;-553.767;-956.2698;-2467.0
40386;-553.8666;-956.2611;-2466.969
40437;-553.5427;-955.3329;-2467.11
40453;-553.7252;-955.1646;-2466.687
40487;-554.6681;-956.414;-2464.866
40539;-554.6812;-956.8207;-2464.493
40572;-554.9177;-955.5543;-2464.681
40588;-555.0577;-955.9225;-2463.899
40622;-554.9945;-954.5027;-2465.261
40656;-555.4864;-955.5366;-2465.331
40690;-555.4513;-955.6199;-2465.62
40723;-555.4743;-955.4008;-2465.8
40757;-555.0311;-955.2947;-2466.478
40810;-554.7513;-953.7391;-2466.926
40844;-555.0227;-954.7286;-2467.265
40881;-553.5515;-955.1946;-2467.086
40923;-553.5163;-954.9849;-2467.242
40957;-553.7815;-954.9484;-2467.432
40991;-553.632;-954.901;-2468.243
41025;-553.0819;-954.8594;-2466.303
41058;-553.1744;-952.9313;-2465.427
41092;-553.3307;-953.928;-2464.334
41126;-553.5526;-954.1275;-2464.589
41164;-553.6966;-953.908;-2464.642
41198;-553.7487;-955.7974;-2466.318
41231;-554.5692;-957.5562;-2467.681
41265;-544.5022;-909.8511;-2418.221
41282;-559.8081;-966.0095;-2473.224
41317;-558.5695;-961.1016;-2470.999
41351;-559.0372;-962.4647;-2470.035
41385;-558.723;-962.3765;-2469.903
41419;-558.4542;-962.3705;-2469.534
41460;-556.5134;-963.5818;-2468.28
41493;-556.5642;-962.6205;-2468.127
41544;-553.9352;-958.0537;-2463.464
41561;-554.6494;-956.8514;-2466.163
41611;-554.6548;-956.7225;-2466.267
41660;-548.6601;-955.2969;-2462.477
41677;-548.9382;-952.9094;-2463.082
41894;-550.5103;-954.6455;-2470.715
41913;-548.8545;-909.7903;-2419.305
41957;-548.924;-909.5343;-2419.332
41990;-549.8254;-948.1376;-2475.819
42031;-552.8114;-951.3562;-2474.662
42064;-552.1542;-952.211;-2471.425
42081;-549.1708;-953.3124;-2468.731
42118;-549.3846;-952.9795;-2468.609
42157;-550.4167;-909.8924;-2418.816
42190;-543.028;-950.9324;-2457.178
42224;-544.045;-949.2455;-2458.856
42258;-543.4735;-944.5506;-2466.081
42292;-546.6103;-947.9326;-2463.92
42317;-546.0124;-947.3502;-2462.164
42351;-549.2552;-949.213;-2462.119
42385;-552.926;-908.85;-2418.289
42412;-551.7258;-959.7193;-2469.153
42455;-552.0107;-959.8932;-2469.128
42489;-550.52;-953.5567;-2465.088
42539;-551.4548;-953.4492;-2466.63
42556;-548.6765;-950.0542;-2459.529
42590;-549.1063;-950.3428;-2460.202
42624;-548.7305;-952.2308;-2460.24
42658;-554.7281;-913.2312;-2418.79
42691;-544.8884;-951.2061;-2464.97
42725;-547.1088;-952.0522;-2471.732
42759;-554.1721;-912.6143;-2418.982
42816;-543.5002;-950.9961;-2472.196
42859;-543.0721;-948.8005;-2467.671
42885;-541.5213;-949.3984;-2470.99
42919;-544.215;-950.1017;-2471.149
42952;-551.2595;-962.7336;-2474.207
42986;-546.9328;-955.5563;-2467.51
43020;-543.9535;-956.1812;-2469.054
43053;-549.9478;-911.0401;-2416.214
43087;-549.9759;-911.0627;-2416.221
43121;-549.3774;-911.1326;-2416.77
43155;-548.912;-951.688;-2472.657
43188;-547.1255;-948.8627;-2468.812
43222;-547.8258;-950.0139;-2469.179
43272;-547.9848;-948.1604;-2467.994
43306;-545.8572;-950.2487;-2468.044
43323;-546.4381;-950.0414;-2467.947
43357;-546.7897;-949.9066;-2467.612
43390;-549.6923;-951.9495;-2469.429
43424;-549.9076;-951.5785;-2469.332
43458;-549.2182;-951.0508;-2468.549
43491;-543.2737;-947.9302;-2472.354
43543;-543.909;-947.2195;-2471.229
43576;-544.663;-950.6461;-2465.131
43610;-546.0321;-951.6925;-2465.695
43632;-544.7045;-949.6348;-2471.498
43649;-543.1119;-949.1216;-2470.523
43683;-542.0197;-948.1879;-2467.328
43716;-541.7646;-949.3904;-2471.102
43750;-545.1265;-949.0775;-2470.029
43808;-543.3477;-944.7891;-2470.319
43849;-543.7906;-945.1206;-2469.308
43887;-546.5995;-950.2654;-2470.087
43957;-546.0156;-956.9902;-2471.948
44005;-545.2822;-915.0734;-2416.599
44022;-544.7973;-912.817;-2414.837
44055;-542.5081;-945.8083;-2466.84
44089;-541.4911;-943.7621;-2473.361
44123;-542.0056;-945.6158;-2472.633
44145;-553.7165;-889.628;-2410.206
44196;-547.6619;-905.4711;-2415.414
44217;-547.0583;-906.4316;-2416.444
44268;-547.8998;-950.0123;-2471.932
44285;-545.717;-909.137;-2416.572
44318;-545.635;-909.4101;-2416.983
44352;-552.0383;-960.142;-2473.786
44395;-552.2878;-958.8455;-2472.891
44433;-552.5206;-958.7825;-2470.019
44461;-549.6068;-957.8761;-2469.528
44499;-549.6824;-957.7137;-2469.564
44529;-547.3862;-961.4793;-2466.04
44562;-547.1461;-957.7251;-2466.633
44595;-549.1171;-962.1313;-2467.036
44629;-542.4949;-912.9982;-2415.624
44663;-546.1127;-952.2117;-2451.208
44696;-546.1986;-952.6116;-2456.201
44730;-544.4654;-953.5452;-2460.704
44755;-545.2285;-949.8233;-2461.316
44788;-546.8963;-949.7526;-2463.029
44818;-546.8477;-948.7488;-2464.468
44852;-546.8029;-948.6089;-2464.812
44886;-546.4614;-948.4774;-2465.118
44936;-544.5236;-948.3633;-2465.293
44987;-543.8576;-948.2631;-2467.143
45049;-546.0719;-951.9066;-2471.929
45072;-524.2243;-944.5078;-2466.631
45089;-547.6124;-910.5419;-2416.492
45123;-542.6018;-956.7463;-2472.451
45176;-548.2249;-911.1018;-2417.372
45192;-533.6085;-951.0565;-2474.377
45226;-533.9433;-948.9351;-2473.997
45259;-538.0146;-947.7399;-2472.768
45278;-537.7724;-948.2638;-2472.199
45328;-537.9684;-948.024;-2472.293
45362;-550.9407;-910.5403;-2417.952
45381;-551.4117;-910.4138;-2418.641
45415;-551.6894;-910.5867;-2418.323
45465;-499.7648;-959.4678;-2466.973
45483;-535.1769;-960.2828;-2466.091
45516;-536.0834;-954.9208;-2469.018
45550;-555.6022;-910.1939;-2418.861
45600;-555.729;-911.7048;-2419.227
45633;-549.5248;-948.3611;-2468.291
45667;-546.0825;-949.4998;-2471.05
45684;-547.0576;-950.0818;-2472.233
45718;-547.0449;-949.9452;-2472.39
45751;-543.8376;-950.619;-2474.014
45802;-544.9921;-951.7866;-2469.269
45819;-553.7591;-914.0359;-2417.969
45853;-543.4623;-951.9227;-2471.012
45886;-540.4713;-950.3784;-2466.265
45920;-540.6019;-949.9934;-2466.111
45954;-541.9052;-949.9864;-2466.639
45988;-551.9776;-913.0964;-2415.816
46028;-552.05;-912.1894;-2415.694
46055;-552.2002;-911.5507;-2416.077
46089;-552.1213;-911.0797;-2415.307
46122;-539.571;-948.9477;-2466.072
46156;-541.1215;-948.6648;-2467.418
46190;-542.121;-947.999;-2466.061
46224;-542.3593;-949.0295;-2465.811
46257;-541.543;-949.3055;-2466.634
46291;-541.6402;-949.1581;-2466.627
46325;-539.2477;-949.1527;-2467.871
46375;-539.116;-950.0294;-2466.054
46392;-538.8981;-949.8632;-2466.234
46426;-536.5377;-951.1876;-2469.572
46459;-540.8243;-952.457;-2470.719
46493;-538.8653;-952.2736;-2471.471
46527;-549.3406;-913.4036;-2416.018
46560;-548.8194;-913.0211;-2415.935
46594;-548.8843;-913.1874;-2416.916
46628;-548.3556;-912.8041;-2416.816
46662;-521.4142;-947.7322;-2471.587
46695;-522.3323;-948.4478;-2473.031
46729;-529.5786;-944.2358;-2469.692
46749;-528.993;-945.2438;-2470.926
46789;-551.3765;-903.2691;-2417.919
48126;-543.476;-942.6908;-2473.334
48159;-544.5274;-938.0282;-2470.185
48209;-544.5363;-937.2982;-2470.205
48244;-563.1772;-877.3333;-2414.351
48260;-541.4761;-903.0096;-2406.974
48310;-549.7368;-930.8752;-2470.534
48344;-564.7309;-872.0236;-2409.419
48379;-546.114;-947.88;-2468.405
48419;-555.0657;-880.3597;-2411.458
48452;-554.9024;-880.2292;-2411.351
48486;-555.3391;-879.3658;-2411.159
48520;-556.8456;-877.5175;-2410.933
48553;-546.0322;-872.5402;-2416.423
48587;-549.2316;-933.6924;-2465.029
48621;-551.0905;-930.7356;-2465.534
48654;-548.3126;-955.6259;-2459.918
48688;-549.652;-933.29;-2471.045
48722;-552.4726;-933.7886;-2471.328
48760;-548.7122;-953.5538;-2467.83
48794;-560.4527;-867.4615;-2409.212
48843;-559.7479;-869.4186;-2409.08
48883;-549.5952;-868.6858;-2410.819
48933;-536.5449;-900.8872;-2414.078
48967;-546.6432;-888.1227;-2411.267
49001;-551.7986;-882.4277;-2411.038
49052;-552.5997;-881.5303;-2411.085
49068;-551.2109;-957.6804;-2467.606
49085;-551.7896;-887.7966;-2415.191
49112;-555.6085;-882.4233;-2414.222
49162;-557.9827;-879.8352;-2413.023
49196;-558.1301;-879.2205;-2412.948
49230;-558.082;-879.2485;-2412.88
49263;-558.2886;-877.1732;-2412.179
49297;-558.401;-877.1818;-2412.256
49332;-548.0935;-949.7257;-2470.911
49365;-558.4657;-876.6017;-2412.612
49398;-545.3411;-958.4026;-2466.38
49416;-550.4027;-886.4122;-2412.791
49466;-553.0323;-884.3964;-2414.507
49482;-542.4213;-909.0206;-2417.832
49533;-557.4827;-873.6188;-2411.657
49550;-547.4777;-951.5734;-2467.203
49584;-557.4255;-878.3994;-2412.169
49617;-558.209;-878.0178;-2412.496
49651;-544.7269;-895.2748;-2413.644
49685;-549.9163;-890.0134;-2412.768
49718;-547.3801;-948.464;-2464.814
49752;-551.5699;-883.334;-2411.924
49802;-543.5144;-893.5754;-2412.333
49819;-547.1154;-949.3709;-2466.465
49853;-552.4606;-881.83;-2408.991
49896;-546.997;-949.1998;-2467.931
49931;-546.9728;-947.4081;-2468.073
49950;-549.9158;-934.424;-2472.014
49996;-546.8337;-946.4705;-2470.116
50015;-555.9376;-888.2842;-2412.717
50051;-546.8837;-946.6107;-2470.202
50085;-546.0394;-952.3915;-2461.586
50118;-545.5054;-951.6381;-2463.027
50169;-541.593;-907.8218;-2417.2
50185;-553.805;-884.2465;-2409.497
50220;-557.7918;-879.162;-2409.999
50262;-558.8887;-877.3636;-2409.887
50280;-549.1027;-954.4971;-2467.557
50318;-548.028;-949.3815;-2466.524
50353;-546.5403;-948.7108;-2468.693
50387;-548.7479;-950.6108;-2468.848
50421;-548.8306;-954.2557;-2465.621
50455;-550.2591;-950.4899;-2467.605
50489;-554.6589;-883.8906;-2411.952
50522;-555.58;-882.8789;-2412.532
50557;-555.6834;-882.7218;-2412.474
50591;-549.8541;-943.6799;-2465.574
50625;-550.0695;-942.5769;-2465.79
50658;-557.1165;-880.8804;-2411.081
50680;-548.4852;-941.501;-2460.599
50731;-548.2419;-940.7249;-2460.964
50764;-548.6036;-949.8297;-2462.046
50781;-548.1385;-951.4626;-2463.585
50832;-548.7294;-959.9738;-2469.524
50855;-548.9366;-959.8681;-2469.667
50932;-548.6526;-957.8443;-2470.223
51062;-560.6689;-880.7596;-2411.793
51099;-556.8123;-879.3806;-2411.496
51149;-547.1815;-949.2487;-2469.149
51183;-546.1685;-937.7673;-2467.748
51233;-546.4704;-936.6512;-2467.665
51250;-545.1814;-869.9152;-2412.342
51301;-550.9696;-871.0524;-2411.258
51318;-543.2755;-949.7147;-2465.374
51368;-547.6765;-961.55;-2463.33
51386;-554.0255;-931.4432;-2469.009
51436;-552.9041;-930.5294;-2468.681
51452;-553.9213;-931.981;-2470.367
51503;-549.5262;-958.436;-2467.021
51523;-546.4191;-954.2281;-2466.265
51556;-545.6152;-950.4027;-2463.753
51591;-549.4201;-955.868;-2464.27
51624;-547.2166;-954.5748;-2463.253
51658;-545.2344;-952.1462;-2463.847
51691;-545.6042;-949.9952;-2464.201
51725;-545.916;-955.1092;-2460.553
51759;-545.3229;-954.0253;-2459.045
51792;-545.2665;-953.5363;-2459.03
51826;-545.2866;-953.3489;-2459.329
51860;-545.8978;-953.7739;-2458.874
51897;-547.1146;-942.9416;-2462.916
51931;-546.0757;-952.4958;-2460.358
51965;-546.0334;-950.3958;-2460.917
51998;-546.8375;-951.767;-2466.177
52020;-538.8509;-907.7924;-2415.026
52066;-555.9337;-969.2684;-2464.451
52099;-550.9637;-959.0073;-2460.653
52133;-551.025;-956.5806;-2462.224
52293;-550.9354;-952.7723;-2464.068
52315;-550.3363;-955.7847;-2463.109
52331;-550.0804;-955.9468;-2463.45
52348;-549.2156;-954.6431;-2464.008
52398;-550.2849;-944.588;-2466.823
52415;-549.7883;-954.3875;-2465.997
52449;-550.8969;-954.5334;-2466.954
52483;-554.45;-948.4978;-2470.121
52517;-554.5521;-947.9579;-2470.316
52552;-550.2774;-945.8644;-2463.502
52602;-545.1465;-894.6078;-2412.946
52619;-552.3804;-886.7021;-2414.102
52652;-552.9666;-885.6382;-2414.04
52686;-553.1975;-885.2781;-2413.854
52720;-553.1588;-956.2675;-2469.851
52754;-553.1022;-959.1754;-2471.524
52787;-551.1057;-960.1953;-2468.737
53141;-550.0818;-954.6967;-2466.017
53163;-547.5827;-947.6769;-2461.875
53179;-547.9635;-953.6468;-2461.521
53213;-548.7466;-952.9972;-2461.466
53263;-548.0023;-949.1956;-2461.722
53297;-549.5884;-945.865;-2465.482
53331;-549.7891;-951.0859;-2464.765
53348;-549.8837;-948.986;-2463.518
53399;-549.6508;-947.3054;-2462.625
53416;-549.2948;-946.9034;-2462.801
53483;-549.7293;-948.4876;-2463.327
53500;-552.3188;-952.9531;-2463.247
53534;-555.0968;-880.481;-2410.776
53568;-544.6678;-899.2618;-2414.88
53588;-543.7695;-947.6409;-2470.403
53618;-546.6642;-937.5042;-2470.459
53652;-544.5674;-951.3278;-2462.875
53686;-546.0951;-951.3953;-2465.357
53719;-547.2056;-953.4298;-2465.567
53753;-545.9704;-955.5244;-2457.26
53787;-551.5319;-930.4606;-2462.829
53821;-549.019;-930.5414;-2464.468
53855;-549.4455;-952.7855;-2460.957
53888;-549.6525;-951.4239;-2461.441
53922;-549.5565;-947.9999;-2462.142
53956;-545.1978;-951.9428;-2459.692
53992;-546.065;-953.4213;-2461.429
54042;-549.0544;-953.7934;-2462.274
54075;-549.5796;-952.496;-2463.341
54090;-550.4319;-948.0211;-2464.69
54124;-549.08;-955.7717;-2462.149
54157;-546.1239;-953.1846;-2462.076
54208;-546.2703;-953.5938;-2462.663
54225;-549.5232;-959.6604;-2464.007
54259;-550.6785;-948.2487;-2467.082
54292;-549.2676;-957.2463;-2463.826
54326;-552.2286;-945.2927;-2466.249
54360;-551.9056;-958.1468;-2463.559
54393;-551.7219;-956.4828;-2465.099
54427;-550.654;-956.1266;-2466.983
54461;-552.2361;-957.4796;-2468.371
54527;-555.4745;-934.5629;-2473.854
54560;-549.7463;-951.4485;-2466.288
54585;-551.8691;-953.8381;-2467.517
54638;-552.8597;-957.0505;-2465.238
54655;-551.6634;-956.9386;-2463.045
54691;-553.8189;-936.9503;-2468.096
54725;-551.947;-956.8305;-2465.75
54759;-553.3222;-946.6625;-2465.435
54792;-554.0705;-945.155;-2467.553
54826;-554.3964;-942.9285;-2467.887
54860;-554.8839;-942.1128;-2470.145
54894;-554.4994;-941.4208;-2469.899
54927;-555.296;-940.5054;-2471.107
54961;-554.4337;-956.9349;-2468.707
54995;-553.3925;-882.5728;-2413.009
55028;-555.1249;-880.9328;-2413.557
55077;-555.1163;-880.1857;-2413.602
55090;-554.7729;-943.5732;-2469.675
55123;-556.4924;-879.5054;-2414.288
55156;-553.9318;-959.5381;-2465.114
55190;-554.2852;-958.3823;-2466.662
55224;-554.4938;-955.6456;-2467.477
55258;-554.2258;-955.6793;-2466.832
55291;-552.677;-952.4194;-2464.439
55325;-552.8374;-952.1649;-2464.271
55359;-552.0911;-950.7564;-2462.84
55392;-552.1986;-954.8691;-2463.354
55426;-551.3518;-954.3774;-2462.594
55460;-552.5962;-954.5519;-2463.761
55493;-551.898;-954.5988;-2462.498
55527;-552.4203;-954.1868;-2463.616
55561;-552.443;-953.5943;-2464.138
55578;-538.0308;-906.7266;-2415.51
55628;-561.0176;-964.2214;-2469.633
55662;-556.0298;-954.9004;-2467.088
55679;-556.2806;-955.3548;-2467.087
55731;-555.9692;-954.7462;-2467.19
55765;-555.0056;-952.7268;-2465.697
55782;-555.1637;-953.7592;-2466.477
55815;-553.108;-955.8132;-2469.931
55866;-551.8073;-952.7953;-2473.217
55883;-552.6984;-953.6797;-2472.219
55916;-552.8907;-954.2278;-2470.676
55950;-552.4902;-953.6104;-2470.939
55984;-552.3864;-953.2921;-2470.412
56038;-552.7336;-953.8349;-2469.966
56070;-550.6532;-884.1398;-2411.586
56092;-545.1766;-895.8684;-2414.472
56119;-550.7404;-887.3611;-2413.906
56153;-553.6384;-883.5918;-2413.998
56186;-553.9337;-883.5762;-2413.904
56237;-551.8035;-944.2984;-2467.325
56254;-551.394;-943.4306;-2465.374
56304;-552.4363;-942.9657;-2466.108
56323;-552.4419;-941.999;-2466.905
56357;-552.5051;-941.6262;-2468.117
56391;-552.7913;-941.5476;-2468.68
56424;-553.6746;-940.1198;-2470.116
56458;-554.3549;-939.2407;-2470.416
56492;-554.405;-939.3603;-2470.738
56525;-554.231;-939.5079;-2470.347
56559;-554.5993;-938.6365;-2470.438
56593;-552.7498;-953.5425;-2467.438
56627;-553.0611;-949.8118;-2468.002
56660;-554.0942;-942.6904;-2468.24
56694;-551.3382;-940.7569;-2462.865
56728;-551.6167;-940.8733;-2463.079
56785;-551.4712;-939.8823;-2463.372
56807;-552.2429;-940.3043;-2464.914
56846;-551.2705;-938.9142;-2461.908
56863;-549.8124;-947.1217;-2458.939
56897;-549.5104;-946.9059;-2458.464
56931;-554.4834;-956.3855;-2465.526
56947;-554.5685;-956.6119;-2465.394
56998;-554.669;-956.5822;-2465.596
57032;-554.5482;-957.1656;-2466.519
57048;-550.4917;-952.1418;-2465.046
57083;-551.2339;-955.8484;-2467.885
57133;-551.3839;-956.8824;-2467.956
57155;-551.5928;-957.0221;-2468.383
57196;-551.5349;-955.9991;-2468.058
57215;-551.6353;-956.4641;-2467.91
57249;-549.909;-940.6946;-2472.158
57305;-551.4256;-941.0213;-2472.218
57327;-550.1047;-953.8999;-2468.645
57349;-551.8547;-956.8005;-2467.117
57383;-551.915;-956.5674;-2467.192
57416;-551.8456;-956.4924;-2467.188
57449;-551.7017;-945.95;-2467.253
57500;-550.6124;-954.236;-2465.881
57519;-552.1828;-957.3444;-2467.857
57553;-552.0474;-956.8517;-2467.639
57603;-550.4482;-940.775;-2464.229
57624;-549.6979;-936.8455;-2464.905
57658;-551.4893;-953.3628;-2463.673
57692;-550.9472;-943.7593;-2469.222
57725;-551.9371;-945.8195;-2468.122
57759;-553.9515;-956.304;-2469.893
57793;-552.4423;-954.4673;-2464.919
57826;-553.7807;-942.1703;-2467.46
57860;-550.4974;-949.8576;-2465.125
57894;-550.2205;-949.7402;-2465.137
57927;-551.3631;-949.0723;-2466.854
57978;-551.344;-948.9759;-2466.831
58013;-550.608;-948.3116;-2464.745
58028;-552.6207;-958.6379;-2464.56
58062;-551.9514;-958.8004;-2465.237
58096;-541.5432;-948.813;-2471.184
58129;-542.1788;-947.6625;-2465.747
58163;-541.1462;-945.4042;-2470.187
58197;-541.8211;-945.4429;-2469.926
58231;-542.9883;-945.8427;-2468.921
58261;-547.5659;-948.7416;-2471.305
58297;-550.0672;-952.019;-2473.027
58330;-550.5235;-951.3214;-2471.547
58348;-550.3589;-951.3967;-2471.516
58399;-550.0988;-950.7669;-2471.891
58433;-551.3294;-944.7181;-2471.537
58466;-551.2714;-951.2774;-2470.757
58483;-551.5847;-953.66;-2471.38
58517;-550.8251;-953.5237;-2470.762
58567;-552.6962;-954.539;-2472.366
58584;-549.6053;-953.1288;-2470.463
58618;-551.6115;-955.3268;-2470.956
58652;-553.737;-888.9321;-2412.602
58685;-556.5914;-883.7232;-2412.513
58719;-558.3251;-881.6315;-2412.122
58753;-559.408;-880.9025;-2412.5
58786;-552.2845;-957.8786;-2465.407
58820;-555.4648;-937.5229;-2468.184
58854;-552.0939;-956.1326;-2464.064
58887;-551.7311;-954.3342;-2464.644
58921;-550.6414;-953.6846;-2463.43
58955;-537.1352;-913.5126;-2413.474
58988;-551.3839;-950.0448;-2463.244
59033;-550.9391;-949.2265;-2462.437
59049;-537.2396;-912.751;-2414.313
59086;-557.0978;-959.2548;-2458.214
59120;-554.7452;-959.9512;-2456.728
59153;-554.8197;-960.2374;-2460.342
59187;-550.381;-950.0378;-2459.732
59240;-551.1346;-954.035;-2460.512
59260;-551.179;-954.4044;-2462.517
59279;-549.5302;-956.1558;-2461.558
59329;-548.2947;-956.3339;-2460.989
59363;-548.3027;-955.5633;-2458.673
59397;-548.4245;-956.0596;-2462.658
59415;-548.6923;-956.9782;-2462.231
59449;-536.2868;-910.6373;-2415.33
59499;-549.2087;-946.8659;-2463.397
59517;-550.0679;-942.3051;-2465.66
59550;-549.8765;-954.1545;-2460.821
59584;-549.9108;-958.5507;-2464.93
59634;-550.6095;-957.6699;-2464.617
59651;-550.4331;-957.2186;-2464.424
59702;-548.4089;-957.023;-2461.81
59718;-548.5573;-956.6895;-2462.316
59769;-549.2393;-955.5717;-2462.136
59786;-546.7942;-951.2718;-2458.222
59836;-546.4373;-950.5889;-2457.436
59853;-546.7784;-950.0444;-2459.61
59887;-546.5308;-950.1674;-2459.523
59921;-546.6185;-950.9286;-2460.027
59971;-548.2736;-950.0143;-2459.024
59988;-548.5164;-950.34;-2459.498
60042;-549.3129;-951.2051;-2458.963
60059;-549.5341;-948.3567;-2459.745
60093;-549.0382;-952.3923;-2458.848
60126;-548.6903;-951.5425;-2458.036
60165;-548.5375;-952.5906;-2457.385
60199;-554.8039;-947.953;-2465.813
60232;-555.4588;-941.5162;-2466.487
60249;-550.5127;-956.7131;-2461.855
60300;-551.7619;-944.207;-2465.568
60317;-552.7292;-878.2293;-2413.925
60350;-553.0449;-937.4935;-2462.175
60386;-552.0678;-937.0118;-2462.228
60418;-551.9135;-938.0237;-2461.724
60452;-551.4115;-938.1713;-2460.344
60485;-551.522;-938.077;-2459.909
60519;-552.9753;-952.9309;-2460.056
60553;-553.0524;-952.7584;-2460.402
60610;-553.5554;-954.3046;-2461.393
60620;-552.8741;-953.118;-2461.387
60654;-553.1742;-947.842;-2463.008
60687;-553.1501;-947.0414;-2463.559
60738;-554.382;-957.6438;-2465.411
60755;-538.0448;-903.3643;-2416.619
60798;-547.715;-887.7862;-2413.626
60832;-555.4709;-955.0424;-2469.71
60870;-555.5056;-954.6653;-2468.018
60903;-554.7483;-953.6723;-2467.341
60920;-554.09;-954.286;-2466.95
60971;-554.0873;-954.9241;-2466.677
60987;-536.403;-908.1981;-2417.402
61021;-552.4667;-953.2334;-2456.778
61055;-552.7723;-952.9901;-2457.982
61089;-552.7183;-955.9916;-2457.712
61122;-553.973;-955.8766;-2464.102
61156;-554.9117;-957.1494;-2464.281
61190;-554.2828;-957.6454;-2462.669
61224;-553.8557;-957.573;-2463.357
61268;-553.6144;-958.0862;-2463.672
61298;-554.2217;-958.9275;-2467.156
61332;-552.3922;-952.5134;-2462.198
61366;-552.0074;-952.2184;-2461.427
61411;-552.967;-943.8538;-2464.308
61562;-551.6263;-886.1505;-2413.469
61574;-553.9323;-953.6623;-2466.969
61624;-553.2788;-951.6633;-2465.705
61658;-552.2216;-950.059;-2465.846
61692;-552.4158;-951.1147;-2466.489
61726;-551.3029;-950.5731;-2465.302
61759;-552.412;-951.7847;-2466.121
61793;-552.6564;-951.2491;-2465.671
61826;-553.0471;-951.7888;-2465.81
61860;-552.9352;-951.6264;-2465.383
61894;-552.9886;-951.7877;-2465.196
61927;-552.2248;-951.309;-2463.771
61961;-549.7264;-949.5884;-2463.173
61997;-550.6125;-951.7199;-2460.978
62016;-549.3776;-951.7115;-2460.263
62067;-548.8112;-948.8818;-2460.211
62100;-550.3796;-952.1343;-2461.822
62118;-550.2332;-954.2271;-2462.492
62168;-549.9862;-952.4085;-2462.764
62185;-549.5759;-951.1882;-2461.911
62235;-549.9708;-951.3081;-2462.03
62252;-550.7164;-953.8163;-2458.671
62286;-551.1634;-948.7111;-2460.53
62320;-550.7308;-955.5948;-2458.54
62353;-551.4606;-956.0323;-2459.168
62387;-549.1705;-952.0057;-2458.564
62421;-549.5557;-952.5841;-2458.747
62455;-550.6461;-953.7628;-2463.249
62492;-550.4736;-955.468;-2461.768
62524;-550.2487;-954.9975;-2460.841
62557;-550.9774;-954.3792;-2461.515
62591;-551.038;-952.8425;-2461.309
62624;-552.9199;-957.9024;-2463.685
62658;-552.1823;-956.5519;-2460.861
62692;-551.6779;-955.8295;-2460.607
62726;-551.3533;-956.954;-2461.99
62759;-551.3974;-956.9164;-2461.969
62793;-551.3517;-956.9236;-2462.128
62827;-552.6083;-958.2453;-2461.627
62860;-553.3911;-957.2525;-2463.29
62894;-553.3104;-956.1789;-2464.152
62928;-552.6555;-955.5054;-2464.33
62963;-552.7437;-954.7599;-2463.495
62997;-553.3452;-953.1556;-2462.643
63032;-555.8856;-935.8398;-2466.794
63050;-553.3614;-953.549;-2462.541
63099;-553.5319;-953.2291;-2461.647
63116;-553.0331;-953.3409;-2462.541
63149;-552.1147;-957.8173;-2458.209
63200;-552.1758;-957.8577;-2458.976
63217;-553.5342;-941.6166;-2463.66
63251;-552.5037;-954.5808;-2459.888
63284;-552.7559;-954.141;-2461.128
63335;-538.7484;-910.5106;-2413.848
63368;-553.976;-957.97;-2462.856
63386;-552.9026;-955.4094;-2461.486
63419;-552.8431;-955.056;-2463.002
63453;-552.7323;-954.8134;-2463.509
63487;-552.2948;-954.645;-2462.444
63537;-552.9667;-953.9832;-2463.599
63571;-553.8219;-954.3063;-2464.777
63588;-553.6534;-953.9919;-2464.595
63636;-553.6332;-953.3409;-2464.865
63659;-552.3096;-950.8391;-2462.743
63693;-552.8681;-952.7828;-2463.907
63726;-552.7888;-952.6477;-2463.827
63760;-552.5504;-952.6057;-2463.874
63794;-552.9089;-955.3342;-2465.423
63838;-553.2418;-955.7391;-2464.927
63854;-553.567;-957.327;-2462.525
63888;-553.8051;-957.2263;-2462.422
63922;-553.5303;-960.2195;-2459.55
63956;-554.3799;-960.2029;-2462.079
63989;-554.5516;-960.2716;-2462.695
64023;-541.3854;-913.644;-2415.969
64057;-551.2958;-949.608;-2455.832
64090;-556.2256;-936.9241;-2464.274
64124;-553.299;-952.1466;-2460.968
64158;-553.2856;-952.071;-2460.572
64192;-554.8917;-940.5687;-2462.008
64225;-552.895;-953.1466;-2459.378
64259;-552.8002;-952.9772;-2459.79
64293;-552.0958;-953.1165;-2459.043
64327;-552.0962;-953.1035;-2459.091
64361;-552.2268;-952.9624;-2459.446
64394;-543.5193;-908.2249;-2416.517
64427;-547.818;-943.4648;-2455.1
64461;-542.3395;-910.1036;-2416.625
64495;-560.7036;-938.7351;-2466.256
64528;-554.5392;-955.3409;-2460.916
64562;-554.5341;-955.2886;-2460.941
64596;-554.5073;-955.4671;-2461.177
64629;-556.5451;-943.3347;-2465.177
64663;-557.2421;-942.9098;-2466.212
64697;-554.6785;-957.1594;-2461.912
64730;-553.7921;-955.7922;-2460.762
64773;-557.203;-935.5709;-2465.288
64822;-558.1385;-935.4879;-2466.152
65028;-553.5123;-955.5256;-2460.092
65052;-552.7856;-955.0503;-2458.66
65085;-552.1339;-953.5417;-2458.041
65119;-553.0179;-955.7677;-2460.718
65153;-553.0537;-955.7722;-2460.692
65186;-553.6547;-956.0565;-2461.169
65220;-553.8816;-955.8316;-2460.832
65270;-553.8862;-955.3;-2461.362
65287;-551.4194;-952.6431;-2461.085
65323;-551.8983;-959.6125;-2457.753
65372;-549.2081;-955.44;-2456.429
65389;-551.1653;-936.4988;-2460.51
65423;-548.0895;-953.4264;-2455.925
65456;-550.8176;-954.6924;-2463.291
65490;-548.1937;-951.4743;-2460.114
65523;-545.5312;-956.0752;-2460.207
65574;-545.5175;-955.3816;-2459.105
65591;-546.4998;-954.5947;-2459.509
65641;-546.4213;-954.2766;-2458.806
65658;-546.8287;-952.5628;-2458.084
65692;-547.5707;-948.9355;-2455.52
65726;-547.8879;-953.9745;-2451.178
65759;-548.7198;-955.3662;-2453.104
65793;-550.5093;-955.265;-2456.731
65827;-551.5284;-954.4912;-2459.574
65860;-551.1481;-954.2253;-2459.396
65911;-551.0723;-954.2487;-2461.071
65928;-550.0337;-951.5963;-2458.627
65979;-550.2567;-951.6744;-2456.205
65995;-550.1599;-951.8886;-2456.507
66029;-550.1632;-951.8267;-2456.598
66062;-550.1552;-954.0431;-2456.814
66096;-550.4905;-952.9189;-2457.729
66130;-548.5806;-951.3986;-2457.002
66181;-548.4353;-951.26;-2457.32
66197;-548.687;-950.7442;-2458.854
66231;-548.687;-950.4109;-2458.786
66265;-549.348;-951.2084;-2460.142
66283;-548.4126;-947.9391;-2462.315
66317;-550.4048;-957.2057;-2464.575
66368;-551.5981;-956.572;-2466.018
66386;-551.5363;-955.9537;-2464.506
66419;-550.7498;-954.321;-2462.096
66455;-554.7713;-956.4275;-2471.198
66489;-551.6879;-891.1686;-2411.781
66523;-553.0124;-954.6132;-2466.639
66557;-553.5295;-956.0754;-2467.085
66607;-553.7903;-956.1829;-2466.6
66624;-562.8663;-875.6166;-2405.869
66658;-563.1218;-875.0359;-2405.801
66691;-554.6443;-955.0839;-2465.707
66770;-554.3061;-936.4476;-2462.629
66786;-554.0634;-936.2253;-2462.163
66803;-551.28;-950.8604;-2458.203
66820;-551.3263;-950.8559;-2458.232
66854;-550.0446;-955.6209;-2451.58
66890;-549.2668;-952.7614;-2452.064
66924;-550.6542;-955.05;-2451.817
66958;-550.2597;-953.9197;-2452.675
66994;-553.5846;-939.2299;-2456.708
67027;-550.7371;-951.4643;-2455.556
67061;-552.3187;-953.1495;-2458.113
67095;-552.7085;-951.1324;-2461.126
67128;-564.1724;-877.6121;-2399.606
67162;-554.7224;-956.051;-2460.461
67196;-554.1923;-960.5911;-2454.933
67229;-554.2885;-958.6116;-2455.843
67263;-554.3929;-958.2002;-2456.281
67297;-555.8492;-941.0305;-2461.299
67331;-551.7526;-955.6967;-2455.922
67352;-552.4527;-958.344;-2457.041
67385;-557.6074;-960.4564;-2470.171
67428;-553.6812;-955.0471;-2466.479
67462;-541.1826;-907.5686;-2409.556
70347;-549.7839;-950.9341;-2471.467
70364;-540.3684;-911.27;-2414.063
70381;-558.8047;-938.6122;-2472.887
70397;-553.6403;-961.1696;-2462.406
70434;-554.467;-961.243;-2464.723
70452;-554.2319;-960.6588;-2464.771
70486;-556.699;-939.195;-2466.707
70536;-552.301;-957.6931;-2461.737
70553;-540.4376;-910.6462;-2414.684
70587;-554.594;-964.4303;-2463.257
70660;-553.9699;-960.2979;-2462.149
70670;-554.1312;-960.3058;-2462.756
70704;-553.8519;-955.4682;-2463.739
70721;-553.7226;-954.7795;-2463.617
70754;-555.1777;-936.046;-2466.232
70788;-553.0546;-953.2156;-2462.591
70822;-552.8305;-953.8709;-2462.417
70872;-552.7745;-953.7308;-2462.44
70889;-536.6975;-907.8481;-2411.586
70923;-552.0225;-950.0241;-2463.431
70957;-537.3105;-909.5609;-2413.639
71008;-554.4525;-953.6648;-2464.586
71024;-553.3817;-953.5923;-2461.845
71058;-554.3258;-876.274;-2409.132
71092;-551.2642;-955.9608;-2462.058
71125;-550.9585;-955.5754;-2462.262
71159;-552.2542;-955.3983;-2463.294
71199;-550.7869;-958.9271;-2456.578
71226;-551.6179;-958.2366;-2457.468
71260;-551.9717;-956.9384;-2459.4
71294;-551.6663;-957.192;-2460.475
71327;-551.8863;-956.1519;-2461.636
71361;-552.1409;-956.7091;-2461.405
71395;-534.2068;-911.6157;-2413.779
71429;-557.358;-959.9092;-2467.978
71462;-553.9537;-958.226;-2463.688
71496;-553.0175;-955.545;-2463.589
71526;-551.9463;-953.5513;-2462.647
71664;-551.4099;-951.4403;-2460.69
71681;-551.803;-950.8373;-2462.917
71732;-552.064;-950.4282;-2463.002
71765;-535.7779;-911.0081;-2413.688
71782;-555.9658;-960.4114;-2467.516
71833;-555.9511;-960.2642;-2467.607
71866;-555.8801;-959.3769;-2467.571
71885;-551.8257;-957.8526;-2454.475
71919;-552.2227;-956.8807;-2455.512
71953;-552.0051;-956.7186;-2457.55
71986;-552.9423;-954.6776;-2458.963
72020;-553.5333;-955.0358;-2459.691
72071;-553.5376;-953.9068;-2460.225
72087;-553.2078;-953.3566;-2461.224
72138;-551.2121;-951.8494;-2458.954
72155;-551.4359;-951.5475;-2458.991
72189;-538.6473;-912.0314;-2414.553
72222;-549.2541;-949.1883;-2459.743
72273;-552.1752;-951.5586;-2460.997
72290;-554.7181;-938.4549;-2461.401
72323;-555.4663;-939.5533;-2462.833
72357;-553.5945;-953.1223;-2464.5
72391;-536.3375;-914.9423;-2419.111
72425;-553.3245;-957.3424;-2463.389
72459;-554.4484;-939.1005;-2464.603
72492;-537.0126;-918.6246;-2418.036
72543;-554.381;-947.8525;-2454.818
72560;-555.356;-950.0126;-2458.035
72593;-554.4818;-950.8311;-2457.862
72627;-553.7466;-954.3672;-2456.253
72661;-555.2347;-937.8517;-2458.755
72694;-553.2324;-953.7086;-2454.366
72746;-550.6849;-937.4947;-2461.52
72772;-552.6129;-936.5601;-2461.61
72798;-550.772;-951.699;-2456.343
72832;-550.3367;-951.9595;-2456.033
72866;-553.5346;-940.3893;-2460.669
72899;-551.2887;-952.5494;-2457.927
72933;-551.3938;-952.4711;-2458.035
72967;-553.9252;-938.4275;-2461.033
73001;-551.3596;-952.3922;-2458.437
73034;-551.5693;-951.8204;-2460.342
73069;-551.3391;-951.3386;-2459.875
73103;-552.086;-951.9987;-2460.288
73122;-551.1792;-949.1796;-2460.119
73160;-550.663;-952.149;-2458.793
73196;-550.5044;-950.7075;-2458.62
73231;-550.251;-949.8209;-2459.962
73263;-550.0036;-948.6136;-2459.638
73289;-554.5235;-958.5515;-2466.484
73330;-552.4203;-953.3456;-2465.007
73388;-551.3318;-953.6365;-2463.331
73423;-551.3146;-953.5135;-2463.22
73456;-551.2312;-953.6392;-2463.459
73490;-551.4387;-954.0794;-2462.516
73524;-550.0546;-953.7459;-2462.721
73558;-548.2357;-957.1861;-2459.823
73592;-547.7953;-955.0989;-2462.012
73628;-548.9941;-955.081;-2462.882
73666;-548.691;-952.1537;-2459.306
73700;-547.1168;-952.8606;-2461.645
73747;-548.248;-957.032;-2460.859
73762;-547.9968;-956.1151;-2461.781
73795;-547.5309;-957.3403;-2461.255
73815;-547.7688;-957.3903;-2461.924
73866;-548.2278;-956.5262;-2462.463
73899;-548.6562;-956.4639;-2462.776
73918;-549.1679;-955.6627;-2462.424
73952;-549.3104;-955.0555;-2461.145
73986;-549.9016;-955.1328;-2462.123
74019;-550.443;-953.5082;-2462.587
74070;-550.1613;-953.6625;-2463.546
74104;-551.6487;-953.8141;-2465.821
74120;-562.3171;-864.3457;-2400.957
74171;-552.0379;-953.8484;-2464.117
74244;-551.8661;-953.0193;-2464.01
74494;-553.0643;-952.7586;-2464.637
74526;-553.09;-952.7695;-2464.587
74577;-552.6354;-957.6752;-2462.795
74594;-548.5839;-951.2014;-2461.736
74628;-548.6597;-950.998;-2461.608
74661;-549.2554;-951.7305;-2462.239
74695;-535.275;-914.0753;-2414.709
74729;-552.3909;-957.0892;-2467.524
74762;-552.0031;-956.6874;-2466.773
74796;-551.4094;-954.7704;-2466.647
74830;-550.5275;-953.7061;-2462.862
74863;-550.6887;-953.8602;-2463.547
74897;-551.3993;-954.5489;-2463.656
74931;-553.3879;-958.3519;-2462.646
74965;-553.3631;-956.9279;-2461.644
74998;-552.6355;-956.2067;-2460.043
75032;-552.6852;-956.0493;-2460.032
75066;-552.4868;-955.8733;-2459.401
75100;-552.2066;-958.584;-2458.955
75133;-551.5925;-957.9491;-2458.467
75167;-551.9281;-957.6625;-2458.355
75187;-552.425;-961.7155;-2457.08
75233;-551.2743;-960.1042;-2454.026
75267;-550.8975;-959.0842;-2453.735
75301;-550.686;-959.7565;-2453.215
75317;-550.6921;-959.8066;-2453.149
75382;-550.1271;-959.8003;-2453.011
75444;-549.7088;-960.0801;-2452.911
75676;-550.445;-961.1963;-2454.0
75692;-548.0993;-959.2491;-2456.37
75726;-538.0217;-959.2327;-2449.62
75761;-539.8631;-958.1643;-2452.247
75794;-541.4232;-959.9143;-2453.667
75829;-541.4399;-959.0124;-2453.617
75862;-543.0095;-959.0009;-2454.714
75884;-543.0837;-959.9609;-2455.787
75934;-543.3262;-960.2732;-2455.028
75968;-543.3979;-960.2817;-2456.373
76002;-544.961;-961.418;-2456.969
76019;-545.8738;-959.5881;-2456.67
76053;-545.3622;-959.3315;-2457.11
76103;-546.0694;-960.5231;-2457.45
76121;-546.3248;-959.7416;-2457.675
76156;-545.8075;-959.2856;-2457.308
76189;-545.098;-957.4029;-2455.847
76223;-545.3198;-957.1762;-2455.749
76266;-543.5909;-954.7813;-2455.521
76287;-543.5579;-955.1429;-2455.907
76321;-543.8274;-955.6787;-2451.908
76371;-543.8403;-955.6104;-2451.994
76388;-544.6229;-954.5121;-2451.835
76439;-544.5652;-957.071;-2453.868
76455;-545.5836;-956.9856;-2454.682
76496;-544.7477;-957.2491;-2453.815
76517;-544.5834;-957.786;-2453.822
76568;-545.1645;-957.6988;-2452.571
76585;-546.1068;-959.6644;-2455.186
76635;-545.3605;-958.1196;-2449.232
76652;-545.1546;-958.207;-2449.539
76686;-546.5587;-956.7819;-2449.949
76725;-547.2714;-956.0533;-2450.918
76759;-548.7074;-957.1985;-2450.467
76792;-550.6956;-958.9343;-2451.053
76860;-551.2923;-957.8082;-2455.758
76910;-551.8497;-957.8188;-2457.735
76927;-551.855;-957.7715;-2457.665
76961;-551.9509;-956.934;-2457.341
76994;-552.4722;-957.8922;-2457.346
77163;-552.7073;-957.0231;-2457.315
77179;-553.0532;-958.3867;-2457.92
77196;-552.9115;-958.1039;-2458.008
77230;-551.0709;-958.2689;-2457.265
77264;-551.2798;-958.5991;-2456.764
77297;-551.1365;-957.9602;-2455.816
77323;-551.0712;-958.2565;-2455.009
77356;-553.4843;-939.77;-2459.474
77390;-552.2275;-936.5908;-2461.023
77427;-552.2141;-960.1341;-2454.769
77462;-552.1517;-960.4261;-2455.673
77496;-552.3492;-959.7997;-2456.58
77529;-552.3618;-958.8633;-2456.507
77563;-553.2846;-960.7833;-2458.36
77597;-557.6411;-929.6006;-2461.987
77630;-553.5599;-959.5213;-2457.252
77665;-553.8639;-959.3773;-2457.801
77699;-552.1511;-955.7141;-2456.683
77732;-552.0642;-956.6033;-2456.248
77766;-551.3286;-956.0105;-2456.11
77800;-551.5327;-956.6127;-2455.961
77834;-552.4977;-958.4142;-2456.233
77853;-552.6402;-958.5267;-2456.029
77884;-552.0914;-957.9866;-2456.06
77918;-552.2433;-957.8213;-2458.169
77984;-553.7681;-960.4192;-2459.511
78035;-551.6086;-956.7651;-2458.596
78116;-551.606;-957.2266;-2458.269
78165;-550.3318;-954.8073;-2456.243
78182;-551.2075;-956.4385;-2456.894
78198;-551.6841;-952.6302;-2458.25
78232;-551.6028;-952.4399;-2458.385
78266;-551.366;-952.3409;-2457.997
78300;-552.7617;-940.6121;-2461.694
78320;-551.6812;-953.6476;-2459.116
78360;-551.6475;-953.722;-2459.0
78394;-551.6387;-953.7608;-2458.842
78428;-551.1146;-954.0154;-2456.026
78462;-552.8445;-956.6623;-2457.869
78495;-553.7643;-955.8576;-2459.948
78529;-552.8558;-956.8673;-2456.647
78562;-552.7494;-955.8368;-2455.601
78596;-551.5607;-954.0159;-2456.502
78630;-551.3967;-953.3677;-2456.746
78664;-551.5528;-953.2435;-2460.41
78712;-551.4559;-952.3931;-2460.71
78728;-551.6064;-953.4606;-2460.34
78762;-551.665;-953.3945;-2459.953
78796;-551.9873;-954.9802;-2463.124
78830;-553.0747;-955.8494;-2463.239
78864;-554.3519;-962.4651;-2456.748
78898;-553.5073;-959.1475;-2456.798
78949;-552.824;-956.5428;-2459.334
78966;-553.696;-962.4267;-2461.473
78999;-553.683;-960.243;-2461.614
79033;-550.0593;-954.9892;-2458.79
79067;-550.7589;-954.8862;-2458.917
79100;-546.5465;-905.8251;-2412.985
79134;-552.2288;-957.3956;-2458.785
79151;-553.1756;-957.0366;-2459.583
79206;-553.4061;-957.5641;-2460.076
79223;-554.1275;-959.1469;-2459.943
79256;-554.2427;-959.5105;-2459.777
79290;-554.7573;-960.2098;-2458.741
79324;-546.1962;-912.4655;-2404.758
79357;-541.8505;-959.6058;-2451.563
79392;-547.8439;-961.9092;-2452.306
79427;-547.8931;-962.043;-2452.326
79452;-551.7004;-963.3585;-2454.896
79502;-551.4598;-963.1727;-2454.635
79536;-549.5283;-964.673;-2449.526
79570;-549.9828;-965.1359;-2452.144
79609;-549.6262;-964.7373;-2451.438
79626;-549.5875;-964.8398;-2451.516
79659;-549.5739;-964.7036;-2451.033
79710;-549.4929;-964.7245;-2451.335
79730;-524.783;-960.7574;-2442.624
79818;-517.0244;-960.2643;-2440.851
79916;-547.961;-964.4202;-2450.261
79934;-541.3723;-965.3124;-2450.905
79967;-540.678;-965.4629;-2450.838
80001;-542.8189;-965.5198;-2449.584
80035;-540.8437;-965.0374;-2448.934
80068;-543.2496;-965.0854;-2449.025
80102;-541.5342;-965.5008;-2449.551
80121;-538.6144;-965.5796;-2451.131
80165;-537.4744;-965.3853;-2451.125
80199;-534.2357;-965.6347;-2451.558
80250;-539.2386;-965.4794;-2450.332
80266;-540.7797;-965.0463;-2450.061
80300;-545.3049;-964.5262;-2448.836
80333;-532.4678;-963.416;-2446.518
80367;-531.1989;-964.0236;-2447.845
80384;-531.3272;-964.3411;-2447.865
80451;-542.0338;-966.6761;-2451.261
80468;-545.0993;-967.2009;-2450.865
80485;-519.9351;-963.5862;-2441.755
80537;-522.9595;-963.1837;-2441.545
80673;-551.7222;-965.4235;-2438.83
80736;-548.4357;-967.311;-2446.113
80762;-540.7032;-967.2098;-2446.564
80795;-548.7499;-966.0768;-2444.251
80829;-552.7435;-966.0436;-2442.894
80863;-555.7606;-966.2012;-2441.216
80896;-556.903;-965.9934;-2440.869
80930;-557.8632;-966.0759;-2440.924
80964;-558.3201;-966.2674;-2441.193
80997;-557.7981;-966.4333;-2441.96
81031;-558.1978;-966.5125;-2442.319
81055;-558.637;-966.5305;-2442.079
81107;-559.0773;-966.8363;-2442.791
81124;-558.6471;-966.8074;-2443.483
81175;-558.2935;-966.7533;-2443.398
81192;-558.2327;-966.6646;-2443.508
81249;-558.1102;-966.6592;-2443.755
81259;-541.205;-914.8828;-2395.253
81311;-555.1631;-960.9965;-2452.56
81360;-555.5352;-960.7385;-2452.048
81375;-556.1907;-961.8594;-2452.369
81398;-555.8228;-962.0873;-2452.763
81432;-555.9;-962.1921;-2452.787
81483;-557.09;-961.5059;-2452.012
81567;-558.8257;-963.9453;-2452.683
81583;-559.3963;-964.4833;-2452.028
81633;-559.393;-961.8769;-2453.025
81667;-559.4371;-960.7756;-2453.627
81706;-559.731;-963.4232;-2452.758
81740;-559.7839;-962.0726;-2452.996
81773;-559.2982;-961.3002;-2455.125
81807;-558.2812;-958.9803;-2456.707
81857;-560.1666;-961.7093;-2459.262
81891;-560.1345;-961.6857;-2459.174
81942;-561.0785;-961.8198;-2462.599
81959;-560.2971;-960.0858;-2461.942
81992;-561.2278;-962.5262;-2468.02
82026;-561.3284;-960.423;-2465.23
82061;-560.7249;-958.7255;-2461.359
82118;-561.0389;-958.6692;-2457.795
82134;-561.0389;-958.1309;-2458.669
82222;-546.5767;-917.3762;-2418.977
82271;-558.6516;-961.9985;-2452.711
82289;-558.9735;-961.5553;-2453.22
82323;-559.4249;-962.003;-2458.315
82356;-561.5053;-962.3933;-2463.482
82407;-561.4841;-962.5937;-2463.091
82424;-571.0588;-977.8751;-2484.161
82474;-564.6489;-966.7442;-2467.697
82491;-563.9025;-963.724;-2464.731
82525;-560.3919;-961.501;-2463.16
82575;-560.386;-961.3626;-2462.895
82592;-563.8671;-963.0063;-2469.493
82629;-572.4496;-969.9414;-2489.682
82662;-570.9207;-967.8741;-2486.156
82696;-563.9286;-959.629;-2469.632
82730;-564.3634;-962.7186;-2469.632
82764;-563.3336;-952.8344;-2466.929
82797;-562.688;-960.9048;-2462.315
82848;-570.502;-970.2221;-2479.343
82864;-568.3536;-970.0226;-2474.583
82903;-565.3619;-966.0681;-2465.887
82940;-561.853;-960.2075;-2461.367
82958;-561.9916;-960.4798;-2461.017
82992;-561.9366;-960.4022;-2460.942
83043;-561.4455;-961.6161;-2459.899
83121;-562.2705;-964.2408;-2457.678
83224;-561.5934;-963.4464;-2457.779
83240;-561.6074;-963.3513;-2457.781
83290;-560.6827;-962.3803;-2457.4
83326;-560.6613;-962.3848;-2457.305
83363;-560.6132;-962.1781;-2457.269
83389;-560.7118;-962.8051;-2457.674
83422;-560.0514;-962.0908;-2456.618
83456;-561.3433;-962.2984;-2457.573
83490;-561.5057;-963.2778;-2456.759
83523;-561.6359;-962.6208;-2456.202
83557;-561.9495;-962.8417;-2459.773
83608;-563.472;-962.9564;-2464.235
83625;-563.4374;-962.8167;-2463.832
83675;-563.3049;-963.5428;-2463.18
83692;-562.9305;-962.8465;-2463.316
83728;-562.8773;-962.84;-2463.12
83762;-562.2657;-961.6416;-2462.879
83795;-570.3545;-970.2284;-2484.773
83829;-569.8932;-971.3102;-2483.685
83879;-570.0084;-971.4261;-2483.305
83896;-565.6997;-969.9991;-2471.318
83930;-561.2025;-965.0884;-2467.493
83964;-561.7791;-963.6794;-2463.807
83984;-567.0554;-967.2039;-2474.948
84021;-565.0022;-966.4086;-2464.935
84115;-563.2276;-962.1721;-2462.42
84585;-563.1058;-963.2088;-2464.211
84612;-562.9122;-963.2278;-2464.153
84680;-562.7355;-962.7688;-2463.685
84705;-565.2402;-967.4625;-2468.497
84722;-565.0546;-965.1552;-2465.591
84755;-565.846;-967.6588;-2465.56
84789;-565.4807;-967.6906;-2462.693
84824;-564.387;-965.8368;-2460.718
84860;-564.324;-965.584;-2460.883
84894;-564.2298;-965.488;-2460.742
84928;-571.5884;-976.2133;-2481.23
84961;-566.5753;-970.2265;-2461.094
84995;-565.6498;-968.0847;-2459.35
85029;-565.0083;-966.2359;-2457.926
85063;-564.8116;-966.2881;-2457.179
85096;-564.4516;-964.9921;-2458.56
85134;-566.5046;-969.7405;-2465.771
85176;-564.6542;-967.0906;-2461.948
85204;-564.0207;-966.7928;-2459.823
85283;-563.9177;-967.0044;-2457.706
85303;-564.8464;-966.0444;-2458.335
85370;-564.7822;-965.5333;-2457.852
85404;-568.6028;-968.8558;-2473.075
85438;-569.6279;-968.1776;-2475.402
85471;-567.7545;-968.5798;-2460.695
85505;-565.8326;-965.1482;-2458.392
85539;-566.3107;-965.3344;-2462.97
85556;-565.4472;-963.7537;-2461.681
85607;-564.6846;-962.9201;-2461.182
85640;-564.8943;-963.7117;-2462.244
85659;-563.9465;-964.3474;-2458.472
85709;-563.8771;-964.6776;-2457.629
85725;-561.4053;-961.132;-2455.887
85759;-561.4908;-961.835;-2454.864
85793;-561.4922;-961.5797;-2454.46
85826;-561.6234;-959.9002;-2453.611
85860;-561.6646;-959.077;-2452.85
85894;-561.8536;-960.2921;-2451.543
85945;-562.8954;-962.1369;-2455.156
85961;-563.0862;-961.4692;-2454.659
85995;-562.7852;-960.5898;-2454.549
86067;-562.7597;-960.5369;-2454.693
86083;-562.8333;-960.0528;-2454.253
86134;-562.6503;-959.1398;-2453.674
86151;-563.3089;-962.0699;-2455.359
86184;-563.2948;-961.4127;-2456.446
86235;-563.0701;-961.1844;-2456.454
86252;-563.4164;-960.3721;-2457.206
86285;-562.389;-960.2495;-2455.483
86320;-565.9196;-961.66;-2464.553
86370;-565.8549;-961.6178;-2464.544
86387;-565.9156;-961.5778;-2464.301
86437;-567.1326;-964.0974;-2464.719
86454;-567.2039;-966.246;-2463.718
86504;-564.9383;-966.7076;-2459.277
86523;-556.0245;-959.5541;-2451.798
86557;-556.3389;-961.5854;-2450.461
86591;-556.6241;-962.6037;-2449.535
86624;-558.9218;-964.6623;-2452.129
86675;-559.8108;-965.208;-2452.259
86691;-559.6364;-965.3072;-2451.842
86725;-559.7838;-965.4377;-2451.778
86759;-554.6213;-965.7836;-2449.109
86810;-556.2249;-966.0797;-2448.702
86830;-558.9659;-964.6094;-2443.565
86854;-564.6782;-956.6857;-2421.332
86905;-567.9868;-950.6039;-2407.617
86922;-576.4204;-936.9224;-2375.894
86955;-585.5261;-896.9202;-2316.957
86990;-593.7454;-925.8931;-2335.341
87040;-597.1086;-891.1675;-2280.763
87057;-604.9064;-886.6974;-2265.506
87107;-610.1104;-870.8844;-2252.172
87124;-613.6866;-868.4252;-2246.528
87158;-613.6099;-867.5199;-2242.997
87209;-614.6318;-863.2573;-2238.031
87335;-617.9227;-862.9819;-2229.721
87369;-617.663;-863.721;-2221.541
87422;-619.8944;-867.0007;-2217.647
87440;-622.6672;-867.747;-2212.683
87456;-623.1521;-867.9459;-2208.871
87490;-625.225;-864.0859;-2205.434
87523;-627.2443;-864.2273;-2204.664
87557;-631.5601;-860.5961;-2204.976
87591;-633.743;-858.8863;-2203.944
87624;-634.0467;-858.9836;-2204.0
87670;-633.7897;-858.8589;-2203.427
87688;-634.6647;-858.9639;-2203.045
87730;-635.6594;-860.6704;-2202.457
87755;-621.9715;-926.0289;-2263.119
87789;-649.9432;-918.5067;-2238.648
87821;-670.7427;-805.7435;-2230.641
87855;-691.5733;-767.2433;-2235.272
87905;-700.8451;-792.929;-2263.578
87939;-618.6985;-926.1758;-2208.927
87956;-628.09;-915.257;-2207.554
87990;-626.2526;-912.4047;-2204.408
88040;-627.3257;-908.8256;-2204.422
88074;-627.9493;-904.3189;-2202.129
88090;-611.6467;-943.0048;-2269.586
88124;-613.2205;-940.0214;-2267.308
88175;-617.1331;-936.3448;-2263.004
88191;-622.7675;-937.244;-2259.424
88225;-647.6997;-894.5321;-2180.527
88259;-659.1733;-890.7463;-2175.169
88293;-679.8005;-865.698;-2155.647
88326;-686.8809;-873.6697;-2142.257
88360;-694.2693;-871.8765;-2131.024
88394;-700.6768;-835.6318;-2087.44
88898;-624.2151;-720.2593;-1991.83
88949;-763.6982;-715.6334;-1496.516
88965;-408.7684;-549.8635;-1142.256
88999;-395.0577;-565.0123;-1154.63
89038;-356.8929;-592.8115;-1204.747
89072;-352.3494;-599.5558;-1225.898
89105;-347.9961;-609.5257;-1269.544
89139;-335.4305;-622.5854;-1316.017
89173;-311.5347;-643.3246;-1372.028
89207;-296.412;-668.1445;-1405.818
89240;-288.3878;-647.3251;-1486.125
89274;-740.4446;-978.7978;-1365.643
89347;-620.273;-961.0624;-1421.791
89375;-595.362;-880.5112;-1373.718
89392;-594.0624;-897.3127;-1352.869
89417;-613.7725;-961.5693;-1348.253
89437;-616.9584;-959.7397;-1354.757
89454;-616.7274;-959.5209;-1354.342
89504;-610.4169;-958.8958;-1342.515
89539;-582.6995;-826.5744;-1169.984
89579;-680.3773;-818.296;-1000.308
89627;-624.2819;-731.2568;-1119.329
89671;-698.9062;-526.9009;-1229.894
89688;-600.1598;-506.4641;-1206.662
89728;-640.1887;-755.492;-988.383
89762;-604.4923;-465.2653;-1211.417
89795;-546.1025;-300.2094;-1319.418
89829;-283.2706;-261.6693;-593.546
89862;-283.7331;-268.6051;-592.7923
90001;-171.8876;-140.6699;-376.2393
90065;-230.5334;-863.6807;-2082.575
90099;-231.1245;-864.2297;-2085.25
90132;-231.5164;-862.9308;-2087.279
90166;-232.4817;-862.4884;-2089.315
90200;-234.5212;-862.3844;-2092.541
90234;-235.5021;-859.5568;-2100.11
90263;-241.1706;-862.1141;-2119.754
90324;-243.5527;-856.9836;-2122.16
90341;-277.2217;-901.5376;-2204.922
90363;-294.6314;-923.2643;-2257.279
90397;-299.7725;-945.4325;-2326.763
90430;-325.8563;-951.9365;-2386.523
90464;-335.4812;-957.1755;-2428.23
90498;-338.3188;-955.7436;-2438.776
90531;-339.0687;-955.3029;-2448.523
90565;-340.1329;-955.6093;-2453.847
90616;-340.4081;-955.9481;-2453.661
90632;-341.7698;-953.6176;-2461.147
90666;-340.4301;-955.5122;-2458.285
90700;-340.277;-955.7322;-2457.796
90734;-340.4916;-956.2307;-2455.727
90755;-340.5744;-955.6964;-2456.422
90789;-339.5819;-951.5078;-2465.392
90823;-339.5067;-951.9039;-2463.899
90856;-339.2407;-952.0722;-2462.197
90914;-339.0335;-954.3434;-2458.178
90945;-339.5423;-954.2137;-2457.881
90963;-339.9402;-955.082;-2456.209
90996;-339.5524;-954.9782;-2456.191
91024;-341.3349;-953.7103;-2458.417
91058;-336.5362;-954.3438;-2461.4
91108;-336.1728;-955.5766;-2459.776
91125;-335.6351;-958.7806;-2457.806
91176;-336.9232;-958.7657;-2460.919
91192;-333.7007;-958.59;-2453.771
91226;-331.6054;-958.4872;-2449.369
91260;-331.2264;-957.1138;-2445.592
91293;-331.6115;-954.8189;-2445.087
91327;-298.4836;-915.7192;-2386.591
91361;-296.2342;-915.3154;-2381.936
91395;-325.5925;-950.1187;-2424.398
91428;-280.5067;-913.0349;-2373.459
91462;-267.1806;-913.8801;-2370.185
91496;-250.5984;-912.1521;-2370.851
91529;-229.1257;-902.964;-2378.944
91563;-254.9321;-951.0017;-2457.8
91597;-207.8389;-953.6196;-2464.387
91631;-205.1391;-947.6469;-2478.603
91664;-201.5766;-952.5599;-2478.915
91718;-198.713;-954.0295;-2478.027
91731;-154.1058;-912.826;-2411.099
91766;-195.3468;-952.3474;-2478.856
91818;-149.1874;-908.8854;-2408.568
91852;-150.4012;-911.2664;-2413.97
