
1;-422.6174;-357.7784;-1723.624
17;-429.3772;-358.6258;-1722.252
57;-436.6518;-360.2824;-1719.862
139;-449.5478;-361.0275;-1715.184
155;-454.2343;-359.9005;-1712.816
189;-459.1085;-358.6437;-1710.413
213;-462.5749;-358.0635;-1708.581
247;-466.0736;-357.4066;-1707.021
281;-468.8376;-358.0086;-1705.492
314;-470.0958;-359.1326;-1704.699
346;-471.8796;-359.5468;-1703.703
381;-473.4287;-359.444;-1703.466
414;-475.2105;-359.8317;-1703.702
448;-477.6178;-359.1628;-1703.987
482;-480.5552;-358.0517;-1704.847
516;-483.9454;-358.3504;-1706.613
549;-487.6438;-360.0968;-1709.0
583;-493.1494;-361.6598;-1711.115
633;-497.0652;-364.3194;-1712.375
650;-502.1943;-367.6652;-1712.114
684;-506.8555;-370.6017;-1710.664
725;-510.7986;-370.8549;-1708.234
742;-515.2164;-370.574;-1703.899
777;-518.5021;-371.0567;-1699.658
827;-520.3977;-371.1705;-1696.204
844;-523.1326;-377.1083;-1691.753
895;-524.2461;-380.63;-1688.844
911;-524.6661;-382.6263;-1685.879
945;-524.1833;-386.1953;-1681.245
979;-522.1784;-392.8248;-1675.732
1029;-519.6134;-397.6232;-1671.062
1047;-517.438;-401.587;-1665.792
1089;-515.5134;-404.4313;-1660.432
1123;-512.6384;-407.3112;-1652.863
1156;-509.3135;-409.7904;-1644.847
1208;-506.5079;-411.6975;-1635.37
1224;-502.4593;-413.5715;-1621.911
1258;-497.6566;-414.559;-1606.896
1281;-493.6207;-411.9865;-1589.418
1314;-490.0024;-406.4601;-1569.245
1365;-486.7225;-401.7629;-1547.783
1386;-481.113;-396.4023;-1516.324
1433;-473.7039;-400.5137;-1485.782
1466;-461.0274;-391.9786;-1435.764
1484;-450.2773;-374.8971;-1378.891
1517;-441.3072;-352.3878;-1307.034
1551;-418.7834;-339.5627;-1242.245
1585;-395.1616;-335.8301;-1184.669
1635;-365.6758;-334.8363;-1126.8
1687;-333.1123;-328.8677;-1065.609
1728;-287.7867;-317.9897;-1016.641
1758;-196.5752;-350.542;-884.8051
1791;-185.0059;-339.1726;-845.0012
1830;-180.7072;-344.4225;-817.429
1850;-250.2495;-375.1894;-798.0556
1884;-132.2618;-202.4085;-731.1332
1935;-91.90926;-185.7434;-726.7687
1951;-2.729997;-93.46285;-732.6768
1985;20.75128;-139.1875;-1040.936
2022;113.7405;-427.5467;-1144.906
2056;108.5198;-282.2094;-1131.707
2091;51.26685;-60.19627;-550.5591
2125;51.26685;-60.19627;-550.5591
2156;51.26685;-60.19627;-550.5591
2189;51.26685;-60.19627;-550.5591
2659;-677.3556;-633.3818;-2492.9
2676;-677.2313;-633.1793;-2493.18
2692;-677.2046;-633.184;-2492.996
2709;-677.1981;-633.1023;-2493.098
2760;-676.9138;-632.8968;-2493.04
2793;-676.6087;-632.7423;-2492.834
2827;-676.1906;-632.0552;-2492.349
2861;-675.7408;-631.9696;-2492.056
2894;-675.7016;-631.9315;-2491.937
2928;-675.0772;-632.2059;-2491.655
2989;-674.8808;-632.3347;-2491.264
3023;-674.8162;-632.6292;-2491.01
3056;-674.386;-632.5721;-2490.604
3090;-673.9528;-632.0903;-2490.005
3124;-673.9112;-632.1229;-2489.818
3174;-673.8932;-632.1703;-2489.582
3209;-673.7918;-632.1211;-2489.291
3226;-673.9013;-631.9539;-2489.12
3248;-673.9937;-631.5637;-2489.11
3276;-674.4248;-630.9452;-2489.111
3310;-674.4968;-630.9506;-2489.04
3345;-674.75;-631.0345;-2488.962
3395;-675.1605;-630.2997;-2488.637
3412;-675.1252;-630.2573;-2488.231
3446;-675.2529;-629.6519;-2487.496
3491;-675.4704;-628.7806;-2486.61
3546;-675.3563;-628.1734;-2485.731
3562;-675.3766;-626.9341;-2484.354
3611;-675.3055;-626.8141;-2483.499
3629;-675.287;-626.7804;-2482.844
3662;-674.8818;-626.7207;-2482.401
3696;-674.9749;-626.6338;-2482.323
3730;-675.1871;-626.3439;-2482.222
3763;-675.4642;-626.0332;-2482.212
3780;-675.5166;-625.9637;-2482.232
3820;-675.7094;-626.1804;-2482.577
3850;-676.4939;-625.6965;-2483.189
3903;-677.4532;-624.7322;-2483.902
3948;-678.6493;-624.6952;-2484.848
3961;-678.9937;-624.8829;-2485.178
4001;-679.2355;-624.8115;-2485.425
4018;-679.3828;-625.4827;-2485.77
4051;-679.8416;-625.8513;-2486.124
4086;-679.8615;-625.8226;-2486.079
4134;-680.2667;-625.8398;-2485.976
4154;-680.678;-625.1849;-2485.67
4191;-680.933;-625.665;-2485.347
4230;-680.8839;-626.0844;-2485.185
4248;-680.7806;-626.3762;-2484.952
4281;-681.0067;-626.3981;-2484.702
4314;-680.78;-626.6527;-2484.503
4348;-680.663;-627.0262;-2484.428
4399;-680.3783;-627.4127;-2484.133
4432;-680.0935;-627.6996;-2483.994
4449;-679.4493;-628.5584;-2484.021
4483;-679.1445;-628.4998;-2484.013
4517;-678.1846;-628.4554;-2484.068
4550;-675.3719;-628.7747;-2483.329
4584;-671.2526;-629.5407;-2482.519
4618;-667.3149;-629.6094;-2481.541
4651;-664.6414;-628.7573;-2480.642
4685;-661.9266;-629.8346;-2479.966
4750;-657.0461;-630.9443;-2478.979
4799;-648.928;-633.7618;-2478.178
4815;-644.3171;-635.3708;-2477.499
4849;-640.7916;-635.9554;-2477.346
4900;-633.5341;-636.7129;-2476.528
4916;-626.9058;-639.5599;-2476.443
4967;-622.6329;-640.5558;-2476.5
4984;-618.7241;-641.7568;-2476.884
5018;-616.1047;-641.8585;-2480.072
5051;-601.6094;-639.7095;-2476.669
5085;-598.3911;-639.9551;-2476.291
5119;-596.9838;-640.0508;-2475.89
5152;-593.4474;-639.163;-2475.231
5186;-588.5049;-638.7596;-2474.513
5220;-582.4465;-640.2177;-2473.584
5240;-577.8745;-639.4899;-2471.994
5290;-573.4153;-637.7986;-2469.863
5324;-568.4739;-636.8942;-2466.388
5358;-563.269;-633.6985;-2461.863
5391;-557.4268;-628.9953;-2457.373
5425;-551.5791;-626.8493;-2453.27
5442;-549.6512;-626.6071;-2451.755
5476;-546.7781;-625.9178;-2450.462
5507;-546.0909;-626.0667;-2450.021
5541;-545.5543;-626.085;-2450.012
5575;-545.806;-626.1306;-2450.189
5609;-546.3209;-626.2303;-2450.524
5642;-548.0634;-627.2472;-2452.263
5676;-552.2913;-627.4469;-2455.24
5726;-558.3864;-630.3531;-2458.601
5743;-562.2665;-631.3868;-2460.647
5777;-565.9374;-633.5949;-2462.771
5813;-568.901;-634.7522;-2464.718
5840;-570.8305;-634.8929;-2465.674
5891;-572.6629;-634.3262;-2466.278
5925;-573.9635;-634.02;-2466.959
5942;-574.9013;-634.2709;-2467.117
5975;-575.1005;-634.4854;-2467.149
6009;-575.2063;-634.3744;-2466.996
6043;-575.2299;-634.1113;-2466.228
6093;-575.3543;-633.8693;-2465.221
6127;-573.9402;-634.3278;-2463.252
6144;-572.6178;-635.1967;-2461.29
6178;-572.5424;-635.2475;-2460.428
6211;-572.4293;-635.8299;-2459.666
6262;-572.1616;-635.8914;-2459.047
6281;-572.3567;-635.89;-2458.732
6372;-572.4518;-635.9089;-2458.725
6416;-572.701;-635.8951;-2458.858
6450;-576.3898;-635.2281;-2459.886
6484;-578.2644;-634.9745;-2460.505
6517;-578.9075;-634.5392;-2460.908
6551;-579.4741;-635.0011;-2461.411
6585;-579.4969;-634.983;-2461.432
6619;-580.5541;-634.329;-2461.596
6652;-580.7383;-634.3694;-2461.679
6703;-581.3262;-634.2094;-2461.689
6720;-581.7057;-634.1484;-2461.699
6770;-581.8561;-634.0718;-2461.677
6787;-582.1368;-634.0156;-2461.661
6838;-582.1908;-633.9915;-2461.629
6854;-582.1953;-634.3804;-2461.497
6894;-582.4204;-634.6533;-2461.275
6929;-582.8255;-634.9008;-2461.002
6947;-583.1164;-634.9606;-2460.959
6988;-583.4282;-634.6459;-2460.965
7009;-584.1144;-634.2929;-2460.771
7064;-584.5029;-634.0069;-2460.554
7081;-584.6156;-634.1043;-2460.417
7122;-584.7824;-634.2354;-2460.196
7157;-585.0697;-634.0605;-2460.074
7192;-585.6048;-633.5197;-2460.06
7210;-585.8193;-633.0304;-2459.855
7262;-586.2162;-632.3646;-2459.258
7279;-586.1474;-632.3913;-2458.932
7330;-586.4196;-631.9728;-2458.505
7347;-586.6158;-631.8514;-2458.419
7397;-587.592;-631.2402;-2458.325
7414;-587.9423;-630.6854;-2458.245
7448;-588.141;-630.2001;-2458.038
7481;-588.1672;-630.2165;-2457.982
7532;-587.9672;-629.6411;-2457.991
7549;-588.5444;-628.2452;-2458.108
7600;-588.6439;-627.663;-2458.473
7617;-589.0724;-626.1112;-2459.46
7651;-588.5759;-625.6553;-2461.207
7684;-588.1219;-624.1955;-2463.531
7718;-587.1604;-623.7357;-2465.874
7752;-585.0101;-624.2862;-2468.737
7785;-583.6691;-624.6303;-2470.448
7819;-581.2194;-624.0807;-2472.026
7853;-579.6485;-623.5677;-2473.045
7886;-578.3328;-623.5471;-2473.987
7908;-576.4521;-623.4038;-2474.434
7954;-577.2311;-573.2236;-2475.094
7988;-638.9976;-497.8848;-2512.146
8005;-696.507;-289.5461;-2598.754
8621;-524.4529;-617.1622;-2449.153
8667;-528.1331;-620.0165;-2449.642
8684;-530.8974;-620.0947;-2449.575
8717;-534.8034;-620.3322;-2449.101
8751;-537.1971;-620.785;-2448.975
8785;-539.7083;-621.7278;-2448.51
8819;-541.6196;-619.9825;-2446.65
8852;-542.9412;-619.5966;-2446.303
8886;-543.8984;-618.9477;-2446.133
8921;-547.0619;-618.5101;-2447.617
8954;-549.9056;-616.5027;-2448.265
8988;-553.6463;-615.184;-2449.688
9022;-558.4689;-610.7105;-2451.486
9055;-562.6227;-613.402;-2455.036
9108;-572.2907;-662.1279;-2459.842
9126;-587.7076;-608.215;-2464.709
9143;-588.5994;-608.7697;-2465.261
9193;-587.6362;-614.2021;-2465.461
9210;-588.562;-617.696;-2465.764
9244;-585.5147;-619.3501;-2464.547
9278;-584.212;-620.2023;-2463.817
9311;-582.2906;-621.6039;-2462.067
9345;-581.2594;-622.1369;-2460.482
9396;-579.9221;-622.8165;-2458.221
9412;-578.2537;-622.7074;-2455.863
9446;-576.9006;-622.2388;-2454.326
9480;-575.4369;-623.3233;-2452.592
9514;-574.0905;-624.2495;-2451.337
9547;-573.0347;-624.7042;-2449.941
9581;-571.2421;-625.6101;-2448.16
9631;-569.5355;-625.5369;-2446.791
9648;-568.6305;-626.0259;-2445.928
9682;-567.8832;-626.0355;-2444.974
9733;-567.1513;-625.8187;-2444.301
9750;-565.2911;-625.5432;-2443.26
9771;-564.6222;-625.6871;-2442.997
9822;-563.5874;-625.8093;-2442.578
9839;-563.1608;-626.0553;-2442.312
9889;-561.9874;-627.6217;-2441.913
9910;-561.3903;-627.7077;-2441.381
9943;-560.8694;-627.7757;-2440.866
9994;-560.0878;-628.527;-2440.553
10010;-559.9251;-628.6062;-2440.282
10061;-559.5475;-629.4371;-2440.091
10078;-559.0695;-629.3781;-2439.728
10112;-558.2421;-628.8069;-2439.348
10215;-558.166;-628.8049;-2439.337
10235;-557.3189;-629.2862;-2439.12
10257;-557.0878;-629.1946;-2439.154
10309;-557.0306;-629.1489;-2439.19
10333;-556.9339;-629.3148;-2439.229
10367;-556.7034;-629.2457;-2439.133
10384;-556.5901;-629.2607;-2439.18
10417;-556.4523;-629.1409;-2439.179
10451;-556.382;-628.9918;-2439.093
10485;-556.3759;-628.9456;-2439.099
10519;-556.3414;-628.9418;-2439.074
10552;-556.095;-628.4748;-2438.921
10586;-556.0749;-628.4493;-2438.908
10620;-556.0618;-628.4533;-2438.942
10664;-555.9711;-628.097;-2438.881
10683;-556.0203;-627.8093;-2439.092
10711;-556.042;-627.8258;-2439.125
10750;-556.285;-627.4336;-2439.401
10784;-556.2336;-626.965;-2439.447
10817;-556.2794;-626.9799;-2439.586
10851;-556.4251;-626.7778;-2439.748
10886;-556.5225;-626.8151;-2439.952
10920;-556.6308;-627.1266;-2440.322
10953;-556.7772;-626.9906;-2440.528
10987;-557.0734;-626.6713;-2440.832
11021;-557.2106;-626.5616;-2441.117
11055;-557.0106;-626.1345;-2441.285
11088;-557.0337;-626.0282;-2441.426
11122;-556.8144;-625.6903;-2441.591
11155;-556.7226;-625.5154;-2441.678
11189;-556.433;-625.7563;-2441.751
11209;-556.6108;-626.2007;-2441.954
11243;-556.7047;-626.3167;-2442.003
11276;-556.7418;-626.3311;-2441.994
11310;-556.7423;-625.6982;-2441.914
11344;-556.7334;-625.493;-2442.077
11378;-557.0641;-625.4854;-2442.323
11411;-557.1507;-625.1731;-2442.509
11445;-557.0822;-625.1958;-2442.628
11479;-557.4301;-625.0409;-2442.988
11512;-557.8091;-624.6219;-2443.444
11546;-557.9182;-624.7952;-2443.857
11580;-558.0538;-624.5553;-2444.248
11613;-558.4641;-624.1083;-2444.736
11647;-558.6384;-623.7524;-2444.982
11681;-558.7327;-623.7891;-2445.268
11734;-558.8626;-623.8441;-2445.533
11837;-559.7006;-623.909;-2446.481
11858;-559.9564;-623.7164;-2446.888
11887;-559.9625;-623.811;-2447.2
11920;-560.4033;-623.6293;-2447.848
11954;-560.3316;-623.325;-2448.036
11988;-560.3546;-623.012;-2448.212
12021;-560.5139;-623.0473;-2448.323
12055;-560.7071;-623.2135;-2448.542
12089;-561.0584;-623.09;-2448.689
12123;-561.0767;-623.0949;-2448.758
12157;-561.3543;-622.8888;-2448.956
12190;-561.2904;-622.6445;-2449.174
12208;-561.3203;-622.152;-2449.545
12259;-561.615;-621.4708;-2450.097
12276;-560.9666;-619.5659;-2450.351
12309;-560.1442;-617.8123;-2450.677
12360;-558.7251;-616.4827;-2450.657
12377;-557.3162;-614.3477;-2450.854
12439;-556.9253;-613.5204;-2451.146
12464;-557.433;-612.2288;-2452.324
12484;-558.4177;-611.5783;-2453.755
12521;-559.1992;-610.8875;-2454.979
12541;-559.5833;-610.1122;-2455.714
12592;-559.0622;-609.6077;-2455.935
12608;-558.9733;-609.4633;-2456.089
12659;-558.976;-608.9322;-2456.325
12692;-558.9611;-608.953;-2456.379
12710;-558.9527;-608.9442;-2456.354
12760;-558.566;-607.3795;-2456.403
12794;-558.3839;-607.5192;-2456.261
12810;-558.2802;-607.1035;-2456.038
12861;-558.0406;-606.5523;-2455.337
12895;-557.3769;-605.8928;-2454.371
12911;-557.0529;-605.7767;-2453.677
12962;-556.556;-606.1674;-2452.877
12986;-556.1185;-605.5129;-2451.661
13009;-555.334;-605.7205;-2450.349
13043;-554.997;-605.494;-2449.302
13093;-554.9174;-605.5602;-2448.679
13118;-554.8475;-605.3525;-2448.134
13151;-554.5585;-604.8582;-2447.138
13184;-554.0641;-604.2902;-2445.925
13218;-553.7967;-604.2245;-2445.446
13252;-553.7985;-604.3647;-2445.11
13285;-553.6495;-604.2549;-2444.841
13319;-553.6389;-603.9813;-2444.351
13353;-553.3289;-603.6942;-2443.597
13387;-553.1935;-603.4217;-2443.208
13420;-553.157;-603.1759;-2442.967
13665;-552.9979;-602.7968;-2442.546
13681;-552.8475;-602.0303;-2442.039
13705;-552.502;-600.7568;-2441.244
13721;-552.2066;-600.5511;-2441.076
13754;-552.1491;-600.7;-2440.91
13788;-552.0994;-600.6455;-2440.817
13822;-552.1437;-600.8619;-2440.872
13855;-552.0203;-601.0602;-2440.777
13889;-552.0361;-601.0493;-2440.752
13923;-552.0907;-601.4086;-2440.799
13957;-552.2406;-601.4373;-2440.841
13990;-552.2814;-601.6453;-2440.893
14024;-552.2804;-601.5723;-2440.891
14058;-552.5899;-602.2223;-2441.329
14091;-552.5869;-602.1896;-2441.419
14125;-552.6404;-602.2462;-2441.668
14159;-552.5352;-602.181;-2441.873
14192;-552.5311;-602.1517;-2442.009
14210;-552.6376;-602.3033;-2442.264
14263;-552.5743;-602.5767;-2442.399
14292;-552.8442;-602.4819;-2442.779
14322;-552.7047;-603.5143;-2443.385
14347;-552.6656;-603.2863;-2443.581
14381;-552.8532;-603.6862;-2443.922
14414;-552.9464;-603.9294;-2444.148
14448;-553.004;-603.8527;-2444.25
14481;-552.8692;-603.6849;-2444.333
14515;-552.8851;-603.7029;-2444.374
14566;-553.0266;-603.5582;-2444.65
14583;-553.153;-603.6542;-2445.101
14617;-553.1777;-603.3655;-2445.493
14650;-553.0369;-603.2054;-2445.615
14701;-553.0667;-603.0083;-2445.87
14734;-553.297;-602.9655;-2446.18
14751;-553.2916;-602.8806;-2446.265
14785;-553.232;-602.815;-2446.355
14818;-553.2531;-602.777;-2446.51
14852;-553.2926;-602.6591;-2446.545
14886;-553.4562;-603.0699;-2446.776
14920;-553.48;-603.0365;-2446.862
15024;-553.5034;-603.0295;-2446.924
15091;-553.5097;-602.9528;-2447.032
15125;-553.4034;-602.8491;-2447.143
15158;-553.3162;-602.8115;-2447.219
15192;-553.2451;-602.9292;-2447.371
15209;-553.1447;-602.8378;-2447.455
15260;-553.0117;-602.6576;-2447.557
15293;-552.9678;-602.7079;-2447.63
15310;-552.9193;-602.7504;-2447.71
15344;-552.8607;-602.7184;-2447.958
15394;-552.875;-602.9905;-2448.23
15411;-552.8789;-603.0931;-2448.394
15445;-552.8058;-602.9631;-2448.462
15478;-552.6413;-602.6922;-2448.663
15512;-552.6924;-602.5522;-2448.79
15546;-553.0715;-602.8;-2449.081
15579;-553.175;-603.2786;-2449.225
15613;-553.3326;-603.5154;-2449.362
15647;-553.4067;-603.7173;-2449.442
15681;-553.325;-605.5206;-2449.347
15714;-553.9167;-605.753;-2449.505
15748;-554.0876;-605.9914;-2449.389
15782;-555.3913;-607.4445;-2449.839
15815;-555.7238;-607.4812;-2449.754
15849;-556.0982;-607.3514;-2449.616
15883;-556.5635;-607.934;-2449.712
15916;-556.7947;-608.2828;-2449.646
15950;-556.8062;-608.4891;-2449.568
15984;-556.543;-608.9646;-2449.288
16018;-556.0009;-610.1586;-2448.908
16074;-555.8729;-610.3361;-2448.843
16085;-555.7103;-611.2322;-2448.82
16119;-555.8712;-612.3417;-2448.958
16152;-555.5419;-612.8644;-2448.801
16208;-554.845;-615.5473;-2448.289
16220;-554.3096;-616.9935;-2448.289
16254;-553.6097;-617.8313;-2448.125
16287;-553.5137;-617.8074;-2448.233
16322;-553.494;-619.9387;-2449.345
16367;-553.0737;-621.8121;-2450.243
16400;-552.8289;-622.8178;-2450.635
16419;-553.1757;-624.8668;-2451.707
16453;-553.1161;-625.0139;-2451.906
16487;-553.0258;-625.323;-2452.14
16520;-552.9883;-625.363;-2452.196
16554;-552.5759;-625.9658;-2452.271
16588;-552.6887;-626.1437;-2452.331
16640;-552.6031;-626.4485;-2452.414
16657;-552.359;-626.9622;-2452.416
16691;-551.8627;-628.2178;-2452.463
16767;-551.2241;-628.5532;-2452.091
16805;-551.1294;-628.7938;-2451.913
16820;-550.5813;-630.0491;-2451.621
16854;-550.4185;-630.0741;-2451.496
16898;-550.374;-630.1286;-2451.468
16919;-550.3284;-630.1908;-2451.448
16953;-550.3243;-630.1888;-2451.456
16987;-550.1324;-630.1874;-2451.464
17020;-550.0557;-630.2673;-2451.445
17054;-550.0018;-630.2238;-2451.287
17088;-549.5464;-630.7141;-2450.915
17122;-549.0636;-631.112;-2450.632
17155;-548.4883;-630.8708;-2450.272
17189;-548.4737;-630.8463;-2450.234
17222;-548.4771;-630.8326;-2450.19
17258;-548.4941;-630.792;-2450.209
17275;-548.4219;-631.02;-2450.178
17326;-548.4499;-630.6696;-2450.182
17343;-548.6371;-630.7011;-2450.332
17378;-548.7775;-630.7912;-2450.382
17412;-549.0336;-630.8144;-2450.602
17457;-549.6215;-630.7972;-2451.081
17491;-550.5223;-630.8133;-2451.985
17525;-550.6759;-630.8799;-2452.365
17558;-550.7407;-630.5488;-2452.856
17611;-550.3846;-630.2095;-2453.383
17627;-550.8589;-629.5908;-2454.317
17644;-550.7809;-629.4501;-2454.411
17678;-550.7399;-629.2587;-2454.507
17711;-550.65;-628.843;-2454.627
17745;-550.4161;-627.8061;-2454.697
17780;-550.4328;-627.7738;-2454.745
17841;-550.5856;-627.7652;-2454.917
17857;-550.3434;-627.0825;-2455.184
17891;-550.4399;-626.1316;-2455.33
17913;-550.4126;-625.4643;-2455.285
17947;-550.0051;-623.5672;-2455.021
17980;-549.8614;-622.9695;-2454.788
18014;-549.7863;-622.413;-2454.702
18048;-549.6992;-622.1324;-2454.497
18081;-549.6694;-621.8344;-2454.11
18138;-549.5618;-620.7183;-2453.565
18155;-549.4597;-620.8192;-2453.389
18206;-549.027;-619.9281;-2452.966
18222;-548.9321;-619.6082;-2452.941
18256;-548.8884;-619.1358;-2452.783
18289;-548.9226;-619.0514;-2452.734
18336;-548.9082;-618.8238;-2452.77
18352;-549.2466;-618.8671;-2453.033
18403;-550.3256;-620.1545;-2453.941
18420;-550.9671;-620.2386;-2454.313
18453;-551.1391;-620.4063;-2454.487
18487;-551.9589;-620.4048;-2455.105
18521;-553.0079;-620.812;-2455.918
18544;-553.4827;-620.9349;-2456.369
18578;-554.4575;-620.6085;-2457.087
18634;-554.7259;-620.861;-2457.461
18667;-554.3744;-620.2097;-2457.784
18683;-554.4879;-621.0795;-2458.18
18717;-554.369;-621.3145;-2458.205
18752;-553.9709;-622.2205;-2458.305
18786;-552.7;-621.4445;-2457.834
18837;-550.9635;-619.304;-2457.575
18871;-550.7401;-619.1407;-2457.62
18887;-550.8957;-617.1376;-2458.722
18938;-550.8868;-616.1866;-2459.675
18957;-551.1377;-616.8555;-2460.684
18992;-552.344;-617.8813;-2462.499
19042;-552.5195;-617.5497;-2463.172
19060;-552.7866;-617.7275;-2463.534
19094;-552.7572;-617.6658;-2463.577
19128;-553.0551;-618.5231;-2463.605
19145;-553.4021;-618.0494;-2463.033
19196;-553.5426;-617.72;-2462.235
19212;-553.6646;-617.3891;-2460.945
19255;-554.5084;-614.6337;-2459.23
19291;-555.0396;-614.2864;-2458.534
19326;-557.0263;-613.2336;-2458.253
19360;-557.7596;-612.402;-2457.547
19394;-558.1118;-612.0995;-2457.135
19445;-558.3647;-611.6427;-2456.698
19461;-558.4488;-611.1102;-2456.216
19478;-558.1115;-610.7669;-2455.055
19547;-556.4028;-608.1563;-2451.555
19598;-555.1843;-606.38;-2449.354
19614;-554.7697;-605.6368;-2448.199
19648;-553.5791;-604.3176;-2446.214
19682;-553.1391;-604.243;-2445.406
19744;-552.5833;-603.6114;-2444.667
19760;-551.898;-602.4896;-2443.537
19793;-550.7343;-600.366;-2441.876
19832;-550.4674;-600.0285;-2441.521
19855;-550.0792;-598.1631;-2440.853
19879;-549.9182;-597.756;-2440.719
19912;-549.5184;-595.2219;-2439.853
19946;-549.2277;-594.4411;-2439.636
19980;-549.0985;-593.6071;-2439.533
20014;-549.0457;-593.5016;-2439.536
20047;-549.1816;-592.6531;-2439.685
20079;-549.2486;-592.1048;-2439.77
20131;-549.0964;-591.7736;-2439.795
20159;-549.1299;-591.1798;-2439.743
20186;-549.1592;-591.099;-2439.769
20236;-549.1592;-590.7756;-2439.862
20253;-549.3599;-590.9532;-2440.29
20304;-549.4979;-591.873;-2440.76
20322;-549.6948;-591.8651;-2440.956
20356;-549.7642;-591.7176;-2441.125
20390;-549.6823;-591.6552;-2441.119
20424;-550.0121;-592.3712;-2441.235
20457;-550.2386;-592.7205;-2441.387
20509;-550.4022;-592.7805;-2441.476
20525;-550.6976;-593.5876;-2441.856
20558;-551.6276;-594.988;-2442.838
20575;-551.5481;-596.92;-2443.638
20610;-552.2328;-598.019;-2444.733
20659;-552.9366;-601.1286;-2446.019
20693;-553.1395;-601.48;-2446.338
20710;-553.3546;-602.0366;-2446.741
20745;-553.4582;-602.7274;-2446.985
20789;-554.4254;-606.1436;-2448.131
20829;-555.3942;-608.0821;-2449.262
20862;-555.374;-608.3717;-2449.363
20879;-555.1146;-609.1359;-2449.542
20913;-555.059;-609.6672;-2449.801
20948;-555.0966;-610.4063;-2450.218
20986;-555.1658;-612.0701;-2450.599
21020;-554.3145;-616.2661;-2450.088
21053;-554.3138;-617.7958;-2450.055
21089;-553.947;-622.8239;-2449.811
21123;-554.2366;-624.9083;-2449.696
21157;-554.4274;-625.9626;-2450.197
21190;-554.608;-627.1486;-2450.544
21214;-554.6326;-627.3341;-2450.692
21247;-554.8008;-627.6369;-2450.994
21281;-554.5817;-628.0601;-2451.045
21319;-554.2689;-629.0944;-2451.436
21343;-554.2064;-629.0894;-2451.807
21387;-553.9845;-629.9386;-2452.664
21421;-553.9481;-630.713;-2453.576
21471;-553.9711;-630.8164;-2454.371
21490;-554.3275;-630.2537;-2455.472
21506;-554.7963;-632.1382;-2457.021
21555;-555.0067;-632.1577;-2457.607
21585;-555.1979;-632.174;-2458.121
21619;-555.5938;-632.3354;-2458.912
21670;-555.9567;-632.3594;-2459.753
21687;-556.6024;-632.012;-2460.729
21739;-556.6967;-631.8932;-2460.989
21755;-557.0368;-631.6765;-2461.631
21789;-558.6334;-629.8772;-2463.365
21823;-559.0853;-628.7584;-2463.782
21856;-559.3339;-628.3201;-2464.153
21890;-559.9493;-627.1013;-2464.702
21924;-559.6653;-626.1855;-2464.766
21957;-560.4653;-624.8759;-2465.548
21991;-560.8323;-623.1589;-2465.857
22040;-560.2289;-621.035;-2465.338
22061;-559.0172;-618.5946;-2464.343
22099;-559.0933;-618.5036;-2464.369
22128;-560.0569;-616.7985;-2464.462
22145;-560.973;-616.0427;-2464.653
22182;-562.6639;-613.5963;-2465.039
22216;-562.8979;-612.7737;-2465.0
22250;-562.7695;-612.6924;-2464.807
22283;-562.5026;-612.632;-2464.061
22317;-562.1929;-612.2276;-2463.201
22351;-561.9347;-611.8097;-2462.4
22385;-561.6464;-612.502;-2461.65
22418;-561.1271;-612.0331;-2460.859
22440;-560.9571;-609.0535;-2459.635
22486;-560.8364;-608.8313;-2459.394
22520;-560.4333;-608.2295;-2458.577
22553;-559.8604;-606.8693;-2457.371
22587;-559.3886;-606.0348;-2456.632
22621;-558.5843;-606.933;-2455.58
22654;-557.8777;-605.8857;-2454.477
22705;-557.0185;-604.5333;-2453.243
22721;-556.3495;-604.1509;-2452.505
22744;-556.0986;-603.9238;-2452.223
22789;-555.8519;-603.8094;-2451.934
22823;-555.593;-603.5839;-2451.725
22856;-555.619;-603.9062;-2451.553
22878;-555.4369;-604.0667;-2451.351
22926;-555.4009;-604.1652;-2451.304
22977;-555.358;-604.1458;-2451.271
22995;-555.1539;-604.5873;-2451.351
23013;-555.0804;-604.6896;-2451.4
23047;-554.9693;-604.7592;-2451.428
23097;-554.9554;-604.9938;-2451.559
23114;-554.9543;-605.2865;-2451.756
23153;-555.093;-605.5533;-2451.978
23186;-555.1415;-605.4037;-2452.144
23220;-555.4397;-605.6133;-2452.39
23254;-555.9076;-606.5399;-2452.892
23287;-555.9422;-607.1382;-2453.087
23321;-555.3013;-607.9781;-2452.834
23362;-554.9727;-607.9463;-2452.673
23395;-554.9899;-608.014;-2452.771
23412;-554.9902;-608.6279;-2452.989
23458;-555.3283;-609.9426;-2453.587
23510;-555.1974;-610.3084;-2453.743
23526;-555.155;-610.8396;-2454.115
23543;-554.7224;-612.3768;-2454.769
23593;-554.2736;-614.4707;-2455.576
23627;-554.5114;-615.0948;-2456.18
23663;-554.8358;-615.9319;-2456.979
23680;-554.8679;-616.3572;-2457.408
23710;-554.9028;-616.9996;-2458.057
23767;-554.9146;-617.9013;-2458.695
23795;-554.8019;-617.9741;-2458.928
23829;-554.8455;-618.1627;-2459.463
23863;-554.8891;-618.5065;-2460.014
23879;-555.3036;-619.7585;-2461.153
23913;-555.4719;-619.9957;-2461.522
23964;-556.1017;-620.9219;-2462.627
23983;-556.6419;-622.7911;-2463.608
24034;-557.0966;-625.5411;-2463.903
24051;-557.996;-628.5518;-2464.795
24101;-558.2805;-631.6778;-2465.503
24118;-558.7518;-631.0721;-2465.571
24169;-558.8553;-630.9127;-2465.65
24187;-559.0675;-630.7879;-2465.809
24238;-559.2969;-630.4028;-2465.997
24255;-559.8553;-629.4026;-2466.457
24288;-559.8651;-629.6113;-2466.676
24316;-560.134;-629.8247;-2467.158
24349;-560.1951;-629.3943;-2467.399
24383;-560.0953;-629.1316;-2467.563
24416;-559.8843;-626.4429;-2467.865
24450;-559.8931;-625.8909;-2468.087
24484;-559.8191;-624.7231;-2468.55
24517;-559.6921;-624.037;-2468.861
24551;-559.7199;-622.2383;-2469.296
24585;-560.1853;-621.0249;-2469.594
24619;-560.112;-615.9679;-2469.853
24652;-559.9504;-615.4939;-2469.833
24686;-559.8914;-615.5313;-2469.886
24720;-560.3996;-614.627;-2470.341
24753;-561.4672;-613.4481;-2471.192
24787;-562.0756;-613.0246;-2471.873
24821;-562.5023;-610.3356;-2472.25
24838;-562.5581;-609.7462;-2472.285
24888;-562.5563;-609.7931;-2472.271
24922;-562.3366;-609.69;-2472.122
24956;-561.869;-609.5817;-2471.816
24989;-560.8253;-609.8104;-2471.29
25023;-560.4601;-609.6238;-2470.985
25057;-560.3491;-609.5714;-2470.852
25090;-559.9415;-608.0557;-2470.23
25124;-559.5505;-607.5029;-2469.914
25158;-559.2889;-607.4125;-2469.69
25191;-559.1757;-607.3919;-2469.562
25225;-558.1454;-606.4278;-2468.396
25242;-557.659;-606.1661;-2467.79
25294;-557.4957;-605.7156;-2467.34
25328;-556.8188;-604.409;-2466.395
25345;-556.803;-603.7036;-2466.022
25395;-556.692;-603.3871;-2465.863
25412;-556.4995;-603.5226;-2465.474
25446;-556.2489;-603.3389;-2465.09
25496;-555.99;-602.754;-2464.671
25513;-555.9016;-602.9622;-2464.421
25547;-555.8273;-603.0814;-2464.06
25581;-555.8318;-603.2731;-2463.788
25614;-555.0599;-602.8934;-2463.2
25648;-554.6875;-603.9274;-2462.651
25678;-554.5748;-604.3774;-2462.333
25714;-554.6082;-604.4422;-2462.247
25749;-554.6243;-604.5383;-2462.078
25783;-554.7142;-604.5847;-2461.964
25816;-554.9883;-604.5491;-2461.99
25850;-555.3999;-604.5486;-2462.043
25884;-555.8002;-606.139;-2461.91
25918;-556.3458;-606.7154;-2461.953
25951;-556.7438;-606.4178;-2461.792
25985;-556.7487;-606.6704;-2461.424
26025;-556.634;-607.1854;-2460.861
26059;-556.5862;-608.9253;-2460.224
26092;-556.3681;-610.2806;-2459.676
26126;-556.5985;-610.7155;-2459.573
26159;-556.6777;-613.0484;-2459.181
26193;-555.5529;-615.8915;-2458.23
26227;-555.3897;-617.4462;-2457.937
26249;-554.3754;-620.4385;-2457.439
26278;-554.3396;-621.0941;-2457.447
26328;-554.5107;-621.2415;-2457.504
26369;-554.6619;-621.3004;-2457.579
26422;-554.5932;-621.5984;-2457.511
26454;-554.4291;-621.8127;-2457.441
26505;-554.775;-622.957;-2457.779
26534;-555.0841;-626.5484;-2458.273
26551;-555.4836;-626.459;-2458.344
26585;-555.6187;-626.5302;-2458.407
26618;-555.7335;-626.4785;-2458.442
26652;-555.2733;-629.3137;-2458.588
26686;-555.2181;-629.2127;-2458.605
26720;-554.9224;-629.5845;-2458.523
26753;-554.8417;-630.3275;-2458.641
26792;-555.0897;-630.8635;-2458.922
26826;-555.0134;-630.9191;-2458.877
26859;-554.9177;-630.9602;-2458.891
26893;-554.7691;-630.9624;-2458.991
26950;-555.044;-631.1163;-2459.453
26983;-554.8501;-631.6791;-2460.087
27017;-554.5517;-631.7879;-2460.525
27051;-554.5157;-630.9595;-2461.172
27084;-554.6317;-630.325;-2461.688
27118;-554.581;-629.9556;-2462.139
27159;-554.7106;-629.3273;-2462.717
27185;-554.7018;-626.0618;-2463.52
27223;-554.9415;-622.9344;-2464.323
27274;-555.2755;-622.1025;-2464.905
27290;-555.4371;-620.6079;-2465.164
27309;-555.0748;-619.4761;-2465.109
27358;-554.9863;-618.7708;-2465.184
27391;-555.3484;-617.4219;-2465.29
27425;-556.0045;-614.9642;-2465.869
27459;-556.5355;-614.2335;-2466.224
27492;-557.2846;-612.4927;-2466.613
27543;-557.2825;-611.6849;-2466.583
27560;-557.2747;-611.6297;-2466.561
27594;-557.2445;-611.2658;-2466.403
27627;-556.8576;-611.1405;-2466.069
27661;-556.6646;-610.5764;-2465.887
27695;-556.5106;-610.3259;-2465.673
27712;-556.1758;-609.3817;-2465.267
27762;-556.1561;-608.9698;-2465.053
27779;-556.2104;-608.7715;-2464.996
27813;-556.1481;-608.7064;-2464.983
27864;-555.9813;-608.2656;-2464.782
27886;-555.645;-607.397;-2464.493
27914;-555.6062;-607.29;-2464.392
27947;-555.1798;-606.7884;-2463.92
27981;-555.0624;-606.7025;-2463.798
28015;-555.0131;-606.7183;-2463.719
28049;-554.9837;-606.6485;-2463.644
28082;-554.8956;-606.7408;-2463.473
28116;-554.894;-607.0201;-2463.433
28150;-554.9037;-607.1636;-2463.308
28183;-554.8284;-607.3392;-2463.134
28217;-554.8496;-607.3403;-2463.077
28251;-554.9015;-607.4702;-2462.976
28284;-555.0093;-607.4728;-2462.791
28318;-555.2284;-607.5729;-2462.792
28383;-555.4248;-607.6876;-2462.732
28417;-555.4772;-607.9142;-2462.636
28474;-555.4455;-608.0284;-2462.502
28490;-555.0694;-608.1452;-2462.169
28524;-554.9767;-608.2039;-2462.127
28559;-554.9424;-608.2562;-2462.121
28577;-554.8872;-608.7031;-2462.176
28628;-554.9739;-609.7631;-2462.433
28661;-554.994;-610.7193;-2462.963
28679;-554.8873;-611.4416;-2463.333
28711;-555.1708;-613.111;-2464.048
28762;-554.8212;-615.0399;-2464.387
28779;-555.1109;-616.8389;-2465.364
28829;-555.2356;-617.9395;-2466.003
28863;-555.1808;-619.4091;-2466.491
28880;-555.3536;-620.1033;-2466.868
28914;-555.2871;-620.42;-2466.938
28964;-555.2348;-620.6387;-2467.035
28998;-555.4156;-620.9599;-2467.212
29015;-555.5646;-622.4604;-2467.685
29065;-555.9168;-623.5439;-2467.87
29082;-555.9238;-624.2294;-2467.751
29116;-555.8286;-625.7957;-2467.49
29150;-556.2842;-626.4554;-2467.496
29183;-556.2693;-626.467;-2467.493
29217;-556.0313;-626.0811;-2467.399
29251;-555.298;-625.3047;-2466.824
29284;-555.2761;-625.3336;-2466.813
29318;-555.1648;-624.7553;-2466.755
29352;-555.1503;-624.577;-2466.744
29447;-554.8548;-624.8571;-2466.765
29527;-554.8549;-624.9418;-2466.924
29544;-554.8681;-624.8563;-2466.935
29560;-554.8414;-624.6828;-2466.994
29594;-555.0149;-623.7816;-2466.879
29610;-554.9625;-623.2892;-2466.687
29661;-555.2497;-622.402;-2466.799
29678;-555.3953;-622.0632;-2466.813
29711;-555.2047;-621.5316;-2466.656
29745;-555.1358;-619.1428;-2466.379
29779;-555.1483;-618.5687;-2466.37
29829;-555.1896;-617.0616;-2466.193
29846;-555.3738;-615.8959;-2466.004
29880;-555.675;-614.6959;-2465.99
29914;-556.192;-613.3962;-2466.15
29947;-557.7183;-611.2762;-2466.547
29998;-558.4969;-609.5887;-2466.574
30015;-558.8501;-608.3466;-2466.33
30051;-558.7177;-608.2458;-2466.111
30079;-558.5432;-608.1779;-2465.861
30129;-558.2847;-608.1237;-2465.572
30163;-558.0232;-607.968;-2465.1
30180;-557.6936;-607.8315;-2464.466
30214;-557.4954;-606.7252;-2463.436
30281;-556.9933;-605.6864;-2462.538
30298;-556.61;-605.1874;-2461.442
30332;-556.1793;-604.1733;-2460.0
30365;-555.5001;-604.2006;-2458.846
30382;-555.2725;-604.4033;-2457.539
30416;-555.301;-604.6191;-2456.971
30450;-555.2728;-604.1482;-2456.01
30483;-554.8256;-604.0969;-2454.769
30517;-554.6013;-603.7743;-2453.907
30574;-554.5947;-603.7458;-2453.406
30590;-554.5374;-603.263;-2452.667
30618;-554.1749;-602.3011;-2451.943
30652;-554.0846;-602.2821;-2451.605
30702;-553.7571;-602.1175;-2451.151
30719;-553.6358;-603.0531;-2450.753
30753;-553.1874;-602.8203;-2450.37
30786;-553.1615;-602.8107;-2450.314
30820;-553.273;-602.8076;-2450.227
30854;-553.2792;-603.0516;-2450.221
30887;-553.348;-603.1201;-2450.21
30921;-553.4325;-603.2925;-2450.284
30955;-553.5706;-603.5613;-2450.509
30989;-553.8584;-604.0847;-2450.71
31022;-553.6793;-605.1481;-2450.856
31056;-553.5418;-605.8085;-2451.033
31090;-553.3578;-607.3912;-2451.458
31123;-553.4075;-608.3244;-2451.901
31157;-553.5428;-609.5906;-2452.648
31177;-554.3791;-613.8005;-2453.974
31224;-553.7661;-614.4859;-2454.264
31248;-553.7784;-615.1746;-2454.775
31282;-553.8148;-615.2738;-2455.073
31316;-553.7253;-615.604;-2455.642
31350;-553.5157;-616.3581;-2456.172
31384;-553.6594;-617.9812;-2457.135
31417;-553.5818;-619.3591;-2458.244
31451;-553.5547;-620.4071;-2458.753
31485;-553.3748;-622.4135;-2459.504
31519;-553.387;-622.4498;-2459.777
31552;-553.2753;-623.2007;-2460.027
31586;-553.2991;-623.5805;-2460.421
31619;-553.5369;-624.2468;-2461.17
31653;-553.788;-624.4521;-2461.787
31687;-553.8945;-624.5438;-2462.309
31737;-554.1335;-624.4335;-2462.866
31754;-554.2361;-624.5956;-2463.296
31788;-554.3757;-624.9009;-2463.818
31822;-554.3414;-624.7849;-2463.949
31891;-554.1776;-624.315;-2464.114
31907;-554.2882;-624.2678;-2464.333
31924;-554.2869;-624.268;-2464.338
31949;-554.2017;-625.4426;-2464.52
31999;-554.1356;-625.317;-2464.58
32016;-554.2605;-624.754;-2464.772
32050;-553.8826;-623.7488;-2464.818
32083;-554.0544;-623.3235;-2465.184
32118;-554.2012;-622.9768;-2465.331
32151;-554.2681;-622.6245;-2465.35
32185;-554.4473;-621.6082;-2465.443
32245;-554.8002;-620.0858;-2465.58
32269;-555.1974;-619.0212;-2465.872
32285;-555.0975;-618.323;-2465.645
32322;-555.1659;-617.7095;-2465.54
32339;-555.0587;-616.9857;-2465.376
32377;-556.1146;-614.6715;-2465.675
32411;-556.639;-613.9719;-2465.751
32444;-557.6141;-612.3293;-2466.022
32478;-558.0345;-611.3727;-2465.985
32511;-558.3153;-610.8801;-2466.094
32562;-558.2644;-609.3334;-2465.375
32579;-558.1954;-608.9579;-2464.962
32612;-557.9482;-608.5299;-2464.138
32663;-557.7135;-607.9052;-2463.264
32681;-557.4209;-607.4876;-2462.579
32726;-557.3782;-607.3832;-2462.008
32743;-557.242;-607.1695;-2461.585
32794;-556.9189;-606.6165;-2460.731
32828;-556.8995;-606.5204;-2460.5
32845;-556.8608;-606.5405;-2460.238
32895;-556.644;-606.363;-2459.947
32940;-556.236;-605.5376;-2459.287
32956;-555.6417;-605.1259;-2458.841
32990;-555.723;-605.0156;-2458.693
33023;-555.8258;-604.8498;-2458.442
33057;-555.8094;-604.9407;-2458.265
33090;-555.6029;-604.5329;-2457.791
33124;-555.6122;-604.3124;-2457.603
33158;-555.489;-605.4539;-2457.275
33191;-555.61;-605.3412;-2457.205
33225;-555.4625;-605.7456;-2456.94
33259;-555.4869;-605.61;-2456.855
33292;-555.5724;-605.759;-2456.809
33326;-555.8394;-605.8591;-2456.967
33360;-556.6223;-605.5176;-2457.209
33394;-557.1646;-605.5392;-2457.413
33427;-557.4075;-605.6178;-2457.518
33461;-557.3075;-605.831;-2457.391
33495;-556.4196;-607.3268;-2457.154
33512;-556.2121;-607.4189;-2457.0
33562;-556.2983;-607.7253;-2457.053
33579;-556.1859;-608.8437;-2457.174
33613;-556.2745;-609.474;-2457.355
33663;-556.2195;-612.348;-2458.015
33680;-556.1992;-612.6809;-2457.844
33714;-555.1021;-616.2216;-2457.86
33748;-555.3669;-617.9501;-2457.984
33781;-555.3329;-618.8715;-2458.065
33815;-555.4622;-619.1307;-2458.161
33866;-555.459;-620.2236;-2458.537
33884;-555.7365;-621.9644;-2459.272
33928;-555.7214;-621.9654;-2459.283
33945;-555.8302;-622.6764;-2459.756
33979;-555.9401;-623.4446;-2459.984
34012;-555.898;-624.5839;-2460.211
34046;-556.2366;-625.7815;-2460.536
34097;-556.2693;-627.6661;-2461.018
34114;-556.114;-627.6024;-2460.869
34148;-556.079;-627.6212;-2460.838
34208;-555.9612;-627.3657;-2460.801
34224;-555.9055;-627.0005;-2460.694
34258;-556.2762;-627.9659;-2461.213
34292;-556.4271;-627.9573;-2461.383
34325;-556.4869;-627.8954;-2461.385
34360;-556.7687;-627.9147;-2461.621
34387;-556.8096;-628.0204;-2461.746
34428;-556.8784;-628.0192;-2461.82
34444;-556.9118;-627.192;-2461.784
34479;-556.4771;-627.0483;-2461.536
34514;-556.2757;-626.4106;-2461.207
34547;-556.381;-625.6081;-2461.188
34580;-556.1909;-625.1566;-2461.042
34614;-556.2955;-623.7946;-2460.808
34648;-556.6193;-620.6271;-2460.209
34681;-556.4114;-618.1639;-2460.214
34715;-556.2993;-615.9464;-2460.154
34749;-556.22;-614.0154;-2459.975
34783;-556.5475;-613.3619;-2459.949
34816;-557.1105;-612.8016;-2459.925
34850;-557.6857;-612.0731;-2459.998
34901;-557.8416;-611.8907;-2460.016
34948;-557.9375;-611.8859;-2460.12
34973;-557.9402;-611.8069;-2460.052
34996;-557.8825;-611.8082;-2459.945
35012;-557.79;-610.9105;-2459.279
35063;-557.9515;-610.6508;-2459.053
35097;-557.6889;-610.0463;-2458.473
35130;-557.5048;-610.0678;-2457.987
35164;-557.108;-610.2709;-2457.551
35198;-557.0073;-610.6653;-2457.25
35219;-556.5707;-611.6605;-2456.995
35259;-556.0931;-611.3589;-2456.672
35292;-556.1076;-610.3533;-2456.67
35326;-556.1056;-610.3549;-2456.685
35360;-556.0228;-609.782;-2456.644
35393;-556.0444;-609.6887;-2456.677
35431;-556.2516;-608.9839;-2456.766
35465;-556.2435;-608.9929;-2456.76
35482;-556.2321;-608.6587;-2456.691
35532;-556.9108;-607.6549;-2457.006
35566;-557.1833;-607.339;-2457.149
35583;-557.3436;-607.2532;-2457.461
35618;-557.5544;-607.1326;-2457.805
35651;-557.6071;-607.1398;-2458.046
35702;-557.5423;-607.3752;-2458.403
35719;-557.2509;-607.621;-2458.538
35753;-557.1375;-607.5961;-2458.787
35803;-558.0176;-609.3023;-2460.093
35820;-557.8929;-609.4727;-2460.229
35854;-557.5665;-610.2358;-2460.421
35889;-557.3138;-610.6814;-2460.51
35921;-556.5428;-612.7554;-2460.72
35955;-555.7331;-615.5309;-2461.098
35989;-555.5891;-615.6896;-2461.22
36022;-555.4196;-616.4373;-2461.353
36073;-555.088;-619.1154;-2462.073
36090;-554.8892;-620.1923;-2462.444
36123;-554.7249;-620.5275;-2462.48
36165;-554.1901;-621.4503;-2462.435
36183;-554.0562;-622.3669;-2462.78
36263;-553.7285;-623.049;-2462.85
36303;-553.7682;-623.9283;-2462.812
36324;-553.3415;-624.6392;-2462.587
36352;-553.1837;-624.9349;-2462.562
36397;-553.0907;-625.0709;-2462.593
36414;-553.0546;-625.5995;-2462.503
36455;-553.0367;-625.6541;-2462.492
36488;-553.0187;-625.7361;-2462.426
36522;-553.0989;-625.6162;-2462.463
36556;-553.063;-625.5645;-2462.455
36589;-553.4019;-625.0931;-2462.604
36623;-553.5668;-624.9397;-2462.648
36657;-554.338;-624.4628;-2463.203
36691;-555.0809;-621.8936;-2463.578
36724;-555.261;-618.7979;-2463.37
36758;-554.968;-617.6729;-2462.996
36791;-554.9474;-616.4598;-2462.838
36814;-554.7266;-615.4231;-2462.59
36864;-554.8771;-615.3168;-2462.726
36882;-555.3361;-614.7128;-2463.013
36917;-555.6953;-614.2534;-2463.424
36962;-555.7692;-614.0437;-2463.486
36995;-555.8564;-613.6625;-2463.49
37029;-555.5738;-612.9014;-2462.983
37063;-555.3583;-612.7562;-2462.723
37096;-555.2787;-612.6401;-2462.511
37113;-555.1526;-611.9862;-2462.197
37164;-554.9479;-611.7031;-2461.7
37188;-554.8662;-610.2664;-2461.106
37221;-554.5674;-610.8576;-2460.507
37261;-554.1486;-610.8492;-2460.066
37294;-553.9605;-610.7656;-2459.712
37328;-553.8704;-610.787;-2459.618
37350;-553.3792;-608.0922;-2458.821
37384;-553.3503;-608.0079;-2458.775
37417;-553.3611;-608.0129;-2458.758
37629;-553.3112;-607.9979;-2458.423
37780;-554.1893;-609.4597;-2459.35
37796;-554.2346;-609.4873;-2459.352
37816;-554.6503;-610.0378;-2459.648
37849;-554.6395;-610.1125;-2459.631
37883;-554.4894;-610.9677;-2459.597
37916;-554.4937;-611.4517;-2459.826
37950;-554.5355;-612.1188;-2459.98
37984;-554.4874;-612.6695;-2460.044
38017;-554.5058;-613.1741;-2460.048
38051;-553.9929;-614.9885;-2460.008
38085;-553.9805;-616.6342;-2460.243
38119;-553.748;-620.3696;-2461.021
38152;-553.7065;-620.8485;-2461.319
38186;-553.778;-621.3702;-2461.514
38220;-553.2544;-623.0024;-2461.655
38270;-553.2135;-623.0572;-2461.645
38288;-552.8911;-623.5201;-2461.479
38449;-552.9032;-626.0483;-2460.74
38482;-552.9248;-626.2916;-2460.541
38516;-552.67;-626.0283;-2460.255
38567;-552.6296;-625.9736;-2460.092
38583;-552.6313;-626.0287;-2460.001
38617;-552.5867;-626.6292;-2459.513
38651;-552.6531;-626.6478;-2459.41
38685;-552.6848;-626.4437;-2458.906
38735;-552.6006;-626.5767;-2458.735
38787;-552.3873;-626.8534;-2458.672
38836;-552.4397;-626.9005;-2458.707
38853;-552.4786;-626.9729;-2458.749
38903;-552.6302;-627.1724;-2458.813
38920;-552.8511;-627.2657;-2458.936
38974;-552.8239;-627.0267;-2458.849
39027;-553.0583;-626.5344;-2458.88
39061;-553.1934;-625.5032;-2458.835
39077;-553.3196;-625.3887;-2458.932
39128;-553.5399;-624.4653;-2459.224
39161;-553.7145;-619.9104;-2459.865
39195;-553.7506;-619.5839;-2459.965
39229;-553.5737;-618.9884;-2460.067
39264;-553.5354;-618.3047;-2460.52
39306;-553.7916;-616.6846;-2460.903
39350;-554.1993;-616.1711;-2461.343
39366;-554.485;-616.3216;-2461.703
39390;-555.4816;-615.8765;-2462.594
39417;-556.0032;-614.7956;-2463.236
39451;-556.2725;-614.1074;-2463.327
39484;-556.5354;-612.2997;-2463.092
39517;-556.5026;-612.1423;-2463.011
39551;-556.327;-611.9133;-2462.759
39584;-556.11;-611.8719;-2462.701
39618;-555.9186;-611.3981;-2462.551
39652;-555.7304;-611.0861;-2462.342
39707;-555.71;-609.8493;-2461.938
39729;-555.3894;-608.8103;-2461.44
39747;-555.3998;-608.5391;-2461.258
39780;-555.1377;-608.3519;-2461.069
39814;-554.9636;-608.2757;-2460.818
39864;-554.6476;-608.4813;-2460.461
39899;-554.2634;-608.9523;-2459.918
39941;-554.1474;-609.5884;-2459.76
39957;-554.0295;-609.763;-2459.59
39979;-553.7874;-609.7495;-2459.244
40021;-553.4834;-609.0188;-2458.845
40061;-553.4103;-609.3525;-2458.663
40095;-553.256;-609.4056;-2458.502
40146;-553.2667;-609.4011;-2458.407
40196;-553.186;-609.6926;-2458.348
40230;-553.2281;-609.3063;-2458.278
40251;-553.2618;-609.3254;-2458.29
40285;-553.7422;-608.7661;-2458.505
40319;-554.1337;-608.8665;-2458.804
40352;-554.4499;-609.1516;-2459.148
40386;-555.3073;-609.225;-2460.122
40437;-555.7227;-609.6514;-2460.41
40453;-555.6686;-609.7706;-2460.541
40487;-555.5438;-610.2999;-2460.754
40539;-555.3345;-610.3846;-2460.822
40571;-555.2169;-610.4007;-2460.885
40588;-555.5167;-611.1871;-2461.464
40622;-555.868;-612.7305;-2462.154
40656;-555.5776;-614.4116;-2462.612
40690;-554.58;-617.0418;-2462.4
40723;-554.5524;-618.1352;-2462.436
40757;-554.3251;-619.6249;-2462.127
40810;-554.3005;-620.6424;-2461.994
40844;-553.8727;-622.4205;-2461.551
40881;-553.6155;-623.5107;-2461.268
40923;-553.3918;-624.6729;-2461.279
40957;-553.1353;-624.4296;-2461.134
40991;-552.8127;-625.4079;-2461.021
41024;-552.7131;-626.2042;-2460.757
41058;-552.6343;-626.0316;-2460.603
41092;-552.5878;-626.3833;-2460.508
41126;-552.4797;-626.7852;-2460.262
41164;-552.3419;-626.7964;-2460.045
41198;-552.324;-626.8462;-2459.991
41231;-552.2743;-627.2827;-2459.746
41265;-552.1252;-627.8448;-2459.641
41282;-552.0693;-628.0164;-2459.51
41317;-552.0189;-627.9991;-2459.438
41351;-552.3058;-628.4916;-2459.648
41385;-552.4428;-628.8067;-2459.793
41419;-552.502;-628.8619;-2459.873
41460;-552.7089;-629.4017;-2460.119
41493;-552.6905;-629.2307;-2460.184
41544;-552.8873;-628.489;-2460.346
41560;-553.049;-627.1693;-2460.488
41611;-553.4568;-625.8542;-2460.798
41660;-553.7346;-625.5889;-2461.15
41677;-553.971;-623.6436;-2461.466
41894;-554.6678;-616.7828;-2461.666
41913;-554.6484;-616.0459;-2461.581
41957;-554.7573;-614.6934;-2461.433
41990;-554.7474;-614.7117;-2461.42
42030;-554.6143;-614.0875;-2460.989
42064;-554.5634;-614.108;-2460.902
42081;-554.5624;-613.6196;-2460.618
42118;-554.3353;-612.5018;-2460.121
42157;-554.1096;-612.6838;-2459.653
42190;-554.0408;-610.7748;-2458.999
42224;-554.1291;-610.1539;-2458.711
42258;-553.9752;-609.8526;-2458.592
42292;-553.8276;-609.6271;-2458.262
42317;-554.1643;-608.276;-2457.956
42351;-554.0953;-608.205;-2457.586
42385;-553.9159;-608.3743;-2457.316
42412;-553.5418;-608.0704;-2456.812
42455;-553.4411;-607.7273;-2456.406
42489;-553.4219;-607.2242;-2456.065
42539;-553.2858;-607.4061;-2455.919
42556;-553.2257;-607.4225;-2455.809
42590;-553.2628;-607.6033;-2455.637
42624;-553.3533;-607.4955;-2455.57
42658;-553.3163;-607.9943;-2455.293
42691;-553.4495;-608.1931;-2455.289
42725;-553.4918;-607.9902;-2455.276
42758;-553.3257;-609.0583;-2455.342
42816;-553.3622;-609.9638;-2455.41
42859;-553.2307;-610.0016;-2455.485
42885;-553.2333;-609.9843;-2455.491
42919;-553.4293;-610.3354;-2455.769
42952;-553.5339;-610.2556;-2455.942
42986;-554.0103;-610.4014;-2456.441
43020;-554.1407;-610.7939;-2457.001
43053;-554.578;-610.7479;-2457.69
43087;-554.7374;-610.9308;-2458.103
43121;-554.7916;-611.1933;-2458.362
43154;-554.6156;-611.1846;-2458.427
43188;-554.5542;-611.235;-2458.49
43222;-554.6815;-611.3188;-2458.895
43272;-554.6366;-612.8859;-2459.767
43306;-554.9301;-613.8563;-2460.544
43323;-554.3813;-615.2506;-2460.93
43357;-554.1485;-615.9862;-2461.139
43390;-554.105;-618.1115;-2461.615
43424;-554.0996;-619.1491;-2461.855
43458;-553.7317;-621.4113;-2462.163
43491;-553.484;-621.8946;-2462.273
43543;-553.5041;-622.563;-2462.37
43576;-553.5421;-622.6646;-2462.378
43610;-553.3286;-623.4742;-2462.491
43632;-553.3154;-624.2279;-2462.764
43649;-553.7321;-626.2811;-2463.457
43682;-553.769;-626.5339;-2463.565
43716;-554.08;-627.0567;-2463.853
43750;-553.9929;-627.0513;-2463.745
43808;-554.0037;-627.1662;-2463.716
43849;-554.0606;-627.4164;-2463.746
43887;-554.192;-627.9639;-2463.705
43957;-554.4648;-627.935;-2463.569
44005;-554.5026;-627.8726;-2463.458
44022;-554.5587;-627.9758;-2463.375
44055;-554.5709;-627.7294;-2463.242
44089;-554.6633;-628.2048;-2462.94
44122;-554.897;-628.1662;-2462.897
44145;-554.9345;-627.5834;-2462.64
44195;-554.8632;-627.7866;-2462.348
44217;-554.7939;-628.119;-2461.904
44268;-554.7361;-628.1372;-2461.632
44285;-554.9039;-628.2526;-2461.474
44318;-554.9665;-628.5677;-2461.192
44352;-554.9611;-628.6617;-2461.148
44395;-554.9999;-629.0418;-2461.063
44432;-554.8654;-628.8345;-2460.906
44461;-554.8941;-628.8011;-2460.791
44499;-554.9125;-628.8709;-2460.698
44529;-555.0018;-629.1913;-2460.607
44561;-555.1072;-630.175;-2460.5
44595;-555.3452;-630.5159;-2460.437
44629;-555.4215;-631.2896;-2460.413
44663;-555.377;-631.0815;-2460.302
44696;-555.29;-631.0229;-2460.186
44730;-555.04;-631.0234;-2459.866
44755;-555.0387;-631.0156;-2459.763
44788;-555.0687;-630.8709;-2459.693
44818;-555.2478;-630.916;-2459.744
44852;-555.1917;-630.7274;-2459.656
44886;-555.2028;-630.6809;-2459.688
44936;-554.8953;-630.17;-2459.733
44987;-554.8391;-630.0549;-2459.865
45048;-554.772;-629.2253;-2460.386
45072;-554.805;-628.5023;-2461.086
45089;-554.4934;-627.8278;-2461.441
45123;-554.3882;-627.7073;-2461.626
45176;-553.821;-627.3932;-2461.698
45192;-553.1956;-624.5523;-2461.072
45226;-553.4214;-622.4842;-2460.76
45259;-553.7426;-620.8178;-2460.633
45278;-553.9673;-620.3858;-2460.666
45328;-554.5686;-619.8245;-2460.718
45362;-554.7305;-619.6174;-2460.681
45381;-555.3065;-618.8894;-2460.514
45415;-555.2009;-618.7532;-2460.335
45465;-554.7958;-617.1689;-2459.416
45483;-554.9579;-616.1497;-2459.021
45516;-554.8609;-614.9715;-2458.434
45550;-554.4731;-613.4446;-2457.47
45600;-553.8477;-613.3696;-2456.561
45633;-553.0971;-613.0233;-2456.026
45667;-552.8759;-612.6744;-2455.662
45684;-552.099;-614.0673;-2455.388
45718;-552.0471;-613.9291;-2455.38
45751;-551.8491;-614.2779;-2455.229
45802;-551.7433;-614.1533;-2455.187
45819;-551.1851;-614.49;-2454.843
45852;-551.1329;-614.5119;-2454.746
45886;-551.1258;-614.5173;-2454.744
45920;-551.1151;-614.5447;-2454.78
45954;-550.9878;-614.5532;-2454.818
45987;-551.6329;-613.5779;-2455.603
46028;-552.0676;-613.5897;-2456.119
46055;-552.2869;-613.5067;-2456.479
46088;-552.1108;-614.7547;-2457.075
46122;-552.0362;-615.0501;-2457.366
46156;-551.9646;-614.7488;-2457.656
46190;-551.7717;-614.6771;-2457.872
46224;-551.3137;-615.1003;-2458.562
46257;-551.5169;-616.5765;-2459.477
46291;-551.2582;-617.0088;-2459.852
46325;-551.4164;-618.1569;-2460.535
46375;-551.3216;-620.2507;-2461.864
46392;-550.6617;-621.5134;-2462.09
46425;-550.1807;-622.7866;-2462.295
46459;-549.9083;-623.8187;-2462.412
46493;-549.4889;-624.3385;-2462.554
46526;-549.2511;-624.6478;-2462.538
46560;-548.9328;-626.6252;-2462.832
46594;-547.4293;-627.626;-2462.591
46628;-546.8203;-627.9218;-2462.591
46662;-546.7998;-628.5211;-2462.887
46695;-546.582;-628.3833;-2462.893
46729;-546.5711;-628.0841;-2462.957
46749;-546.4821;-628.053;-2462.906
46789;-546.3138;-628.2465;-2462.918
48126;-545.8775;-622.0352;-2462.179
48159;-547.6309;-615.9986;-2461.987
48209;-547.6805;-615.3787;-2461.857
48244;-547.9375;-614.5892;-2461.856
48260;-547.7701;-613.1624;-2461.612
48310;-547.2206;-609.707;-2460.828
48344;-547.4462;-609.733;-2460.752
48379;-547.5051;-608.4421;-2460.439
48419;-547.8125;-606.9766;-2459.539
48452;-547.7282;-606.3398;-2459.31
48486;-547.9224;-605.9081;-2459.156
48520;-548.4551;-605.3036;-2459.156
48553;-548.4866;-605.1835;-2459.061
48587;-548.8768;-604.4203;-2459.069
48621;-548.8845;-604.2463;-2458.963
48654;-549.1139;-603.991;-2458.997
48688;-549.8492;-604.1454;-2459.125
48722;-549.8044;-604.087;-2459.084
48759;-550.2509;-604.3075;-2459.272
48794;-550.3773;-604.2415;-2459.223
48843;-551.2032;-604.7321;-2459.303
48883;-552.7676;-605.6344;-2458.981
48933;-553.1833;-605.7562;-2458.775
48967;-553.5444;-606.0096;-2458.585
49000;-555.5682;-607.9424;-2458.549
49051;-556.6102;-608.7377;-2458.656
49068;-557.4485;-609.8421;-2458.636
49085;-558.4975;-612.0528;-2458.962
49112;-559.0398;-614.0515;-2459.445
49162;-559.6129;-615.9487;-2460.393
49196;-559.9508;-616.8569;-2460.758
49229;-560.4023;-617.9172;-2461.118
49263;-560.7526;-618.3636;-2461.563
49297;-560.824;-618.4368;-2461.635
49332;-560.9075;-618.7391;-2461.927
49365;-561.0773;-619.2335;-2462.296
49398;-560.9682;-619.5173;-2462.425
49416;-561.0052;-619.6086;-2462.468
49466;-561.2451;-620.3734;-2462.963
49482;-561.1052;-621.1104;-2463.429
49533;-561.01;-621.1627;-2463.465
49550;-559.9784;-621.4506;-2463.287
49584;-559.8501;-621.6298;-2463.328
49617;-559.7724;-621.6184;-2463.246
49651;-559.9344;-621.7361;-2463.212
49684;-559.9586;-621.7332;-2462.906
49718;-560.2382;-622.4939;-2462.441
49752;-560.3718;-622.4483;-2461.521
49802;-560.0035;-622.6273;-2460.64
49819;-560.2748;-622.6396;-2460.363
49853;-560.3361;-622.5774;-2460.101
49896;-560.2493;-623.0452;-2459.839
49930;-560.2878;-623.1152;-2459.766
49950;-560.3257;-623.1907;-2459.788
49996;-560.672;-623.6033;-2459.782
50014;-560.8335;-623.5309;-2459.744
50051;-560.9089;-623.8461;-2459.608
50084;-561.1069;-623.8506;-2459.524
50118;-560.8336;-623.9438;-2459.139
50168;-560.772;-624.2661;-2459.064
50185;-560.2107;-624.3934;-2458.656
50220;-559.8836;-624.1298;-2458.472
50262;-559.6067;-624.2429;-2458.423
50280;-559.1994;-623.6154;-2458.408
50318;-559.1595;-623.5295;-2458.487
50353;-558.6461;-623.892;-2458.492
50387;-558.3626;-623.7993;-2458.522
50421;-557.6905;-624.5463;-2458.589
50455;-557.8015;-624.5188;-2458.63
50488;-557.833;-624.4874;-2458.708
50522;-558.1224;-625.0204;-2459.038
50557;-558.6539;-624.6395;-2459.507
50591;-558.8857;-624.6121;-2459.809
50625;-558.9076;-624.7904;-2459.932
50658;-558.7847;-624.8347;-2459.948
50680;-558.8441;-624.7986;-2460.045
50730;-558.8553;-624.7642;-2460.09
50764;-558.9591;-624.824;-2460.163
50781;-558.9816;-624.7397;-2460.107
50832;-559.0469;-624.5284;-2460.081
50855;-559.037;-624.6229;-2460.083
50932;-558.6431;-624.7391;-2459.867
51062;-558.021;-623.9992;-2459.562
51099;-554.723;-619.5984;-2458.223
51149;-552.8989;-616.7996;-2457.071
51183;-552.5896;-616.2843;-2456.83
51233;-552.2574;-615.3442;-2456.501
51250;-551.3087;-614.1342;-2456.074
51301;-550.2381;-613.6075;-2455.688
51318;-550.3317;-613.1246;-2455.579
51368;-550.3961;-613.2078;-2455.61
51385;-550.3668;-612.5593;-2455.416
51436;-550.3185;-612.5573;-2455.4
51452;-549.9714;-611.1656;-2455.54
51503;-549.6863;-610.1986;-2455.276
51523;-549.077;-609.9517;-2455.217
51556;-548.7596;-609.6412;-2454.916
51591;-548.7311;-609.6487;-2454.885
51624;-549.0357;-610.6414;-2454.487
51658;-548.8876;-610.3961;-2454.26
51691;-549.0186;-610.7963;-2454.152
51725;-549.1037;-610.7113;-2454.05
51759;-548.9544;-610.6352;-2453.729
51792;-548.9584;-611.4881;-2452.937
51826;-549.1121;-611.9332;-2452.678
51860;-549.7454;-614.1769;-2452.478
51897;-549.9493;-614.1236;-2452.268
51931;-549.614;-614.3307;-2451.876
51964;-550.0543;-614.5949;-2451.745
51998;-551.2025;-615.8639;-2452.004
52020;-553.0974;-619.7934;-2452.641
52066;-553.2036;-620.0616;-2452.659
52099;-553.0005;-620.2649;-2452.506
52133;-553.0014;-620.3732;-2452.522
52293;-553.0488;-621.4509;-2452.926
52314;-553.227;-622.3515;-2453.377
52331;-553.6861;-624.1326;-2454.464
52348;-553.8442;-624.3611;-2454.863
52398;-554.3306;-624.7454;-2455.657
52415;-554.6251;-625.0262;-2456.728
52449;-555.2828;-625.0318;-2457.657
52483;-555.3069;-625.296;-2457.844
52517;-555.4382;-625.4208;-2458.081
52552;-555.6397;-625.5179;-2458.392
52602;-555.7278;-625.5564;-2458.561
52619;-555.8114;-625.7163;-2458.615
52652;-556.3255;-626.5557;-2459.064
52686;-556.3463;-626.5469;-2459.069
52720;-556.3676;-626.8031;-2459.136
52753;-557.2369;-627.5145;-2459.581
52787;-557.6781;-628.4351;-2460.191
53141;-558.0696;-627.8656;-2460.459
53162;-557.8776;-628.0182;-2460.488
53179;-557.6899;-628.0889;-2460.621
53213;-556.8241;-626.6867;-2460.581
53263;-556.726;-626.5156;-2460.648
53297;-556.5363;-626.4469;-2460.721
53331;-556.3363;-625.8424;-2460.669
53348;-556.159;-625.6351;-2460.592
53399;-556.4363;-625.2342;-2460.679
53416;-556.3692;-624.9746;-2460.675
53483;-555.8394;-624.561;-2460.29
53500;-555.7871;-624.7041;-2460.266
53534;-555.6674;-624.5093;-2460.114
53567;-555.8928;-624.6208;-2460.252
53587;-555.7457;-624.7217;-2460.244
53618;-555.1007;-623.9052;-2460.237
53652;-554.8702;-623.6867;-2460.267
53686;-554.369;-622.773;-2460.045
53719;-554.3135;-622.7786;-2460.052
53753;-554.3116;-622.7736;-2460.041
53787;-553.5734;-621.7056;-2459.735
53821;-552.5322;-620.4943;-2459.248
53855;-551.189;-618.1022;-2458.674
53888;-550.8893;-617.0911;-2458.554
53922;-550.4811;-615.3745;-2458.406
53956;-549.9067;-612.996;-2458.257
53992;-549.848;-612.3905;-2458.532
54042;-549.5419;-611.749;-2458.532
54075;-549.6175;-611.071;-2458.718
54090;-549.5681;-610.8687;-2458.652
54124;-549.0978;-608.9698;-2458.284
54157;-548.6288;-607.0729;-2457.836
54208;-549.0023;-607.5383;-2457.874
54225;-549.0125;-607.563;-2457.865
54258;-549.2296;-606.812;-2457.966
54292;-548.7012;-606.0667;-2457.757
54326;-548.8642;-606.4067;-2457.848
54360;-549.0682;-605.5916;-2458.183
54393;-549.082;-605.6169;-2458.241
54427;-549.1335;-605.5997;-2458.332
54461;-549.1371;-605.1304;-2458.406
54527;-549.0099;-604.9333;-2458.315
54560;-548.9596;-604.8224;-2458.248
54585;-549.1939;-605.5984;-2458.245
54638;-549.292;-605.8097;-2458.188
54655;-549.2804;-605.8724;-2458.136
54691;-549.4213;-607.3333;-2457.965
54725;-550.2753;-610.0467;-2457.946
54759;-550.6823;-611.9194;-2457.905
54792;-551.2649;-614.6508;-2457.838
54826;-551.4208;-616.0806;-2458.227
54860;-551.2453;-616.9979;-2458.161
54893;-551.3767;-617.1659;-2458.276
54927;-551.4804;-617.5437;-2458.408
54961;-551.2404;-618.3334;-2458.447
54995;-551.3268;-618.6475;-2458.563
55028;-551.1951;-619.2189;-2458.731
55077;-551.0735;-619.3273;-2458.634
55090;-551.877;-620.5013;-2459.057
55123;-552.2935;-621.2245;-2459.269
55156;-552.9607;-621.431;-2459.47
55190;-553.5192;-622.0597;-2459.541
55224;-554.7923;-622.9572;-2459.677
55257;-556.0511;-623.6912;-2460.048
55291;-556.9575;-624.4611;-2459.983
55325;-557.3816;-624.6726;-2459.742
55359;-558.2832;-625.8252;-2459.356
55392;-558.4728;-626.5658;-2459.03
55426;-559.0573;-626.8027;-2458.826
55460;-559.5289;-626.8521;-2458.54
55493;-559.7184;-626.943;-2458.51
55527;-559.739;-627.0358;-2458.44
55561;-559.8988;-627.1999;-2458.513
55578;-559.9736;-628.153;-2458.656
55628;-560.1843;-627.9407;-2458.759
55662;-560.3168;-627.9794;-2458.864
55679;-560.4684;-628.0961;-2459.161
55731;-560.6335;-628.2807;-2459.536
55765;-561.5261;-628.1295;-2460.795
55782;-561.8123;-628.42;-2461.368
55815;-562.1444;-628.2598;-2462.063
55866;-562.1047;-628.2552;-2462.142
55883;-562.0438;-628.1995;-2462.36
55916;-562.2424;-627.9518;-2463.14
55950;-562.2021;-627.9437;-2463.38
55984;-562.4351;-627.485;-2464.007
56038;-562.4957;-627.4035;-2464.335
56070;-562.4292;-627.2651;-2464.597
56092;-562.3834;-626.6875;-2464.837
56119;-562.2287;-626.4788;-2464.849
56153;-562.1382;-626.2602;-2464.922
56186;-561.8164;-626.1158;-2464.957
56237;-561.7803;-626.0121;-2464.989
56254;-561.7321;-626.0146;-2464.998
56304;-561.2568;-625.418;-2465.002
56323;-558.8087;-621.5929;-2463.945
56357;-557.2736;-619.8893;-2463.706
56391;-556.9537;-620.0004;-2463.616
56424;-556.4149;-620.2878;-2463.561
56458;-555.7719;-619.666;-2463.616
56492;-555.1607;-618.916;-2463.542
56525;-554.2905;-616.8531;-2463.554
56559;-553.7563;-615.2992;-2463.579
56593;-553.248;-614.1262;-2463.634
56627;-553.2188;-613.8827;-2463.798
56660;-553.2676;-613.9492;-2463.846
56694;-553.0135;-612.809;-2463.862
56727;-553.0164;-612.5227;-2463.816
56785;-551.4266;-609.9808;-2462.399
56807;-551.3712;-609.7974;-2462.184
56846;-550.7535;-609.1589;-2461.42
56863;-550.5345;-608.3593;-2461.087
56897;-550.6058;-607.315;-2460.596
56930;-550.2999;-606.8289;-2460.157
56947;-549.6758;-606.1234;-2459.38
56998;-549.5132;-605.4531;-2458.786
57031;-548.7515;-605.9662;-2458.082
57048;-548.6608;-605.9944;-2457.331
57082;-548.6044;-605.9987;-2456.823
57133;-548.4478;-605.9164;-2455.532
57155;-548.8378;-605.5537;-2454.99
57196;-548.6784;-605.2018;-2453.948
57215;-548.7621;-605.0706;-2453.275
57249;-548.6376;-604.9283;-2452.553
57305;-548.4355;-604.9552;-2451.767
57327;-548.5485;-605.1014;-2451.61
57349;-548.5918;-605.389;-2451.406
57383;-548.1074;-606.3411;-2450.828
57416;-549.6885;-612.0998;-2450.887
57449;-549.3979;-613.8737;-2450.424
57500;-549.6684;-617.918;-2449.943
57519;-549.4615;-619.3184;-2449.527
57553;-549.435;-619.7247;-2449.235
57603;-549.369;-619.8513;-2448.797
57624;-549.4055;-620.2637;-2448.588
57658;-549.881;-621.2509;-2448.543
57691;-549.9469;-621.6498;-2448.386
57725;-550.2029;-621.4974;-2448.313
57759;-550.6526;-621.7056;-2448.512
57793;-551.4884;-622.0466;-2449.336
57826;-553.4734;-623.3419;-2450.894
57860;-554.8054;-623.976;-2451.787
57894;-555.4822;-625.0853;-2452.192
57927;-555.9736;-625.7188;-2452.601
57978;-557.0995;-625.5684;-2452.859
58013;-557.2701;-625.5582;-2452.733
58028;-557.4136;-625.884;-2452.457
58062;-557.6085;-625.9983;-2452.235
58096;-557.8429;-625.9833;-2451.98
58129;-558.0459;-625.9304;-2451.869
58163;-558.1166;-626.4299;-2451.586
58197;-558.0632;-626.7672;-2451.421
58231;-558.0895;-626.7953;-2451.366
58261;-558.4211;-627.7375;-2451.318
58297;-558.4532;-628.9435;-2451.235
58330;-558.4644;-628.9061;-2451.224
58348;-558.6159;-628.6594;-2451.211
58399;-558.8818;-628.6426;-2451.353
58432;-559.3556;-628.6133;-2451.65
58466;-559.6157;-628.4575;-2451.833
58483;-559.5832;-628.4521;-2451.943
58517;-559.5146;-628.8101;-2452.377
58567;-559.6455;-629.2397;-2452.834
58584;-559.7731;-629.2191;-2453.203
58618;-560.0372;-629.0671;-2453.75
58651;-560.3657;-628.6566;-2454.391
58685;-560.8666;-627.2329;-2455.135
58719;-561.0268;-626.8323;-2455.334
58753;-561.2573;-626.4189;-2455.565
58786;-561.2471;-626.3794;-2455.651
58820;-561.2767;-626.2977;-2455.711
58854;-561.2183;-626.1807;-2455.781
58887;-561.178;-626.0881;-2455.976
58921;-561.125;-625.9739;-2456.073
58955;-561.0562;-626.0852;-2456.331
58988;-560.9866;-625.7227;-2456.526
59033;-561.0579;-623.3456;-2457.118
59049;-560.3448;-622.9255;-2457.112
59086;-560.4162;-622.6356;-2457.301
59120;-559.63;-622.4232;-2457.113
59153;-556.1538;-619.3278;-2455.684
59187;-552.4223;-613.7806;-2453.825
59240;-551.5352;-612.4295;-2453.494
59260;-550.5475;-611.1288;-2452.952
59279;-549.3847;-610.2614;-2452.604
59329;-548.9235;-610.1133;-2452.451
59363;-548.3217;-609.7305;-2452.163
59397;-547.7231;-609.2245;-2451.927
59415;-547.2194;-607.5854;-2451.558
59449;-546.897;-607.3787;-2451.473
59499;-546.2336;-606.5814;-2451.372
59517;-545.5167;-605.2013;-2451.372
59550;-545.5054;-605.1999;-2451.378
59584;-545.232;-605.0603;-2451.418
59634;-545.1379;-605.1561;-2451.477
59651;-545.0502;-605.1448;-2451.53
59701;-544.8542;-604.38;-2451.602
59718;-544.7607;-603.7586;-2451.764
59769;-544.7717;-603.7455;-2451.768
59786;-544.8151;-603.532;-2451.802
59836;-544.8145;-603.6157;-2451.728
59853;-544.9978;-603.6247;-2451.711
59887;-545.1605;-603.7748;-2451.657
59921;-545.33;-604.0009;-2451.34
59971;-545.3751;-604.4128;-2450.902
59988;-545.5542;-605.4035;-2450.239
60042;-546.3485;-608.5773;-2449.149
60059;-546.5146;-609.0857;-2449.144
60092;-547.5897;-610.9474;-2449.156
60126;-548.1664;-612.6193;-2449.438
60165;-548.8233;-614.3168;-2449.947
60199;-549.4646;-616.821;-2451.027
60232;-549.6313;-617.2349;-2451.309
60249;-550.3045;-618.416;-2452.422
60300;-550.4542;-618.5089;-2452.613
60317;-550.3568;-618.6136;-2452.857
60350;-551.0189;-620.1337;-2454.031
60386;-551.0607;-620.4844;-2454.41
60418;-551.5698;-621.113;-2455.096
60451;-551.6629;-621.31;-2455.292
60485;-551.9396;-621.3481;-2455.582
60519;-552.1409;-621.8723;-2455.792
60553;-552.7513;-622.7537;-2456.734
60610;-552.7319;-623.5622;-2457.107
60620;-552.8122;-624.0125;-2457.435
60654;-552.9493;-624.6002;-2457.647
60687;-553.4742;-625.57;-2458.26
60738;-553.9131;-626.2685;-2458.707
60755;-553.9702;-626.592;-2458.597
60798;-554.0508;-626.7766;-2458.464
60832;-554.2004;-626.72;-2458.416
60869;-554.4348;-626.8698;-2458.309
60903;-554.5916;-626.8906;-2458.247
60920;-555.0139;-627.3608;-2458.117
60971;-555.2929;-627.7558;-2457.977
60987;-556.0217;-628.1146;-2458.002
61021;-556.1318;-627.8965;-2457.805
61055;-556.8683;-627.7902;-2457.839
61089;-557.0441;-627.7369;-2457.752
61122;-557.2974;-627.7347;-2457.736
61156;-557.3827;-627.6896;-2457.482
61190;-557.4495;-627.5759;-2457.418
61223;-557.5406;-627.4344;-2457.46
61268;-557.7121;-627.3795;-2457.436
61298;-557.8954;-627.3264;-2457.54
61332;-557.8848;-627.2776;-2457.549
61366;-558.5187;-627.7584;-2457.944
61411;-558.7755;-627.5085;-2458.19
61562;-559.0435;-627.3024;-2458.453
61574;-558.9778;-627.2823;-2458.643
61624;-559.3638;-626.4401;-2458.657
61658;-559.6072;-626.1595;-2458.747
61691;-559.7131;-626.3074;-2458.839
61726;-559.7265;-626.2642;-2458.847
61759;-559.8372;-626.0358;-2458.773
61793;-559.7416;-626.0521;-2458.677
61826;-559.7833;-625.432;-2458.517
61860;-559.4846;-624.2575;-2457.959
61894;-559.4423;-624.2632;-2457.913
61927;-559.4389;-623.9975;-2457.825
61961;-558.6213;-623.4289;-2457.408
61997;-556.413;-619.85;-2456.256
62016;-554.9765;-616.8556;-2455.514
62067;-552.9072;-613.2134;-2453.921
62100;-551.7195;-610.661;-2453.142
62118;-551.5576;-610.7512;-2453.058
62168;-550.3304;-608.9111;-2452.041
62185;-549.0735;-606.9916;-2451.27
62235;-548.855;-606.7921;-2451.108
62252;-548.7612;-606.5814;-2451.159
62286;-548.5197;-605.9481;-2451.061
62320;-548.4915;-605.3066;-2451.18
62353;-548.3979;-605.1475;-2451.217
62387;-548.2293;-604.1872;-2451.091
62421;-548.4172;-603.8271;-2451.174
62455;-548.3791;-603.6241;-2451.187
62492;-548.3749;-603.6093;-2451.186
62524;-548.1841;-603.348;-2451.118
62557;-548.123;-603.0904;-2451.18
62591;-548.205;-602.6042;-2451.354
62624;-547.9999;-602.4177;-2451.371
62658;-547.9389;-602.2245;-2451.279
62692;-547.9099;-601.8696;-2451.413
62726;-547.8603;-601.7918;-2451.362
62759;-547.7709;-602.1173;-2451.484
62793;-547.7543;-602.5899;-2451.536
62827;-547.7835;-602.7778;-2451.472
62860;-547.7837;-603.2977;-2451.449
62894;-547.5604;-604.1504;-2451.19
62928;-547.744;-606.0354;-2450.944
62963;-547.4976;-607.1572;-2450.565
62997;-547.6158;-608.3216;-2450.23
63032;-548.3779;-609.7563;-2450.102
63050;-548.5217;-609.9406;-2449.891
63099;-549.9842;-613.0018;-2449.955
63116;-551.1857;-616.4378;-2450.441
63149;-551.3692;-616.9561;-2450.495
63200;-552.1306;-617.4699;-2450.879
63217;-552.2913;-617.9149;-2450.836
63250;-552.8221;-618.833;-2451.145
63284;-553.4404;-620.1537;-2451.448
63335;-553.3969;-621.6459;-2451.685
63368;-555.007;-623.2172;-2452.708
63385;-555.8114;-623.1856;-2452.919
63419;-556.1175;-623.582;-2453.109
63453;-556.3601;-623.6359;-2453.146
63487;-557.1042;-623.8217;-2453.051
63537;-557.717;-624.2604;-2452.986
63571;-557.7681;-624.3912;-2452.708
63588;-557.9606;-624.5427;-2452.484
63636;-558.2637;-624.5721;-2452.326
63659;-558.4739;-625.0558;-2452.062
63693;-558.8721;-625.8155;-2451.966
63726;-558.9794;-625.8835;-2451.861
63760;-559.0681;-625.8635;-2451.784
63794;-559.3209;-626.2175;-2451.817
63838;-559.4958;-626.2916;-2451.741
63854;-559.7291;-626.168;-2451.618
63888;-560.8273;-628.0001;-2451.985
63922;-561.1838;-627.8339;-2451.96
63956;-561.308;-627.7991;-2451.858
63989;-561.7952;-628.7536;-2451.973
64023;-562.0469;-629.3402;-2452.044
64057;-562.1597;-629.1407;-2451.645
64090;-562.3398;-628.3147;-2451.401
64124;-562.3864;-628.2183;-2451.351
64158;-562.4772;-628.1505;-2451.283
64192;-562.5799;-628.0245;-2451.372
64225;-562.7446;-627.9183;-2451.509
64259;-562.9566;-627.6341;-2451.688
64293;-562.9608;-627.4565;-2451.774
64327;-562.9814;-627.4658;-2451.942
64361;-562.8337;-626.8865;-2451.964
64394;-562.8309;-626.9281;-2452.05
64427;-562.7543;-626.6194;-2452.074
64461;-562.7453;-627.8113;-2452.543
64495;-562.9008;-626.8857;-2452.552
64528;-562.848;-626.5159;-2452.576
64562;-562.7467;-626.3776;-2452.669
64596;-562.6834;-626.0295;-2452.786
64629;-562.5099;-625.9461;-2452.94
64663;-562.3976;-625.103;-2453.283
64697;-562.1245;-625.4757;-2453.49
64730;-562.0552;-625.787;-2453.66
64773;-561.9127;-625.0934;-2453.749
64822;-561.8896;-624.0009;-2454.104
65028;-561.2758;-623.3174;-2454.491
65052;-559.7755;-619.0446;-2456.019
65085;-557.8138;-614.7784;-2456.108
65119;-557.7299;-614.516;-2456.133
65153;-557.2198;-613.2108;-2456.028
65186;-554.7402;-609.7731;-2455.331
65220;-553.8423;-608.7401;-2455.445
65270;-553.383;-607.5259;-2455.345
65287;-553.0661;-607.0958;-2455.294
65323;-552.7381;-606.2097;-2455.287
65372;-551.2911;-603.9609;-2455.014
65389;-550.7195;-603.6566;-2454.946
65422;-549.6166;-602.5496;-2454.21
65456;-549.3871;-602.3527;-2454.092
65489;-548.8686;-601.9033;-2453.655
65523;-548.4557;-601.5633;-2453.308
65574;-548.2987;-601.3619;-2453.169
65591;-548.2497;-601.1373;-2453.11
65641;-548.6965;-601.7235;-2453.085
65658;-548.4937;-601.733;-2452.991
65692;-547.9666;-600.7103;-2452.857
65725;-547.9869;-600.7113;-2452.86
65759;-548.1071;-602.8556;-2452.547
65793;-548.048;-603.0485;-2452.389
65827;-548.1031;-603.8555;-2451.839
65860;-548.0978;-604.3362;-2451.312
65911;-548.1257;-604.4975;-2450.921
65927;-547.9772;-604.1187;-2449.927
65979;-548.023;-604.7064;-2449.371
65995;-548.1446;-604.959;-2448.995
66029;-547.9257;-605.3223;-2448.112
66062;-547.9557;-605.5378;-2447.896
66096;-548.1223;-605.7402;-2447.693
66130;-548.3908;-605.8679;-2447.606
66181;-548.7416;-607.6228;-2447.422
66197;-551.4476;-613.4217;-2447.754
66231;-552.2805;-615.7177;-2447.441
66265;-554.0824;-617.9344;-2447.894
66283;-554.7383;-618.7405;-2448.037
66317;-555.2247;-619.8008;-2448.107
66368;-555.6678;-620.9988;-2448.259
66386;-555.9143;-621.324;-2448.262
66419;-556.0927;-622.8696;-2448.41
66455;-556.1718;-623.1802;-2448.4
66489;-556.2311;-623.2631;-2448.321
66523;-556.4932;-623.793;-2448.313
66557;-556.5048;-624.8614;-2448.402
66607;-556.588;-624.6252;-2448.036
66624;-556.7985;-624.8523;-2447.8
66658;-556.9794;-625.1888;-2447.258
66691;-557.2506;-625.926;-2446.887
66770;-557.526;-625.8257;-2446.352
66786;-557.7279;-625.9163;-2446.093
66803;-558.0176;-626.3525;-2445.701
66820;-558.1867;-626.8183;-2445.329
66854;-558.2442;-626.9056;-2445.151
66890;-558.3625;-626.9697;-2444.964
66924;-558.5087;-627.646;-2444.756
66957;-558.6348;-628.1774;-2444.71
66993;-558.6363;-628.1357;-2444.542
67027;-558.7608;-628.2603;-2444.501
67061;-558.57;-628.5006;-2444.225
67095;-558.4554;-628.8403;-2444.098
67128;-558.4005;-629.4112;-2443.99
67162;-558.4295;-629.7322;-2443.95
67196;-558.4214;-629.6426;-2443.86
67229;-558.5278;-629.8423;-2443.865
67263;-558.5816;-629.9157;-2443.878
67297;-558.6075;-629.8993;-2443.839
67331;-558.593;-629.9013;-2443.828
67352;-558.5873;-630.189;-2443.961
67385;-558.545;-630.2299;-2443.986
67428;-558.5886;-630.252;-2443.997
67461;-558.5766;-630.139;-2444.056
70347;-559.0167;-630.6372;-2447.528
70364;-559.0165;-629.866;-2450.01
70381;-559.3385;-629.2864;-2451.102
70397;-559.9709;-628.0296;-2452.365
70434;-559.8766;-627.4854;-2452.922
70452;-559.8345;-627.4514;-2453.395
70486;-560.0972;-627.0184;-2453.941
70536;-560.1432;-626.8784;-2454.131
70553;-560.238;-627.0812;-2454.657
70587;-560.1137;-626.9788;-2454.798
70660;-560.1133;-624.9991;-2455.317
70670;-559.6199;-624.277;-2455.166
70704;-557.2495;-619.9252;-2454.821
70721;-556.1227;-617.127;-2454.733
70754;-555.0082;-614.8297;-2454.405
70788;-553.9924;-612.9596;-2454.159
70822;-553.7172;-612.6757;-2454.127
70872;-553.2769;-612.3134;-2454.042
70889;-551.8221;-610.4101;-2453.677
70923;-551.4421;-609.7024;-2453.566
70957;-550.9754;-609.2917;-2453.469
71008;-550.0515;-607.5369;-2453.27
71024;-549.0731;-606.3898;-2453.021
71058;-549.0251;-606.369;-2452.954
71092;-548.6184;-605.8826;-2452.693
71125;-548.4267;-606.1594;-2452.541
71159;-548.2826;-605.11;-2451.906
71199;-547.6882;-604.2515;-2451.001
71226;-547.2512;-602.8976;-2450.16
71260;-546.902;-602.5103;-2449.717
71294;-546.7416;-602.6336;-2449.531
71327;-546.6058;-602.623;-2449.313
71361;-546.6372;-602.8329;-2449.064
71395;-546.5897;-603.2148;-2448.72
71428;-547.2668;-603.772;-2448.544
71462;-547.6352;-604.2376;-2448.302
71496;-547.747;-604.3311;-2448.006
71526;-548.23;-604.7597;-2447.525
71664;-550.2945;-607.0244;-2446.919
71681;-551.2875;-608.0672;-2446.587
71732;-553.1204;-611.9138;-2446.595
71765;-554.2526;-614.3645;-2446.565
71782;-554.9771;-615.0197;-2446.571
71833;-555.8676;-615.9917;-2446.816
71866;-556.3291;-616.998;-2446.918
71885;-556.9471;-617.9402;-2447.011
71919;-557.4739;-618.7018;-2447.013
71953;-557.2456;-619.8264;-2446.695
71986;-557.2474;-620.0383;-2446.617
72020;-557.1077;-621.8102;-2446.848
72070;-557.5115;-622.4193;-2447.068
72087;-557.2632;-623.3053;-2447.051
72138;-557.5333;-623.5475;-2447.026
72155;-558.3304;-625.7189;-2447.776
72189;-558.7888;-626.9857;-2448.265
72222;-559.1927;-628.0555;-2448.48
72273;-559.2945;-628.1246;-2448.457
72290;-559.7603;-628.5866;-2448.487
72323;-560.3212;-629.6849;-2448.421
72357;-560.3615;-629.6809;-2448.39
72391;-560.5547;-629.9736;-2448.542
72425;-560.4867;-630.1504;-2448.509
72458;-560.5755;-629.9633;-2448.411
72492;-560.9818;-630.0231;-2448.489
72543;-561.0428;-629.7197;-2448.445
72560;-561.072;-629.735;-2448.416
72593;-561.2882;-629.727;-2448.494
72627;-561.2876;-629.7255;-2448.483
72661;-561.3433;-629.6409;-2448.492
72694;-561.2545;-629.9044;-2448.513
72745;-561.2201;-629.9122;-2448.592
72772;-561.2257;-629.901;-2448.6
72798;-561.0461;-629.5386;-2448.523
72832;-561.0401;-629.1574;-2448.606
72866;-560.7028;-628.5461;-2448.352
72899;-560.6411;-628.5791;-2448.332
72933;-560.5826;-628.5205;-2448.267
72967;-560.3218;-628.0679;-2447.968
73001;-560.0897;-626.8521;-2447.71
73034;-559.8762;-626.7256;-2447.643
73069;-559.8675;-626.5439;-2447.619
73103;-559.9095;-626.3741;-2447.706
73122;-559.8597;-624.9023;-2447.683
73160;-559.5483;-623.7783;-2447.727
73196;-559.4584;-622.6525;-2447.863
73230;-557.9985;-619.9501;-2447.66
73263;-556.2265;-617.5345;-2447.208
73289;-555.1306;-616.8936;-2446.558
73330;-553.3256;-614.7006;-2445.57
73388;-551.974;-612.8409;-2444.888
73422;-550.8506;-611.9105;-2444.57
73456;-550.4162;-612.1713;-2444.495
73490;-549.0254;-611.0862;-2444.203
73524;-548.0637;-609.4777;-2443.827
73558;-548.0101;-609.5504;-2443.78
73592;-547.0198;-608.4677;-2443.539
73627;-546.5769;-607.9811;-2443.303
73665;-545.851;-607.0956;-2442.728
73700;-545.528;-606.5873;-2442.231
73747;-545.0782;-606.3495;-2441.771
73762;-544.2314;-605.4667;-2440.912
73795;-544.205;-605.562;-2440.744
73815;-544.1979;-605.6313;-2440.628
73866;-544.3235;-605.2101;-2440.285
73899;-544.2651;-605.1263;-2440.101
73918;-544.6027;-605.3406;-2440.04
73952;-545.0978;-605.5603;-2440.071
73986;-545.4434;-605.9551;-2440.281
74019;-547.2719;-608.2127;-2440.903
74070;-547.3093;-608.2095;-2440.919
74104;-547.6227;-608.1988;-2440.942
74120;-548.3219;-610.2335;-2440.95
74171;-549.7078;-613.1396;-2441.378
74244;-550.1138;-615.2599;-2441.415
74494;-550.9637;-621.1769;-2442.331
74526;-550.8488;-621.4383;-2442.536
74577;-550.9133;-622.019;-2442.827
74594;-551.1246;-622.3956;-2442.992
74628;-551.1216;-622.593;-2443.037
74661;-550.8767;-623.8402;-2443.163
74695;-550.8409;-626.0181;-2443.554
74729;-551.0453;-626.1177;-2443.713
74762;-551.1903;-627.5145;-2444.085
74796;-551.1937;-627.5222;-2444.114
74830;-551.3294;-627.8436;-2444.329
74863;-551.2944;-627.8819;-2444.397
74897;-551.2761;-627.9928;-2444.516
74931;-551.1912;-628.8298;-2444.748
74964;-551.0513;-629.2622;-2444.812
74998;-550.9044;-629.3619;-2444.8
75032;-550.1367;-629.7018;-2444.335
75066;-549.0793;-629.6961;-2443.57
75099;-548.5662;-629.7037;-2443.083
75133;-548.2405;-629.6671;-2442.528
75167;-547.6488;-629.8731;-2442.043
75187;-546.8747;-629.9163;-2441.534
75233;-546.3665;-630.4161;-2441.275
75267;-546.089;-630.3176;-2440.999
75301;-545.6429;-630.683;-2440.705
75317;-545.0944;-630.9824;-2440.311
75382;-544.0397;-632.1119;-2440.116
75443;-543.0489;-633.2904;-2439.439
75676;-542.245;-634.3587;-2438.872
75692;-538.4133;-636.5162;-2438.006
75726;-537.0143;-636.8364;-2437.584
75761;-535.1869;-637.1248;-2437.114
75794;-533.5598;-637.4833;-2436.722
75829;-532.5643;-638.0538;-2436.32
75862;-530.8676;-638.0378;-2435.878
75884;-530.3666;-638.4101;-2435.869
75934;-529.9178;-638.2842;-2435.73
75968;-529.6154;-638.4612;-2435.775
76002;-529.547;-638.4666;-2435.852
76019;-529.3621;-638.5277;-2435.89
76053;-529.1552;-638.8104;-2435.898
76103;-529.0779;-638.9365;-2435.992
76121;-529.1731;-638.8717;-2436.091
76155;-529.1236;-638.8521;-2436.168
76189;-529.1419;-638.8055;-2436.218
76223;-529.4791;-638.3961;-2436.366
76266;-529.4778;-638.1858;-2436.511
76287;-530.6407;-638.1628;-2437.051
76321;-530.733;-638.1776;-2437.101
76371;-531.0657;-638.2128;-2437.327
76388;-532.272;-637.8036;-2437.816
76439;-532.8103;-637.8489;-2438.065
76455;-533.8103;-637.2441;-2438.389
76496;-534.441;-638.1088;-2438.878
76517;-535.0661;-638.6262;-2439.432
76568;-536.9446;-638.312;-2439.761
76585;-538.0671;-637.8051;-2439.837
76635;-539.9499;-637.236;-2440.146
76652;-540.6717;-637.2759;-2440.376
76686;-542.045;-637.0139;-2440.531
76725;-542.386;-636.9921;-2440.549
76758;-542.9609;-636.8171;-2440.43
76792;-543.4875;-636.8223;-2440.352
76860;-544.3688;-634.5009;-2438.283
76910;-544.4883;-634.2284;-2437.563
76927;-544.9932;-632.2034;-2435.663
76961;-544.9344;-630.8204;-2433.898
76994;-545.1506;-630.534;-2433.252
77163;-545.4117;-627.1038;-2429.859
77179;-545.5715;-627.0338;-2429.786
77196;-545.7159;-626.5873;-2429.733
77230;-546.0344;-625.7943;-2429.711
77264;-546.1288;-625.2241;-2429.781
77297;-546.5809;-623.9275;-2430.002
77323;-546.9063;-623.4144;-2430.328
77356;-546.9238;-623.4496;-2430.651
77390;-547.1442;-623.393;-2431.14
77427;-547.4775;-621.662;-2431.795
77462;-547.4749;-621.5354;-2432.021
77496;-547.3568;-621.2454;-2432.254
77529;-547.6369;-620.4783;-2432.73
77563;-547.6373;-620.4405;-2432.87
77596;-547.6877;-620.2449;-2433.225
77630;-548.0544;-620.6378;-2434.0
77665;-548.4141;-620.7535;-2434.489
77699;-548.5052;-620.7778;-2434.719
77732;-548.5942;-620.627;-2435.126
77766;-548.8116;-620.5674;-2435.581
77800;-549.3949;-622.374;-2436.999
77834;-549.35;-622.4927;-2437.548
77853;-549.6302;-622.5849;-2438.701
77884;-549.7601;-622.7651;-2439.642
77918;-549.7283;-622.8181;-2440.035
77984;-549.8842;-622.6779;-2440.409
78035;-550.2595;-622.694;-2440.979
78116;-550.2832;-622.8881;-2441.151
78165;-550.8636;-622.8684;-2441.651
78182;-550.9628;-622.9168;-2441.703
78198;-551.3179;-623.4113;-2442.104
78232;-552.2664;-623.723;-2442.876
78266;-552.4869;-625.1204;-2443.287
78299;-552.4327;-625.0837;-2443.322
78320;-552.3862;-626.6224;-2443.803
78360;-552.4699;-626.5385;-2443.809
78394;-552.4348;-626.5693;-2443.796
78428;-552.6176;-626.7927;-2443.876
78462;-552.653;-626.8906;-2443.895
78495;-553.1085;-626.8531;-2444.016
78529;-553.5021;-627.2911;-2444.111
78562;-553.7382;-627.2436;-2444.156
78596;-554.1018;-627.2355;-2444.26
78630;-554.4756;-627.5572;-2444.532
78664;-554.8951;-627.7859;-2444.883
78711;-555.0465;-627.6586;-2444.857
78728;-554.6013;-627.9458;-2444.624
78762;-552.9761;-625.3624;-2443.507
78795;-551.8415;-623.6938;-2442.575
78830;-551.5193;-623.8964;-2442.469
78864;-551.1661;-624.0692;-2442.471
78897;-550.7115;-624.4265;-2442.587
78949;-550.1525;-623.7468;-2442.819
78965;-550.0856;-623.7531;-2442.935
78999;-550.0919;-623.5492;-2443.122
79033;-549.6522;-623.2037;-2443.2
79067;-549.362;-623.0724;-2443.187
79100;-549.1755;-623.914;-2443.247
79134;-548.5291;-623.8135;-2442.402
79151;-548.0828;-623.8088;-2441.189
79206;-547.0405;-623.8311;-2439.112
79223;-546.7006;-625.1243;-2437.594
79256;-546.1721;-624.777;-2435.817
79290;-545.5575;-624.339;-2433.97
79324;-545.1095;-625.8287;-2432.445
79357;-543.9491;-626.001;-2430.748
79392;-542.1693;-627.5544;-2428.736
79427;-540.4653;-627.4878;-2427.148
79452;-537.1529;-630.0897;-2425.63
79502;-534.6391;-631.0292;-2424.424
79536;-529.7155;-629.8195;-2422.01
79570;-527.0709;-630.273;-2421.379
79609;-524.3315;-631.4454;-2421.051
79626;-521.0471;-632.6465;-2420.712
79659;-519.1204;-633.2554;-2420.264
79710;-517.4309;-632.8976;-2419.859
79730;-514.7689;-632.9213;-2419.637
79818;-510.84;-633.3934;-2419.891
79915;-503.0646;-634.4031;-2418.869
79934;-499.8996;-636.7459;-2417.957
79967;-499.1416;-637.9614;-2416.999
80001;-497.7933;-638.7048;-2415.9
80034;-496.0811;-640.4987;-2414.005
80068;-495.3061;-641.7908;-2412.173
80102;-495.0473;-642.205;-2410.7
80120;-494.419;-642.5133;-2409.053
80165;-491.7511;-643.4636;-2406.639
80199;-488.615;-642.9152;-2403.581
80250;-485.0855;-641.315;-2401.313
80266;-483.0717;-640.6663;-2400.221
80299;-482.647;-640.6823;-2399.905
80333;-481.2277;-639.6822;-2399.589
80367;-480.2463;-639.6852;-2399.406
80384;-480.2558;-639.3715;-2399.662
80451;-479.8289;-638.8087;-2399.991
80468;-480.5612;-638.476;-2400.351
80485;-480.3496;-639.6166;-2400.771
80537;-479.5674;-639.9257;-2401.457
80673;-479.5241;-639.8268;-2401.805
80736;-479.5091;-639.9338;-2402.222
80762;-479.6014;-639.8903;-2402.504
80795;-480.1673;-639.9033;-2403.139
80829;-482.1868;-640.506;-2404.721
80863;-485.9432;-642.2136;-2405.83
80896;-490.2827;-643.0684;-2407.473
80930;-494.411;-643.4465;-2409.19
80964;-498.1675;-644.0607;-2410.829
80997;-502.9789;-644.5751;-2412.517
81031;-505.4214;-643.8688;-2413.283
81055;-507.0506;-643.9078;-2414.406
81107;-510.1037;-643.5604;-2416.061
81124;-513.8365;-642.4355;-2417.637
81175;-516.1259;-642.1332;-2419.084
81192;-518.2117;-641.6584;-2420.846
81249;-523.0858;-640.676;-2423.186
81259;-527.2068;-640.4316;-2425.469
81311;-529.1206;-640.1304;-2426.952
81360;-533.1616;-640.2827;-2429.958
81375;-536.2001;-640.2233;-2432.165
81398;-537.4194;-640.0776;-2433.51
81431;-540.6588;-639.367;-2435.292
81482;-541.5432;-638.6703;-2436.091
81566;-547.1883;-639.0632;-2440.961
81582;-548.4979;-639.7582;-2442.319
81633;-549.7453;-639.5954;-2443.515
81667;-551.0541;-638.763;-2444.408
81706;-551.5469;-638.7217;-2444.883
81740;-552.2647;-638.371;-2445.468
81773;-553.2677;-637.4047;-2445.958
81807;-554.0886;-636.082;-2446.092
81857;-555.8386;-634.3304;-2446.73
81891;-556.3777;-634.2213;-2447.057
81942;-556.3276;-634.1612;-2447.11
81959;-556.5145;-632.1155;-2447.313
81992;-557.1023;-630.9171;-2448.167
82026;-557.7375;-630.8005;-2449.256
82061;-558.5001;-630.4675;-2450.185
82118;-559.1173;-629.4294;-2450.933
82134;-559.96;-629.0927;-2452.073
82222;-560.1614;-629.5797;-2452.89
82271;-560.8351;-629.3649;-2454.372
82289;-560.8678;-628.6291;-2454.713
82322;-560.7969;-628.4467;-2454.828
82356;-560.714;-627.9292;-2454.98
82407;-560.7716;-628.0485;-2455.085
82423;-560.8705;-628.2468;-2455.263
82474;-560.9308;-628.2542;-2455.315
82491;-560.902;-628.4354;-2455.37
82525;-560.8686;-628.402;-2455.378
82575;-560.8068;-628.36;-2455.323
82592;-560.641;-628.6475;-2455.267
82629;-560.5569;-628.608;-2455.128
82662;-560.4484;-628.2896;-2455.044
82696;-560.1024;-627.3002;-2454.455
82730;-560.075;-627.0797;-2454.351
82764;-559.6262;-625.1985;-2453.577
82797;-559.6382;-625.1452;-2453.538
82848;-559.6685;-625.2001;-2453.541
82864;-559.7269;-625.222;-2453.451
82903;-559.5757;-625.041;-2453.233
82940;-559.5318;-624.4874;-2452.993
82957;-559.5588;-624.4986;-2453.014
82992;-559.5474;-624.4949;-2453.013
83043;-559.5156;-624.3619;-2453.113
83121;-559.3734;-625.3405;-2453.284
83224;-560.1285;-626.2578;-2453.958
83239;-560.579;-626.8609;-2454.25
83290;-560.5163;-626.6984;-2454.141
83326;-560.1208;-627.1349;-2453.789
83363;-560.0369;-626.8973;-2453.453
83389;-559.8504;-626.5105;-2453.167
83422;-559.6808;-626.427;-2452.823
83456;-559.0229;-627.5966;-2452.221
83490;-558.2067;-627.6403;-2451.662
83523;-557.2896;-628.1283;-2451.13
83557;-557.0302;-628.4698;-2450.782
83608;-556.5972;-628.9885;-2450.49
83624;-556.2268;-628.4305;-2449.889
83675;-556.1286;-628.4218;-2449.754
83692;-555.7249;-628.2311;-2449.218
83728;-555.1655;-628.1449;-2448.236
83762;-554.8466;-627.9312;-2447.476
83795;-554.5209;-628.278;-2446.762
83829;-554.6484;-628.7663;-2446.227
83879;-553.9873;-628.3077;-2444.824
83896;-553.8555;-628.3117;-2444.59
83930;-553.8282;-628.4243;-2444.434
83964;-552.9209;-628.0404;-2443.432
83984;-552.1732;-628.4761;-2443.18
84021;-551.3852;-628.7631;-2443.031
84114;-551.1857;-628.7457;-2443.107
84585;-551.1543;-628.2305;-2443.274
84612;-550.8301;-628.5696;-2443.54
84680;-549.9189;-628.1044;-2443.557
84705;-549.5574;-627.822;-2443.825
84721;-549.1194;-627.658;-2443.955
84755;-549.1016;-627.59;-2444.03
84789;-549.1247;-627.5731;-2444.202
84824;-549.0954;-627.2399;-2444.263
84860;-549.1249;-627.2722;-2444.359
84894;-549.2553;-627.2309;-2444.449
84928;-549.7034;-628.5092;-2445.046
84961;-549.4241;-628.3632;-2444.987
84995;-549.4282;-628.3582;-2444.974
85029;-549.3776;-628.4559;-2445.009
85063;-549.5048;-628.6997;-2445.148
85096;-550.0286;-629.0784;-2445.458
85134;-550.0555;-629.1767;-2445.471
85175;-550.6705;-630.0609;-2445.618
85204;-550.9311;-630.3482;-2445.579
85283;-550.8831;-630.6743;-2445.699
85303;-550.7954;-630.116;-2446.21
85370;-550.394;-629.4028;-2447.292
85404;-550.8344;-630.4147;-2449.708
85438;-551.7177;-631.0015;-2451.889
85471;-551.7378;-631.3843;-2452.432
85505;-551.6824;-631.2916;-2452.553
85539;-551.6845;-631.2853;-2452.556
85556;-551.7347;-631.3775;-2452.395
85606;-551.0648;-632.2358;-2451.048
85640;-551.2164;-633.1612;-2450.458
85659;-551.2037;-634.4634;-2449.468
85709;-551.2728;-635.1998;-2448.56
85725;-551.6879;-635.451;-2448.319
85759;-551.498;-635.6836;-2447.787
85793;-551.475;-635.5676;-2447.713
85826;-551.186;-635.011;-2447.575
85860;-551.1828;-635.182;-2447.786
85894;-551.1079;-635.0475;-2447.997
85945;-551.1827;-635.5227;-2448.869
85961;-551.1282;-635.4362;-2449.523
85995;-551.3101;-635.3704;-2451.117
86067;-551.4463;-634.8171;-2451.922
86083;-551.2454;-634.6887;-2452.39
86134;-551.2825;-634.6055;-2452.966
86150;-551.3491;-634.2956;-2454.147
86184;-551.5204;-633.7776;-2454.821
86235;-551.5391;-633.6077;-2455.843
86251;-551.6328;-633.1221;-2456.517
86285;-551.6403;-633.091;-2457.827
86320;-551.8281;-633.0552;-2459.312
86369;-551.9402;-633.5773;-2460.635
86387;-551.4603;-633.5577;-2461.174
86437;-550.0616;-632.1996;-2461.859
86454;-547.0834;-632.2772;-2462.398
86504;-545.2875;-632.4163;-2462.196
86523;-541.5461;-631.9272;-2460.838
86557;-536.7675;-631.4583;-2457.875
86591;-534.3444;-631.0151;-2455.059
86624;-529.0046;-632.1672;-2449.305
86675;-523.265;-631.0898;-2441.018
86691;-519.0231;-630.6924;-2433.97
86725;-515.2678;-630.3405;-2428.863
86759;-511.8115;-629.0049;-2424.278
86810;-510.3033;-627.4937;-2419.18
86829;-510.5274;-625.0488;-2414.151
86854;-512.3465;-622.0283;-2407.569
86905;-513.7808;-619.9158;-2401.761
86922;-517.8725;-614.5469;-2392.878
86955;-519.8759;-609.4302;-2387.335
86990;-522.3451;-605.6169;-2381.622
87040;-525.0591;-603.4262;-2377.009
87057;-527.0294;-602.5258;-2372.053
87107;-530.3494;-602.2101;-2366.57
87124;-533.1741;-603.0452;-2361.019
87158;-536.6495;-604.1323;-2354.66
87208;-539.5703;-604.4003;-2348.41
87334;-546.1258;-606.9691;-2336.41
87369;-559.9838;-612.2167;-2316.063
87422;-568.0729;-615.2193;-2306.806
87440;-572.5655;-615.8121;-2300.995
87456;-580.6288;-615.9063;-2292.75
87489;-592.7906;-612.4069;-2275.528
87523;-600.3203;-610.1549;-2269.312
87557;-614.4333;-604.9627;-2262.838
87591;-620.3248;-599.7357;-2254.717
87624;-623.8221;-590.3901;-2241.766
87670;-632.0886;-593.0198;-2237.209
87688;-643.9865;-590.4081;-2232.95
87729;-656.2475;-590.4711;-2232.301
87755;-672.1994;-648.5661;-2240.203
87788;-695.4509;-647.0381;-2262.562
87821;-708.7888;-640.859;-2272.021
87855;-727.698;-595.4893;-2281.786
87905;-742.9138;-625.8481;-2311.115
87939;-748.5988;-620.9819;-2314.743
87956;-751.6148;-608.0209;-2307.037
87990;-755.2869;-607.5513;-2296.165
88040;-758.1078;-606.4592;-2277.153
88074;-758.7109;-604.8129;-2255.318
88090;-758.6313;-606.5279;-2237.444
88124;-759.0765;-606.1851;-2219.337
88175;-759.4869;-604.2661;-2200.829
88191;-760.9442;-607.2367;-2183.821
88225;-768.1997;-609.6525;-2167.009
88259;-788.1293;-612.9168;-2159.104
88293;-809.303;-588.137;-2140.993
88326;-813.2343;-595.1598;-2128.539
88360;-822.6277;-593.0711;-2117.661
88394;-826.2054;-557.4109;-2073.282
88898;-750.1078;-442.4048;-1977.898
88949;-671.7601;-476.8139;-1740.322
88965;-243.5442;-319.5022;-1329.33
88999;-237.635;-323.9043;-1333.305
89038;-224.7881;-324.7692;-1347.173
89071;-216.4438;-329.8641;-1363.613
89105;-207.8118;-333.2932;-1389.897
89139;-200.8702;-338.6546;-1418.328
89173;-200.9401;-348.4065;-1446.359
89207;-197.4194;-356.4828;-1496.591
89240;-200.4579;-363.2233;-1506.799
89274;-667.765;-765.8438;-1434.307
89347;-666.2319;-762.7975;-1421.773
89375;-641.3209;-682.2463;-1373.699
89392;-640.0213;-699.0479;-1352.85
89417;-659.7313;-763.3044;-1348.233
89437;-662.9173;-761.475;-1354.736
89454;-662.6863;-761.2562;-1354.32
89504;-656.3757;-760.631;-1342.493
89539;-628.6583;-628.3096;-1169.96
89579;-630.1528;-523.4207;-1154.774
89627;-625.9781;-443.8734;-1187.652
89671;-687.8712;-679.1322;-1257.613
89688;-647.7586;-259.8708;-1233.052
89728;-608.1212;-462.8131;-1133.997
89762;-656.7108;-218.5885;-1248.136
89795;-578.1328;-93.37169;-1278.629
89829;-211.1869;-32.88718;-514.7344
89862;-211.6169;-38.74442;-514.0411
90001;-211.6169;-38.74442;-514.0411
90065;-240.2905;-487.6574;-2196.476
90099;-242.6114;-484.0779;-2210.506
90132;-241.1839;-478.2499;-2235.85
90166;-244.1663;-479.4326;-2247.296
90200;-242.7088;-477.2606;-2279.268
90233;-240.152;-447.9925;-2323.132
90263;-256.0267;-474.4114;-2316.614
90324;-260.0425;-468.4067;-2324.09
90341;-269.5602;-511.4792;-2343.488
90363;-273.6553;-520.8931;-2355.999
90396;-288.1369;-524.6804;-2379.16
90430;-301.5193;-529.2507;-2410.017
90464;-315.6264;-533.2447;-2445.996
90498;-322.0898;-540.2374;-2478.229
90531;-325.7499;-548.4983;-2509.391
90565;-323.1415;-550.5271;-2536.69
90616;-322.5659;-559.7384;-2545.892
90632;-321.4219;-562.4301;-2554.635
90666;-322.5985;-560.9914;-2558.913
90700;-323.2635;-561.0438;-2564.514
90733;-323.5449;-559.4243;-2566.919
90755;-323.4919;-554.048;-2570.134
90789;-321.5575;-551.4276;-2576.075
90822;-320.799;-551.1814;-2577.04
90856;-318.8604;-552.7308;-2578.127
90914;-315.6102;-555.7082;-2579.758
90945;-313.8581;-556.8874;-2579.374
90962;-307.7503;-555.521;-2577.095
90996;-301.4908;-556.6954;-2575.547
91024;-290.9073;-553.7091;-2570.03
91058;-283.136;-553.0542;-2566.625
91108;-272.2773;-559.3112;-2562.657
91125;-263.8467;-559.8489;-2561.961
91175;-238.7563;-542.5459;-2550.713
91192;-232.7742;-549.8586;-2550.737
91226;-218.162;-534.1843;-2546.889
91260;-216.0345;-535.9852;-2545.512
91293;-203.5777;-521.3645;-2539.762
91327;-199.8939;-519.7328;-2538.169
91361;-194.2238;-519.5879;-2536.454
91394;-176.0023;-512.0806;-2530.885
91428;-171.6167;-512.8139;-2529.045
91462;-160.4178;-511.6581;-2523.92
91496;-148.9386;-513.015;-2518.375
91529;-137.1196;-511.9898;-2511.221
91563;-125.4158;-509.6112;-2502.01
91597;-107.4657;-500.3295;-2487.341
91630;-99.45455;-502.1622;-2482.825
91664;-91.00878;-501.53;-2478.228
91718;-83.94267;-503.7332;-2476.148
91731;-78.65352;-505.9041;-2476.509
91765;-75.90269;-514.9316;-2480.596
91818;-75.30835;-518.4374;-2483.803
91852;-77.16818;-525.5101;-2491.3
