
0;-305.013;126.4289;-1764.18
17;-316.3818;126.1534;-1761.62
56;-330.1199;127.5414;-1759.67
138;-349.8631;126.476;-1754.268
155;-360.2293;127.5725;-1751.9
189;-370.0137;128.4792;-1749.779
213;-379.6698;129.0235;-1748.035
247;-385.3739;128.5344;-1746.72
280;-392.5992;127.6644;-1744.487
314;-396.434;127.158;-1743.168
345;-402.2528;125.8993;-1741.267
380;-406.5091;124.7175;-1740.334
414;-410.7444;124.397;-1739.96
448;-417.0058;124.1253;-1739.594
481;-421.8491;123.8826;-1739.731
515;-427.9558;124.0142;-1740.416
549;-433.725;122.9897;-1740.779
583;-438.2224;122.3084;-1740.877
633;-442.5722;121.4061;-1741.105
650;-448.696;119.2718;-1740.017
684;-453.9817;117.1262;-1738.085
725;-458.8994;116.2071;-1735.443
742;-464.6334;115.6351;-1730.648
777;-468.935;114.624;-1724.446
827;-471.4216;114.3857;-1718.482
844;-471.8289;110.5007;-1709.195
894;-470.8139;102.8936;-1697.401
911;-471.1174;101.63;-1690.908
945;-472.8033;102.4866;-1681.268
979;-470.3427;102.8664;-1672.839
1029;-468.2296;103.4461;-1660.484
1047;-465.9444;104.0259;-1649.49
1089;-462.0962;105.2936;-1637.2
1122;-455.9758;105.9769;-1623.008
1156;-448.3611;107.341;-1608.413
1207;-437.8958;109.036;-1592.939
1223;-427.653;106.6467;-1575.408
1257;-415.1215;103.7802;-1555.758
1280;-403.8187;103.6;-1536.533
1314;-385.4479;101.713;-1510.857
1365;-372.5663;100.3842;-1485.779
1386;-359.7495;104.3602;-1458.849
1432;-342.4525;109.5184;-1426.779
1466;-329.1152;104.8374;-1397.264
1483;-310.0002;112.3281;-1365.374
1517;-290.5906;102.8252;-1332.591
1551;-275.5011;95.25269;-1305.231
1584;-261.4374;91.33044;-1272.377
1635;-248.2246;87.99687;-1243.368
1686;-234.1446;83.9557;-1216.272
1728;-217.217;84.56197;-1192.02
1757;-175.5144;72.05196;-1149.215
1791;-157.6864;67.69447;-1131.298
1829;-147.5568;60.80265;-1102.041
1850;-169.9211;24.8484;-1067.025
1883;-104.9792;75.812;-1063.037
1935;-81.6063;63.91504;-1042.341
1950;-56.03083;96.98184;-1035.82
1984;-74.24773;239.1654;-932.2522
2021;-3.647111;143.4807;-1035.63
2055;122.135;73.99421;-939.3243
2091;122.135;73.99421;-939.3243
2124;122.135;73.99421;-939.3243
2156;122.135;73.99421;-939.3243
2189;122.135;73.99421;-939.3243
2659;-600.9042;-155.4433;-2522.688
2676;-600.5782;-155.8672;-2523.037
2692;-599.6265;-154.6306;-2522.997
2709;-598.6575;-154.9122;-2523.046
2759;-598.1353;-155.0389;-2523.159
2793;-597.2114;-154.1074;-2522.934
2827;-596.8502;-152.3914;-2522.716
2860;-596.7722;-152.3309;-2522.713
2894;-596.0225;-151.2498;-2522.761
2928;-597.6145;-155.7667;-2520.887
2989;-596.4222;-153.6572;-2521.438
3022;-596.3334;-153.6548;-2521.407
3056;-596.3973;-153.3939;-2521.353
3089;-596.27;-153.0711;-2521.387
3123;-596.1509;-152.4572;-2521.571
3173;-595.8254;-152.2042;-2521.73
3209;-595.7255;-151.5419;-2521.851
3225;-595.7846;-151.347;-2521.911
3242;-595.4483;-149.6228;-2522.454
3276;-594.9196;-148.3589;-2522.777
3309;-594.9498;-147.7067;-2522.731
3345;-595.709;-147.0813;-2522.633
3395;-596.072;-146.9209;-2522.623
3412;-597.4695;-145.344;-2522.929
3445;-598.7217;-145.3443;-2523.071
3490;-599.104;-145.311;-2523.179
3546;-600.1509;-145.5511;-2523.199
3562;-601.5453;-145.5494;-2522.978
3611;-602.3268;-145.7838;-2523.048
3628;-603.926;-146.141;-2523.488
3662;-605.2157;-145.591;-2524.988
3696;-607.1729;-145.4739;-2526.109
3729;-610.2718;-145.8428;-2525.936
3763;-614.6406;-146.0544;-2526.001
3780;-618.1321;-146.4778;-2526.336
3820;-620.5187;-146.7785;-2526.394
3849;-621.5547;-146.609;-2526.74
3902;-623.6137;-146.5747;-2527.296
3934;-625.8459;-146.8761;-2527.611
3960;-626.9088;-147.0458;-2527.494
4001;-627.7406;-147.6804;-2527.418
4017;-628.4889;-147.7844;-2527.349
4051;-629.2174;-148.0546;-2527.278
4086;-629.9761;-148.1231;-2527.284
4133;-630.5295;-148.1888;-2527.335
4153;-630.777;-148.1506;-2527.247
4190;-630.7747;-148.1579;-2527.198
4230;-630.7939;-148.2435;-2527.106
4247;-631.0095;-148.2595;-2526.955
4281;-631.0659;-148.1732;-2526.838
4314;-630.9313;-147.9002;-2526.568
4348;-630.3818;-147.8773;-2526.039
4398;-628.7488;-147.7739;-2524.87
4432;-627.5408;-146.7302;-2524.366
4449;-624.6288;-145.4852;-2523.075
4483;-620.785;-145.2886;-2522.499
4516;-615.1691;-144.6105;-2522.042
4550;-608.7509;-145.2858;-2520.897
4584;-605.1961;-145.1997;-2520.2
4617;-597.7662;-143.0481;-2520.074
4651;-593.3235;-140.8578;-2519.553
4685;-584.3121;-140.2803;-2518.13
4750;-574.0688;-143.4156;-2517.237
4798;-564.0157;-142.1859;-2516.65
4815;-558.4154;-142.7111;-2515.834
4849;-549.6806;-142.9968;-2515.16
4899;-544.481;-142.9;-2515.041
4916;-533.147;-144.653;-2512.815
4967;-524.4817;-143.6025;-2512.819
4983;-515.8878;-143.1692;-2512.726
5017;-514.3941;-141.6949;-2512.947
5051;-500.364;-140.6399;-2511.914
5085;-492.2762;-141.501;-2511.753
5118;-485.9702;-141.7671;-2511.725
5152;-480.9335;-141.1063;-2511.505
5186;-472.0453;-140.769;-2511.865
5220;-461.4001;-140.989;-2512.286
5239;-456.3861;-140.4183;-2512.633
5290;-451.608;-140.2815;-2513.108
5324;-446.2018;-140.92;-2513.482
5357;-440.8928;-140.8237;-2513.805
5391;-434.5046;-137.5919;-2516.131
5425;-431.3601;-135.9911;-2517.033
5441;-429.6815;-135.703;-2516.878
5476;-428.4082;-135.7535;-2516.727
5507;-428.0043;-135.6652;-2516.609
5541;-427.8639;-135.5221;-2516.47
5575;-427.8899;-135.5314;-2516.307
5608;-427.5943;-135.6631;-2515.729
5642;-428.6053;-136.1805;-2514.634
5676;-430.7212;-137.1546;-2512.618
5726;-432.8587;-138.0996;-2510.776
5743;-436.6808;-139.4083;-2508.699
5777;-439.2389;-139.6709;-2508.054
5813;-441.9976;-139.423;-2507.336
5840;-443.9499;-139.8275;-2506.572
5890;-445.6953;-140.0627;-2505.694
5924;-448.0705;-139.9514;-2504.66
5941;-449.9183;-140.0055;-2504.057
5975;-452.8017;-139.5416;-2503.066
6009;-454.0629;-139.5892;-2502.979
6043;-457.2208;-140.7471;-2502.482
6093;-459.4331;-140.7979;-2502.707
6127;-461.3556;-139.98;-2502.466
6143;-462.6851;-139.9422;-2502.319
6178;-463.3791;-140.4034;-2502.267
6211;-464.5623;-140.6208;-2502.187
6261;-466.0158;-140.536;-2502.352
6280;-467.0614;-140.242;-2502.931
6372;-468.1656;-140.4966;-2503.423
6416;-469.4419;-140.4176;-2504.554
6450;-470.3247;-140.3158;-2504.64
6483;-471.8978;-140.3139;-2504.895
6517;-474.4137;-140.1809;-2504.96
6551;-476.6118;-139.8589;-2505.033
6585;-478.3096;-140.077;-2505.134
6618;-478.9108;-139.581;-2505.49
6652;-479.2102;-139.7304;-2505.569
6702;-479.8313;-139.549;-2505.97
6719;-480.3168;-139.5761;-2506.176
6770;-480.6203;-139.3164;-2506.461
6787;-480.8834;-139.2283;-2506.675
6837;-481.3896;-138.9036;-2506.832
6854;-481.9613;-138.4661;-2506.737
6893;-482.1181;-140.0038;-2506.144
6929;-482.3471;-140.8578;-2506.061
6947;-482.9474;-140.6716;-2506.172
6988;-483.2963;-140.2343;-2506.165
7009;-484.4556;-140.3433;-2505.741
7064;-484.5916;-140.282;-2505.899
7081;-486.3488;-140.2124;-2505.514
7122;-486.6879;-140.278;-2505.401
7156;-487.4807;-139.9889;-2505.655
7191;-488.5871;-138.6621;-2505.758
7209;-489.604;-137.4775;-2505.601
7261;-490.5577;-136.6158;-2505.736
7279;-491.0982;-136.2265;-2505.956
7329;-491.4595;-135.7804;-2506.553
7346;-494.1106;-135.0359;-2506.594
7397;-495.5752;-134.5186;-2507.302
7414;-496.0878;-134.447;-2507.745
7447;-496.8626;-134.2234;-2508.154
7481;-497.3114;-134.5781;-2508.565
7532;-499.1661;-134.491;-2509.747
7549;-500.0194;-134.2218;-2510.354
7600;-503.0649;-133.254;-2510.704
7616;-506.0304;-132.4424;-2511.316
7650;-510.5457;-131.9489;-2510.609
7684;-513.2204;-131.279;-2510.013
7717;-514.1579;-130.9593;-2509.529
7751;-514.2405;-130.8762;-2509.444
7785;-513.9338;-130.7837;-2509.196
7819;-512.684;-130.6156;-2508.239
7852;-506.2473;-130.4552;-2507.054
7886;-499.0832;-130.8348;-2505.742
7908;-493.093;-130.6924;-2503.966
7953;-487.2491;-154.0569;-2494.572
7987;-535.1747;-98.25494;-2477.611
8005;-624.0455;64.90954;-2542.917
8621;-412.1798;-123.3177;-2487.691
8667;-414.7296;-123.2631;-2487.825
8683;-421.7956;-123.4854;-2487.865
8717;-428.2488;-123.8279;-2487.924
8751;-437.045;-123.7313;-2487.947
8784;-445.6224;-123.7404;-2488.171
8818;-451.273;-122.8014;-2489.151
8852;-457.4335;-122.0893;-2489.656
8886;-463.0959;-121.5242;-2490.348
8920;-473.693;-120.714;-2491.688
8954;-480.126;-120.4297;-2491.467
8988;-482.7598;-119.8512;-2491.306
9021;-484.3277;-119.7144;-2491.405
9055;-487.2852;-120.1665;-2491.345
9107;-490.2452;-122.2172;-2491.428
9126;-492.0431;-122.9351;-2491.413
9143;-492.8049;-123.3367;-2491.452
9193;-494.0492;-123.9845;-2491.447
9210;-494.894;-124.2815;-2491.533
9244;-495.6029;-125.5122;-2491.21
9277;-494.7173;-127.1195;-2491.013
9311;-493.2869;-128.2964;-2490.447
9345;-492.8443;-128.9725;-2490.251
9395;-492.4682;-129.2151;-2490.097
9412;-489.8383;-130.0571;-2489.588
9446;-489.0141;-130.256;-2489.136
9480;-487.1684;-129.9036;-2488.81
9513;-485.837;-130.3788;-2488.486
9547;-482.695;-131.5139;-2487.963
9581;-480.8726;-131.7487;-2487.728
9631;-479.6139;-132.4495;-2487.08
9648;-477.4668;-133.3414;-2486.584
9682;-475.1404;-133.6496;-2486.116
9732;-472.9606;-134.1882;-2485.805
9749;-471.6337;-134.4211;-2485.696
9771;-470.2224;-134.4019;-2485.599
9821;-468.615;-135.0387;-2485.384
9839;-467.4804;-135.2613;-2484.983
9889;-466.7759;-135.4724;-2484.62
9909;-464.8865;-135.2362;-2484.497
9943;-464.1831;-135.5477;-2484.479
9993;-463.1328;-135.7368;-2484.302
10010;-461.8853;-136.2022;-2483.929
10061;-460.9325;-136.645;-2483.744
10077;-460.5197;-136.8147;-2483.93
10111;-460.2156;-136.7287;-2484.023
10214;-460.0129;-136.8362;-2484.01
10234;-459.7508;-136.7083;-2484.154
10257;-459.6845;-136.7433;-2484.347
10308;-459.5218;-136.7665;-2484.614
10333;-459.5772;-136.957;-2484.714
10366;-459.6098;-136.9623;-2484.745
10383;-459.6038;-137.0065;-2484.959
10417;-459.8851;-136.9404;-2485.066
10451;-459.8464;-136.9624;-2485.068
10485;-459.4578;-137.298;-2485.241
10519;-459.5468;-137.1899;-2485.325
10552;-459.7204;-137.054;-2485.445
10585;-459.7142;-137.1148;-2485.527
10619;-459.8486;-137.1903;-2485.563
10663;-459.841;-137.4029;-2485.695
10683;-459.8622;-137.519;-2485.791
10710;-459.8847;-137.596;-2485.88
10749;-459.8988;-137.6956;-2485.95
10783;-459.8236;-137.6655;-2486.046
10817;-459.8653;-137.5639;-2486.165
10851;-459.8676;-137.5631;-2486.203
10885;-459.8512;-137.5926;-2486.266
10919;-459.7869;-137.6042;-2486.341
10953;-459.795;-137.605;-2486.364
10987;-459.8268;-137.5328;-2486.534
11020;-459.8044;-138.0135;-2486.64
11054;-459.6434;-138.0862;-2486.752
11088;-459.5492;-137.9481;-2486.98
11121;-459.363;-138.0791;-2487.119
11155;-459.5598;-137.9462;-2487.215
11189;-460.1985;-138.0823;-2487.311
11209;-460.191;-138.112;-2487.348
11242;-460.3388;-138.3125;-2487.296
11276;-460.2691;-138.5342;-2487.172
11310;-460.1335;-139.2346;-2486.643
11344;-459.9799;-139.4552;-2486.482
11377;-459.9177;-139.4258;-2486.394
11411;-459.9103;-139.5148;-2486.369
11445;-459.3936;-139.7265;-2486.243
11478;-459.2241;-139.8267;-2486.288
11512;-458.9708;-139.8913;-2486.256
11546;-458.8695;-139.8878;-2486.331
11579;-458.474;-139.739;-2486.454
11613;-457.2783;-139.7746;-2486.785
11647;-456.5777;-140.1972;-2487.16
11680;-456.3783;-140.1511;-2487.372
11734;-456.0906;-140.2206;-2487.448
11836;-454.1166;-139.7713;-2488.417
11857;-453.6723;-139.5088;-2488.87
11887;-453.1359;-139.1194;-2489.277
11920;-452.6057;-139.2077;-2489.589
11954;-452.1957;-139.1841;-2489.8
11988;-451.7961;-139.2279;-2490.045
12021;-450.6326;-139.9462;-2490.348
12055;-450.2908;-139.9578;-2490.585
12089;-450.1014;-140.002;-2490.751
12122;-449.7218;-140.2675;-2490.866
12156;-449.2651;-140.4775;-2491.186
12190;-448.9816;-140.5323;-2491.417
12208;-448.3686;-140.3827;-2491.928
12259;-447.7157;-139.8522;-2492.373
12275;-445.9845;-138.7952;-2492.89
12309;-445.4946;-138.374;-2493.215
12359;-444.516;-136.3698;-2493.977
12376;-443.8008;-134.3068;-2494.644
12438;-443.5223;-132.9993;-2494.816
12455;-443.2336;-132.0223;-2494.764
12483;-442.3506;-129.8459;-2494.724
12521;-441.8487;-123.6904;-2495.17
12541;-441.5939;-119.3901;-2495.057
12591;-440.8752;-115.8468;-2495.018
12608;-440.1638;-113.7891;-2494.864
12659;-439.3951;-109.5128;-2495.181
12692;-439.3853;-107.9643;-2494.796
12709;-438.8172;-106.2999;-2494.497
12760;-439.5718;-96.63224;-2495.333
12793;-439.5606;-96.60594;-2494.998
12810;-439.1774;-93.95983;-2495.648
12861;-439.2643;-93.36921;-2495.422
12894;-438.7144;-91.0221;-2495.699
12911;-438.8186;-88.60934;-2495.463
12962;-438.7419;-88.28317;-2495.141
12979;-438.7294;-87.74657;-2494.75
13009;-438.8875;-87.4399;-2494.508
13043;-438.8892;-86.43759;-2493.731
13093;-438.8483;-86.09225;-2493.378
13117;-438.999;-85.56667;-2492.906
13150;-439.1202;-85.51057;-2492.477
13184;-439.2012;-85.32156;-2492.191
13218;-439.4302;-85.20071;-2491.759
13251;-439.613;-85.10958;-2491.355
13285;-439.7814;-85.28368;-2490.74
13319;-439.6872;-84.50723;-2489.591
13352;-439.8331;-84.34588;-2489.162
13386;-439.7053;-84.34935;-2488.699
13420;-439.6967;-84.42367;-2488.281
13665;-439.684;-84.27074;-2487.964
13681;-439.8115;-84.13671;-2487.745
13704;-439.4394;-82.75986;-2486.786
13720;-439.3266;-82.44521;-2486.575
13754;-439.4037;-82.47672;-2486.536
13788;-439.206;-82.49882;-2486.308
13821;-439.0429;-81.94618;-2486.23
13855;-438.9715;-82.02571;-2486.251
13889;-438.9793;-82.09985;-2486.267
13923;-438.8983;-82.27399;-2486.265
13956;-438.9908;-82.38407;-2486.323
13990;-438.9847;-82.59839;-2486.374
14024;-439.1688;-82.79382;-2486.6
14057;-439.2408;-82.94183;-2486.653
14091;-438.4272;-83.54733;-2487.277
14125;-438.4313;-83.49158;-2487.306
14158;-438.5898;-83.65;-2487.396
14192;-438.643;-83.76319;-2487.479
14209;-438.7885;-83.95203;-2487.471
14261;-438.9175;-84.0611;-2487.635
14291;-439.0056;-84.05367;-2487.725
14322;-439.1266;-84.07191;-2487.836
14347;-439.1526;-84.05451;-2487.823
14380;-439.1884;-84.39559;-2487.978
14414;-439.3108;-84.49675;-2488.174
14447;-439.3842;-84.46994;-2488.311
14481;-439.4728;-84.47915;-2488.349
14515;-439.5285;-84.47726;-2488.417
14565;-439.696;-84.55315;-2488.54
14582;-439.8141;-84.55218;-2488.655
14616;-440.0794;-84.48917;-2488.846
14649;-440.3749;-84.50204;-2489.043
14700;-440.4536;-84.43981;-2489.202
14734;-440.4852;-84.34402;-2489.344
14751;-440.128;-84.01656;-2490.229
14784;-440.2659;-84.17506;-2490.657
14818;-440.3491;-84.04617;-2490.776
14852;-440.479;-84.00304;-2490.905
14885;-440.6771;-84.07217;-2491.156
14919;-440.02;-84.3277;-2491.554
15024;-440.6262;-84.30584;-2491.719
15090;-440.7885;-84.14469;-2491.763
15124;-440.7987;-84.1226;-2491.748
15158;-440.9845;-83.94861;-2491.922
15192;-441.0441;-83.9701;-2491.968
15209;-441.1783;-83.98908;-2491.958
15259;-441.1615;-83.89917;-2491.962
15293;-441.1868;-83.8661;-2491.983
15309;-441.2493;-83.82217;-2491.992
15343;-441.1777;-83.89307;-2492.124
15394;-441.2075;-83.68697;-2492.206
15410;-441.2088;-83.70036;-2492.201
15445;-441.2782;-83.5337;-2492.256
15478;-441.2732;-83.53323;-2492.278
15512;-441.4118;-83.45134;-2492.312
15545;-441.4562;-83.42041;-2492.322
15579;-441.4429;-83.78188;-2492.36
15613;-441.4344;-83.72365;-2492.475
15647;-439.9802;-89.66035;-2490.459
15680;-439.3271;-92.83211;-2489.697
15714;-439.2063;-94.19006;-2489.321
15748;-438.7165;-96.61977;-2488.588
15781;-438.3599;-99.32439;-2488.107
15815;-438.2626;-100.8799;-2487.805
15849;-438.0651;-103.898;-2487.012
15882;-437.6638;-107.5865;-2486.387
15916;-436.6576;-111.3492;-2485.741
15950;-435.7433;-112.4813;-2485.475
15983;-434.205;-115.2572;-2485.342
16017;-432.7912;-118.6211;-2484.458
16073;-432.1535;-120.6744;-2484.555
16084;-431.8746;-122.0602;-2484.627
16119;-431.9887;-124.8263;-2484.327
16152;-432.5153;-127.1038;-2484.115
16208;-432.8429;-131.0161;-2483.481
16219;-433.1454;-132.8965;-2483.395
16254;-433.2954;-134.0737;-2483.176
16287;-433.3888;-134.6873;-2482.801
16321;-433.5768;-135.2358;-2482.475
16366;-433.6867;-135.7332;-2481.727
16400;-434.2814;-136.0728;-2481.403
16418;-435.0738;-137.1187;-2480.83
16452;-435.4436;-137.7799;-2480.301
16486;-435.6881;-137.9357;-2479.989
16520;-436.3356;-137.5193;-2479.723
16553;-436.6257;-137.5205;-2479.606
16587;-437.3489;-137.7246;-2479.39
16639;-437.8837;-137.5905;-2479.389
16657;-438.3278;-137.7449;-2479.298
16691;-439.0349;-138.1774;-2479.107
16766;-439.5059;-138.8891;-2478.794
16804;-439.5948;-138.905;-2478.763
16820;-439.8478;-139.3331;-2478.611
16854;-440.0296;-139.5196;-2478.684
16897;-440.788;-139.4836;-2479.222
16919;-440.9673;-139.4989;-2479.54
16953;-441.0887;-139.4378;-2480.229
16986;-441.6443;-139.9883;-2481.842
17020;-442.1135;-140.774;-2482.966
17054;-443.2043;-141.1739;-2484.299
17088;-443.7627;-141.4439;-2485.132
17121;-443.8524;-141.4794;-2485.323
17155;-445.3083;-142.1364;-2486.359
17188;-445.9902;-142.3697;-2487.239
17222;-446.1288;-142.5991;-2487.908
17257;-446.4103;-142.6859;-2488.376
17275;-446.6384;-142.5993;-2488.904
17325;-446.8253;-142.4249;-2489.493
17342;-447.0178;-142.2241;-2490.08
17378;-448.047;-141.8856;-2491.069
17412;-448.1815;-141.6593;-2491.274
17457;-448.306;-141.1496;-2491.511
17491;-448.7072;-140.7497;-2491.712
17524;-448.9439;-140.3148;-2491.763
17558;-449.4359;-138.6763;-2492.27
17610;-450.3416;-137.0549;-2492.962
17627;-451.0162;-136.1372;-2493.891
17644;-451.041;-136.0168;-2493.905
17678;-450.9781;-135.4048;-2494.041
17711;-450.3093;-133.2682;-2494.092
17745;-450.3104;-132.772;-2494.187
17779;-449.73;-131.7053;-2494.237
17841;-449.874;-130.1599;-2494.359
17857;-450.6924;-128.7339;-2494.656
17890;-450.7879;-127.4776;-2494.946
17912;-450.7091;-126.9583;-2494.721
17946;-450.5977;-126.1555;-2494.871
17980;-449.8979;-125.2183;-2495.505
18013;-448.4949;-123.3301;-2495.749
18047;-448.4564;-123.0598;-2496.05
18081;-448.3889;-121.1512;-2496.453
18138;-448.3192;-120.453;-2496.388
18154;-448.2885;-119.9724;-2496.6
18205;-448.3081;-119.9162;-2496.709
18222;-448.3746;-119.7232;-2496.844
18255;-449.2231;-119.8327;-2497.126
18289;-449.3955;-119.6984;-2497.104
18335;-449.3286;-119.6536;-2497.293
18352;-449.4188;-119.6133;-2497.413
18403;-449.4383;-119.6172;-2497.426
18419;-449.4392;-119.5847;-2497.476
18453;-450.2843;-119.4446;-2497.725
18487;-450.7926;-119.2431;-2497.862
18520;-451.0102;-119.3208;-2497.848
18543;-451.4554;-119.4902;-2497.736
18577;-451.5114;-119.5659;-2497.734
18633;-451.6906;-119.8308;-2497.588
18666;-451.7536;-120.004;-2497.446
18683;-451.8368;-120.4965;-2497.27
18717;-451.8289;-120.7047;-2496.883
18752;-451.7963;-120.8063;-2496.79
18786;-451.0229;-121.7153;-2496.08
18836;-450.2584;-122.4958;-2495.394
18870;-450.0103;-122.9628;-2494.987
18887;-449.8138;-123.2064;-2494.794
18937;-449.2881;-124.3279;-2494.385
18956;-449.4467;-125.4146;-2493.876
18991;-449.3245;-126.7903;-2493.552
19042;-449.1221;-127.5932;-2493.438
19060;-448.8343;-128.207;-2493.308
19094;-448.6279;-128.4437;-2493.147
19128;-448.314;-128.558;-2493.037
19144;-447.686;-128.5398;-2492.829
19195;-447.0466;-128.6847;-2492.62
19212;-445.4879;-128.2193;-2492.328
19255;-442.7246;-126.6428;-2492.075
19291;-440.8929;-125.2059;-2491.746
19326;-439.9152;-122.0349;-2491.57
19360;-439.6156;-118.1615;-2491.515
19394;-439.0036;-113.9919;-2491.765
19444;-437.6687;-109.8218;-2491.865
19461;-439.4911;-98.90108;-2493.669
19478;-439.5121;-95.12244;-2494.308
19547;-439.5009;-90.51205;-2494.512
19597;-439.6736;-89.5821;-2494.198
19614;-439.9188;-89.23335;-2493.921
19648;-439.8714;-88.18875;-2493.38
19681;-439.9193;-87.22715;-2492.761
19743;-439.6882;-86.36035;-2492.257
19759;-439.5354;-85.45031;-2491.725
19793;-439.3223;-84.54176;-2491.225
19832;-439.3592;-84.37133;-2490.791
19854;-439.5457;-83.88184;-2490.345
19879;-439.8482;-82.97704;-2489.872
19912;-439.6955;-83.0827;-2489.48
19946;-439.599;-81.792;-2489.135
19979;-439.4011;-81.5713;-2489.054
20013;-438.4432;-80.85002;-2488.709
20047;-438.2209;-80.7561;-2488.568
20078;-437.9755;-80.44335;-2488.418
20130;-437.3941;-79.90791;-2488.393
20158;-437.0137;-79.65559;-2488.269
20185;-436.903;-79.42721;-2488.3
20236;-436.8494;-79.41188;-2488.253
20252;-436.8046;-79.38943;-2488.227
20303;-436.4143;-79.42625;-2488.147
20322;-433.9869;-80.0018;-2489.345
20356;-433.6817;-80.0751;-2489.804
20389;-432.6077;-80.29467;-2490.54
20423;-431.8584;-80.56977;-2491.081
20457;-429.4136;-78.99609;-2492.934
20507;-428.4659;-79.94582;-2493.283
20524;-426.9932;-81.02596;-2493.751
20558;-426.3571;-81.76761;-2494.026
20575;-426.311;-82.59325;-2494.448
20610;-425.664;-83.88667;-2494.7
20659;-425.7253;-84.65803;-2494.817
20693;-423.5815;-91.38718;-2493.672
20709;-422.1777;-95.94238;-2493.42
20745;-420.7621;-100.4847;-2492.813
20789;-420.9625;-104.049;-2491.454
20828;-421.1992;-106.7771;-2490.807
20862;-420.4112;-110.2367;-2490.07
20879;-419.1465;-113.498;-2489.817
20912;-419.1693;-116.5192;-2489.926
20948;-419.8999;-121.3629;-2489.266
20985;-420.3172;-125.3618;-2489.66
21019;-420.8932;-129.4955;-2489.581
21053;-421.9936;-131.6696;-2489.56
21088;-422.4485;-134.0684;-2489.461
21123;-422.888;-136.4988;-2489.062
21156;-423.1634;-138.2126;-2489.027
21190;-424.169;-138.6867;-2488.759
21213;-424.9852;-139.4564;-2488.7
21246;-425.6863;-139.9602;-2488.835
21280;-427.0103;-140.4435;-2489.216
21319;-427.7724;-140.5954;-2489.405
21342;-428.6712;-140.7728;-2489.605
21386;-429.3785;-141.1279;-2489.812
21420;-429.6578;-141.1081;-2489.919
21471;-430.1193;-141.0832;-2490.109
21489;-430.2219;-141.1693;-2490.149
21506;-430.9671;-141.1479;-2490.133
21555;-430.9598;-141.2148;-2490.106
21585;-430.7445;-141.5208;-2490.138
21619;-430.8452;-141.4962;-2490.446
21669;-430.7685;-141.7276;-2490.687
21686;-430.7113;-141.7876;-2491.086
21738;-430.6293;-141.9985;-2491.562
21755;-430.7468;-142.0721;-2491.953
21789;-430.7666;-142.0684;-2492.427
21822;-431.1463;-142.0299;-2493.188
21856;-431.3296;-141.5771;-2493.834
21889;-431.5655;-139.5957;-2495.25
21923;-431.5356;-139.3012;-2495.484
21957;-431.4233;-138.6658;-2496.099
21990;-431.4178;-137.852;-2496.554
22039;-431.488;-137.1284;-2496.879
22061;-431.4464;-136.0216;-2497.558
22099;-432.7851;-133.7565;-2497.701
22128;-433.3903;-131.2126;-2497.931
22145;-433.7941;-127.4972;-2498.267
22182;-436.0938;-119.052;-2498.95
22216;-436.3187;-117.4378;-2499.192
22249;-436.9696;-116.0046;-2499.449
22283;-437.8245;-112.5117;-2499.891
22317;-438.2926;-109.8739;-2499.931
22350;-440.723;-98.8084;-2502.766
22385;-442.3134;-95.02693;-2503.69
22418;-442.2608;-92.66785;-2503.906
22440;-443.1454;-89.09502;-2504.476
22485;-443.2361;-87.85331;-2504.396
22519;-443.3342;-87.39811;-2504.168
22553;-443.3666;-86.801;-2503.977
22587;-443.0764;-85.9158;-2503.663
22620;-443.4355;-85.44382;-2503.324
22654;-443.5057;-85.19253;-2503.058
22704;-443.921;-84.81879;-2502.722
22721;-443.6457;-84.54471;-2502.574
22743;-443.3775;-84.30454;-2502.135
22788;-442.8712;-83.90153;-2501.775
22822;-442.3604;-83.78557;-2501.233
22856;-441.9619;-83.65961;-2500.847
22878;-440.6846;-84.12377;-2500.373
22926;-440.5151;-84.32687;-2499.635
22976;-440.3202;-84.34449;-2499.178
22995;-439.8363;-84.46265;-2498.614
23013;-439.0655;-85.01173;-2497.961
23046;-438.3985;-86.23643;-2497.203
23097;-437.9062;-87.5418;-2496.421
23114;-435.4726;-92.97183;-2493.344
23152;-434.2268;-96.53442;-2491.552
23186;-432.9757;-100.8837;-2489.914
23219;-431.4125;-105.1735;-2488.462
23253;-430.5483;-108.1752;-2487.408
23287;-430.3665;-110.8024;-2486.563
23321;-429.6014;-113.0579;-2485.786
23361;-429.104;-114.9331;-2485.365
23395;-428.5092;-115.8426;-2485.206
23411;-428.6913;-117.0246;-2485.164
23458;-428.1816;-119.9624;-2485.594
23509;-427.1181;-123.0879;-2485.214
23525;-427.7352;-126.4131;-2485.13
23542;-428.4001;-129.2812;-2485.064
23593;-429.4214;-130.4156;-2484.66
23626;-429.8774;-131.1658;-2484.808
23662;-430.2434;-131.7686;-2484.915
23679;-430.32;-132.0914;-2484.831
23710;-430.3792;-133.1314;-2484.465
23767;-431.0135;-133.9579;-2484.503
23795;-431.8175;-134.4505;-2484.517
23828;-433.1478;-134.9619;-2484.669
23862;-433.4973;-135.1659;-2484.824
23879;-433.8277;-135.9012;-2484.978
23913;-434.632;-136.4091;-2485.305
23963;-435.6594;-136.8531;-2485.59
23983;-436.3031;-137.5655;-2486.174
24033;-437.4831;-138.3245;-2487.027
24050;-439.3733;-138.5137;-2487.778
24101;-439.5317;-138.6323;-2488.001
24118;-439.7954;-138.7466;-2488.423
24168;-439.8239;-138.8854;-2488.531
24187;-440.0984;-138.835;-2488.818
24237;-440.3133;-138.7996;-2489.307
24254;-440.5463;-139.0227;-2489.706
24288;-440.6468;-139.6917;-2490.227
24315;-440.4941;-140.2487;-2491.331
24349;-440.688;-140.3022;-2491.712
24382;-440.6811;-139.8044;-2493.153
24416;-441.1725;-138.6112;-2494.617
24450;-440.6151;-137.4408;-2496.034
24483;-440.617;-136.8631;-2497.141
24517;-440.5306;-136.5212;-2497.929
24551;-440.3867;-134.6776;-2499.227
24585;-439.6993;-132.1668;-2500.481
24618;-439.4798;-130.8235;-2501.528
24652;-439.2883;-128.9705;-2502.367
24686;-439.0923;-126.7115;-2503.699
24719;-438.4489;-123.9368;-2504.994
24753;-438.9373;-121.498;-2505.614
24787;-439.0341;-119.0436;-2506.54
24821;-439.3757;-114.4416;-2507.846
24838;-440.0568;-113.2425;-2508.227
24888;-440.4828;-111.7915;-2508.813
24921;-440.6267;-111.064;-2508.908
24955;-440.9625;-108.7153;-2509.113
24989;-441.3614;-107.2077;-2509.311
25023;-444.55;-99.4944;-2511.115
25056;-445.0337;-95.90585;-2511.729
25090;-444.7227;-93.39373;-2512.174
25124;-444.8065;-91.51739;-2512.683
25157;-445.0741;-90.40965;-2512.844
25191;-445.157;-88.8758;-2513.046
25225;-445.3788;-86.85297;-2513.462
25242;-445.6878;-85.69701;-2513.392
25294;-445.8539;-84.61053;-2513.311
25328;-446.0055;-84.03177;-2513.27
25344;-445.9931;-83.79011;-2513.039
25395;-445.6337;-83.08649;-2512.785
25412;-445.5099;-82.28064;-2512.555
25445;-445.4281;-81.8075;-2512.463
25496;-446.4232;-81.35413;-2511.837
25513;-446.2799;-81.29253;-2511.751
25546;-446.2426;-81.45831;-2511.596
25580;-446.2329;-81.43369;-2511.486
25614;-446.2459;-81.06049;-2511.212
25648;-446.2184;-81.12378;-2510.927
25677;-446.0459;-81.57941;-2510.75
25714;-445.7788;-82.10351;-2510.357
25749;-443.5939;-87.31687;-2507.527
25782;-441.5784;-91.54649;-2505.264
25816;-440.5352;-94.33186;-2504.007
25850;-439.284;-99.56719;-2501.949
25883;-438.351;-103.1009;-2500.579
25917;-438.0413;-105.7271;-2499.758
25951;-438.183;-107.8484;-2499.033
25985;-436.784;-111.3818;-2497.716
26024;-436.1754;-113.6271;-2496.984
26058;-435.5832;-116.3961;-2496.399
26092;-435.3403;-117.6638;-2496.257
26125;-435.207;-118.7352;-2496.107
26159;-435.0934;-122.2514;-2495.259
26193;-435.2476;-125.5057;-2494.667
26227;-435.3075;-127.0536;-2494.305
26248;-435.3959;-128.9265;-2494.035
26278;-435.4814;-129.8682;-2493.667
26328;-435.8338;-130.9567;-2493.451
26369;-435.879;-131.2006;-2493.347
26421;-436.1767;-133.0467;-2492.634
26454;-436.136;-134.3991;-2492.151
26504;-436.0933;-135.2934;-2491.761
26534;-436.1208;-136.5792;-2491.178
26551;-436.2922;-136.6286;-2490.914
26584;-436.6236;-136.7509;-2490.643
26618;-436.8273;-137.0033;-2490.305
26652;-437.2248;-137.8746;-2489.887
26686;-437.4853;-138.5018;-2489.411
26719;-437.4926;-139.3954;-2489.366
26753;-437.668;-140.2413;-2489.125
26792;-437.7469;-140.4355;-2489.209
26825;-437.6309;-140.4267;-2489.237
26859;-437.6161;-140.4666;-2489.274
26893;-437.4625;-141.0721;-2489.289
26950;-437.2038;-141.2665;-2489.627
26983;-437.0069;-141.5083;-2489.986
27016;-436.9352;-141.5202;-2490.29
27050;-436.9051;-141.1297;-2491.086
27084;-436.6323;-140.6034;-2491.498
27118;-436.5683;-140.3816;-2491.945
27151;-436.7047;-139.872;-2492.648
27185;-436.6809;-138.9292;-2493.403
27223;-436.4485;-137.4788;-2494.42
27273;-436.5026;-136.939;-2494.714
27290;-435.7332;-132.3056;-2496.539
27308;-435.1704;-130.7818;-2496.903
27357;-435.4456;-127.9112;-2497.487
27391;-435.4846;-124.8041;-2498.073
27425;-435.447;-122.9587;-2498.353
27458;-436.1728;-120.4929;-2498.885
27492;-436.6431;-115.0604;-2499.515
27543;-436.6194;-112.7397;-2500.027
27559;-436.9143;-110.0991;-2500.389
27593;-438.3391;-105.7881;-2500.989
27627;-438.1624;-104.1314;-2501.227
27661;-438.4415;-102.118;-2501.426
27694;-440.9306;-94.27441;-2503.196
27711;-440.795;-94.12285;-2503.145
27762;-440.7611;-90.92039;-2503.697
27779;-441.1077;-89.0409;-2503.966
27812;-441.3426;-88.28635;-2504.016
27863;-441.5422;-87.22491;-2504.008
27886;-441.3015;-86.14928;-2504.13
27913;-441.512;-84.90473;-2504.089
27947;-441.6872;-83.99924;-2503.985
27981;-441.7998;-83.73849;-2503.983
28014;-441.811;-83.61549;-2503.888
28048;-441.7627;-83.58641;-2503.832
28082;-441.7698;-83.54248;-2503.765
28115;-441.7138;-83.6118;-2503.687
28149;-441.0525;-85.4512;-2502.519
28183;-439.929;-87.79193;-2501.19
28217;-439.1676;-90.34055;-2500.085
28250;-437.7855;-92.62265;-2499.669
28284;-436.7139;-94.6127;-2499.136
28318;-435.9232;-97.87103;-2498.212
28382;-435.3782;-103.9754;-2497.087
28416;-434.6053;-105.3433;-2496.816
28474;-433.4092;-107.8672;-2496.839
28490;-431.8546;-110.9177;-2496.458
28524;-431.7668;-114.2176;-2496.154
28559;-431.1102;-116.5171;-2496.305
28576;-430.6209;-117.983;-2496.249
28627;-430.4899;-119.8901;-2496.667
28661;-430.7523;-122.8053;-2496.942
28678;-430.4574;-124.7975;-2496.841
28711;-430.7593;-126.2679;-2497.226
28762;-430.6059;-128.6103;-2497.268
28779;-430.9567;-130.8247;-2497.226
28829;-431.7167;-132.0316;-2497.32
28863;-431.7453;-132.9382;-2497.589
28880;-431.8679;-133.3739;-2497.495
28913;-432.1193;-134.2115;-2497.477
28964;-432.3126;-134.6162;-2497.421
28998;-432.4163;-134.9844;-2497.169
29014;-432.5408;-135.6656;-2496.873
29065;-432.6266;-135.9713;-2496.76
29082;-433.0318;-136.6397;-2496.49
29116;-433.4993;-136.853;-2496.079
29149;-433.3768;-137.3279;-2495.556
29183;-433.2838;-137.8852;-2495.102
29217;-433.4156;-138.1261;-2494.969
29250;-433.6217;-138.1665;-2494.856
29284;-433.6358;-138.5162;-2494.518
29318;-434.012;-138.4981;-2494.388
29351;-434.0517;-138.4882;-2494.411
29446;-434.1755;-138.5068;-2494.51
29526;-434.7926;-137.5556;-2495.449
29543;-434.8808;-137.3772;-2495.666
29559;-434.907;-137.2798;-2495.825
29593;-435.1231;-136.4291;-2496.304
29610;-435.4165;-135.5848;-2496.532
29661;-435.2901;-134.6987;-2496.929
29677;-435.1033;-133.1524;-2497.371
29711;-434.8853;-131.0399;-2498.037
29745;-434.4129;-129.6364;-2498.572
29778;-433.8603;-127.2783;-2498.795
29829;-433.357;-126.0764;-2498.894
29846;-433.7726;-124.2891;-2498.934
29880;-434.1545;-122.2616;-2499.146
29913;-434.9842;-119.9612;-2499.425
29947;-435.217;-118.2232;-2499.345
29997;-435.4018;-115.1312;-2499.535
30014;-436.171;-111.7317;-2500.256
30048;-436.1544;-110.0055;-2500.186
30079;-437.2256;-106.1192;-2500.319
30129;-437.1865;-104.0705;-2500.663
30163;-437.542;-101.1606;-2500.982
30180;-438.1087;-100.0517;-2501.014
30213;-438.9338;-95.58343;-2501.848
30281;-439.798;-89.98127;-2502.829
30298;-439.7033;-89.44858;-2502.881
30331;-439.9998;-88.48833;-2502.917
30365;-440.0115;-88.16051;-2503.091
30382;-439.7357;-88.00603;-2503.157
30416;-438.6627;-87.42574;-2503.264
30449;-438.1576;-87.01187;-2503.443
30483;-438.1446;-86.52206;-2503.205
30517;-437.8643;-85.60159;-2502.929
30573;-437.8416;-85.32492;-2502.796
30589;-436.5458;-84.42073;-2502.832
30618;-435.4102;-84.10067;-2502.706
30651;-434.9586;-84.12421;-2502.683
30702;-434.261;-84.06181;-2502.709
30719;-434.3115;-83.79833;-2502.573
30752;-434.1049;-83.61522;-2502.331
30786;-433.5634;-84.02827;-2502.271
30820;-430.9152;-88.3509;-2500.736
30853;-430.8768;-91.19287;-2499.076
30887;-430.4734;-92.9691;-2498.249
30921;-429.8313;-98.23014;-2496.769
30954;-429.4415;-102.9146;-2495.348
30988;-429.127;-104.4677;-2495.102
31022;-428.5674;-106.5995;-2494.782
31056;-428.1831;-108.156;-2494.668
31089;-428.3314;-109.7611;-2494.632
31123;-427.0936;-114.0853;-2494.251
31157;-426.6708;-117.65;-2493.38
31177;-427.1321;-119.6448;-2493.264
31224;-427.3412;-121.0314;-2493.326
31248;-427.9731;-122.9942;-2493.307
31282;-428.7275;-124.4631;-2493.332
31316;-429.1227;-127.7532;-2493.48
31349;-429.4918;-129.0023;-2493.634
31383;-429.7935;-130.9786;-2493.695
31417;-430.1896;-131.9049;-2493.649
31450;-430.7727;-133.5082;-2493.877
31484;-430.9343;-134.4425;-2493.738
31518;-431.0546;-134.6367;-2493.708
31551;-431.2082;-134.9345;-2493.708
31585;-431.546;-135.3528;-2493.723
31619;-432.1595;-135.8333;-2493.339
31653;-432.2534;-136.0326;-2493.213
31686;-432.4382;-136.0697;-2493.271
31737;-432.8119;-135.9979;-2493.366
31754;-433.4934;-136.8909;-2493.412
31788;-433.5467;-136.9939;-2493.381
31822;-434.033;-137.116;-2493.338
31890;-434.3054;-137.3262;-2493.226
31907;-434.3825;-137.3472;-2493.3
31923;-434.5156;-137.248;-2493.397
31948;-434.5711;-137.3743;-2493.462
31999;-434.8116;-137.1008;-2493.933
32016;-435.1185;-136.9708;-2494.141
32049;-435.2673;-136.8428;-2494.408
32083;-435.5635;-136.1164;-2494.885
32117;-435.9249;-134.9973;-2495.418
32150;-436.2581;-134.2517;-2495.886
32184;-437.254;-132.3873;-2496.189
32244;-437.5823;-131.4021;-2496.457
32268;-437.4421;-130.3516;-2496.512
32285;-437.8346;-128.023;-2496.883
32321;-437.7186;-126.4876;-2496.753
32338;-438.0047;-124.1054;-2496.726
32377;-437.7647;-122.9936;-2496.59
32410;-437.8965;-122.1973;-2496.394
32444;-438.7888;-119.2339;-2496.59
32477;-439.0523;-116.5156;-2496.651
32511;-439.2581;-113.7515;-2496.645
32562;-439.7562;-109.3577;-2496.825
32579;-440.0297;-106.2645;-2497.074
32612;-439.8093;-104.1621;-2497.131
32663;-440.1926;-100.9658;-2497.266
32680;-440.3581;-99.824;-2497.13
32726;-440.0695;-99.1028;-2496.972
32742;-440.6572;-97.5692;-2496.748
32794;-440.308;-96.10952;-2496.642
32828;-440.9524;-91.44621;-2497.858
32845;-441.3764;-89.81344;-2497.966
32895;-441.8382;-87.47991;-2498.13
32940;-441.8333;-86.3653;-2497.993
32955;-441.6201;-83.4276;-2498.052
32989;-441.5826;-81.88479;-2497.967
33023;-441.5776;-81.57571;-2497.845
33056;-441.5935;-80.95122;-2497.728
33090;-441.5967;-80.9887;-2497.676
33124;-441.6023;-80.96036;-2497.504
33157;-441.3884;-81.1029;-2497.425
33191;-441.3737;-81.50256;-2497.209
33225;-440.4434;-85.45538;-2495.707
33259;-439.354;-89.95751;-2493.927
33292;-439.071;-92.7253;-2493.161
33326;-438.4719;-96.79699;-2491.902
33360;-437.5892;-101.9131;-2490.734
33393;-436.8882;-104.3663;-2490.376
33427;-436.6839;-106.1123;-2490.279
33461;-435.9153;-107.4009;-2490.28
33494;-436.0438;-109.7063;-2489.795
33511;-435.7508;-111.7626;-2489.557
33562;-435.2844;-113.6545;-2489.384
33579;-434.0666;-117.717;-2489.095
33612;-434.256;-119.067;-2489.026
33663;-434.2419;-121.9135;-2488.674
33680;-433.8675;-123.3717;-2488.792
33713;-433.864;-124.9245;-2488.597
33747;-434.2926;-126.4188;-2488.273
33781;-434.8369;-128.7742;-2487.738
33815;-434.7213;-129.5764;-2487.757
33865;-434.635;-130.4556;-2487.762
33884;-434.5511;-131.2672;-2487.596
33928;-434.6231;-131.4639;-2487.452
33945;-434.6875;-131.6096;-2487.363
33979;-434.7429;-131.9057;-2487.231
34012;-435.2863;-132.7062;-2486.951
34046;-435.6428;-133.0679;-2486.795
34096;-436.6591;-133.7167;-2486.287
34113;-436.8926;-133.7434;-2486.21
34147;-437.3266;-134.1913;-2486.022
34207;-437.4829;-134.3073;-2485.959
34224;-437.308;-134.3633;-2485.838
34258;-437.4004;-134.3779;-2485.833
34291;-437.3585;-134.3699;-2485.882
34325;-437.2447;-134.5645;-2486.021
34359;-437.2244;-134.7577;-2486.173
34386;-437.0528;-134.6347;-2486.402
34427;-436.9938;-134.6571;-2486.567
34444;-437.2731;-134.3545;-2486.919
34479;-437.3421;-134.3902;-2487.211
34513;-437.2426;-134.3686;-2487.43
34546;-437.2054;-134.0398;-2487.773
34580;-437.4498;-133.516;-2487.962
34614;-437.2394;-132.8495;-2488.282
34647;-436.3033;-131.3582;-2488.593
34681;-436.6549;-130.0085;-2488.981
34715;-436.9733;-128.1831;-2489.408
34749;-437.2357;-126.7141;-2489.594
34782;-436.9038;-125.172;-2489.702
34816;-436.9032;-123.0926;-2490.187
34850;-437.4546;-120.8164;-2490.487
34901;-438.237;-117.0963;-2491.128
34948;-439.2465;-111.1576;-2491.979
34973;-439.5119;-107.6634;-2492.621
34995;-439.6355;-103.9031;-2493.251
35012;-439.7251;-102.0645;-2493.5
35062;-440.8273;-99.684;-2493.517
35096;-440.7041;-98.17152;-2493.855
35130;-442.0392;-91.9547;-2495.28
35164;-442.6052;-90.39188;-2495.368
35197;-443.0345;-88.33707;-2495.714
35219;-442.8094;-87.71124;-2495.719
35258;-442.7897;-86.90818;-2495.692
35292;-441.6404;-87.81331;-2495.04
35326;-441.432;-87.98808;-2494.823
35359;-440.5562;-88.72128;-2494.556
35393;-440.0207;-89.08609;-2494.415
35431;-438.8499;-90.58463;-2494.161
35465;-438.5299;-91.40704;-2493.869
35482;-438.262;-92.82842;-2493.464
35532;-437.9431;-94.85228;-2492.94
35566;-437.6715;-97.84625;-2492.525
35583;-437.4553;-101.3983;-2492.006
35617;-437.192;-104.1013;-2491.635
35651;-436.7331;-107.208;-2491.358
35702;-436.4955;-108.5497;-2491.22
35719;-436.0265;-109.9013;-2491.146
35752;-435.8404;-111.2139;-2491.135
35803;-434.4968;-113.7445;-2491.198
35820;-433.8041;-117.3808;-2491.66
35853;-433.472;-119.642;-2491.77
35889;-433.8828;-121.491;-2491.841
35921;-433.6123;-123.14;-2491.913
35954;-433.8019;-125.0899;-2491.857
35988;-433.9523;-126.063;-2491.791
36022;-433.992;-128.1504;-2491.664
36072;-434.4703;-129.916;-2491.47
36089;-434.5477;-131.8603;-2491.49
36123;-434.5042;-133.1112;-2491.265
36165;-434.388;-134.1267;-2490.997
36182;-434.1967;-134.9657;-2490.563
36263;-434.2493;-135.4826;-2490.254
36303;-434.7045;-136.0427;-2489.646
36324;-434.7184;-136.3849;-2489.398
36351;-434.7552;-136.4976;-2489.347
36396;-434.7636;-136.5199;-2489.379
36413;-434.8004;-136.655;-2489.401
36454;-434.7945;-136.6538;-2489.406
36488;-434.768;-136.6443;-2489.442
36522;-434.8506;-136.5434;-2489.605
36555;-434.846;-136.3343;-2489.832
36589;-434.8904;-135.5781;-2490.047
36623;-434.6844;-135.2653;-2490.174
36656;-434.5745;-134.7816;-2490.488
36690;-434.3072;-132.527;-2491.395
36724;-433.926;-130.6189;-2492.228
36758;-434.1973;-127.8284;-2492.832
36791;-433.796;-125.9704;-2493.378
36813;-433.0227;-123.0765;-2494.105
36864;-433.351;-120.984;-2494.559
36881;-433.382;-119.2358;-2494.976
36917;-433.5096;-116.4638;-2495.375
36961;-433.876;-114.4284;-2495.576
36995;-434.0599;-109.9879;-2496.389
37029;-433.9504;-109.0419;-2496.694
37062;-434.1815;-106.5938;-2496.943
37096;-434.3055;-105.6835;-2496.901
37113;-434.5264;-103.9433;-2496.836
37163;-435.1761;-101.0696;-2497.148
37187;-437.4707;-89.20051;-2500.308
37221;-437.4915;-89.20185;-2500.293
37260;-437.7548;-87.40479;-2500.872
37294;-438.026;-86.2966;-2501.269
37328;-438.3546;-84.42688;-2501.872
37350;-438.3224;-83.20846;-2502.079
37383;-438.3659;-82.59634;-2502.05
37417;-438.281;-81.89854;-2502.192
37628;-438.4261;-81.26401;-2502.201
37779;-434.9815;-96.44991;-2497.219
37795;-435.0122;-96.669;-2497.068
37815;-434.3208;-100.7492;-2496.283
37849;-433.1473;-106.2729;-2495.219
37882;-432.8508;-109.2135;-2494.841
37916;-432.5397;-110.9804;-2494.665
37950;-432.7506;-112.9226;-2494.166
37983;-431.9505;-116.9732;-2493.698
38017;-431.5802;-120.1497;-2493.07
38051;-431.8503;-123.2051;-2492.405
38084;-431.714;-124.9909;-2492.25
38118;-431.9222;-126.7146;-2491.864
38152;-432.0474;-127.7764;-2491.619
38186;-432.0381;-128.7526;-2491.259
38219;-432.0608;-130.7962;-2490.773
38270;-432.3958;-131.9348;-2490.055
38287;-432.6812;-133.0763;-2489.402
38448;-433.435;-134.9098;-2487.422
38482;-434.2096;-134.9951;-2486.874
38516;-434.751;-135.1774;-2486.427
38566;-434.9944;-135.4229;-2485.74
38583;-435.8166;-135.5305;-2485.149
38617;-436.059;-135.6799;-2484.84
38650;-436.2655;-136.2365;-2484.25
38685;-436.2848;-136.7783;-2483.888
38735;-436.2784;-136.8728;-2483.682
38785;-436.2569;-137.1012;-2483.41
38836;-436.343;-137.2128;-2483.211
38852;-436.385;-137.2374;-2483.2
38903;-436.4413;-137.0886;-2483.253
38920;-436.481;-137.1042;-2483.293
38974;-436.5135;-136.5719;-2483.594
39026;-436.8179;-135.1101;-2484.306
39060;-436.6794;-134.6331;-2484.735
39077;-436.786;-133.8405;-2485.007
39127;-437.1804;-132.2189;-2485.499
39161;-437.0007;-130.5599;-2486.322
39195;-436.6001;-129.0081;-2487.013
39228;-436.6907;-126.4907;-2487.543
39264;-436.3329;-124.5882;-2488.098
39306;-436.4919;-123.0158;-2488.673
39349;-437.2557;-120.7756;-2488.989
39365;-437.3981;-118.6579;-2489.345
39390;-437.9578;-115.733;-2490.199
39417;-438.4559;-113.4812;-2490.637
39451;-439.5886;-109.5191;-2490.776
39483;-439.6342;-105.7507;-2491.512
39517;-439.4987;-103.8102;-2492.131
39551;-439.6489;-102.0974;-2492.475
39584;-440.1169;-100.5846;-2492.707
39618;-440.5049;-97.81672;-2493.025
39651;-440.9729;-95.35563;-2493.768
39707;-441.1695;-93.7495;-2494.352
39729;-441.9677;-89.07092;-2495.544
39746;-442.0029;-89.0209;-2495.571
39780;-442.1229;-87.87865;-2496.055
39813;-442.6765;-86.12289;-2496.567
39864;-442.706;-85.67915;-2496.656
39898;-442.8717;-84.84219;-2496.782
39940;-442.9624;-84.52698;-2496.785
39957;-443.0594;-84.2408;-2496.891
39978;-443.006;-83.99503;-2497.067
40021;-443.0255;-83.83978;-2497.137
40061;-442.6505;-84.58858;-2496.773
40095;-442.4645;-84.15678;-2497.086
40145;-441.8243;-84.48435;-2497.156
40196;-441.3229;-86.48116;-2496.527
40229;-441.0068;-87.62287;-2496.385
40251;-440.5709;-90.28403;-2495.704
40285;-440.0957;-92.39263;-2495.175
40318;-439.9535;-93.95615;-2494.778
40352;-439.1906;-95.97683;-2494.359
40386;-438.7198;-98.71758;-2494.08
40437;-438.6207;-101.1348;-2493.744
40453;-437.8172;-103.2996;-2493.537
40487;-437.4659;-105.8751;-2492.976
40538;-436.3004;-108.9306;-2492.759
40571;-435.6744;-112.1619;-2492.581
40588;-435.8141;-113.7325;-2492.175
40622;-435.6153;-115.5581;-2492.013
40655;-434.981;-119.563;-2491.468
40689;-434.8834;-120.9545;-2491.212
40723;-434.7695;-122.7926;-2490.925
40757;-434.6376;-125.5732;-2490.314
40809;-434.8518;-126.6695;-2490.054
40843;-434.9045;-128.2683;-2489.284
40880;-435.4786;-130.892;-2488.305
40923;-435.8607;-132.7567;-2487.256
40956;-435.9796;-133.1401;-2486.937
40990;-435.8303;-134.079;-2486.472
41024;-435.7848;-134.8362;-2485.883
41058;-436.1115;-135.3911;-2485.479
41091;-436.0644;-135.4649;-2485.381
41125;-436.2599;-135.9726;-2485.206
41163;-436.2963;-135.9559;-2485.114
41197;-436.3374;-136.0389;-2484.95
41231;-436.3649;-136.2135;-2484.784
41265;-436.5257;-136.3703;-2484.667
41281;-436.6649;-136.5243;-2484.446
41317;-436.889;-136.6889;-2484.286
41350;-436.8983;-136.85;-2484.292
41385;-436.929;-136.8233;-2484.271
41418;-437.0326;-136.6331;-2484.323
41459;-437.0171;-136.6078;-2484.362
41493;-437.0063;-135.8767;-2484.884
41543;-437.0376;-135.8937;-2485.081
41560;-437.3874;-133.8438;-2486.069
41611;-437.2144;-131.973;-2486.94
41659;-437.133;-130.13;-2487.584
41676;-436.9548;-129.3084;-2488.115
41893;-435.2686;-120.8479;-2490.171
41913;-435.9647;-114.232;-2491.266
41956;-435.9976;-111.4384;-2491.651
41989;-435.9659;-106.0994;-2493.026
42030;-435.8022;-104.5344;-2493.113
42064;-435.9684;-103.0566;-2493.393
42080;-436.7939;-99.19437;-2493.896
42118;-438.4868;-90.67316;-2495.854
42156;-438.4155;-90.50671;-2495.912
42190;-438.9656;-88.32645;-2496.41
42223;-440.2488;-83.6105;-2497.026
42257;-440.6255;-82.05689;-2497.271
42292;-440.6747;-81.06844;-2497.434
42317;-441.2063;-79.81078;-2497.556
42350;-441.1762;-79.61504;-2497.563
42385;-441.2617;-79.43601;-2497.548
42412;-441.1897;-79.36191;-2497.504
42455;-441.1865;-79.1714;-2497.408
42488;-441.193;-79.14687;-2497.389
42539;-441.1295;-79.13323;-2497.343
42556;-441.1074;-79.14545;-2497.316
42589;-441.1263;-78.96653;-2497.256
42623;-441.1227;-78.96589;-2497.192
42657;-441.0016;-78.88325;-2497.221
42690;-440.8494;-78.87897;-2497.157
42724;-440.7867;-78.91924;-2497.009
42758;-440.4153;-79.44144;-2496.758
42815;-440.161;-80.52183;-2496.462
42859;-437.7492;-89.56109;-2493.806
42885;-436.8224;-92.4547;-2493.011
42918;-436.4949;-93.33721;-2492.961
42952;-436.4032;-95.55589;-2492.665
42986;-435.9252;-98.6566;-2492.339
43020;-435.3221;-101.4858;-2492.078
43053;-435.0434;-103.3897;-2491.927
43087;-435.3544;-105.7464;-2491.619
43120;-434.4665;-108.4938;-2491.278
43154;-434.0527;-109.9405;-2490.909
43188;-433.5097;-112.5617;-2490.54
43221;-433.201;-113.6014;-2490.257
43272;-433.0801;-116.2817;-2490.297
43306;-433.1212;-118.3064;-2490.458
43322;-432.8345;-120.9632;-2490.502
43356;-432.6366;-123.855;-2490.3
43390;-433.528;-127.1791;-2489.801
43424;-433.6442;-129.3383;-2489.647
43457;-433.791;-132.168;-2489.509
43491;-433.7403;-135.3263;-2489.741
43542;-433.9679;-135.8969;-2489.704
43575;-433.919;-136.2549;-2489.552
43609;-434.5025;-137.3199;-2489.198
43632;-434.6186;-137.4712;-2488.978
43648;-434.69;-139.1763;-2488.347
43682;-435.1532;-139.7998;-2488.041
43716;-435.4616;-140.0732;-2487.636
43749;-435.6282;-140.3778;-2487.368
43808;-435.8367;-140.6379;-2487.121
43848;-436.0673;-140.7247;-2486.773
43886;-436.4786;-140.8248;-2486.257
43957;-436.41;-141.2551;-2485.613
44005;-436.3277;-141.2454;-2485.406
44021;-436.3476;-141.271;-2485.33
44055;-436.4388;-141.4213;-2485.061
44088;-436.3867;-141.5654;-2484.923
44122;-436.3971;-141.5985;-2484.91
44145;-436.4446;-141.9814;-2484.813
44195;-436.4331;-142.0711;-2484.668
44217;-436.5827;-141.8849;-2484.556
44267;-436.6006;-141.8894;-2484.491
44284;-436.8226;-142.0171;-2484.281
44318;-436.8827;-142.3177;-2484.099
44351;-436.8264;-142.426;-2483.882
44393;-436.8313;-142.4219;-2483.807
44432;-437.0218;-143.1822;-2483.667
44459;-437.1339;-143.4386;-2483.564
44498;-437.3568;-143.7832;-2483.127
44528;-437.265;-144.0673;-2482.883
44561;-437.4199;-144.1723;-2482.827
44595;-437.4375;-144.1425;-2482.721
44628;-437.4589;-144.1717;-2482.708
44662;-437.4174;-144.5315;-2482.418
44696;-437.3744;-144.5809;-2482.302
44730;-437.2544;-144.7082;-2482.245
44754;-437.7992;-144.6722;-2482.039
44787;-437.7131;-145.0094;-2481.829
44818;-437.6758;-145.0384;-2481.803
44851;-437.6507;-144.9123;-2481.724
44885;-437.5588;-144.9816;-2481.414
44935;-437.4442;-145.0131;-2481.321
44986;-437.282;-144.7821;-2481.205
45048;-436.7401;-143.1465;-2481.254
45071;-436.4008;-142.1394;-2481.478
45088;-436.1135;-139.5421;-2482.389
45122;-435.8097;-137.8994;-2482.485
45175;-435.9459;-135.9621;-2482.627
45191;-435.9195;-133.0055;-2482.739
45225;-435.9017;-132.1524;-2482.909
45259;-435.6152;-131.0828;-2482.997
45277;-435.1565;-128.157;-2482.844
45328;-435.3875;-124.749;-2482.782
45362;-434.8211;-122.1298;-2482.596
45380;-435.7586;-116.1464;-2482.57
45414;-435.2739;-112.2879;-2482.951
45465;-434.8004;-109.9289;-2483.198
45482;-434.3401;-108.5853;-2483.399
45515;-434.413;-105.0554;-2484.134
45549;-433.5503;-98.21947;-2486.722
45599;-433.6165;-95.51651;-2486.866
45633;-433.5966;-94.10189;-2487.261
45667;-433.2356;-93.25111;-2487.566
45684;-433.2397;-93.06728;-2487.685
45717;-433.2957;-92.82411;-2487.621
45751;-433.6166;-92.37173;-2487.476
45802;-433.5993;-92.21197;-2487.372
45819;-432.8579;-94.41109;-2486.185
45852;-432.0342;-96.78027;-2484.877
45886;-431.3033;-98.71051;-2483.869
45920;-430.8761;-100.3453;-2483.288
45953;-430.4868;-101.8137;-2482.93
45987;-430.633;-102.463;-2482.844
46028;-430.3017;-104.3288;-2482.431
46054;-429.8815;-106.2741;-2482.216
46088;-429.636;-108.1757;-2482.318
46122;-429.5888;-109.5226;-2482.51
46156;-428.9853;-111.3197;-2482.574
46189;-428.7231;-113.4656;-2482.899
46223;-428.6923;-114.2473;-2483.004
46257;-427.7791;-117.9421;-2483.154
46290;-427.7857;-119.4644;-2483.196
46324;-426.7832;-123.5164;-2483.483
46374;-426.4722;-126.3825;-2484.075
46391;-426.4439;-128.7527;-2484.115
46425;-426.4925;-129.8818;-2484.189
46459;-426.46;-131.2621;-2484.364
46492;-426.941;-132.2814;-2484.82
46526;-427.4461;-133.3905;-2484.784
46560;-427.7557;-134.0422;-2484.882
46593;-428.4846;-135.1127;-2485.265
46627;-428.8187;-137.695;-2485.463
46661;-428.7013;-138.3748;-2485.509
46695;-428.9218;-138.838;-2485.685
46728;-429.3319;-139.2425;-2486.026
46749;-429.4415;-139.4984;-2486.33
46788;-429.55;-139.9251;-2486.612
48126;-441.1368;-125.64;-2490.213
48158;-445.5735;-120.9019;-2491.166
48209;-446.2019;-120.6214;-2491.169
48244;-446.8922;-119.7344;-2491.137
48259;-447.0595;-117.3984;-2491.668
48310;-446.9165;-116.6652;-2491.584
48344;-447.2841;-116.2634;-2491.608
48379;-447.3487;-114.7059;-2491.715
48418;-447.7801;-110.2396;-2492.839
48452;-447.8167;-109.89;-2493.018
48485;-447.9471;-109.2792;-2493.17
48519;-447.5859;-109.0471;-2493.35
48553;-447.614;-109.0434;-2493.328
48586;-447.6271;-107.5908;-2493.964
48620;-447.6326;-107.5893;-2493.996
48654;-448.0065;-107.0325;-2494.164
48687;-448.2379;-106.9811;-2494.174
48721;-448.5416;-107.166;-2494.281
48759;-448.6426;-107.471;-2494.313
48793;-448.619;-107.4684;-2494.734
48838;-449.3188;-107.921;-2495.054
48882;-450.0772;-109.204;-2495.96
48933;-450.7758;-109.8728;-2496.256
48966;-451.5991;-110.8014;-2496.501
49000;-452.4667;-111.8159;-2496.609
49051;-453.5095;-113.2655;-2497.071
49067;-454.6761;-114.9002;-2496.87
49084;-456.1792;-116.7533;-2497.009
49112;-456.5145;-118.7352;-2497.272
49162;-456.8115;-119.6505;-2497.33
49196;-456.9106;-120.7824;-2497.153
49229;-457.3112;-122.7046;-2497.112
49263;-457.4243;-123.7239;-2497.088
49297;-456.3535;-126.0597;-2497.495
49331;-456.6606;-127.4716;-2497.625
49364;-456.6811;-128.3003;-2497.625
49398;-456.7137;-128.942;-2497.641
49415;-456.4265;-129.3491;-2497.7
49465;-456.0082;-130.7789;-2497.924
49482;-456.3904;-131.177;-2497.837
49533;-456.2372;-131.7542;-2497.534
49549;-456.7344;-133.6273;-2496.974
49583;-456.7115;-134.3917;-2496.48
49617;-456.5436;-134.6183;-2496.228
49650;-456.2573;-134.9277;-2495.851
49684;-455.824;-135.3369;-2495.46
49718;-455.5263;-135.6024;-2495.244
49751;-455.2186;-135.9371;-2494.89
49802;-454.8285;-136.0118;-2494.523
49819;-454.3726;-136.1751;-2494.092
49853;-454.1265;-136.1311;-2493.525
49886;-453.8642;-136.3042;-2493.287
49929;-453.6678;-136.437;-2493.057
49950;-453.6986;-136.5193;-2492.659
49995;-453.6737;-136.5146;-2492.413
50014;-453.6082;-136.3812;-2492.225
50050;-453.65;-136.4934;-2491.962
50084;-453.4572;-136.5267;-2491.925
50118;-453.4463;-136.5711;-2491.782
50168;-453.4457;-136.5727;-2491.785
50185;-453.3178;-136.8479;-2491.754
50219;-453.1623;-137.0493;-2491.788
50262;-453.1197;-137.4027;-2491.887
50279;-453.1262;-137.4108;-2491.895
50317;-453.0514;-137.5437;-2492.003
50353;-453.0334;-137.5859;-2492.026
50387;-453.5194;-138.3438;-2492.143
50421;-453.7028;-138.805;-2492.374
50455;-453.7007;-139.0913;-2492.692
50488;-454.1418;-138.9879;-2492.943
50522;-454.5869;-138.8183;-2493.261
50557;-454.765;-138.5424;-2493.406
50591;-455.0154;-138.4356;-2493.445
50624;-455.1612;-138.2604;-2493.619
50658;-455.1364;-137.7783;-2493.726
50680;-455.3924;-136.9143;-2493.439
50730;-455.425;-136.3284;-2493.487
50764;-455.6729;-135.8703;-2493.335
50781;-456.3147;-134.663;-2492.946
50831;-456.1031;-133.62;-2492.559
50854;-455.2964;-131.4875;-2492.661
50931;-455.2624;-130.5045;-2492.484
51061;-453.7421;-129.5585;-2492.437
51098;-452.2517;-126.0612;-2492.414
51149;-451.1625;-124.5821;-2491.947
51182;-450.9239;-124.0507;-2491.709
51233;-450.2279;-122.3043;-2491.316
51250;-449.481;-120.359;-2490.862
51300;-449.1026;-119.2616;-2490.452
51317;-448.9719;-118.9947;-2490.247
51368;-448.4177;-118.5737;-2490.157
51385;-447.7665;-118.6377;-2489.816
51435;-447.3887;-117.5529;-2489.644
51452;-447.229;-117.358;-2489.604
51503;-447.0803;-117.0532;-2489.841
51522;-446.8663;-116.2825;-2489.639
51556;-445.8049;-115.0062;-2489.743
51590;-445.856;-114.702;-2489.667
51624;-445.8633;-114.9866;-2489.606
51657;-445.8677;-114.9927;-2489.568
51691;-445.7075;-115.2857;-2489.41
51725;-445.7469;-115.3247;-2489.43
51758;-445.55;-115.7973;-2489.271
51792;-446.0105;-116.4696;-2488.909
51826;-446.0935;-116.6869;-2488.989
51859;-446.1016;-116.792;-2489.046
51897;-446.0851;-117.1574;-2489.296
51930;-446.7408;-119.0497;-2489.063
51964;-447.123;-120.682;-2488.707
51998;-447.2837;-121.3578;-2488.765
52019;-447.3044;-121.5652;-2488.976
52065;-447.5685;-121.867;-2489.24
52099;-448.1821;-123.3068;-2489.791
52133;-449.7668;-124.8246;-2490.35
52292;-449.2697;-128.0252;-2491.784
52314;-448.945;-128.6336;-2491.914
52331;-448.3879;-130.1553;-2492.337
52347;-448.3121;-130.6556;-2492.648
52398;-448.0905;-131.6734;-2492.817
52415;-448.0137;-132.821;-2492.906
52449;-447.8083;-133.9723;-2493.027
52482;-447.9057;-134.4929;-2493.091
52516;-448.0723;-134.7699;-2492.981
52551;-448.108;-135.1676;-2492.865
52601;-447.9579;-135.372;-2492.836
52618;-448.0013;-135.4195;-2492.796
52652;-448.0188;-135.4333;-2492.742
52686;-448.1242;-135.585;-2492.651
52719;-448.2652;-135.7469;-2492.429
52753;-448.2487;-135.9174;-2492.253
52787;-448.2678;-136.1805;-2492.032
53141;-448.5981;-136.8988;-2491.974
53162;-448.8019;-137.5351;-2492.054
53179;-448.7826;-137.6082;-2492.09
53212;-448.7837;-137.6482;-2492.166
53263;-448.8088;-137.6643;-2492.253
53297;-448.8534;-137.6577;-2492.416
53330;-449.0995;-137.7918;-2492.659
53347;-449.2567;-137.7081;-2492.723
53399;-449.7621;-137.5394;-2492.993
53415;-449.944;-137.4947;-2493.038
53483;-450.9383;-136.5322;-2493.235
53500;-451.9062;-135.9787;-2493.412
53533;-451.9776;-135.2912;-2493.465
53567;-452.2896;-134.7811;-2493.372
53587;-452.4314;-134.4313;-2493.161
53618;-452.8846;-133.9895;-2493.124
53651;-452.9977;-133.4549;-2492.928
53685;-452.9541;-132.2062;-2492.769
53719;-453.2234;-131.8786;-2492.722
53753;-453.5971;-131.2197;-2492.83
53787;-453.5572;-128.7437;-2492.662
53821;-453.3321;-126.7307;-2492.661
53854;-454.2729;-125.7036;-2492.519
53888;-453.8089;-124.405;-2492.391
53922;-453.3824;-123.0559;-2492.283
53955;-451.7882;-119.5908;-2492.481
53992;-451.2413;-119.049;-2492.4
54041;-450.5585;-118.3478;-2492.297
54073;-450.1513;-117.2761;-2492.32
54089;-450.1159;-117.1025;-2492.243
54123;-449.3051;-114.535;-2492.143
54157;-449.0674;-113.8132;-2491.991
54207;-448.7901;-113.1139;-2492.129
54224;-448.6311;-112.2179;-2492.027
54258;-448.2671;-110.8689;-2492.041
54292;-448.1185;-110.2277;-2492.082
54326;-448.0391;-109.9183;-2492.058
54359;-448.0448;-109.9212;-2492.068
54393;-447.8071;-109.8421;-2492.023
54426;-447.916;-109.878;-2492.097
54460;-447.9403;-110.0322;-2492.13
54526;-447.9372;-110.0098;-2492.159
54559;-447.9352;-110.0219;-2492.165
54585;-448.0198;-110.6774;-2492.495
54637;-448.0508;-110.8735;-2492.703
54654;-448.0785;-111.7543;-2493.157
54691;-448.7173;-113.1832;-2493.535
54725;-448.9243;-113.4975;-2493.759
54758;-448.8653;-114.7537;-2493.859
54792;-448.2531;-116.5218;-2494.184
54826;-448.729;-119.1299;-2494.018
54859;-449.1249;-121.2162;-2494.452
54893;-449.4081;-122.5573;-2494.339
54927;-449.455;-123.6424;-2494.419
54961;-448.665;-126.9916;-2494.963
54994;-448.9752;-127.7343;-2494.884
55028;-448.5021;-128.8922;-2495.224
55062;-448.4344;-130.7922;-2494.911
55089;-448.415;-131.4496;-2494.787
55123;-448.3725;-132.0806;-2494.73
55156;-448.3562;-132.8017;-2494.632
55190;-448.4791;-133.317;-2494.559
55223;-448.5799;-133.8702;-2494.379
55257;-448.7657;-134.4573;-2494.266
55291;-448.9868;-134.8156;-2494.292
55324;-449.1397;-135.0624;-2494.12
55358;-449.2135;-135.1608;-2494.024
55392;-449.228;-135.2186;-2493.934
55426;-449.3346;-135.2485;-2493.821
55459;-449.2706;-135.2959;-2493.811
55493;-449.3026;-135.344;-2493.738
55527;-449.3392;-135.3308;-2493.714
55561;-449.3801;-135.3529;-2493.669
55577;-449.5162;-135.4395;-2493.695
55628;-449.7765;-135.4532;-2493.808
55661;-449.7817;-135.5106;-2493.931
55679;-449.8155;-135.6304;-2494.231
55731;-450.0838;-135.6956;-2494.742
55764;-450.1242;-135.8619;-2495.511
55781;-450.3154;-136.1097;-2496.083
55815;-450.2303;-136.1679;-2497.018
55865;-450.4823;-136.257;-2497.484
55882;-450.5129;-136.4706;-2498.136
55916;-450.5189;-136.3854;-2499.109
55950;-450.5581;-136.4722;-2499.92
55983;-451.0788;-136.8109;-2500.657
56037;-450.9398;-136.4028;-2501.01
56069;-451.0419;-136.4113;-2501.319
56092;-451.735;-135.8026;-2501.764
56119;-452.3852;-135.0264;-2502.292
56152;-453.7356;-134.3001;-2502.775
56186;-454.1296;-133.9622;-2502.855
56237;-454.7838;-133.3268;-2502.984
56253;-455.404;-132.462;-2502.77
56304;-455.4424;-131.9035;-2502.672
56323;-455.735;-130.051;-2502.399
56357;-456.0023;-127.8947;-2503.085
56391;-455.8015;-126.7503;-2503.124
56424;-456.0515;-126.0417;-2502.872
56458;-455.9451;-125.498;-2502.874
56491;-456.2166;-124.8939;-2502.696
56525;-456.7015;-122.6917;-2502.039
56559;-457.1417;-122.3803;-2501.908
56592;-456.7801;-121.5298;-2501.751
56626;-455.7307;-120.0273;-2501.53
56660;-454.3447;-118.249;-2501.22
56694;-453.9153;-118.1883;-2500.662
56727;-453.461;-116.866;-2499.613
56785;-452.9311;-116.4836;-2498.867
56806;-451.3841;-114.8554;-2498.018
56846;-450.1102;-113.6662;-2496.988
56863;-449.748;-112.6082;-2496.231
56896;-448.5046;-111.1735;-2495.442
56930;-448.041;-110.226;-2494.867
56947;-447.3358;-109.1398;-2494.458
56997;-447.3207;-108.4019;-2493.865
57031;-447.4191;-108.0509;-2493.615
57048;-446.6091;-106.4612;-2493.25
57082;-446.6526;-106.3965;-2493.104
57132;-446.6171;-106.3627;-2492.73
57154;-446.1721;-106.1505;-2492.467
57196;-446.1021;-106.0972;-2492.238
57214;-446.044;-105.963;-2492.122
57248;-446.0184;-105.9149;-2492.023
57305;-446.2311;-106.4822;-2491.549
57327;-446.6679;-107.5145;-2490.856
57348;-447.8044;-109.3606;-2489.745
57382;-447.7876;-109.896;-2489.442
57415;-448.1935;-111.448;-2489.135
57449;-448.5879;-113.034;-2488.722
57500;-450.5898;-115.8467;-2487.706
57519;-451.0724;-116.8749;-2487.719
57552;-451.862;-120.3651;-2487.418
57603;-452.2372;-121.509;-2487.203
57624;-452.1459;-122.6932;-2486.983
57657;-452.1076;-123.5256;-2486.994
57691;-451.9594;-124.9104;-2487.234
57725;-451.6534;-126.7908;-2487.329
57758;-451.6964;-127.9353;-2487.216
57792;-452.0062;-129.9275;-2486.952
57826;-451.8976;-131.5247;-2486.756
57860;-451.5503;-131.7382;-2486.613
57893;-451.3788;-132.6393;-2486.239
57927;-451.0417;-133.4108;-2485.953
57978;-450.8597;-133.8081;-2485.856
58011;-450.7939;-134.1022;-2485.812
58028;-450.6172;-134.4278;-2485.664
58062;-450.5938;-134.647;-2485.421
58095;-450.7393;-134.9044;-2485.18
58129;-450.59;-135.166;-2485.025
58163;-450.5377;-135.2474;-2484.976
58197;-450.5585;-135.5188;-2484.963
58230;-450.5906;-135.6171;-2484.974
58260;-450.6008;-135.836;-2485.005
58296;-450.6105;-135.8665;-2485.062
58329;-450.7369;-136.0426;-2485.154
58348;-450.9963;-135.7797;-2485.396
58398;-451.0788;-135.767;-2485.484
58432;-451.1552;-136.0008;-2485.9
58466;-451.6508;-136.405;-2486.395
58483;-452.3185;-136.2227;-2487.004
58517;-452.4705;-135.8618;-2487.596
58567;-452.6209;-135.8608;-2487.744
58584;-452.8663;-135.8121;-2487.935
58617;-453.2854;-135.7697;-2488.235
58651;-453.1752;-135.265;-2488.849
58685;-453.5498;-134.8817;-2489.28
58719;-453.9407;-134.5058;-2489.536
58752;-454.3137;-134.0962;-2489.635
58786;-454.8016;-133.3663;-2489.83
58820;-455.3326;-131.7837;-2490.228
58853;-455.4608;-131.2705;-2490.424
58887;-455.6863;-130.4818;-2490.531
58921;-455.9238;-129.5565;-2490.618
58954;-455.8295;-127.0888;-2491.204
58988;-455.8718;-126.2542;-2491.396
59022;-455.5755;-123.7881;-2491.627
59049;-455.6042;-123.0935;-2491.992
59085;-454.7995;-120.4009;-2492.248
59119;-454.4582;-119.7038;-2492.362
59153;-454.1772;-119.3647;-2492.309
59186;-453.3402;-116.6941;-2492.601
59239;-453.0702;-115.6884;-2492.564
59260;-452.976;-115.2463;-2492.803
59279;-452.8674;-113.6658;-2492.638
59329;-452.7448;-112.8983;-2492.66
59363;-452.7491;-112.5334;-2492.56
59397;-452.0226;-111.8835;-2492.469
59415;-451.7248;-111.1574;-2492.213
59449;-449.8748;-108.7207;-2492.543
59499;-448.8877;-108.095;-2492.439
59516;-448.6494;-108.038;-2492.431
59549;-442.2474;-97.79297;-2495.962
59583;-442.2855;-98.25087;-2495.591
59634;-442.639;-99.00613;-2495.249
59651;-442.5081;-99.07198;-2495.132
59701;-442.8732;-99.3365;-2494.911
59718;-442.9624;-99.81675;-2494.646
59768;-443.3002;-100.2205;-2494.285
59785;-443.7245;-100.6274;-2493.859
59836;-443.9399;-101.5024;-2493.357
59853;-444.2906;-102.1558;-2493.231
59886;-444.334;-102.3417;-2493.323
59920;-444.22;-102.352;-2493.332
59971;-444.3753;-103.0836;-2493.345
59987;-444.5353;-103.4934;-2493.394
60041;-444.5863;-103.9068;-2493.466
60058;-444.8492;-105.767;-2493.624
60092;-445.7094;-108.1324;-2493.652
60126;-446.2346;-110.4585;-2493.568
60165;-446.2622;-111.5628;-2493.593
60198;-445.7891;-113.2618;-2493.855
60232;-445.7367;-114.4374;-2494.052
60249;-445.3578;-116.544;-2494.47
60299;-445.3554;-117.5078;-2494.622
60316;-445.5793;-119.2787;-2494.781
60350;-445.2675;-121.0626;-2495.199
60385;-444.6464;-122.8685;-2495.714
60417;-444.6644;-124.2263;-2495.757
60451;-444.3072;-125.4459;-2495.803
60485;-443.3727;-126.7353;-2496.219
60518;-442.7194;-127.7841;-2496.54
60552;-442.5239;-128.5285;-2496.558
60610;-442.5112;-129.231;-2496.331
60620;-442.4087;-129.8422;-2496.07
60653;-442.5287;-130.637;-2495.707
60687;-442.3251;-131.5256;-2495.58
60738;-442.1304;-131.9437;-2495.385
60754;-442.1714;-132.1349;-2495.243
60797;-442.202;-132.2668;-2495.009
60831;-442.1346;-132.4194;-2494.905
60869;-442.1204;-132.3878;-2494.834
60903;-442.1889;-132.4156;-2494.627
60920;-442.2413;-132.4651;-2494.386
60970;-442.4777;-132.6143;-2493.969
60987;-442.8232;-132.6246;-2493.52
61021;-443.2496;-132.5827;-2493.053
61055;-443.3748;-132.906;-2492.845
61088;-444.0591;-132.8382;-2492.361
61122;-444.5182;-132.8035;-2492.071
61156;-444.9602;-132.7987;-2491.955
61189;-445.2318;-132.9045;-2491.888
61223;-445.3082;-132.9564;-2491.857
61257;-445.4781;-133.0059;-2491.86
61298;-445.6199;-133.1577;-2491.877
61331;-445.7401;-133.3494;-2491.925
61366;-445.9129;-133.5904;-2491.959
61410;-446.0887;-133.7481;-2492.058
61561;-446.8634;-133.4259;-2493.073
61573;-446.9122;-133.4276;-2493.099
61624;-448.0931;-132.8127;-2493.24
61657;-448.9937;-131.6088;-2493.412
61691;-449.7156;-130.9827;-2493.783
61725;-451.1801;-129.8068;-2493.662
61759;-451.5964;-129.5668;-2493.688
61792;-451.7425;-129.1962;-2493.78
61826;-452.1163;-128.1467;-2493.615
61860;-452.3732;-126.9534;-2493.454
61893;-452.725;-125.5108;-2493.447
61927;-453.2391;-123.6731;-2493.065
61961;-453.5789;-121.5026;-2493.81
61997;-453.5269;-120.4224;-2493.79
62016;-454.5901;-118.0997;-2493.423
62067;-455.1708;-116.3272;-2493.22
62100;-455.1407;-112.157;-2494.117
62117;-454.8482;-110.9706;-2493.988
62167;-454.7396;-110.7044;-2493.757
62184;-454.627;-109.9608;-2493.434
62235;-454.8977;-109.1392;-2493.05
62252;-455.1693;-108.7659;-2492.786
62285;-454.4583;-101.8637;-2493.855
62319;-454.4378;-101.3246;-2493.782
62353;-454.4861;-101.2477;-2493.745
62387;-453.7972;-97.94505;-2494.345
62420;-452.8738;-94.56322;-2494.992
62455;-452.5192;-92.88929;-2495.212
62491;-451.0128;-91.37357;-2495.886
62523;-451.3883;-90.51078;-2496.079
62557;-451.5443;-92.36591;-2495.093
62590;-451.5509;-92.76564;-2494.949
62624;-451.4673;-93.06805;-2494.813
62658;-451.5829;-93.27715;-2494.775
62691;-452.7048;-96.66619;-2494.374
62725;-451.7898;-96.99326;-2494.384
62759;-451.7371;-97.05117;-2494.387
62793;-451.5368;-97.30168;-2494.46
62826;-451.5563;-98.08577;-2494.479
62860;-451.4826;-98.20449;-2494.478
62894;-451.4051;-98.66264;-2494.548
62927;-451.4452;-99.43406;-2494.738
62963;-452.5487;-101.3126;-2494.716
62996;-452.8645;-104.2329;-2494.644
63031;-452.7465;-106.6829;-2494.466
63050;-453.0027;-110.0659;-2493.487
63099;-453.2552;-111.4806;-2493.012
63116;-453.36;-112.9075;-2492.875
63149;-453.4905;-116.2503;-2493.298
63200;-453.7539;-117.3992;-2493.224
63217;-454.1295;-119.5754;-2492.813
63250;-454.2522;-121.0053;-2492.592
63284;-453.993;-122.5101;-2492.374
63335;-453.9775;-124.1659;-2492.018
63368;-453.8727;-125.0013;-2491.967
63385;-453.1874;-126.3925;-2491.792
63419;-453.4554;-127.2505;-2491.541
63452;-453.3868;-127.8421;-2491.354
63486;-453.386;-129.3079;-2490.806
63537;-454.0581;-130.1202;-2490.29
63570;-454.4213;-130.8341;-2490.093
63587;-454.5261;-131.1265;-2489.839
63635;-455.0681;-131.3983;-2489.239
63658;-455.4225;-131.5985;-2488.787
63692;-455.5643;-131.6751;-2488.633
63726;-455.9752;-131.7594;-2488.452
63759;-456.2775;-131.9059;-2488.213
63793;-457.5722;-131.6135;-2487.807
63838;-458.1405;-131.4254;-2487.595
63854;-458.5473;-131.4482;-2487.456
63888;-458.8197;-131.5867;-2487.407
63921;-459.1098;-131.7352;-2487.422
63955;-459.6703;-131.9688;-2487.679
63989;-461.0053;-132.0972;-2487.385
64023;-461.2267;-132.2457;-2487.458
64056;-462.4564;-133.049;-2487.569
64090;-462.8115;-133.056;-2487.837
64124;-463.0175;-133.2575;-2488.19
64157;-463.3323;-133.2923;-2488.431
64191;-463.4576;-133.2172;-2488.89
64225;-463.6688;-133.3492;-2489.208
64259;-464.0773;-133.3574;-2489.884
64292;-465.0822;-133.1249;-2490.915
64326;-465.1011;-132.929;-2491.398
64360;-465.9158;-132.9282;-2491.943
64393;-466.0756;-132.8969;-2492.288
64427;-466.7826;-132.8851;-2492.736
64461;-467.2972;-132.6317;-2493.069
64494;-467.347;-132.1729;-2493.425
64528;-467.991;-131.7736;-2493.89
64562;-467.8605;-131.5887;-2494.521
64595;-468.7786;-131.1119;-2494.665
64629;-469.17;-130.3721;-2495.02
64663;-469.0497;-130.0618;-2495.195
64696;-469.293;-129.6829;-2495.365
64730;-469.3344;-129.54;-2495.494
64773;-469.4092;-129.2099;-2495.615
64822;-468.1173;-127.2095;-2496.914
65027;-466.1242;-123.7783;-2497.844
65051;-464.3196;-117.6157;-2499.092
65085;-463.9627;-116.6856;-2499.217
65119;-463.6948;-112.5413;-2499.445
65152;-462.0594;-109.6337;-2499.6
65186;-461.5109;-107.6413;-2499.458
65220;-460.9224;-107.0002;-2499.238
65270;-460.3135;-104.4743;-2499.391
65287;-459.6454;-104.5129;-2498.902
65323;-458.676;-104.2558;-2498.407
65371;-458.0886;-103.6825;-2498.382
65388;-457.5967;-104.0187;-2497.655
65422;-456.9818;-103.3901;-2497.411
65456;-457.0891;-103.4387;-2496.95
65489;-456.6453;-103.4874;-2496.67
65523;-455.4753;-103.7266;-2496.073
65573;-455.3297;-103.5173;-2495.894
65590;-455.3649;-103.1651;-2495.439
65641;-455.3104;-102.9012;-2495.166
65658;-454.9117;-101.9859;-2494.968
65691;-454.9127;-101.3598;-2494.713
65725;-454.9989;-101.1709;-2494.513
65759;-454.7508;-100.762;-2494.201
65792;-454.7109;-100.3663;-2494.051
65826;-454.7593;-100.3399;-2493.719
65860;-455.0272;-100.2699;-2493.21
65910;-455.2275;-99.94262;-2492.81
65927;-455.1548;-99.96111;-2492.665
65978;-454.4275;-99.98081;-2492.233
65995;-455.6075;-100.9147;-2491.819
66028;-455.7182;-101.744;-2491.65
66062;-455.8255;-102.0818;-2491.551
66096;-455.8542;-103.9533;-2491.193
66129;-455.7717;-106.4531;-2491.379
66180;-455.7156;-108.499;-2490.851
66197;-457.2977;-111.3397;-2490.199
66231;-457.421;-114.6945;-2489.689
66265;-458.1298;-118.7069;-2489.322
66283;-458.2308;-119.8266;-2488.884
66317;-458.1016;-120.8367;-2488.538
66367;-458.2881;-121.7411;-2488.216
66385;-458.5931;-123.0098;-2488.165
66418;-458.529;-123.44;-2487.807
66455;-458.607;-124.7687;-2487.052
66489;-458.7737;-125.4017;-2486.459
66522;-458.721;-125.6301;-2486.315
66556;-459.101;-126.3684;-2485.574
66607;-458.8926;-127.0711;-2485.169
66624;-458.7214;-127.8893;-2484.526
66657;-458.8248;-128.4393;-2483.828
66691;-458.9657;-128.8687;-2483.176
66770;-458.972;-129.1521;-2482.814
66786;-458.8447;-129.5358;-2482.451
66802;-458.934;-130.012;-2481.79
66820;-458.9583;-130.8521;-2480.981
66853;-458.5467;-131.1395;-2480.397
66890;-458.4963;-131.353;-2479.939
66923;-458.5122;-131.4217;-2479.467
66957;-459.6158;-131.4992;-2478.524
66993;-459.5623;-131.6067;-2478.401
67027;-459.5124;-131.5886;-2478.329
67060;-459.4109;-132.0063;-2477.952
67094;-459.5302;-132.1662;-2477.834
67128;-459.7509;-132.3849;-2477.735
67162;-459.5721;-132.553;-2477.782
67195;-459.338;-132.6714;-2477.859
67229;-458.951;-132.9003;-2478.131
67263;-459.2284;-133.0412;-2478.205
67296;-459.3047;-133.0227;-2478.36
67330;-459.297;-133.0813;-2478.669
67351;-459.4205;-133.2801;-2478.876
67385;-459.4236;-133.2536;-2479.035
67427;-459.3221;-133.2642;-2479.405
67461;-459.2987;-133.4219;-2479.653
70346;-460.0259;-134.0672;-2484.188
70364;-460.6345;-133.8427;-2487.971
70380;-461.1015;-133.3385;-2489.024
70396;-461.0407;-133.0423;-2489.773
70433;-461.4733;-132.6427;-2490.28
70452;-461.74;-132.1865;-2490.774
70486;-462.1057;-131.5216;-2491.324
70536;-461.7563;-130.8582;-2491.763
70553;-461.9208;-128.357;-2492.892
70587;-462.6563;-126.9056;-2493.388
70660;-462.6236;-126.2247;-2493.575
70670;-463.3185;-124.8643;-2493.932
70704;-463.4172;-123.6005;-2494.154
70720;-463.9868;-122.4374;-2494.037
70754;-463.9601;-121.6076;-2494.128
70788;-464.1849;-119.8968;-2493.964
70821;-462.8898;-113.702;-2494.97
70872;-463.0175;-113.4721;-2494.645
70889;-462.7243;-109.6538;-2494.847
70923;-462.6711;-109.4966;-2494.808
70956;-462.6511;-109.3856;-2494.676
71007;-462.3922;-108.5305;-2494.412
71024;-461.7507;-106.2088;-2494.587
71057;-461.175;-105.602;-2494.347
71092;-459.7834;-104.566;-2494.06
71125;-459.6151;-104.4143;-2493.821
71158;-459.1776;-103.5713;-2494.143
71199;-457.491;-98.41975;-2494.63
71226;-457.1679;-97.64345;-2494.659
71260;-456.6749;-98.62012;-2493.867
71293;-455.2564;-97.70187;-2493.807
71327;-455.1806;-97.94662;-2493.5
71361;-454.6547;-97.23018;-2493.613
71394;-454.8652;-97.22118;-2493.495
71428;-455.0918;-97.29456;-2493.348
71462;-455.6721;-99.50311;-2492.661
71496;-456.3036;-99.59053;-2492.646
71525;-456.4303;-99.65283;-2492.658
71663;-457.4884;-103.4545;-2492.607
71681;-459.3259;-106.6434;-2492.8
71731;-462.1042;-112.4116;-2491.973
71765;-462.6662;-114.5315;-2492.067
71782;-463.5563;-116.9422;-2492.088
71832;-465.0102;-119.8044;-2491.843
71866;-465.3434;-121.4219;-2492.148
71885;-466.198;-123.8021;-2491.976
71919;-465.7175;-125.5152;-2492.118
71952;-466.2658;-126.3669;-2491.993
71986;-466.5208;-127.3414;-2491.647
72020;-466.3224;-127.6966;-2491.537
72070;-466.2536;-128.5679;-2491.39
72087;-466.3566;-129.3593;-2491.149
72138;-466.0228;-129.8809;-2491.029
72154;-465.7807;-130.3468;-2490.428
72188;-465.8276;-130.7084;-2489.582
72222;-466.1053;-130.9321;-2488.998
72272;-465.4373;-131.2154;-2488.428
72289;-465.2934;-131.1175;-2488.19
72323;-465.0269;-131.4378;-2487.75
72357;-465.6839;-131.4009;-2487.05
72391;-465.5629;-131.5484;-2486.744
72424;-466.3427;-131.8318;-2486.112
72458;-466.2582;-131.6962;-2485.998
72492;-466.3596;-131.6606;-2485.804
72542;-466.0948;-131.7798;-2485.713
72559;-466.2009;-131.7253;-2485.698
72593;-466.1708;-131.7843;-2485.707
72627;-466.1535;-132.1895;-2485.774
72660;-466.1751;-132.2947;-2485.782
72694;-465.7365;-132.5156;-2486.055
72745;-465.5375;-132.6791;-2486.246
72772;-465.1113;-132.6873;-2486.643
72798;-464.9782;-132.7147;-2486.888
72831;-464.6127;-132.5303;-2487.291
72865;-464.7147;-132.4589;-2487.43
72899;-464.9189;-132.3901;-2487.493
72933;-464.907;-132.0019;-2487.65
72966;-464.7344;-131.3829;-2488.052
73000;-465.0101;-130.8546;-2488.2
73034;-465.1003;-130.7503;-2488.319
73069;-465.6385;-130.0843;-2488.353
73103;-465.5661;-129.6812;-2488.345
73122;-465.3177;-129.0215;-2488.362
73160;-465.4637;-127.7317;-2488.497
73195;-464.8916;-126.0237;-2488.314
73230;-463.6737;-122.1558;-2488.489
73263;-462.9972;-120.6243;-2488.757
73288;-463.2039;-120.1274;-2488.248
73329;-462.0069;-115.9634;-2488.254
73387;-459.8811;-109.6978;-2488.593
73422;-459.7957;-108.0837;-2488.915
73456;-458.4617;-106.1942;-2488.73
73489;-457.597;-104.7159;-2488.349
73524;-457.105;-103.4547;-2488.135
73557;-456.2138;-103.8584;-2487.367
73592;-454.9247;-101.4407;-2487.562
73627;-454.7144;-101.1256;-2487.526
73665;-454.4082;-100.2915;-2487.43
73699;-452.8736;-99.40027;-2487.424
73747;-453.1769;-100.6892;-2486.664
73761;-453.1245;-100.6275;-2486.642
73795;-453.1295;-100.4156;-2486.611
73815;-453.194;-100.142;-2486.643
73865;-453.2014;-100.2398;-2486.631
73899;-453.3083;-100.4477;-2486.618
73918;-453.3342;-100.4554;-2486.626
73951;-453.6759;-100.5145;-2486.701
73986;-453.6855;-100.6947;-2486.801
74019;-453.7336;-101.331;-2486.819
74069;-453.7798;-103.7837;-2486.857
74103;-454.513;-105.7272;-2487.164
74120;-455.0916;-107.1333;-2487.08
74171;-454.6893;-109.4927;-2486.973
74226;-454.798;-111.7188;-2487.082
74493;-452.6404;-123.6079;-2486.268
74526;-451.4298;-125.1473;-2485.807
74577;-451.1624;-126.6521;-2485.105
74593;-450.8592;-127.4314;-2484.574
74627;-449.3033;-128.7359;-2484.249
74661;-448.5616;-129.4663;-2483.875
74694;-448.3091;-129.7731;-2483.457
74728;-447.4756;-130.6214;-2482.652
74762;-446.9787;-131.005;-2481.582
74795;-446.4286;-131.5464;-2480.806
74830;-445.8693;-131.9888;-2479.995
74863;-445.3145;-132.7304;-2478.92
74897;-444.9478;-133.4085;-2477.8
74930;-445.1423;-133.8367;-2476.508
74964;-445.0751;-133.8756;-2476.026
74998;-445.1171;-133.8323;-2475.166
75031;-445.2627;-134.0212;-2474.288
75065;-445.0798;-134.1025;-2473.819
75099;-444.9105;-134.2533;-2473.311
75133;-444.4879;-134.5677;-2472.6
75166;-443.7401;-134.7953;-2471.896
75186;-442.7888;-135.5274;-2470.975
75233;-442.4553;-135.6193;-2470.613
75266;-441.4457;-135.7711;-2470.256
75300;-439.0203;-136.0632;-2469.112
75317;-438.5798;-136.1963;-2468.726
75381;-438.1984;-135.8574;-2468.389
75443;-437.8765;-135.6491;-2468.073
75675;-437.364;-135.4914;-2467.461
75692;-431.8223;-134.9281;-2465.768
75726;-428.838;-135.2238;-2464.747
75760;-427.2734;-135.2158;-2464.468
75794;-426.4981;-135.0322;-2464.153
75828;-425.6385;-134.7712;-2464.104
75862;-424.988;-134.7839;-2464.072
75883;-424.9706;-134.8007;-2464.041
75934;-424.9423;-134.8078;-2464.065
75968;-423.7113;-134.8026;-2464.578
76001;-423.31;-134.7952;-2465.006
76019;-422.7105;-134.5602;-2465.574
76052;-422.1266;-134.8093;-2465.986
76103;-422.076;-134.9106;-2466.493
76120;-421.7833;-134.9022;-2467.211
76155;-421.3757;-134.7437;-2467.873
76188;-421.4137;-134.6678;-2468.326
76222;-421.1862;-134.5292;-2469.0
76265;-421.187;-134.5123;-2469.312
76287;-420.3333;-134.2196;-2470.219
76320;-420.3251;-134.2004;-2470.519
76371;-420.0068;-134.0273;-2470.78
76388;-420.0693;-134.114;-2471.009
76438;-420.0196;-134.1909;-2471.081
76455;-420.2325;-134.4533;-2471.266
76495;-420.472;-134.5722;-2471.333
76517;-420.6588;-134.6651;-2471.431
76567;-421.1366;-134.787;-2471.365
76584;-421.6231;-134.8047;-2471.222
76635;-421.9925;-134.7775;-2470.958
76652;-423.3589;-134.6488;-2470.401
76685;-424.7923;-134.707;-2469.827
76724;-425.8999;-134.8008;-2469.204
76758;-426.9151;-134.1449;-2468.348
76792;-428.0084;-133.4331;-2467.333
76859;-432.4271;-130.6357;-2465.417
76910;-433.9809;-129.7509;-2464.414
76927;-434.0748;-129.6648;-2464.333
76960;-434.1234;-129.6804;-2464.478
76994;-434.8912;-130.0364;-2464.712
77162;-438.2813;-131.8806;-2469.574
77179;-438.3468;-132.0368;-2469.584
77195;-439.0952;-131.9039;-2471.383
77229;-440.4812;-132.1858;-2473.137
77263;-441.5819;-131.6335;-2474.488
77297;-442.8634;-131.5761;-2475.604
77322;-443.1774;-132.0531;-2476.054
77356;-443.4176;-132.5099;-2476.423
77390;-444.0792;-132.8672;-2477.058
77426;-444.513;-132.5301;-2477.65
77461;-445.571;-131.4177;-2478.847
77495;-445.9185;-131.0826;-2479.446
77529;-446.3475;-131.0422;-2479.941
77562;-446.6729;-131.3951;-2480.244
77596;-446.9843;-131.6265;-2480.514
77630;-447.3589;-131.8558;-2480.871
77664;-448.0454;-131.6974;-2481.586
77699;-448.928;-131.4805;-2482.526
77732;-449.4427;-131.5159;-2483.029
77765;-449.7522;-131.5462;-2483.655
77799;-450.0598;-131.8843;-2483.982
77833;-450.4233;-132.0963;-2484.359
77853;-450.7169;-132.179;-2484.866
77884;-450.9925;-132.2622;-2485.339
77917;-451.1656;-132.2307;-2485.604
77983;-451.2899;-132.3123;-2485.887
78035;-452.0781;-132.9118;-2485.809
78115;-452.4893;-133.0745;-2485.594
78164;-455.4272;-132.9172;-2483.615
78181;-455.4854;-133.4199;-2483.604
78197;-456.2666;-133.239;-2482.939
78231;-456.3614;-133.2737;-2482.786
78265;-456.1746;-133.1573;-2482.804
78299;-456.0959;-133.1485;-2482.823
78320;-456.0604;-133.1162;-2482.897
78360;-455.9399;-133.0168;-2483.067
78393;-455.8388;-132.9706;-2483.277
78427;-455.6774;-132.9607;-2483.404
78461;-455.6046;-132.9845;-2483.541
78495;-455.4856;-132.9281;-2483.67
78528;-455.4647;-132.9092;-2483.756
78562;-455.4355;-132.9069;-2483.799
78596;-455.4038;-132.8389;-2483.858
78629;-455.2329;-132.7304;-2483.865
78663;-455.1748;-132.5288;-2483.812
78711;-455.1248;-132.5201;-2483.722
78727;-454.9254;-132.3462;-2483.33
78762;-454.8886;-131.868;-2482.771
78795;-454.6191;-131.758;-2482.388
78830;-454.6269;-131.6538;-2481.872
78864;-454.4669;-131.8842;-2481.437
78897;-454.4806;-131.8054;-2481.105
78948;-454.1642;-131.8868;-2480.478
78965;-454.1603;-131.9439;-2480.219
78999;-454.1023;-131.9799;-2479.894
79033;-454.3462;-131.8695;-2479.681
79066;-454.4609;-131.8287;-2479.331
79100;-454.554;-131.7424;-2478.988
79134;-455.3332;-131.9397;-2478.261
79151;-455.4203;-131.9375;-2478.092
79206;-455.9617;-131.448;-2477.808
79222;-456.755;-131.1746;-2477.321
79256;-456.8893;-131.0981;-2477.116
79290;-456.9733;-131.0874;-2477.03
79323;-457.1325;-130.9936;-2476.892
79357;-456.3907;-132.2543;-2476.397
79391;-455.7209;-132.6459;-2476.215
79426;-454.5898;-133.1403;-2476.064
79451;-453.456;-133.2113;-2475.871
79502;-451.6143;-133.3021;-2476.18
79536;-448.7209;-133.7135;-2475.566
79570;-443.7428;-133.4032;-2475.887
79608;-440.2986;-133.4293;-2475.862
79625;-438.1281;-133.2545;-2476.157
79659;-435.7623;-133.4559;-2476.21
79710;-431.7661;-133.9902;-2476.625
79729;-429.2673;-134.7773;-2476.898
79818;-426.1758;-135.5539;-2477.561
79915;-419.8965;-138.1772;-2476.473
79933;-417.8119;-139.1726;-2475.906
79967;-415.8056;-139.7916;-2475.485
80001;-413.4349;-140.5432;-2475.786
80034;-411.9213;-141.4238;-2476.0
80068;-411.6237;-141.3739;-2475.848
80102;-409.6237;-141.7344;-2475.804
80119;-407.8263;-142.9229;-2475.17
80165;-407.3641;-142.8607;-2475.226
80198;-405.7868;-143.0254;-2475.722
80249;-403.6783;-143.6312;-2475.82
80265;-400.7384;-143.6959;-2476.101
80299;-398.2933;-143.8581;-2476.065
80333;-395.431;-143.1747;-2476.171
80367;-393.1024;-142.6638;-2476.436
80383;-391.2213;-141.9325;-2476.681
80451;-388.7888;-141.7668;-2476.866
80468;-387.461;-141.6673;-2477.102
80484;-386.3273;-142.0007;-2477.191
80536;-385.7832;-142.0479;-2477.18
80672;-383.613;-142.6117;-2477.252
80736;-383.3011;-142.6637;-2477.296
80761;-383.3132;-142.6829;-2477.268
80795;-383.1722;-142.6761;-2477.153
80828;-383.1264;-142.6645;-2477.046
80863;-383.2182;-142.9859;-2477.029
80896;-383.6011;-143.2418;-2476.898
80930;-384.7782;-143.2671;-2476.717
80963;-385.2297;-143.2186;-2476.766
80997;-386.3463;-143.4584;-2476.431
81031;-387.7575;-142.9938;-2476.309
81054;-390.457;-142.6198;-2476.23
81107;-394.3606;-141.753;-2476.07
81124;-397.8159;-141.1018;-2475.613
81175;-401.8608;-140.1301;-2475.396
81192;-404.0999;-139.2178;-2475.704
81249;-407.3149;-138.8984;-2475.452
81259;-409.2081;-138.8206;-2475.145
81310;-411.3459;-138.616;-2474.952
81359;-415.1098;-138.8044;-2474.947
81375;-417.7758;-138.7256;-2474.994
81397;-420.6869;-138.4351;-2475.17
81431;-423.0136;-138.0595;-2475.422
81482;-426.2219;-137.8533;-2475.868
81566;-431.0214;-137.8149;-2476.235
81582;-434.032;-137.7964;-2476.712
81633;-437.5996;-136.9142;-2477.741
81666;-438.7253;-137.1197;-2478.263
81706;-440.4319;-137.6321;-2478.659
81739;-441.6111;-138.319;-2478.974
81773;-443.7878;-138.2494;-2479.731
81806;-445.9195;-137.8228;-2480.307
81857;-448.1415;-137.6562;-2481.567
81891;-449.1201;-137.7072;-2482.3
81942;-450.6842;-137.5537;-2482.723
81958;-451.1773;-137.8186;-2483.062
81992;-453.586;-138.5196;-2483.525
82026;-455.2154;-139.0309;-2483.898
82060;-456.7575;-138.8831;-2484.288
82117;-457.9499;-138.8487;-2485.065
82134;-458.3842;-139.1698;-2486.036
82221;-458.4168;-139.6729;-2487.437
82270;-459.1764;-140.8098;-2492.125
82288;-459.5214;-140.2073;-2493.413
82322;-459.9446;-138.9625;-2494.863
82356;-460.434;-138.1247;-2496.115
82406;-461.5334;-137.5984;-2497.035
82423;-462.2747;-137.7287;-2497.799
82474;-463.1365;-137.9172;-2498.254
82491;-463.9693;-138.1866;-2498.77
82524;-464.7651;-138.5365;-2499.102
82575;-465.3575;-138.3078;-2499.696
82592;-465.6167;-138.6734;-2499.835
82628;-465.5056;-141.8004;-2499.191
82662;-465.8588;-143.0215;-2498.947
82696;-465.8839;-143.8292;-2498.832
82729;-466.3814;-143.6822;-2498.798
82763;-467.6012;-142.9528;-2499.083
82797;-468.1581;-142.5752;-2499.679
82847;-468.86;-142.3074;-2500.222
82864;-469.5835;-141.8909;-2500.769
82902;-469.9258;-141.6683;-2500.948
82939;-469.9564;-141.7829;-2500.938
82957;-470.0732;-141.8778;-2501.029
82991;-470.2276;-141.8383;-2501.214
83042;-470.1844;-142.487;-2501.245
83121;-468.791;-144.6911;-2500.829
83223;-465.6441;-147.5549;-2499.888
83239;-465.5504;-147.044;-2500.069
83290;-465.4872;-146.7597;-2500.1
83326;-465.0913;-145.2146;-2500.215
83362;-464.8398;-144.6156;-2500.065
83388;-464.4292;-144.8366;-2499.708
83422;-463.8846;-144.94;-2499.244
83455;-462.2756;-147.7217;-2497.559
83489;-461.0587;-149.4927;-2496.288
83523;-460.3565;-151.0637;-2495.539
83557;-459.7123;-151.6515;-2495.146
83607;-459.1859;-152.1823;-2494.744
83624;-459.0926;-152.1886;-2494.66
83674;-459.0313;-152.1926;-2494.585
83692;-458.7982;-152.3788;-2494.315
83728;-458.6617;-152.416;-2493.999
83761;-458.4377;-152.8671;-2493.431
83795;-458.2572;-153.1941;-2493.211
83828;-458.1869;-153.163;-2493.118
83879;-458.1176;-152.7758;-2493.07
83896;-458.0663;-152.5134;-2492.969
83930;-457.9906;-152.2629;-2492.84
83963;-457.8739;-151.9815;-2492.659
83983;-457.7435;-151.7335;-2492.519
84021;-457.5865;-151.4472;-2492.449
84114;-456.5591;-151.9806;-2491.859
84584;-456.0026;-152.0586;-2491.643
84611;-455.7229;-151.9751;-2491.589
84679;-455.6665;-150.81;-2491.679
84704;-455.6832;-149.2549;-2491.919
84721;-455.2327;-149.4436;-2491.694
84755;-454.6739;-149.7927;-2491.438
84788;-454.5146;-149.7607;-2491.381
84824;-454.3893;-149.4045;-2491.386
84860;-454.2168;-149.4359;-2491.255
84893;-454.2318;-149.2358;-2491.312
84927;-454.5935;-148.3313;-2491.575
84961;-454.9493;-146.8866;-2492.346
84995;-454.772;-145.8971;-2493.222
85029;-454.7884;-145.8362;-2493.307
85062;-454.9897;-145.7491;-2493.522
85096;-454.9675;-145.5738;-2493.602
85134;-454.4197;-145.4162;-2493.096
85167;-453.7467;-145.4865;-2491.801
85204;-454.1765;-144.9053;-2490.362
85282;-454.0324;-144.6215;-2490.02
85302;-452.4966;-142.1405;-2490.893
85370;-452.4815;-141.1851;-2491.341
85404;-451.7129;-140.6388;-2491.78
85438;-450.9491;-140.1066;-2492.25
85471;-449.8665;-140.207;-2492.286
85505;-448.5756;-141.0317;-2492.146
85538;-448.1266;-141.0995;-2492.012
85555;-447.9706;-141.0752;-2492.081
85606;-447.9388;-141.0839;-2492.071
85639;-447.8667;-141.147;-2492.043
85658;-447.9349;-141.4669;-2491.722
85709;-448.0274;-141.4698;-2491.492
85725;-448.9401;-141.4211;-2490.666
85759;-449.2045;-141.4781;-2490.43
85792;-449.2517;-141.5208;-2490.408
85826;-449.2778;-141.5487;-2490.435
85860;-449.1488;-141.8161;-2490.574
85893;-449.0443;-142.0842;-2490.836
85944;-448.9304;-142.1003;-2491.257
85961;-448.9431;-142.1899;-2491.456
85995;-449.082;-142.0694;-2491.662
86066;-449.4195;-141.8181;-2491.885
86083;-449.2433;-141.8224;-2492.013
86133;-449.6465;-141.8259;-2491.935
86150;-449.7963;-141.908;-2491.718
86184;-450.677;-141.815;-2491.209
86234;-451.1848;-141.7615;-2490.87
86251;-451.0627;-141.8531;-2490.767
86285;-450.6611;-141.6579;-2490.657
86319;-450.5445;-141.666;-2490.606
86369;-450.3368;-141.6666;-2490.67
86386;-449.46;-141.7789;-2490.529
86437;-448.6894;-141.4291;-2490.46
86453;-447.8511;-140.9794;-2490.343
86504;-445.5876;-140.6008;-2489.777
86523;-442.5889;-140.364;-2488.925
86557;-440.8419;-140.1776;-2488.015
86590;-438.7528;-139.4275;-2487.144
86624;-436.3659;-140.2234;-2485.587
86674;-434.5147;-140.6127;-2484.287
86691;-431.9112;-142.1622;-2481.65
86725;-429.9474;-143.0606;-2480.396
86759;-428.2345;-143.929;-2479.517
86809;-427.0078;-145.0013;-2478.27
86829;-424.3527;-145.2625;-2476.065
86854;-423.8202;-145.2345;-2474.461
86904;-424.1331;-146.1468;-2471.871
86921;-425.1943;-147.233;-2468.255
86955;-426.7002;-149.6164;-2464.194
86989;-428.1138;-150.3508;-2460.772
87040;-431.3948;-152.0875;-2455.665
87057;-434.4761;-154.0135;-2449.12
87107;-439.6511;-155.1759;-2442.256
87124;-443.4134;-155.4001;-2435.884
87158;-448.6595;-155.0928;-2425.648
87208;-460.3653;-153.7807;-2412.136
87334;-474.8167;-153.0552;-2389.492
87368;-497.8129;-152.6493;-2364.058
87421;-503.4679;-150.2807;-2357.719
87440;-517.2637;-145.8431;-2345.265
87456;-525.2849;-142.115;-2333.205
87489;-554.2245;-139.7676;-2301.057
87523;-559.5452;-136.4862;-2297.694
87557;-568.9037;-134.3028;-2290.98
87590;-579.1953;-128.6687;-2282.243
87624;-588.6599;-124.7616;-2273.625
87669;-597.3792;-122.3066;-2266.755
87688;-605.1293;-118.608;-2257.289
87728;-612.7403;-114.6338;-2249.055
87754;-619.7789;-114.935;-2241.279
87787;-625.9118;-110.4786;-2229.26
87821;-629.1736;-109.4816;-2219.443
87855;-632.0952;-109.4655;-2207.083
87905;-637.4264;-106.2346;-2191.981
87938;-647.8753;-106.4271;-2177.628
87955;-652.6932;-103.6608;-2161.353
87989;-654.6013;-105.8262;-2146.004
88040;-656.1742;-104.9937;-2129.553
88073;-657.9081;-103.8356;-2110.084
88090;-658.1437;-105.5982;-2092.151
88124;-658.1121;-105.2788;-2074.552
88174;-659.5111;-104.0005;-2055.529
88191;-659.964;-105.7121;-2037.599
88225;-664.0173;-104.0087;-2021.233
88259;-668.1855;-101.8317;-2006.432
88292;-673.3863;-98.97373;-1979.772
88326;-676.3456;-103.9084;-1966.822
88360;-691.2346;-90.85413;-1957.688
88393;-694.1945;-83.44392;-1944.011
88898;-678.2514;194.9086;-1950.232
88949;-713.1497;72.89219;-1726.937
88965;-593.9086;68.70543;-1630.933
88999;-570.3326;37.92516;-1616.39
89037;-556.5685;26.58992;-1614.329
89071;-540.5062;18.88564;-1611.631
89105;-519.4784;5.355765;-1609.75
89138;-500.5743;-0.4143457;-1614.825
89172;-498.4691;0.7625838;-1621.324
89206;-480.7395;-1.107211;-1623.965
89240;-472.9369;27.55091;-1637.544
89274;-675.2205;-202.3027;-1579.445
89347;-668.2379;-208.8277;-1566.505
89374;-644.9315;-203.6658;-1537.799
89391;-640.6647;-203.2239;-1518.943
89416;-621.2551;-266.75;-1506.919
89437;-625.5962;-270.8766;-1531.611
89454;-630.2453;-270.9244;-1516.459
89504;-625.1138;-282.3016;-1519.952
89538;-537.6177;-186.6643;-1406.647
89578;-542.7236;-80.68721;-1374.946
89626;-576.5485;10.92204;-1406.918
89671;-587.3257;-150.8288;-1383.696
89687;-619.3688;172.508;-1382.621
89727;-544.8342;-32.19303;-1253.706
89761;-626.1097;212.2154;-1400.989
89795;-462.9027;-5.278705;-949.3729
89828;-462.9027;-5.278705;-949.3729
89862;-462.9027;-5.278705;-949.3729
90000;-462.9027;-5.278705;-949.3729
90064;-183.7742;92.14149;-2262.039
90099;-186.2331;93.33076;-2291.982
90132;-188.0038;87.88071;-2316.374
90165;-190.4967;81.06714;-2349.103
90199;-195.7124;77.21706;-2372.127
90233;-197.8416;69.84772;-2400.977
90262;-198.6759;67.11838;-2419.703
90324;-199.7622;69.64745;-2436.083
90341;-201.4144;73.77769;-2455.057
90362;-202.9949;76.37161;-2466.82
90396;-204.8877;75.7426;-2479.046
90430;-208.4067;75.50089;-2488.903
90464;-212.5493;76.3946;-2497.243
90497;-215.9166;76.71033;-2504.885
90531;-219.5066;75.37053;-2512.89
90565;-225.2053;75.57403;-2522.927
90615;-228.9315;74.60821;-2530.131
90632;-232.7348;74.75357;-2540.062
90666;-234.6946;72.54273;-2546.933
90699;-235.6216;71.49319;-2553.501
90733;-234.9906;71.83784;-2559.3
90755;-234.8785;71.57941;-2564.427
90789;-233.5605;71.59805;-2569.474
90822;-230.662;73.17352;-2573.416
90856;-226.8613;73.29053;-2576.646
90914;-220.5046;71.97089;-2578.948
90945;-211.5603;71.73347;-2580.553
90962;-200.2538;68.49618;-2580.596
90995;-185.3871;66.46894;-2579.874
91023;-168.9855;68.45163;-2581.23
91057;-148.6136;69.54009;-2580.714
91108;-126.161;70.02442;-2579.473
91124;-103.3959;71.14519;-2580.062
91175;-85.44436;73.78508;-2581.107
91192;-62.49293;73.29601;-2583.673
91225;-40.86467;78.24588;-2587.259
91259;-21.3329;82.97076;-2591.383
91293;-5.691123;87.83575;-2594.77
91327;10.34811;87.80608;-2597.43
91360;22.30597;87.00153;-2599.573
91394;37.46128;90.26224;-2601.874
91428;51.24204;88.35724;-2602.449
91462;64.6087;85.33332;-2603.546
91495;74.25056;84.6564;-2604.288
91529;82.18344;86.36313;-2606.095
91563;94.08659;89.42527;-2606.038
91596;101.6332;89.61103;-2605.119
91630;110.3632;91.50897;-2603.66
91664;116.8703;94.67509;-2600.892
91717;123.9446;94.07153;-2598.703
91731;129.4649;97.04118;-2596.565
91765;136.3332;100.4284;-2594.184
91818;139.1225;101.2856;-2591.913
91851;145.6279;105.4769;-2590.474
