
0;-546.5932;-689.9854;-2751.07
40;-540.8706;-707.9988;-2741.029
70;-536.0445;-718.687;-2731.051
110;-526.5662;-745.0872;-2715.467
140;-524.3867;-757.7895;-2707.213
170;-521.7729;-762.5852;-2702.754
220;-519.1366;-750.2273;-2707.451
240;-518.47;-751.4411;-2708.535
270;-511.4385;-747.4608;-2714.555
310;-507.2632;-745.1696;-2719.652
340;-500.4073;-740.465;-2725.926
380;-495.389;-740.2959;-2730.816
420;-491.4503;-737.7552;-2734.403
430;-486.4451;-736.6831;-2736.206
470;-483.3297;-736.7059;-2736.075
501;-477.2626;-738.6595;-2736.009
531;-465.2015;-742.3618;-2734.661
571;-452.984;-743.1684;-2729.516
611;-436.3926;-743.8752;-2718.071
641;-419.5321;-740.6829;-2704.539
671;-404.3024;-742.7454;-2683.426
701;-391.001;-739.7518;-2666.896
761;-377.468;-735.6198;-2652.498
771;-369.6086;-731.7632;-2635.767
821;-347.0049;-728.7482;-2638.468
881;-347.9595;-721.2988;-2624.858
911;-334.463;-724.9763;-2622.551
931;-295.9402;-721.1459;-2614.961
981;-282.9124;-726.667;-2608.624
1011;-271.0978;-728.0089;-2603.966
1051;-260.4667;-729.4291;-2593.714
1071;-249.3132;-737.9879;-2564.486
1111;-243.9189;-739.1331;-2548.256
1141;-233.0453;-742.8684;-2527.417
1191;-227.8288;-745.9234;-2515.547
1211;-182.8106;-744.077;-2492.517
1251;-183.0545;-740.0455;-2484.241
1281;-170.278;-738.8539;-2457.183
1301;-163.1266;-740.2562;-2440.715
1341;-160.072;-738.0229;-2423.983
1371;-158.063;-735.3878;-2413.832
1411;-154.2718;-732.6394;-2404.975
1461;-149.5447;-741.4705;-2394.15
1481;-142.8875;-742.9464;-2389.828
1504;-135.083;-739.7072;-2385.695
1539;-127.7058;-741.7469;-2380.49
1569;-118.3415;-743.963;-2373.964
1599;-107.7222;-746.3218;-2366.807
1659;-91.74547;-745.5766;-2359.696
1689;-75.65095;-744.1238;-2352.883
1709;-64.19791;-742.4656;-2347.339
1729;-49.17177;-738.1782;-2340.077
1804;-26.98421;-733.3193;-2329.551
1837;-21.57407;-732.3166;-2326.463
1867;-18.54871;-732.0811;-2325.055
1907;-17.86774;-732.4639;-2324.298
1937;-4.928154;-735.7758;-2321.134
1977;1.583894;-735.0932;-2321.096
2007;5.135586;-735.6409;-2322.006
2027;15.49947;-735.0306;-2326.279
2217;21.51041;-737.6761;-2335.358
2317;21.93049;-689.301;-2355.651
2337;24.43072;-659.827;-2360.936
2387;24.76952;-654.5959;-2361.68
2397;24.53067;-650.025;-2362.743
2437;24.44168;-636.6255;-2364.555
2477;24.37824;-636.5051;-2364.477
2507;24.35356;-634.9166;-2364.643
2537;20.24978;-687.9239;-2360.065
2572;17.96742;-646.2255;-2370.997
2609;23.48747;-645.7111;-2370.24
2639;26.73463;-663.6651;-2366.023
2669;27.23833;-660.9321;-2367.226
2709;28.11493;-662.3564;-2367.352
2749;35.95684;-735.5358;-2358.227
2769;36.58273;-739.0176;-2357.158
2799;37.87449;-718.2114;-2361.45
2849;40.80199;-728.3975;-2358.415
2859;42.18691;-730.6063;-2357.255
2917;42.34937;-731.5036;-2356.464
2950;43.10448;-732.2106;-2355.752
2980;43.81031;-732.6397;-2354.94
3000;43.75134;-733.1917;-2354.085
3050;43.92038;-733.6133;-2353.675
3070;42.4726;-745.4028;-2352.089
3120;39.66582;-743.2168;-2352.41
3140;39.23634;-743.0389;-2351.391
3180;37.18142;-743.4297;-2351.811
3200;40.12187;-750.82;-2346.434
3230;41.23098;-748.2332;-2344.253
3280;42.15303;-746.8512;-2343.852
3560;37.44561;-688.4769;-2359.766
3605;38.88925;-650.5767;-2362.061
3635;38.32938;-650.762;-2361.97
3665;37.88962;-638.1657;-2362.868
3705;38.06311;-637.8224;-2362.335
3745;37.2881;-637.4919;-2362.012
3775;36.26583;-636.751;-2361.701
3815;35.8545;-635.0745;-2361.663
3845;33.68073;-625.3546;-2364.7
3885;34.80218;-644.1932;-2360.71
3905;36.61479;-649.8192;-2359.171
3945;37.65488;-649.8572;-2359.116
3995;39.01997;-637.9438;-2361.526
4025;19.32664;-635.2946;-2371.077
4045;22.0921;-637.8187;-2368.445
4075;43.4222;-708.3781;-2345.266
4115;46.22104;-724.5012;-2342.266
4145;47.19028;-726.7838;-2341.386
4175;47.29625;-728.5449;-2340.485
4215;46.98052;-729.8812;-2339.883
4245;46.69716;-730.9893;-2339.166
4305;45.68525;-732.8665;-2337.977
4345;46.37407;-735.2759;-2336.234
4375;39.81456;-739.8047;-2336.421
4415;39.4268;-739.1741;-2336.537
4425;39.86783;-739.5102;-2336.052
4465;37.80221;-739.3622;-2336.8
4505;41.57613;-744.8289;-2334.268
4555;44.08488;-742.5147;-2332.651
4575;43.67596;-741.9172;-2332.365
4615;44.37717;-740.5123;-2332.431
4645;44.67362;-738.1852;-2332.338
4685;44.59666;-737.3906;-2332.441
4705;44.41903;-736.5239;-2332.493
4745;41.31259;-774.7682;-2329.535
4785;41.08634;-775.1077;-2329.663
5045;39.38892;-648.274;-2353.722
5105;34.03433;-639.5093;-2352.991
5145;33.60736;-636.5527;-2352.97
5175;35.24665;-635.9;-2352.657
5215;28.99889;-690.1982;-2347.559
5240;26.67451;-667.4926;-2354.026
5277;33.34444;-651.1306;-2353.75
5307;34.51078;-651.9999;-2353.414
5337;36.88328;-651.3778;-2353.744
5367;37.82884;-650.1102;-2353.792
5407;38.4697;-651.0211;-2353.757
5437;40.73909;-663.9947;-2353.74
5467;44.06762;-734.6427;-2342.794
5507;44.18238;-734.6765;-2342.752
5557;44.22844;-734.6431;-2342.755
5567;45.33229;-734.3872;-2342.709
5607;45.56962;-734.3327;-2342.731
5657;45.69451;-734.3574;-2342.718
5667;45.73603;-734.4604;-2342.704
5707;45.84484;-734.5954;-2342.741
5757;45.71008;-734.6611;-2342.503
5767;45.64378;-734.8156;-2342.325
5817;45.51101;-735.027;-2341.98
5837;45.43269;-735.3814;-2341.433
5857;45.72877;-741.1721;-2339.011
5907;34.50969;-744.7892;-2343.608
5937;34.65789;-744.2086;-2343.379
5977;34.98375;-742.5757;-2342.459
6007;32.88277;-742.7881;-2343.219
6037;38.28466;-745.9528;-2339.39
6067;40.36628;-744.6599;-2337.831
6107;41.63808;-743.2944;-2337.503
6147;42.08545;-742.0815;-2337.309
6187;42.27919;-740.2693;-2337.219
6237;42.62006;-739.1121;-2337.288
6267;42.71102;-738.7079;-2337.293
6317;42.68598;-738.1245;-2337.383
6347;42.47165;-737.583;-2337.583
6377;42.49518;-737.207;-2337.937
6397;42.37447;-737.0602;-2338.301
6427;41.52061;-736.9177;-2339.49
6467;40.25138;-736.5547;-2340.735
6517;34.04187;-670.6038;-2356.393
6547;34.06245;-668.0226;-2356.644
6567;34.14931;-662.8453;-2357.651
6617;35.19539;-658.9976;-2358.154
6627;35.68952;-618.4904;-2365.92
6667;35.60647;-615.2676;-2367.432
6717;35.65986;-615.676;-2367.514
6747;35.86367;-662.4794;-2357.54
6767;32.39856;-694.3203;-2357.728
6807;35.71947;-676.8354;-2357.267
6837;35.61395;-680.9958;-2356.513
6877;32.61468;-681.0575;-2361.184
6907;39.00684;-650.2877;-2364.746
6937;40.01026;-640.1194;-2368.397
6977;40.43888;-640.3828;-2369.332
7007;40.61887;-658.3407;-2365.446
7057;40.79595;-658.2838;-2365.812
7067;41.54481;-660.4502;-2366.588
7107;44.50378;-740.8705;-2355.502
7157;44.5052;-740.8976;-2355.51
7177;41.60193;-720.4808;-2359.065
7197;41.76046;-717.6769;-2359.401
7237;44.37025;-726.9199;-2357.101
7267;45.06966;-729.2256;-2356.427
7307;44.99968;-729.902;-2356.069
7337;45.27443;-731.1211;-2355.429
7367;44.9432;-731.9986;-2354.894
7407;44.22335;-733.1587;-2354.146
7447;43.78399;-734.5869;-2353.074
7477;42.37663;-737.0168;-2351.641
7507;39.59875;-748.6431;-2347.998
7547;28.66948;-747.167;-2352.013
7577;28.45095;-745.2808;-2351.925
7607;28.40808;-744.8207;-2351.733
7637;26.60814;-744.7347;-2351.994
7687;29.73979;-748.7603;-2349.123
7717;33.04115;-745.0161;-2348.16
7747;33.14883;-744.8691;-2348.099
7777;35.01054;-743.5826;-2347.809
7817;35.63767;-743.2258;-2347.658
7847;36.05976;-742.4668;-2347.868
7887;36.50774;-741.8251;-2348.115
7897;37.94759;-739.6155;-2348.735
7957;38.79471;-738.5233;-2349.084
7977;39.28548;-724.5985;-2352.515
8018;40.12423;-726.1528;-2352.229
8048;40.3194;-727.7712;-2352.17
8078;37.20646;-731.7836;-2352.453
8108;37.17342;-731.9626;-2352.564
8148;38.58189;-662.0671;-2368.382
8259;38.21487;-653.9371;-2370.849
8284;40.90182;-639.2308;-2372.567
8314;38.16679;-636.3577;-2373.766
8354;37.66842;-635.3889;-2373.815
8364;38.10464;-650.5223;-2370.981
8464;37.70219;-649.1497;-2373.82
8514;43.37193;-634.6537;-2377.072
8544;44.03464;-643.6571;-2376.013
8584;44.22011;-645.1917;-2375.848
8614;44.06274;-652.8177;-2375.011
8644;43.53848;-652.2848;-2375.401
8674;44.34606;-652.6757;-2375.361
8704;50.13252;-736.418;-2357.694
8734;50.19929;-736.4579;-2357.67
8804;50.2489;-736.4169;-2357.681
8954;48.14215;-731.1999;-2358.891
8970;46.98273;-734.8831;-2357.744
9002;46.5585;-735.9341;-2357.316
9052;45.46503;-738.4189;-2355.929
9072;45.04363;-745.0325;-2353.775
9114;38.30206;-747.6986;-2356.212
9154;37.58347;-747.3216;-2356.26
9184;37.30156;-746.4006;-2355.299
9214;35.38118;-746.4;-2355.653
9234;36.52524;-750.1812;-2352.43
9284;37.00423;-748.7625;-2351.31
9304;37.73883;-747.2947;-2350.285
9344;38.696;-745.6382;-2349.829
9374;39.40588;-743.8425;-2349.666
9414;39.97281;-742.9934;-2349.368
9444;40.02766;-741.7543;-2349.191
9474;38.8559;-729.5856;-2351.014
9514;39.46467;-730.0771;-2350.76
9534;39.42953;-731.2595;-2350.478
9574;39.46852;-731.4713;-2350.435
9604;35.34828;-697.7122;-2356.692
9634;36.42567;-671.2879;-2361.349
9674;36.61712;-663.0244;-2363.148
9704;34.72645;-656.3531;-2364.916
9744;34.49624;-639.8119;-2367.9
9764;34.66982;-638.8782;-2367.66
9804;33.80431;-637.1707;-2367.439
9834;31.67287;-636.3939;-2367.648
9874;32.67703;-635.5704;-2367.567
9924;33.82971;-632.6219;-2368.562
9944;34.51821;-638.5021;-2368.209
9984;34.70548;-638.9053;-2368.301
10054;38.89156;-654.0774;-2365.982
10084;50.72178;-738.6471;-2351.84
10124;50.82841;-738.5496;-2351.653
10144;51.18202;-707.6505;-2354.417
10164;50.29689;-707.9;-2354.295
10224;48.78362;-723.8813;-2350.994
10234;47.81168;-726.8713;-2350.081
10284;47.69577;-728.3466;-2349.757
10314;47.10112;-729.5278;-2349.829
10344;46.73266;-730.9995;-2349.61
10374;45.78062;-734.4147;-2348.745
10414;44.12309;-746.935;-2346.78
10444;40.67614;-745.5806;-2347.602
10474;40.72475;-744.8245;-2347.242
10504;39.8363;-744.1824;-2347.669
10544;42.69343;-747.4884;-2345.512
10574;44.57952;-745.9564;-2344.592
10614;44.88427;-744.7719;-2344.135
10644;45.03778;-744.0785;-2343.972
10684;45.05778;-742.9995;-2344.036
10734;45.12161;-741.5428;-2344.097
10764;45.40296;-740.3689;-2344.416
10784;45.13791;-738.6052;-2344.659
10804;45.05118;-738.1352;-2344.831
10844;44.88906;-737.7148;-2344.956
10874;44.73601;-737.5639;-2344.998
10914;41.58302;-691.3784;-2352.5
10944;39.87761;-723.7109;-2346.451
10974;43.00988;-651.5635;-2356.134
11004;41.90327;-648.6778;-2356.721
11054;41.62008;-648.6295;-2356.531
11074;40.91027;-623.4262;-2361.453
11104;36.92577;-641.9339;-2355.32
11154;36.77525;-639.7845;-2354.533
11174;36.69469;-638.6066;-2354.13
11224;37.07594;-636.3395;-2353.468
11240;36.31889;-633.2849;-2353.801
11278;37.93865;-640.5482;-2354.061
11308;38.56065;-647.9857;-2352.574
11348;38.80318;-648.1476;-2352.771
11378;41.56524;-650.4896;-2353.334
11408;42.31656;-664.3173;-2353.125
11448;46.46445;-735.6199;-2341.127
11468;46.78664;-735.7727;-2341.095
11508;46.95953;-735.7834;-2341.102
11539;47.10431;-735.671;-2341.147
11569;47.08361;-735.4854;-2341.149
11609;46.94624;-735.4903;-2341.161
11639;46.81292;-735.5739;-2341.212
11679;46.52798;-735.8956;-2341.545
11699;45.85063;-736.8399;-2341.431
11749;45.70488;-737.4702;-2341.462
11779;46.01942;-738.7396;-2341.093
11799;43.30435;-748.9389;-2341.181
11839;40.4553;-746.8452;-2342.565
11869;40.76978;-746.0612;-2342.195
11909;40.13357;-745.9206;-2342.489
11939;40.43501;-749.9729;-2340.886
11969;42.11936;-749.7502;-2339.664
11999;43.04773;-746.554;-2339.273
12309;43.29827;-739.0894;-2340.268
12349;42.88289;-738.2563;-2340.885
12369;42.96524;-737.5118;-2341.422
12419;40.05707;-650.4491;-2355.402
12439;40.04858;-649.7816;-2355.429
12489;39.74868;-650.2166;-2355.315
12519;36.30168;-636.5903;-2356.336
12539;35.91399;-635.0181;-2355.729
12570;35.79627;-634.8259;-2355.423
12620;37.06028;-633.6006;-2354.411
12650;37.62166;-632.8929;-2354.088
12680;37.11212;-653.4004;-2354.014
12720;36.66896;-641.368;-2360.82
12770;44.62018;-649.9692;-2354.728
12790;44.53077;-649.3259;-2354.959
12800;44.88413;-650.4046;-2354.823
12840;49.2378;-733.9687;-2342.084
12870;49.26675;-733.9875;-2342.105
12900;49.29841;-734.0311;-2342.121
12940;49.30213;-734.0335;-2342.118
12970;49.35491;-734.0523;-2342.144
13000;49.37667;-734.1527;-2342.093
13058;49.52774;-733.9347;-2342.052
13068;49.48671;-733.9922;-2341.979
13108;49.48958;-734.0271;-2341.892
13138;49.35409;-734.2968;-2341.708
13178;48.29387;-736.0748;-2341.062
13228;47.78246;-737.2824;-2340.426
13248;47.75953;-742.0276;-2338.72
13278;38.58662;-745.342;-2340.943
13328;38.2049;-744.84;-2341.269
13478;38.66965;-745.413;-2337.873
13518;37.87528;-742.5936;-2337.635
13569;37.10342;-742.0892;-2337.642
13589;35.85279;-740.852;-2337.828
13609;35.79995;-740.2244;-2338.028
13639;34.89114;-738.5679;-2338.124
13679;34.78392;-737.0538;-2338.49
13709;34.61131;-737.0061;-2338.817
13749;33.78801;-736.3045;-2339.473
13779;33.24955;-736.0048;-2340.134
13809;27.66533;-667.0837;-2353.978
13839;31.18559;-656.7644;-2354.117
13869;31.40054;-655.2527;-2354.208
13909;32.82285;-626.3597;-2356.876
13959;33.61913;-626.2492;-2356.25
13989;32.85717;-627.1539;-2355.256
14179;38.69478;-635.3931;-2353.998
14249;41.48258;-649.5077;-2354.118
14269;46.90132;-734.0846;-2340.613
14309;46.85221;-734.6523;-2340.564
14349;46.88724;-734.6759;-2340.575
14379;46.94325;-734.7827;-2340.558
14409;47.042;-735.0601;-2340.625
14439;47.051;-735.0664;-2340.636
14479;47.29634;-735.1894;-2340.718
14529;47.01358;-735.6862;-2340.606
14539;46.85423;-736.1907;-2340.547
14580;46.01767;-737.6464;-2340.395
14610;45.66156;-740.3406;-2340.294
14640;39.69205;-749.4066;-2341.953
14680;38.75585;-748.7191;-2342.998
14710;38.64371;-748.1001;-2343.034
14740;36.87587;-747.6191;-2344.618
14780;38.96665;-749.9507;-2343.338
14878;40.94791;-745.5984;-2342.551
14893;41.13477;-744.2048;-2343.032
14914;41.37154;-743.3151;-2343.707
14944;41.29871;-742.3167;-2344.296
14974;41.19161;-740.3567;-2345.135
15014;41.04477;-738.8511;-2345.897
15034;41.09885;-738.7766;-2346.042
15074;41.12351;-738.4349;-2346.245
15114;41.05002;-738.1376;-2346.45
15144;38.4938;-674.6959;-2360.363
15184;39.2266;-667.8972;-2360.76
15204;42.97396;-645.6786;-2361.142
15254;42.95568;-645.7881;-2361.031
15284;41.7299;-627.4334;-2365.584
15304;43.12987;-638.7531;-2358.754
15354;43.67143;-637.2282;-2357.779
15364;43.94096;-636.1418;-2357.182
15404;43.79856;-635.4591;-2356.573
15444;43.26192;-631.8913;-2356.25
15474;40.82206;-657.2313;-2354.354
15524;41.35935;-655.47;-2354.981
15554;41.348;-655.3646;-2355.853
15614;42.26831;-660.2825;-2356.382
15644;42.95108;-642.7363;-2363.397
15684;45.22747;-666.2756;-2361.302
16024;48.39057;-734.6531;-2347.633
16071;46.63395;-738.9822;-2345.659
16103;43.51768;-750.8893;-2342.064
16143;36.73882;-751.9708;-2344.312
16193;35.74005;-749.4935;-2345.572
16203;35.91673;-748.0443;-2344.928
16243;37.04085;-745.1999;-2343.263
16293;37.22007;-744.0061;-2342.651
16313;36.95403;-743.4214;-2341.775
16343;36.35957;-743.4206;-2340.427
16383;36.39319;-743.093;-2339.488
16413;35.89707;-742.3217;-2338.09
16463;36.02788;-741.5669;-2336.994
16483;36.34509;-739.8292;-2336.23
16503;35.33294;-738.2908;-2335.961
16543;30.89778;-707.0706;-2340.807
16713;39.83715;-640.905;-2353.773
16743;37.9445;-676.3952;-2347.202
16773;43.27847;-694.6656;-2347.926
16803;40.01416;-718.5153;-2344.151
16873;32.75588;-663.4081;-2352.124
16978;18.91398;-674.0587;-2352.279
17009;22.02689;-682.0483;-2351.01
17039;24.17576;-729.1042;-2344.149
17079;23.53748;-729.6013;-2344.156
17119;21.82912;-730.7679;-2344.14
17149;19.44398;-733.1564;-2344.336
17179;18.62316;-734.4449;-2344.622
17219;17.95777;-736.4396;-2345.108
17239;18.13651;-736.8638;-2345.158
17279;21.26894;-745.014;-2344.95
17309;21.22869;-746.0349;-2345.155
17339;22.49266;-747.9413;-2346.08
17379;23.76294;-749.991;-2346.479
17409;23.38244;-750.5109;-2346.975
17459;23.47424;-751.0142;-2347.307
17479;24.51164;-753.8311;-2348.416
17509;24.00744;-753.7693;-2348.833
17549;24.07119;-754.3706;-2348.918
17589;24.45122;-754.4268;-2348.933
17619;24.9886;-754.442;-2348.501
17639;25.8401;-754.2546;-2347.728
17709;26.5371;-752.1378;-2346.249
17719;27.44313;-750.0197;-2345.528
17749;27.97277;-745.7603;-2344.708
17779;30.6861;-739.8094;-2345.059
17819;31.21137;-724.3917;-2345.822
17839;33.55405;-716.8994;-2347.236
17879;32.30444;-669.0636;-2358.589
17909;32.93087;-668.0693;-2358.498
17989;46.30305;-634.1973;-2360.295
18019;44.46236;-695.6467;-2349.824
18039;47.16319;-717.1182;-2347.429
18096;48.63043;-721.215;-2346.874
18128;48.01425;-723.9963;-2346.376
18148;49.13189;-697.4556;-2349.658
18178;39.10646;-673.6541;-2351.054
18218;38.04199;-672.6091;-2351.546
18248;34.48959;-672.073;-2352.199
18278;27.57967;-682.1876;-2350.418
18308;23.29335;-730.6233;-2345.435
18348;22.00065;-731.9945;-2345.469
18378;19.63104;-735.126;-2345.563
18418;18.46472;-738.2471;-2345.908
18458;18.5387;-738.3283;-2346.062
18477;19.86254;-743.7192;-2346.838
18512;20.7365;-745.2662;-2347.369
18542;20.85889;-746.1644;-2347.694
18592;22.05639;-747.0237;-2348.486
18602;23.15773;-748.0715;-2350.0
18642;23.90497;-750.1536;-2351.398
18682;24.3994;-751.3611;-2352.822
18732;25.10643;-751.2983;-2354.053
18742;24.48898;-751.8593;-2354.403
18802;24.89997;-753.4459;-2354.879
18932;23.42936;-751.5102;-2352.442
18952;22.14526;-747.6884;-2350.584
18975;23.43275;-743.0153;-2349.875
19005;25.87588;-738.196;-2349.309
19045;26.80448;-706.9851;-2352.385
19160;27.39304;-672.0413;-2360.323
19177;28.40516;-672.5031;-2359.637
19195;29.99559;-668.7687;-2359.871
19225;49.72813;-670.7404;-2363.083
19245;41.27425;-737.1633;-2344.015
19275;41.49736;-737.0792;-2344.023
19315;42.50565;-737.6345;-2344.129
19345;42.74306;-736.9249;-2344.24
19385;42.96759;-736.9189;-2344.222
19405;42.91375;-736.8669;-2344.158
19445;37.50959;-668.7615;-2352.791
19475;36.38034;-666.9234;-2352.527
19515;35.26316;-667.2272;-2352.288
19545;33.43113;-696.4988;-2346.061
19585;31.99897;-706.1628;-2346.262
19605;26.25184;-722.5869;-2346.561
19645;21.55435;-731.0147;-2347.036
19695;19.90065;-733.3389;-2348.025
19725;20.1998;-737.2992;-2348.361
19735;21.83875;-742.3658;-2349.104
19776;23.78306;-746.6313;-2349.659
19826;23.76435;-748.5331;-2350.521
19846;25.53858;-749.8157;-2353.304
19886;25.36925;-751.0957;-2355.302
19906;25.46306;-752.6539;-2356.957
19946;26.22071;-753.6726;-2358.434
19966;26.63848;-754.0914;-2359.021
20006;26.62862;-754.4225;-2359.279
20036;26.73803;-754.4932;-2359.295
20076;27.03277;-754.4787;-2359.3
20116;27.33594;-754.3788;-2358.976
20136;27.56981;-752.9217;-2358.402
20176;27.21911;-751.8884;-2357.595
20206;25.06787;-746.8077;-2356.459
20236;25.19445;-744.3329;-2356.155
20276;26.07075;-742.5126;-2355.797
20316;27.66947;-739.4525;-2355.829
20336;28.95528;-735.6573;-2356.072
20376;22.33711;-677.0743;-2363.682
20406;22.55409;-676.5997;-2363.757
20446;25.19533;-676.3155;-2363.861
20476;26.73753;-670.223;-2365.435
20506;43.23424;-684.2463;-2362.553
20546;32.86337;-691.3287;-2356.793
20586;35.38251;-717.5172;-2351.614
20616;34.27935;-727.5048;-2349.148
20646;31.43039;-710.554;-2351.383
20676;34.67921;-722.6038;-2350.01
20716;35.66847;-670.9615;-2361.0
20746;33.52171;-667.5848;-2361.124
20777;32.77622;-666.5241;-2361.176
20817;31.90869;-669.5181;-2361.939
20837;25.5279;-679.5518;-2360.917
20877;24.64346;-731.6519;-2356.735
20917;23.85557;-732.1199;-2356.641
20937;21.9605;-733.6027;-2357.235
20967;20.33787;-735.5853;-2358.006
21007;18.42258;-737.2059;-2359.129
21037;18.47057;-739.7305;-2360.403
21087;18.38002;-744.1078;-2361.884
21117;19.74902;-748.6303;-2362.319
21137;20.39889;-749.6617;-2363.225
21177;22.32048;-750.5535;-2364.189
21217;22.96801;-750.7234;-2364.853
21247;23.18123;-751.3301;-2365.407
21287;23.34377;-751.8153;-2365.938
21337;24.01732;-752.4103;-2366.451
21347;24.25022;-752.8657;-2366.438
21397;24.1376;-753.0012;-2366.212
21417;24.51136;-752.7065;-2365.821
21437;24.1553;-752.8975;-2364.892
21477;24.00693;-752.597;-2364.053
21527;22.05877;-749.7772;-2362.85
21547;19.96739;-746.7641;-2361.005
21587;20.24347;-743.5993;-2359.804
21607;21.34482;-732.3497;-2356.714
21647;26.11236;-723.8413;-2355.413
21677;25.33907;-703.1087;-2355.612
21707;26.08788;-688.301;-2356.399
21747;27.78537;-679.3044;-2356.781
21777;28.90606;-672.05;-2357.263
21817;30.62998;-669.1808;-2357.565
21837;32.32397;-672.1152;-2356.1
21897;35.29622;-684.7881;-2352.445
22417;18.5156;-749.3441;-2356.062
22465;19.87825;-750.2933;-2357.376
22483;21.3431;-751.9034;-2359.077
22523;22.24399;-753.8681;-2360.174
22553;22.80147;-754.2207;-2360.799
22593;23.37855;-754.392;-2361.085
22603;23.75972;-754.8247;-2361.085
22663;25.05319;-755.6979;-2360.388
22683;25.41897;-755.5571;-2359.859
22743;25.96976;-753.8415;-2356.91
22781;25.53169;-752.731;-2355.664
22816;24.6778;-750.2846;-2353.269
22836;21.49884;-744.73;-2351.636
22876;22.02469;-741.309;-2350.378
22926;21.68773;-734.8726;-2349.564
22946;22.13506;-703.0468;-2350.932
22986;22.79819;-694.1517;-2351.156
23006;23.79781;-675.9609;-2351.635
23046;25.87021;-670.3453;-2352.232
23086;26.65958;-669.8831;-2351.739
23106;28.14093;-672.3854;-2350.508
23146;45.6524;-703.5761;-2347.353
23180;48.45055;-671.6279;-2353.701
23217;44.93608;-700.2598;-2340.573
23237;45.90608;-689.022;-2342.916
23277;46.17231;-688.7266;-2342.835
23327;44.81481;-663.6797;-2344.685
23347;45.1076;-653.454;-2347.059
23397;42.21319;-640.0833;-2348.922
23417;39.53798;-657.9736;-2344.802
23437;38.94955;-658.3049;-2344.8
23467;34.96607;-664.1857;-2344.531
23507;27.56785;-724.2352;-2340.0
23547;26.8769;-724.6393;-2340.381
23577;25.45529;-725.5855;-2341.409
23617;21.60913;-729.3682;-2342.574
23647;19.40152;-732.995;-2343.936
23677;17.8196;-734.8076;-2345.475
23717;18.20142;-737.701;-2346.917
23737;19.25831;-743.8502;-2348.334
23788;20.26394;-747.119;-2349.342
23810;21.19201;-747.791;-2350.219
23850;23.38152;-748.7401;-2350.732
23880;23.55464;-750.1343;-2351.379
23910;23.91353;-751.3463;-2351.933
23970;24.38102;-751.61;-2352.464
23980;24.36735;-752.092;-2352.676
24020;24.53245;-753.8151;-2352.605
24040;24.52567;-753.6581;-2352.483
24100;23.8673;-751.6944;-2351.433
24140;23.22854;-749.8029;-2350.68
24170;22.92788;-747.595;-2350.224
24240;21.86351;-739.5216;-2348.6
24270;24.70241;-735.4019;-2348.283
24310;28.72606;-705.0642;-2351.494
24340;25.23712;-696.9931;-2351.584
24370;30.04744;-670.2741;-2356.13
24410;30.68846;-669.859;-2356.068
24440;32.02528;-671.297;-2355.636
24480;32.73349;-675.493;-2354.589
24510;49.60408;-672.5809;-2358.832
24540;48.81049;-680.6145;-2352.897
24580;47.78032;-702.4382;-2349.477
24610;47.80161;-702.1426;-2348.703
24650;36.85397;-668.0255;-2348.605
24690;36.84091;-667.0162;-2348.791
24710;35.93517;-665.5281;-2348.591
24740;35.95068;-666.113;-2348.743
24780;35.22394;-678.4776;-2347.531
24810;28.32174;-725.9606;-2342.089
24840;27.29499;-727.6432;-2342.861
24890;24.8372;-731.9727;-2344.052
24910;23.07178;-734.1382;-2344.576
24940;19.14683;-737.0953;-2345.447
24970;18.29343;-740.0771;-2345.909
25010;19.13299;-741.5475;-2346.645
25050;21.03033;-747.3522;-2347.355
25070;21.83432;-748.2874;-2348.322
25110;25.1708;-750.749;-2350.175
25140;25.03578;-752.3768;-2351.037
25190;24.85025;-753.0828;-2351.448
25210;24.86251;-754.0844;-2351.989
25250;25.95044;-753.6593;-2352.651
25290;26.37656;-754.0059;-2352.942
25300;26.30754;-754.1138;-2352.823
25360;27.03332;-755.366;-2352.051
25370;26.70552;-754.9926;-2351.376
25410;26.46034;-754.7785;-2350.568
25440;25.53257;-747.9164;-2348.295
25470;24.56398;-745.5817;-2347.106
25510;23.16693;-736.3335;-2344.18
25550;23.13076;-732.5742;-2343.163
25580;28.14128;-717.2133;-2342.624
25610;30.77227;-705.6709;-2344.539
25640;33.00668;-672.6531;-2348.765
25680;34.42188;-669.7049;-2349.904
25760;35.299;-668.3293;-2350.069
25800;49.61646;-684.144;-2352.092
25810;46.73985;-719.699;-2343.692
25850;46.9929;-717.4294;-2343.998
25900;45.21199;-675.9789;-2347.353
25960;45.19965;-674.6852;-2347.619
25990;44.86845;-652.251;-2351.359
26010;42.05179;-664.6697;-2348.758
26079;39.12411;-674.7256;-2347.456
26094;36.28157;-698.8903;-2345.774
26118;26.53436;-722.3641;-2344.907
26148;24.22182;-725.2026;-2345.549
26188;21.99989;-728.3865;-2346.891
26218;19.65363;-732.9982;-2348.899
26258;19.20865;-736.7826;-2350.719
26308;24.43355;-751.1644;-2354.748
26338;24.47023;-751.3594;-2355.481
26377;25.59656;-753.945;-2357.205
26410;25.69175;-754.8723;-2358.037
26440;25.86746;-755.3132;-2358.448
26480;26.08446;-755.6343;-2358.449
26530;26.51175;-756.0061;-2358.477
26570;26.96348;-756.476;-2357.403
26610;27.29568;-755.9852;-2356.415
26650;27.81464;-756.0937;-2355.127
26680;24.7704;-751.6096;-2351.67
26700;25.16443;-750.1518;-2350.307
26740;25.49834;-748.6233;-2348.472
26780;25.69972;-743.0494;-2345.355
26811;26.72382;-738.259;-2343.755
26841;26.70904;-708.3942;-2342.177
26881;28.45537;-700.5018;-2342.317
26911;28.66656;-688.0311;-2342.935
26941;34.85243;-715.7976;-2337.728
26981;36.4787;-664.0676;-2346.802
27001;36.80962;-664.2475;-2346.837
27041;47.00241;-670.9538;-2350.017
27081;38.50442;-672.7099;-2345.583
27101;37.10267;-681.4739;-2343.6
27151;37.03332;-681.0443;-2343.525
27181;37.14993;-677.9246;-2344.008
27211;34.21601;-668.0768;-2343.777
27251;33.36431;-666.0185;-2343.526
27281;32.28093;-661.8873;-2344.316
27311;30.42718;-664.8349;-2344.721
27341;31.64765;-728.8528;-2341.89
27381;30.42645;-728.9608;-2341.953
27411;25.13326;-730.1904;-2342.263
27441;21.48235;-733.5101;-2343.254
27481;16.0659;-736.9161;-2344.372
27521;15.99808;-738.4633;-2345.313
27551;17.93412;-742.3872;-2346.255
27591;20.23735;-747.4034;-2347.58
27621;21.75362;-748.0119;-2348.371
27651;21.82122;-748.3709;-2348.852
27681;22.47543;-748.1115;-2349.799
27711;22.85431;-748.1701;-2350.733
27751;22.59755;-748.5043;-2351.468
27781;22.60866;-748.7453;-2352.171
27822;22.53458;-748.3833;-2353.252
27844;22.1737;-749.0416;-2353.609
27884;22.34966;-750.2139;-2353.777
27914;23.10978;-751.2521;-2353.6
27954;24.20258;-751.6;-2352.486
27984;25.5517;-752.4792;-2350.788
28014;26.45317;-751.4432;-2349.145
28054;26.18304;-749.8927;-2346.109
28164;27.29133;-734.1422;-2336.561
28383;42.27742;-612.1329;-2347.293
28397;41.26333;-653.5789;-2337.926
28418;61.59928;-636.3943;-2339.699
28458;54.47266;-667.8441;-2335.261
28478;60.51567;-664.2626;-2337.937
28518;60.12877;-651.2473;-2343.189
28558;56.54292;-661.8615;-2341.01
28588;64.13263;-619.4387;-2363.081
28618;50.25061;-585.8013;-2369.688
28648;46.94234;-590.2639;-2367.506
28678;41.8447;-612.1992;-2358.74
28718;35.28378;-653.6119;-2347.021
28748;31.00812;-665.1476;-2348.283
28788;21.67544;-682.2669;-2347.961
28808;19.35236;-710.5823;-2347.813
28838;15.37985;-722.6608;-2348.447
28878;16.10188;-728.627;-2349.087
28908;21.57092;-742.8919;-2349.952
28938;25.40639;-745.4615;-2350.186
28968;28.40512;-744.6193;-2349.747
29008;33.18415;-744.573;-2349.791
29038;35.42985;-744.9819;-2349.576
29078;39.84983;-744.9696;-2350.765
29128;43.38813;-743.3684;-2352.541
29158;46.85761;-742.7845;-2354.383
29198;57.40381;-724.5189;-2361.865
29208;62.38639;-720.0526;-2363.674
29248;65.24499;-717.3172;-2364.285
29278;70.52539;-714.7401;-2364.819
29308;82.2028;-710.7729;-2366.775
29368;85.57854;-710.2742;-2366.685
29378;94.70997;-736.5056;-2363.404
29398;97.40874;-744.7354;-2361.79
29458;99.60625;-747.2826;-2360.317
29478;102.5213;-747.6509;-2358.429
29508;110.5456;-750.8054;-2355.894
29548;119.2968;-751.9722;-2353.791
29588;128.2511;-753.4595;-2351.238
29598;136.9743;-755.6901;-2351.253
29658;144.2747;-757.178;-2352.775
29668;156.064;-758.3514;-2356.079
29708;176.2272;-758.859;-2365.173
29738;189.7361;-757.4771;-2373.733
29778;215.3838;-729.5117;-2395.433
29808;225.9197;-739.9774;-2402.922
29859;246.3128;-728.2964;-2418.512
29879;263.8127;-729.81;-2432.452
29919;275.4089;-731.3105;-2448.931
29939;301.5284;-703.1086;-2472.053
29979;304.799;-731.681;-2497.055
30009;314.46;-740.5358;-2509.257
30049;349.1851;-705.1404;-2523.391
30079;354.8981;-705.8513;-2524.696
30119;362.223;-706.1098;-2529.676
30159;388.2378;-697.336;-2532.982
30189;391.0576;-696.667;-2535.632
30209;401.0977;-699.2709;-2538.501
30259;409.8024;-696.2367;-2540.575
30279;418.1775;-696.0483;-2541.563
30329;424.7978;-689.2957;-2542.49
30339;431.6608;-687.1013;-2542.402
30379;440.7538;-684.2016;-2541.311
30409;450.3258;-679.685;-2539.325
30449;454.0846;-680.7611;-2539.176
30479;474.8883;-677.6984;-2535.663
30509;489.623;-674.6349;-2532.686
30549;503.6529;-672.1041;-2528.61
30579;530.0768;-670.5176;-2523.934
30609;554.3294;-670.612;-2519.285
30649;567.0012;-674.7549;-2517.468
30679;583.1131;-675.734;-2517.655
30709;592.4886;-674.2999;-2517.291
30739;603.7747;-669.5056;-2517.085
30779;615.8245;-663.7792;-2514.536
30809;628.3326;-658.3258;-2509.415
30909;661.906;-648.4028;-2487.204
30940;670.6422;-648.5004;-2480.198
31020;685.8003;-660.39;-2464.185
31050;718.7779;-669.4816;-2447.194
31090;715.4417;-677.9003;-2441.599
31110;718.087;-691.4274;-2432.843
31140;725.4556;-695.1746;-2424.122
31190;730.8985;-709.0897;-2410.749
31210;741.8738;-724.6068;-2394.918
31240;745.683;-739.1979;-2384.926
31280;747.0961;-737.161;-2382.277
31310;749.2792;-739.53;-2376.685
31340;748.588;-744.951;-2372.494
31380;753.8703;-746.6162;-2372.354
31410;769.8207;-760.4289;-2379.588
31450;778.7317;-766.5287;-2390.0
31480;784.1436;-766.1713;-2409.78
31500;778.6523;-726.624;-2475.854
31560;788.1595;-649.8519;-2492.256
31570;790.048;-637.7651;-2498.106
31610;800.0111;-549.1044;-2505.231
31650;799.0891;-538.2981;-2505.598
