
0;-759.5805;577.9564;-2626.767
40;-725.6599;487.5479;-2570.577
70;-712.7592;414.7538;-2523.581
110;-703.8058;385.6937;-2478.998
140;-709.3656;319.6329;-2458.58
160;-715.7889;300.1756;-2448.663
220;-717.0602;297.2212;-2446.955
240;-725.2073;284.0607;-2443.128
270;-728.7377;284.4015;-2444.174
310;-738.6226;293.3053;-2447.205
340;-747.2259;299.7556;-2463.453
380;-754.0486;304.0125;-2471.815
420;-756.2711;304.5006;-2489.612
430;-763.7723;312.942;-2497.768
470;-761.3373;305.3143;-2508.789
501;-759.6479;301.6732;-2512.967
531;-761.4545;299.8778;-2512.582
571;-764.6641;289.554;-2498.915
611;-759.4916;226.4386;-2518.863
641;-751.0836;201.2712;-2522.257
671;-740.9421;170.0966;-2505.404
701;-735.42;124.597;-2480.171
761;-722.8285;60.54797;-2496.992
771;-709.2156;-4.745264;-2534.534
821;-689.6616;-67.99854;-2532.396
881;-675.7767;-121.2002;-2535.859
911;-667.3471;-167.6385;-2474.939
931;-620.6208;-284.8058;-2450.831
981;-592.4554;-338.7554;-2457.567
1011;-565.7279;-384.1469;-2452.969
1051;-540.0339;-425.701;-2463.851
1071;-516.2425;-460.6432;-2467.798
1111;-493.8017;-492.0652;-2472.592
1141;-475.0669;-517.0894;-2474.826
1191;-438.0017;-550.6597;-2495.022
1211;-431.4182;-570.0811;-2489.441
1251;-413.0127;-575.7643;-2498.405
1281;-404.2004;-583.6703;-2495.764
1301;-384.2559;-597.785;-2488.805
1341;-360.6604;-566.81;-2499.19
1371;-346.2624;-559.6497;-2500.056
1411;-323.393;-550.6329;-2495.567
1461;-306.7481;-544.8332;-2481.455
1481;-284.5846;-498.9082;-2477.242
1504;-278.7952;-497.4768;-2470.393
1539;-267.3758;-496.6282;-2458.052
1569;-251.0579;-497.4191;-2442.996
1599;-240.4714;-491.4108;-2434.681
1659;-229.989;-491.5965;-2426.902
1689;-215.9862;-486.3711;-2420.853
1709;-202.7458;-482.9918;-2418.113
1729;-182.1537;-484.4807;-2415.858
1804;-141.5897;-479.9816;-2413.796
1837;-128.4353;-474.0454;-2417.381
1867;-124.1539;-474.6998;-2416.646
1907;-121.7779;-507.8158;-2394.365
1937;-161.4768;-537.9016;-2367.328
1977;-231.4112;-510.4541;-2356.937
2007;-330.1259;-475.4407;-2353.203
2027;-399.3819;-358.5698;-2389.235
2217;-501.3676;211.654;-2548.369
2317;-358.6602;688.5853;-2662.174
2337;-229.6728;725.6545;-2669.792
2387;-119.0079;701.251;-2679.705
2397;-47.67412;865.3172;-2733.104
2437;29.07948;753.5052;-2710.803
2477;77.52118;764.0192;-2727.112
2507;82.87055;770.0212;-2731.638
2537;81.52075;767.2314;-2732.171
2572;60.07001;761.0397;-2729.7
2609;-4.903246;799.2122;-2754.087
2639;-83.58869;752.528;-2749.387
2669;-182.9323;734.2105;-2733.14
2709;-234.2702;674.506;-2714.758
2749;-360.3238;632.5223;-2707.927
2769;-413.3857;521.712;-2694.471
2799;-479.9934;360.4026;-2663.5
2849;-482.485;272.2733;-2642.169
2859;-521.9135;90.90419;-2606.268
2917;-526.9763;5.019684;-2588.146
2950;-491.2449;-262.1194;-2528.789
2980;-429.8056;-335.249;-2501.788
3000;-350.6528;-457.4506;-2461.824
3050;-251.2729;-541.1761;-2442.448
3070;-153.8514;-568.71;-2423.448
3120;-91.67991;-489.1639;-2449.891
3140;-81.45839;-481.6366;-2453.057
3180;-87.14268;-493.7792;-2450.501
3200;-139.9722;-577.1268;-2429.025
3230;-228.0903;-563.908;-2434.751
3280;-346.5883;-477.7197;-2440.98
3560;-360.3781;671.5883;-2659.723
3605;-158.0979;734.7618;-2674.678
3635;-58.54187;780.8025;-2697.586
3665;35.25594;776.0729;-2684.383
3705;75.18926;766.5458;-2692.571
3745;100.8138;745.5135;-2685.183
3775;100.7163;745.5564;-2684.77
3815;93.48108;760.6656;-2694.685
3845;54.21272;796.9836;-2696.691
3885;-26.00256;778.4689;-2697.669
3905;-89.3073;771.2369;-2687.362
3945;-173.7166;668.6801;-2656.234
3995;-279.2921;695.5385;-2653.784
4025;-357.5895;602.4341;-2631.319
4045;-473.924;464.2766;-2611.454
4075;-464.7974;292.0012;-2571.148
4115;-478.2211;240.7808;-2558.966
4145;-521.6252;88.73199;-2534.002
4175;-522.6475;-20.15046;-2507.983
4215;-473.4418;-185.4621;-2472.413
4245;-429.0045;-309.375;-2444.58
4305;-286.3803;-494.6082;-2397.629
4335;-193.6318;-550.9167;-2392.483
4375;-115.9741;-549.6462;-2395.839
4415;-80.3362;-479.4769;-2419.761
4425;-80.06091;-478.0873;-2420.302
4465;-83.94599;-483.0346;-2418.61
4505;-140.0488;-569.0502;-2389.865
4555;-212.2233;-552.6924;-2394.288
4575;-304.6508;-488.2891;-2399.027
4615;-374.036;-391.9439;-2422.15
4645;-441.7753;-295.6996;-2438.03
4685;-471.0128;-173.9309;-2478.597
4705;-494.4482;-41.89886;-2497.633
4745;-499.0801;82.65656;-2532.403
4785;-494.6722;161.8311;-2543.108
5045;-26.88111;742.9353;-2688.041
5105;77.3913;760.8551;-2697.226
5145;88.38065;756.3286;-2694.85
5175;98.69527;751.0681;-2692.836
5215;100.1224;749.2545;-2691.775
5240;95.73868;749.407;-2691.667
5277;68.59513;755.5585;-2692.669
5307;8.825733;740.8182;-2681.425
5337;-40.22272;789.668;-2702.908
5367;-119.7433;737.9472;-2683.361
5407;-183.4287;663.3536;-2658.807
5437;-257.9987;651.1807;-2655.94
5467;-368.4105;622.2585;-2638.021
5507;-431.8983;504.7653;-2615.69
5557;-514.2167;427.735;-2593.68
5567;-485.6193;288.1983;-2572.662
5607;-524.5425;151.2869;-2554.901
5657;-520.6271;60.45015;-2537.869
5667;-530.2568;-36.29581;-2525.57
5707;-475.2415;-194.8183;-2483.912
5757;-430.9601;-297.9666;-2470.292
5767;-380.4702;-397.1781;-2447.119
5817;-321.9258;-490.9227;-2422.072
5837;-235.1368;-541.6755;-2421.119
5857;-163.8464;-565.8633;-2412.3
5907;-109.5424;-535.1301;-2426.236
5937;-79.47614;-478.9047;-2439.69
5977;-79.48603;-478.8677;-2439.765
6007;-100.892;-527.6083;-2428.735
6037;-154.3603;-572.4053;-2418.534
6067;-217.7274;-561.0637;-2432.561
6107;-309.7261;-518.7167;-2434.592
6147;-380.4692;-436.0793;-2440.663
6187;-432.256;-327.1843;-2473.407
6237;-499.7192;-119.9961;-2522.718
6267;-502.3934;15.81685;-2542.069
6317;-509.2765;118.0481;-2560.82
6347;-445.7812;222.253;-2585.569
6377;-476.2038;313.6797;-2605.758
6397;-452.291;448.0069;-2617.503
6427;-372.2529;478.645;-2627.941
6467;-231.7961;525.4184;-2636.525
6517;-283.3712;679.4057;-2666.219
6547;-183.3386;664.8053;-2665.659
6567;-140.2279;735.0735;-2681.019
6617;-68.30599;743.3781;-2692.951
6627;-15.6257;744.566;-2700.216
6667;30.90736;760.1088;-2703.282
6717;74.50428;803.4948;-2717.081
6747;93.06177;764.0847;-2711.617
6767;130.1382;811.7936;-2726.934
6807;134.677;817.8797;-2727.175
6837;134.6679;817.0474;-2728.104
6877;102.9133;757.2248;-2730.529
6907;88.03734;762.7379;-2730.469
6937;49.51373;762.7053;-2731.939
6977;-15.76312;832.7573;-2754.156
7007;-80.18193;757.2452;-2747.057
7057;-153.1589;677.8594;-2728.49
7067;-224.756;653.8248;-2723.254
7107;-342.6897;638.9386;-2741.555
7157;-384.9163;524.0663;-2712.509
7177;-433.324;386.102;-2694.54
7197;-431.2119;258.2124;-2676.442
7237;-496.5063;172.09;-2659.715
7267;-520.3516;64.97977;-2628.487
7307;-492.5312;-126.4322;-2600.147
7337;-482.0659;-241.4762;-2564.268
7367;-436.5359;-338.1218;-2540.849
7407;-373.2822;-440.222;-2501.942
7447;-304.2816;-502.1083;-2478.79
7477;-221.3903;-562.1611;-2457.892
7507;-163.6662;-575.0084;-2441.642
7547;-110.8408;-546.9086;-2441.353
7577;-85.0694;-495.3997;-2449.503
7607;-86.02995;-493.771;-2448.895
7637;-112.893;-540.8817;-2430.899
7687;-164.4685;-572.8494;-2417.962
7707;-235.9611;-543.3181;-2441.457
7747;-320.2272;-495.5623;-2428.902
7777;-388.1166;-439.2227;-2445.067
7817;-435.3385;-323.7873;-2479.311
7847;-484.4507;-240.3912;-2501.569
7887;-478.4876;-112.9172;-2535.184
7897;-523.34;31.80231;-2553.861
7957;-512.5813;142.9203;-2578.757
7977;-476.0631;248.4279;-2612.906
8018;-485.4673;320.8217;-2622.053
8048;-469.6543;478.3767;-2649.197
8078;-395.6375;580.5203;-2676.291
8108;-350.4478;665.3777;-2690.799
8148;-223.1336;668.952;-2691.527
8258;-28.4533;749.0237;-2743.824
8284;31.12682;750.2349;-2727.325
8314;61.79655;758.4512;-2728.793
8354;81.17313;756.8301;-2730.374
8364;92.66234;759.741;-2731.635
8464;91.21659;761.3617;-2734.433
8514;6.764553;746.8731;-2742.736
8544;-51.71852;749.2521;-2753.38
8584;-112.376;691.2168;-2745.396
8614;-187.0441;677.0925;-2738.713
8644;-261.874;645.7017;-2741.302
8674;-359.6984;610.2169;-2738.247
8704;-397.822;473.144;-2709.638
8734;-466.8619;397.0179;-2694.48
8804;-505.071;313.2257;-2679.796
8954;-470.514;-263.8285;-2561.571
8969;-367.1876;-413.3169;-2499.497
9002;-307.6749;-505.2431;-2473.014
9052;-230.9218;-551.5569;-2456.906
9072;-161.5824;-568.2769;-2431.789
9114;-110.6288;-552.3065;-2438.963
9154;-78.64024;-486.1667;-2453.921
9184;-78.28795;-485.6866;-2453.661
9214;-106.5618;-530.5815;-2435.061
9234;-157.2004;-568.5291;-2425.158
9284;-231.1922;-548.0731;-2443.313
9304;-334.6012;-502.3991;-2434.618
9344;-399.7715;-390.5786;-2471.541
9374;-509.471;-298.9885;-2485.219
9414;-486.3743;-164.9414;-2528.263
9444;-518.5412;-11.5119;-2558.868
9474;-511.4472;109.0141;-2579.737
9514;-496.1647;261.7971;-2611.615
9534;-468.4512;364.235;-2625.924
9574;-448.3216;490.1527;-2644.497
9604;-340.6173;579.0588;-2669.648
9634;-257.675;668.8568;-2685.939
9674;-186.5532;743.8659;-2694.263
9704;-92.27077;745.301;-2701.254
9744;-3.602734;786.2378;-2715.691
9764;50.01894;754.2358;-2707.698
9804;66.46564;762.9897;-2713.219
9834;70.86971;762.3756;-2715.134
9874;71.13363;765.0486;-2715.851
9924;37.64156;760.9418;-2713.526
9944;-34.86607;804.0037;-2727.299
9984;-133.0771;780.688;-2691.398
10054;-292.8883;667.9327;-2674.733
10084;-424.1;633.605;-2647.968
10124;-454.7847;468.9324;-2622.136
10144;-530.4348;360.3098;-2589.469
10164;-505.7213;153.7078;-2557.094
10224;-517.6448;70.56019;-2544.931
10234;-495.8208;-137.8874;-2513.254
10284;-488.093;-293.5336;-2442.71
10314;-390.5686;-367.8579;-2428.153
10344;-315.4021;-476.8261;-2387.946
10374;-212.6805;-539.6245;-2386.041
10414;-128.4274;-540.0615;-2388.697
10434;-86.92225;-514.4395;-2414.335
10474;-79.95741;-486.5118;-2429.761
10504;-83.17222;-488.5311;-2430.969
10544;-135.4364;-546.1685;-2411.458
10574;-213.457;-564.1631;-2414.955
10614;-302.1608;-501.2714;-2420.899
10644;-374.1434;-436.4254;-2434.057
10684;-441.368;-315.9126;-2456.864
10734;-474.5216;-207.2178;-2491.996
10764;-500.4264;-21.12414;-2531.402
10784;-494.3918;78.70396;-2547.239
10804;-484.3889;212.3321;-2572.997
10844;-478.5338;298.6095;-2593.57
10874;-447.0681;437.8541;-2608.812
10914;-359.1305;526.8185;-2627.002
10944;-313.1867;676.7999;-2655.979
10974;-183.7657;668.2447;-2658.177
11004;-112.048;704.6265;-2676.336
11054;-44.28243;746.9328;-2687.312
11074;21.5824;745.2061;-2682.513
11104;66.21034;743.0852;-2685.147
11154;91.07385;808.0446;-2724.921
11174;112.4732;808.5765;-2715.255
11224;112.0974;808.7507;-2711.994
11240;93.63647;819.8109;-2711.289
11278;33.17009;850.932;-2701.419
11308;-29.13894;835.3706;-2712.33
11348;-98.91071;676.6339;-2660.377
11378;-174.5242;678.2221;-2643.74
11408;-245.2301;664.9394;-2626.638
11448;-354.2105;602.0549;-2612.981
11468;-474.925;532.2228;-2582.644
11508;-484.9008;285.6345;-2559.674
11539;-462.5469;227.8543;-2546.093
11569;-498.7346;114.5434;-2527.941
11609;-507.4043;-10.49303;-2495.885
11639;-467.9115;-215.0077;-2456.232
11679;-430.1288;-317.4785;-2417.076
11699;-336.939;-393.3046;-2404.14
11749;-281.3523;-498.7709;-2375.08
11779;-190.8911;-548.1331;-2369.887
11799;-120.8383;-552.7529;-2379.908
11839;-77.47984;-488.9724;-2418.156
11869;-74.93678;-487.446;-2419.519
11909;-78.12943;-489.6732;-2420.932
11939;-123.4965;-557.085;-2406.229
11969;-189.4549;-568.4273;-2396.217
11999;-257.3219;-510.9738;-2409.238
12309;-499.1652;340.0826;-2556.962
12349;-378.2513;639.9014;-2612.162
12369;-255.6518;700.527;-2630.956
12419;-169.188;721.6699;-2648.195
12439;-88.80463;743.9819;-2666.852
12489;-9.558711;751.3502;-2676.177
12519;58.55356;745.9955;-2666.169
12539;109.9062;823.8723;-2710.796
12570;117.8248;741.5424;-2675.918
12620;117.341;739.8339;-2675.671
12650;115.6038;741.5232;-2680.162
12680;94.87422;747.3485;-2684.751
12720;55.56467;754.4781;-2679.029
12770;-4.545643;759.7999;-2686.0
12790;-68.13859;797.4691;-2695.354
12800;-157.5653;731.0493;-2668.974
12840;-211.3012;656.7286;-2648.525
12860;-350.0621;670.7173;-2642.023
12900;-359.0863;568.0059;-2630.188
12940;-408.5521;348.5178;-2572.411
12970;-434.0107;292.5121;-2570.413
13000;-479.4542;173.1808;-2546.037
13058;-515.3378;48.68693;-2519.852
13068;-480.8181;-143.3101;-2495.806
13108;-483.7103;-277.4624;-2445.765
13138;-397.6571;-355.8189;-2433.48
13178;-332.9692;-482.1728;-2398.763
13228;-239.1114;-536.4957;-2406.696
13248;-168.1965;-557.8017;-2394.219
13278;-110.2943;-542.9742;-2409.169
13318;-82.28106;-486.8409;-2428.289
13478;-337.8578;-479.6859;-2402.034
13518;-409.4369;-354.9905;-2432.84
13569;-495.4866;-277.7306;-2446.199
13589;-497.3882;-124.021;-2487.511
13609;-509.7321;28.11318;-2518.835
13639;-514.7158;150.3893;-2536.375
13679;-480.6111;279.0123;-2561.974
13709;-474.1893;398.6235;-2579.13
13749;-417.6032;471.5239;-2606.83
13779;-354.361;633.3453;-2625.323
13809;-218.8832;645.9877;-2634.992
13839;-148.7787;663.9037;-2643.89
13869;-90.06825;732.1921;-2662.567
13909;-6.587406;794.8236;-2670.396
13959;47.33025;834.8201;-2672.348
13989;104.418;745.27;-2659.218
14179;-33.39558;790.2367;-2680.271
14249;-194.5449;655.5441;-2638.289
14269;-257.4384;588.2109;-2628.781
14309;-334.2422;554.3492;-2628.459
14349;-418.2497;342.3589;-2587.592
14369;-461.2771;290.6399;-2571.978
14409;-497.436;146.1737;-2550.198
14439;-516.0226;11.03402;-2531.868
14479;-482.421;-161.7567;-2494.2
14529;-450.0065;-277.5234;-2456.49
14539;-387.4691;-377.2116;-2427.047
14580;-317.3863;-487.4662;-2389.674
14610;-203.843;-548.2526;-2394.863
14640;-128.4344;-553.1579;-2394.509
14680;-81.98386;-487.3278;-2422.811
14710;-79.2011;-483.0997;-2424.153
14740;-99.48756;-530.284;-2409.478
14780;-157.783;-573.0062;-2397.567
14878;-336.2469;-483.9916;-2391.149
14893;-401.944;-354.2929;-2417.564
14914;-494.0223;-284.7142;-2424.521
14944;-488.9464;-123.0872;-2459.861
14974;-494.7702;29.2865;-2479.615
15014;-492.0564;161.6049;-2505.03
15034;-473.1333;271.8315;-2536.039
15074;-509.483;408.8613;-2545.636
15114;-379.7262;503.3261;-2563.731
15144;-346.0236;678.2816;-2601.459
15184;-198.4607;655.7753;-2615.938
15204;-141.3812;716.3252;-2640.968
15254;-57.45327;740.6788;-2669.677
15284;-30.86928;745.5712;-2684.081
15304;62.71048;730.5782;-2672.877
15354;84.43122;743.8032;-2687.214
15364;92.79383;745.5942;-2686.474
15404;96.66212;741.6103;-2681.777
15444;96.69481;742.2592;-2679.622
15474;84.08961;735.9279;-2666.375
15524;53.61052;738.5656;-2651.806
15554;-2.366002;790.159;-2659.188
15614;-133.217;756.2433;-2606.094
15644;-177.595;651.9979;-2592.891
15684;-254.3566;651.1163;-2574.568
16024;-324.8918;-400.7257;-2398.378
16070;-203.7358;-534.6091;-2397.379
16103;-148.7731;-549.591;-2392.022
16143;-112.4065;-540.1484;-2405.596
16193;-85.90798;-493.0704;-2425.084
16203;-84.37412;-490.5986;-2425.685
16243;-83.60059;-487.5909;-2426.145
16293;-85.94365;-485.3182;-2423.925
16313;-100.0646;-513.0635;-2394.404
16343;-105.2035;-519.0923;-2387.821
16383;-110.1126;-523.5588;-2383.821
16413;-117.0549;-527.9268;-2373.984
16463;-117.4128;-527.9507;-2373.814
16483;-117.407;-527.8734;-2373.837
16503;-117.23;-526.3163;-2374.546
16543;-112.5773;-500.4073;-2391.052
16713;-86.80727;-455.9221;-2412.777
16743;-86.61503;-456.7379;-2412.197
16763;-86.84568;-458.9959;-2410.827
16803;-86.92865;-459.3393;-2410.458
16873;-87.66814;-457.95;-2410.636
16978;-90.7755;-458.6765;-2408.462
17009;-93.52512;-464.0264;-2406.296
17039;-95.5412;-462.7168;-2406.07
17079;-98.04407;-461.9525;-2405.771
17119;-100.155;-462.6821;-2404.912
17149;-102.4445;-463.7576;-2404.019
17179;-107.9902;-469.9889;-2400.675
17219;-112.0925;-472.7747;-2400.406
17239;-118.7786;-480.5644;-2394.635
17279;-126.7081;-491.6985;-2385.137
17309;-128.3195;-493.2384;-2383.238
17339;-129.3215;-493.7272;-2382.601
17379;-131.1286;-493.7639;-2382.024
17399;-134.4963;-493.6089;-2380.453
17459;-136.5723;-495.7523;-2378.6
17479;-136.5216;-495.7628;-2378.59
17509;-136.2918;-495.7092;-2378.509
17549;-135.4819;-494.9659;-2378.627
17589;-132.6142;-502.1595;-2374.253
17619;-130.1223;-508.1999;-2371.426
17639;-129.3131;-508.35;-2371.232
17709;-124.612;-496.4992;-2376.529
17719;-121.214;-490.6088;-2377.097
17749;-115.329;-485.7558;-2379.43
17779;-112.5676;-484.6239;-2380.216
17819;-104.472;-475.3366;-2382.854
17839;-99.53025;-474.2838;-2383.143
17879;-92.63837;-470.0629;-2384.4
17909;-83.63465;-455.6639;-2390.295
17989;-80.12064;-455.1276;-2390.52
18019;-77.56001;-456.1308;-2390.615
18039;-71.35354;-460.2693;-2389.524
18096;-68.68236;-461.1399;-2387.924
18128;-68.37413;-460.8934;-2387.647
18148;-68.92949;-458.2359;-2387.759
18178;-69.85838;-457.5488;-2387.22
18218;-71.87111;-455.7167;-2387.114
18238;-75.53484;-455.0213;-2385.83
18278;-80.43011;-455.9354;-2384.59
18308;-85.42963;-454.4227;-2386.388
18348;-90.98932;-454.6284;-2387.881
18378;-97.1773;-459.0427;-2388.067
18418;-103.1414;-463.7038;-2389.027
18458;-111.7702;-469.7376;-2387.903
18477;-122.1667;-482.6035;-2383.285
18512;-126.9166;-490.0025;-2382.441
18542;-135.2435;-496.8446;-2379.609
18592;-136.1187;-496.7783;-2380.17
18602;-137.0051;-496.656;-2379.968
18642;-139.3226;-496.8259;-2379.778
18682;-141.2812;-497.1923;-2379.085
18732;-140.757;-496.978;-2379.591
18742;-140.716;-496.7255;-2379.448
18802;-140.6154;-500.0021;-2377.218
18932;-127.0809;-496.8369;-2376.439
18952;-122.2863;-490.455;-2377.613
18975;-119.6232;-487.4791;-2377.528
19005;-115.4454;-484.5379;-2376.479
19045;-110.8572;-481.8543;-2376.131
19160;-98.60435;-470.9545;-2374.523
19176;-92.45571;-464.1447;-2375.734
19195;-89.33873;-461.5172;-2376.432
19225;-84.24494;-460.8004;-2377.459
19245;-77.94227;-466.5381;-2375.609
19275;-75.57681;-468.4738;-2374.219
19315;-73.48729;-469.7273;-2374.22
19345;-71.22875;-468.2519;-2375.921
19385;-70.85653;-467.2923;-2376.185
19405;-70.05064;-460.834;-2379.009
19445;-71.86519;-450.0018;-2384.32
19475;-73.46471;-449.8768;-2384.603
19515;-76.06625;-449.8185;-2384.824
19545;-78.39029;-450.4821;-2384.482
19585;-82.15752;-450.5571;-2385.123
19605;-88.08946;-454.3002;-2385.778
19645;-93.80455;-456.7281;-2388.44
19695;-100.2136;-461.1608;-2390.854
19725;-110.1462;-473.3879;-2389.858
19735;-117.7842;-479.7178;-2387.992
19776;-127.5079;-490.19;-2384.079
19826;-130.9476;-492.5928;-2384.362
19846;-137.5541;-496.2471;-2385.528
19886;-143.8713;-502.6531;-2387.288
19906;-146.4062;-503.6102;-2388.592
19946;-147.1548;-504.4537;-2388.569
19966;-148.1371;-506.1697;-2388.773
20006;-148.09;-505.9791;-2389.326
20036;-146.0112;-507.174;-2389.175
20076;-144.145;-505.5435;-2390.4
20116;-140.8645;-508.7472;-2388.189
20136;-133.5425;-502.3633;-2390.056
20176;-127.6166;-497.9366;-2392.551
20206;-123.1545;-491.8641;-2394.781
20236;-119.4092;-487.4728;-2394.088
20276;-112.3517;-478.7148;-2394.666
20316;-105.8212;-472.9771;-2394.674
20336;-102.4581;-470.5648;-2393.859
20376;-98.09552;-468.2726;-2392.787
20406;-92.92863;-465.8282;-2390.656
20446;-88.54966;-458.3336;-2390.1
20476;-85.23122;-451.9699;-2391.402
20506;-82.49458;-451.7128;-2390.293
20546;-79.35532;-450.2317;-2389.659
20586;-69.26976;-458.4621;-2381.382
20616;-68.33364;-461.8413;-2377.717
20646;-68.05325;-462.2361;-2377.454
20676;-68.38117;-461.1978;-2378.108
20716;-68.36222;-457.5496;-2380.234
20746;-70.32436;-443.2038;-2388.374
20777;-72.32414;-443.3964;-2389.413
20817;-77.93439;-447.4667;-2389.759
20837;-81.61125;-450.7613;-2389.507
20877;-85.03654;-451.793;-2390.962
20917;-89.62766;-454.1791;-2393.94
20937;-96.16778;-460.88;-2397.429
20967;-103.6798;-464.6149;-2400.565
21007;-109.886;-466.6962;-2403.74
21037;-118.1862;-477.7835;-2402.11
21087;-134.0416;-514.9763;-2390.594
21117;-139.657;-523.045;-2389.749
21137;-145.3327;-524.5514;-2391.05
21177;-146.7658;-524.4089;-2391.871
21217;-151.853;-519.3613;-2394.215
21247;-154.4789;-520.4463;-2394.99
21287;-154.9519;-520.9359;-2395.367
21337;-154.5609;-521.6356;-2394.861
21347;-154.5692;-524.4158;-2391.517
21397;-154.708;-524.3974;-2390.618
21417;-147.6662;-516.1548;-2390.02
21437;-143.7577;-515.3342;-2386.816
21477;-129.0835;-492.1108;-2389.413
21527;-127.6091;-491.8584;-2390.156
21547;-123.8865;-488.003;-2387.665
21587;-114.7638;-478.0209;-2389.728
21607;-109.7604;-473.0213;-2390.333
21647;-105.9193;-471.3849;-2388.76
21677;-101.052;-467.3851;-2386.588
21707;-97.40034;-467.1933;-2384.483
21747;-92.0808;-463.2657;-2383.079
21777;-88.30649;-458.3113;-2382.642
21817;-83.77418;-454.1175;-2383.449
21837;-77.26047;-456.1296;-2381.862
21897;-73.88161;-457.5583;-2379.99
22417;-137.1613;-493.6356;-2379.921
22464;-140.1704;-497.0719;-2380.035
22483;-145.245;-499.7524;-2378.979
22523;-149.4374;-501.088;-2377.901
22553;-151.8572;-502.6963;-2378.35
22593;-152.0303;-505.5062;-2378.587
22603;-153.0695;-510.9606;-2375.865
22663;-153.3983;-513.9059;-2373.978
22683;-148.1098;-508.2439;-2377.148
22743;-130.2927;-495.0977;-2379.406
22780;-127.768;-492.9006;-2380.387
22816;-124.2549;-488.8257;-2380.333
22836;-119.323;-482.734;-2381.659
22876;-113.653;-476.0332;-2382.005
22926;-110.4921;-474.2787;-2381.017
22946;-106.0106;-471.7066;-2379.51
22986;-100.9899;-466.3614;-2378.814
23006;-97.05492;-464.3497;-2376.505
23046;-92.89007;-457.6835;-2376.355
23086;-89.24271;-452.1218;-2377.077
23106;-87.56332;-449.927;-2375.837
23146;-83.90012;-452.8281;-2373.563
23179;-79.07684;-454.6104;-2370.747
23217;-74.3123;-458.2919;-2366.68
23237;-72.78091;-457.6101;-2365.788
23277;-71.77594;-457.0716;-2365.169
23327;-70.37036;-448.5199;-2366.462
23347;-69.4713;-444.0141;-2367.533
23397;-69.84122;-440.7012;-2369.231
23417;-70.80183;-439.9609;-2369.558
23437;-73.77112;-442.721;-2369.278
23467;-79.24065;-450.5223;-2366.306
23507;-81.55836;-450.6515;-2367.366
23547;-85.04144;-450.4654;-2369.074
23577;-90.68185;-450.6366;-2374.186
23617;-96.72409;-455.2458;-2376.37
23647;-101.8616;-459.646;-2381.115
23677;-112.1265;-473.8997;-2378.399
23717;-116.5244;-479.0459;-2379.388
23737;-127.537;-507.5623;-2374.761
23788;-130.5296;-511.3211;-2374.774
23810;-133.5614;-509.1729;-2377.706
23850;-136.1648;-507.9475;-2379.589
23880;-140.1188;-505.5139;-2382.635
23910;-140.1166;-505.443;-2382.727
23970;-140.1614;-505.4181;-2382.667
23980;-140.1184;-505.3211;-2382.643
24020;-138.103;-508.6931;-2380.168
24040;-134.4236;-504.0008;-2382.119
24100;-126.4545;-497.0382;-2384.247
24140;-123.8847;-490.7845;-2385.48
24170;-119.9648;-484.6944;-2387.617
24240;-112.5032;-478.0319;-2386.616
24270;-107.6772;-474.7375;-2385.095
24310;-104.9245;-474.3201;-2383.799
24340;-101.059;-471.3921;-2381.526
24370;-95.17671;-466.6703;-2381.448
24410;-90.58881;-454.357;-2383.335
24440;-88.42795;-455.1249;-2382.419
24480;-87.2767;-454.3964;-2382.234
24510;-85.20563;-454.8784;-2380.99
24540;-80.62179;-457.8216;-2378.425
24580;-77.44998;-460.6624;-2376.127
24610;-76.75053;-460.6325;-2375.886
24650;-74.64171;-447.8571;-2379.539
24690;-74.18202;-445.2122;-2380.118
24710;-74.50529;-445.3668;-2379.601
24740;-76.65447;-445.8927;-2379.088
24780;-80.49741;-447.7251;-2377.609
24810;-81.62595;-448.4117;-2377.458
24840;-86.58389;-445.8518;-2380.704
24890;-92.83197;-448.2925;-2383.518
24910;-98.16889;-453.5605;-2384.661
24940;-104.8396;-460.0112;-2385.182
24970;-112.6696;-468.8503;-2386.245
25010;-127.3866;-507.0667;-2374.51
25050;-129.812;-506.0757;-2374.322
25070;-133.6281;-504.8279;-2375.306
25110;-138.2833;-503.9148;-2377.487
25140;-141.0751;-503.9291;-2378.428
25190;-143.8575;-503.7947;-2379.061
25210;-144.9395;-500.8606;-2380.333
25250;-146.93;-503.5402;-2378.916
25290;-150.0056;-508.1288;-2375.212
25300;-150.9367;-515.7707;-2365.768
25360;-149.0967;-514.9911;-2365.739
25370;-144.3845;-514.1823;-2364.514
25410;-137.5303;-511.4604;-2365.842
25440;-127.9295;-493.9276;-2373.327
25470;-120.2633;-483.1781;-2374.601
25510;-115.9006;-481.3648;-2374.492
25550;-107.4697;-473.3279;-2375.12
25580;-103.8216;-469.1892;-2375.66
25610;-98.54604;-467.1862;-2373.816
25640;-93.78548;-463.4919;-2372.02
25680;-89.06778;-458.3464;-2372.574
25760;-81.77629;-444.2234;-2376.482
25800;-77.66167;-445.6581;-2374.271
25810;-73.0318;-448.6784;-2371.84
25850;-69.41599;-449.2766;-2369.352
25900;-67.53123;-447.71;-2368.186
25960;-65.95414;-442.4171;-2369.043
25990;-66.46226;-440.9323;-2369.582
26010;-68.65886;-442.4909;-2369.273
26078;-72.8971;-444.4317;-2369.953
26094;-76.69935;-445.5182;-2370.701
26118;-83.80042;-448.1009;-2370.753
26148;-88.8879;-450.3235;-2373.903
26188;-93.71369;-452.4897;-2377.455
26218;-104.5606;-464.5418;-2382.343
26258;-113.4086;-472.3531;-2382.659
26308;-140.6846;-499.5557;-2379.317
26338;-145.5776;-503.6671;-2379.857
26377;-150.3072;-502.0798;-2382.809
26410;-162.7435;-506.9969;-2384.354
26440;-165.129;-506.9246;-2386.438
26480;-167.1205;-508.1602;-2385.6
26530;-165.9485;-508.8718;-2384.302
26570;-160.4724;-514.6494;-2376.128
26610;-153.8181;-514.6157;-2372.066
26650;-136.294;-490.4703;-2373.968
26680;-133.7814;-490.5777;-2371.934
26700;-125.8051;-485.7973;-2369.538
26740;-120.5361;-484.3155;-2365.587
26780;-113.01;-479.7447;-2362.484
26811;-106.0547;-474.9343;-2359.876
26841;-98.39757;-467.1016;-2359.091
26881;-94.44866;-465.8281;-2355.047
26911;-91.02967;-464.8392;-2352.244
26941;-83.51938;-458.0327;-2352.04
26981;-78.61658;-451.9535;-2352.029
27001;-74.29573;-448.4878;-2353.195
27041;-72.31313;-449.0214;-2351.913
27081;-74.02237;-420.3634;-2365.252
27101;-62.6204;-445.9902;-2347.911
27151;-62.56271;-446.1807;-2347.879
27181;-63.26857;-445.6028;-2349.827
27211;-63.23292;-445.7844;-2350.374
27251;-65.77329;-440.4868;-2357.726
27281;-68.60939;-441.6345;-2358.595
27311;-75.23821;-448.1982;-2358.434
27341;-78.43981;-449.5275;-2358.677
27381;-83.86043;-451.7708;-2360.697
27411;-91.61584;-454.6326;-2363.735
27441;-99.92857;-458.411;-2367.427
27481;-110.1011;-465.5896;-2371.022
27521;-120.2887;-474.6687;-2374.496
27551;-140.8974;-492.9654;-2371.858
27591;-151.0505;-511.4614;-2369.681
27621;-162.7823;-507.5074;-2376.069
27651;-172.4205;-506.7599;-2381.511
27681;-174.5323;-504.3887;-2385.123
27711;-176.9217;-502.7905;-2386.191
27751;-178.8063;-502.0164;-2387.116
27781;-183.1862;-501.6223;-2386.627
27822;-182.7562;-501.8029;-2385.452
27844;-180.8539;-502.371;-2381.264
27884;-175.4268;-511.5083;-2366.507
27914;-171.217;-512.4747;-2361.12
27954;-164.5304;-507.3937;-2357.802
27984;-156.5703;-511.4738;-2342.27
28014;-146.65;-506.5359;-2336.339
28054;-139.06;-501.9842;-2335.124
28164;-112.2831;-494.1041;-2323.556
28382;-83.20145;-455.1479;-2335.554
28397;-80.36774;-454.0882;-2336.198
28418;-70.78277;-421.2597;-2353.389
28458;-71.80038;-415.9168;-2355.153
28478;-71.90182;-418.5578;-2352.837
28518;-65.41741;-433.7363;-2340.306
28558;-67.31393;-415.163;-2357.074
28588;-65.80028;-434.7771;-2344.866
28618;-71.75723;-419.0436;-2358.506
28648;-73.05521;-423.7586;-2357.171
28678;-74.66299;-425.478;-2358.837
28718;-80.96933;-433.4062;-2360.755
28748;-87.92405;-443.4313;-2359.1
28788;-93.58492;-448.7143;-2362.771
28808;-101.1361;-457.3088;-2364.852
28838;-108.57;-467.0197;-2366.958
28878;-120.0516;-472.7302;-2371.409
28908;-139.6083;-511.7251;-2360.573
28938;-149.7036;-519.4212;-2362.332
28968;-161.0625;-522.2901;-2363.992
29008;-164.5229;-527.2916;-2365.312
29038;-175.5471;-526.804;-2371.864
29078;-183.2022;-519.4197;-2379.566
29128;-185.7504;-513.8655;-2384.348
29158;-185.374;-510.6197;-2385.127
29198;-182.8076;-504.9837;-2383.88
29208;-172.1489;-493.0658;-2380.075
29248;-158.9574;-488.4283;-2373.817
29278;-138.3657;-490.6247;-2365.114
29308;-123.3848;-482.7208;-2356.235
29368;-111.7378;-481.2915;-2350.042
29378;-97.89645;-482.1445;-2341.062
29398;-82.95554;-480.4381;-2326.267
29458;-72.48381;-475.2009;-2314.968
29478;-61.8823;-464.809;-2296.882
29508;-52.45992;-454.6537;-2271.847
29548;-43.19643;-442.5754;-2251.969
29588;-27.34202;-426.7968;-2234.736
29598;-16.33649;-408.8671;-2222.956
29658;-0.4958156;-390.7669;-2213.142
29668;23.71138;-357.4695;-2224.922
29708;34.57072;-350.4828;-2221.238
29738;57.67368;-341.7241;-2218.209
29778;79.66375;-333.8829;-2224.674
29808;120.5228;-337.5423;-2243.733
29859;108.7354;-283.2909;-2307.877
29879;145.744;-330.9336;-2242.183
29919;197.0877;-341.9738;-2266.626
29939;203.0506;-337.8303;-2272.089
29979;200.8978;-320.4416;-2314.089
30009;258.9531;-341.8918;-2311.002
30049;217.1151;-305.9546;-2386.471
30079;224.2332;-310.0855;-2398.485
30119;291.0129;-370.2278;-2365.705
30159;262.0666;-340.1034;-2431.808
30189;266.765;-350.9768;-2435.999
30209;276.1461;-368.2653;-2459.106
30259;283.2516;-381.8094;-2480.87
30279;290.5404;-395.1402;-2501.417
30329;295.3714;-405.2678;-2514.276
30339;317.4036;-457.9505;-2504.119
30379;322.0669;-462.2935;-2513.476
30409;331.2534;-473.5336;-2526.044
30449;339.0774;-479.9394;-2536.528
30479;347.3806;-485.6874;-2543.899
30509;362.1912;-487.004;-2550.388
30549;383.8538;-491.5822;-2554.825
30579;395.8608;-496.9754;-2551.747
30609;415.2117;-503.4263;-2547.503
30649;427.6508;-505.8282;-2543.372
30679;448.3822;-504.3396;-2536.44
30709;469.4091;-494.6355;-2534.073
30739;480.4436;-488.3532;-2533.469
30779;497.1733;-480.4042;-2530.73
30809;517.2515;-472.1286;-2532.557
30909;555.1882;-450.1822;-2539.348
30940;558.951;-464.4315;-2534.207
31020;574.7834;-481.9654;-2524.67
31050;580.9043;-486.9276;-2520.061
31090;593.6539;-496.687;-2513.189
31110;600.4895;-504.8883;-2500.4
31140;603.7839;-506.4667;-2494.561
31190;612.1168;-502.8287;-2484.987
31210;619.7577;-506.8322;-2467.018
31240;626.9747;-507.0232;-2455.964
31280;634.3805;-514.0975;-2436.561
31310;632.4174;-557.9467;-2381.777
31340;634.6748;-558.9398;-2378.316
31380;629.0703;-554.275;-2360.292
31410;622.5717;-553.9778;-2348.104
31450;611.6542;-536.8871;-2332.928
31480;603.6202;-476.1508;-2339.086
31500;600.3145;-433.9068;-2349.729
31560;598.961;-367.1394;-2375.665
31570;593.1;-318.5033;-2400.252
31610;593.7498;-273.1918;-2438.097
31650;586.6709;-251.4642;-2467.204
