
4;-634.4376;337.3185;-2392.139
67;-634.5568;337.2749;-2393.162
188;-650.5547;343.2157;-2418.988
226;-654.77;345.2158;-2427.308
282;-677.9595;362.5048;-2445.301
318;-677.8271;360.8188;-2449.848
371;-686.7211;371.0121;-2472.071
405;-685.0974;372.0289;-2476.166
470;-681.9376;371.6358;-2480.86
496;-676.1948;366.2112;-2485.513
554;-676.1587;365.8916;-2488.119
584;-673.0415;363.8296;-2491.242
613;-640.6313;348.3331;-2493.562
668;-620.7202;326.5717;-2477.068
709;-594.4491;289.0978;-2454.774
754;-545.6923;139.6749;-2390.4
786;-455.4535;-9.034323;-2388.633
811;-399.2006;-158.1848;-2358.099
857;-273.6087;-423.9702;-2300.992
905;-202.5916;-503.9043;-2347.164
949;-79.92538;-617.4344;-2431.009
980;-45.8676;-606.6969;-2474.75
1082;-39.02758;-595.0487;-2487.785
1116;-5.663624;-562.1815;-2564.671
1143;-5.936053;-564.2952;-2562.919
1177;-6.661461;-561.7255;-2562.666
1215;-7.135204;-559.4635;-2563.577
1251;-10.44108;-536.3372;-2578.337
1285;-5.880266;-535.5135;-2571.605
1314;-1.746045;-550.7307;-2564.733
1386;-7.414;-533.2655;-2559.941
1415;-23.7905;-612.8218;-2491.332
1442;-61.72568;-666.8786;-2447.434
1469;-173.7366;-596.0847;-2394.082
1512;-278.5749;-504.7014;-2375.244
1542;-370.7699;-404.3621;-2352.477
1579;-412.3376;-237.3551;-2395.477
1603;-501.0886;-36.44585;-2430.243
1630;-578.9146;123.6051;-2447.781
1660;-543.1994;258.3688;-2499.353
1684;-578.6838;436.432;-2531.562
1728;-512.6339;588.9271;-2609.483
1784;-431.0663;654.2413;-2678.862
1822;-354.7457;702.4255;-2746.547
1862;-304.3394;745.9449;-2773.999
1917;-172.0328;739.7325;-2810.636
1960;-60.03652;832.7003;-2863.313
1993;-133.2905;765.0082;-2818.873
2038;-24.17478;886.7117;-2864.389
2130;-35.89712;839.1225;-2825.359
2181;-45.88898;845.5005;-2809.756
2222;-67.72388;832.6469;-2794.836
2249;-70.57505;822.6327;-2793.777
2300;-121.8005;816.4289;-2759.586
2359;-164.5499;864.2553;-2759.845
2385;-228.605;805.4207;-2712.593
2412;-284.7728;767.34;-2684.433
2444;-359.4501;738.6232;-2632.719
2486;-442.8045;595.9001;-2565.828
2513;-458.5136;454.507;-2516.462
2568;-414.7267;142.7056;-2483.452
2591;-457.0007;-75.13875;-2448.865
2619;-422.6909;-275.5308;-2380.658
2654;-361.6929;-416.5744;-2361.534
2684;-278.5555;-512.2739;-2386.843
2722;-170.8979;-576.3737;-2406.915
2780;-92.47552;-628.8834;-2432.378
2850;-65.04925;-623.3614;-2456.056
2899;-30.95209;-607.6746;-2472.59
2921;-31.98501;-608.5119;-2472.073
2940;-39.66908;-612.7737;-2474.125
2967;-57.59219;-624.7766;-2454.945
2994;-68.25948;-634.9202;-2444.887
3031;-114.1673;-629.5539;-2411.709
3055;-165.0283;-588.2458;-2376.449
3092;-226.6697;-551.1453;-2362.64
3134;-300.8445;-458.2648;-2332.116
3170;-366.5224;-389.0417;-2316.783
3191;-418.975;-260.7406;-2333.836
3240;-439.9323;-122.3862;-2371.529
3263;-562.2905;62.48338;-2375.179
3292;-541.6763;241.452;-2383.656
3319;-515.6392;399.8259;-2443.457
3360;-477.0461;542.5611;-2505.292
3404;-434.9566;667.2575;-2560.209
3447;-360.8459;725.9846;-2639.914
3556;-168.4447;787.5728;-2797.79
3630;-64.50744;800.3486;-2849.972
3692;-53.12354;872.7238;-2876.235
3726;-36.98914;802.2916;-2852.755
3761;-43.77359;811.78;-2811.159
3786;-45.22379;807.4631;-2818.65
3811;-52.338;808.5749;-2812.639
3862;-73.14937;810.4016;-2804.012
3917;-76.41609;834.1138;-2804.939
3947;-104.1385;798.8865;-2787.967
3972;-130.7495;798.0152;-2780.775
4008;-166.5792;797.9931;-2766.58
4034;-213.8106;804.2173;-2751.72
4085;-252.9969;774.6554;-2735.589
4118;-367.3272;768.6826;-2687.128
4152;-420.7937;677.3217;-2642.256
4183;-418.2453;546.6878;-2618.495
4261;-419.3476;123.6496;-2543.662
4333;-452.4316;-271.3517;-2427.352
4360;-354.2888;-425.661;-2405.272
4386;-245.1581;-506.5939;-2427.726
4428;-119.1107;-594.0464;-2442.993
4461;-64.08548;-638.4726;-2448.991
4527;-27.81912;-592.2905;-2470.584
4551;-13.67566;-538.4275;-2497.065
4577;-18.59055;-518.7117;-2548.371
4598;-18.27168;-518.8517;-2546.596
4621;-9.528419;-565.1967;-2512.383
4646;-9.979793;-566.2519;-2513.017
4684;-25.2529;-593.2613;-2468.06
4727;-45.83385;-613.7073;-2459.458
4751;-92.62623;-624.5765;-2438.056
4795;-170.0905;-585.3021;-2428.764
4831;-281.8552;-525.7981;-2428.345
4876;-362.8462;-425.8851;-2440.367
4976;-467.0647;-137.4963;-2518.831
5035;-527.1888;326.6989;-2640.683
5069;-455.8485;581.1892;-2703.006
5117;-374.6943;710.5093;-2763.029
5156;-318.5111;779.6914;-2801.83
5185;-208.7632;814.2554;-2875.906
5225;-128.8506;842.2752;-2899.332
5302;-113.7838;789.8908;-2877.736
5342;-73.73997;791.1572;-2902.676
5393;-48.03785;799.2386;-2894.08
5435;-54.03448;804.4019;-2869.896
5478;-41.76534;887.5889;-2873.383
5536;-65.48711;814.2842;-2831.209
5578;-64.28766;813.0493;-2833.183
5628;-62.15102;811.7423;-2834.457
5675;-74.15968;876.9265;-2841.08
5714;-101.4551;838.289;-2831.425
5755;-140.731;864.6584;-2823.527
5810;-181.2546;804.7307;-2795.668
5855;-220.4441;793.6448;-2785.171
5903;-307.9332;771.813;-2774.913
5981;-394.1165;684.8359;-2732.305
6021;-407.8878;530.1898;-2718.191
6066;-409.9594;383.4175;-2681.372
6116;-457.3864;318.9243;-2650.858
6164;-495.6406;-132.583;-2509.04
6210;-464.967;-295.716;-2472.215
6256;-363.1495;-418.0072;-2446.268
6347;-193.6783;-575.651;-2448.649
6389;-51.14844;-616.4724;-2451.896
6457;-4.593127;-534.3224;-2495.234
6666;-7.880012;-547.6266;-2496.318
6712;-72.82827;-635.5488;-2460.388
6755;-194.1676;-586.4456;-2436.522
6802;-285.9927;-543.1215;-2416.227
6873;-402.9255;-389.5771;-2444.106
6914;-487.5714;-224.1884;-2473.058
6960;-568.0774;80.33253;-2540.897
7014;-516.5157;356.1032;-2642.878
7059;-373.7552;643.9382;-2772.812
7115;-109.3462;850.9949;-2939.425
7158;-8.725332;913.058;-2976.223
7228;70.98514;906.4338;-2965.567
7314;84.9432;841.7596;-2930.552
7369;85.33957;842.452;-2917.385
7442;49.57675;891.3839;-2887.122
7490;30.26617;859.7433;-2894.567
7560;30.0835;861.1989;-2889.934
7609;36.88642;921.1013;-2907.027
7681;24.97673;839.4489;-2886.246
7758;-40.67482;828.6883;-2886.389
7800;-89.21656;915.8865;-2898.855
7865;-180.433;786.0648;-2858.103
7933;-256.9394;805.7397;-2837.245
7981;-326.0673;773.0919;-2814.777
8035;-420.9304;588.1874;-2723.063
8090;-499.7036;225.6891;-2638.623
8144;-504.5471;-71.97947;-2548.952
8252;-308.5063;-480.6826;-2456.0
8297;-221.577;-556.9597;-2471.634
8371;-46.08699;-619.2817;-2477.599
8450;-18.09064;-580.2122;-2534.702
8512;-20.83291;-568.2001;-2494.254
8554;-32.08537;-600.6838;-2485.211
8608;-35.34882;-619.0712;-2475.529
8662;-38.53954;-622.6096;-2472.422
8699;-77.22302;-644.5117;-2449.936
8737;-109.631;-607.766;-2434.124
8792;-179.6875;-561.4271;-2399.045
8841;-273.7434;-480.1882;-2362.021
8883;-400.0605;-237.0758;-2345.087
8929;-418.8246;-35.20729;-2393.814
8968;-511.3891;353.3889;-2433.703
9019;-395.9474;626.8767;-2599.524
9060;-257.1026;755.6165;-2726.383
9129;-22.73754;896.7103;-2938.7
9201;46.98945;822.1221;-2922.907
9269;91.20418;834.4267;-2911.257
9312;79.01225;817.9998;-2878.77
9390;61.76041;885.891;-2864.214
9470;-5.859514;894.1494;-2831.657
9516;-6.971575;829.6223;-2825.912
9562;-23.31735;827.4083;-2828.709
9600;-42.53916;821.0944;-2833.495
9719;-114.2198;844.8027;-2822.831
9812;-255.3743;762.4113;-2805.309
9860;-383.5141;552.3268;-2739.269
9927;-475.9361;542.4998;-2719.864
10004;-518.3857;39.41803;-2613.665
10046;-476.4263;-258.0554;-2525.856
10097;-370.7253;-419.1561;-2480.423
10141;-286.8498;-525.4769;-2463.391
10180;-84.87038;-633.3388;-2472.036
10221;-177.2074;-574.3755;-2462.999
10265;-20.25022;-604.3844;-2465.807
10308;-3.274335;-578.0795;-2484.8
10351;-29.55989;-631.7832;-2477.974
10407;-74.81366;-654.6768;-2471.614
10506;-301.7031;-536.4803;-2483.886
10549;-382.1508;-431.3962;-2513.931
10587;-468.1345;-296.0301;-2552.13
10631;-442.6255;28.29093;-2680.76
10671;-529.152;165.5427;-2723.525
10715;-496.5207;502.8761;-2837.241
10772;-425.5381;661.0535;-2894.833
10811;-189.529;819.4968;-2972.04
10851;-51.44713;819.3723;-2953.06
10914;41.46928;806.9634;-2942.599
11014;42.45266;815.0486;-2893.926
11068;35.73723;826.6484;-2891.166
11109;-29.79476;917.4277;-2903.813
11166;-36.1604;827.3821;-2857.161
11211;-35.75843;827.0877;-2857.512
11256;-37.44155;889.7899;-2883.711
11313;-52.1725;883.3301;-2885.363
11350;-64.40404;878.545;-2887.932
11382;-104.4875;880.8393;-2887.767
11409;-131.2253;818.9438;-2872.193
11441;-197.1103;771.2968;-2838.6
11475;-275.0526;693.0081;-2821.141
11518;-339.5195;633.5521;-2788.942
11665;-414.7503;554.218;-2760.791
11754;-441.8664;282.1729;-2694.351
11896;-500.6293;-37.79152;-2596.072
11997;-486.3795;-212.6107;-2534.631
12185;0.1378545;-557.972;-2486.061
12503;-471.9778;-267.6308;-2473.312
12713;-543.3011;193.9068;-2603.835
12920;-33.91589;851.9631;-2947.101
13017;50.35494;831.2905;-2893.947
13224;-98.44235;873.5457;-2860.712
13318;-234.0847;742.215;-2826.04
13405;-256.0338;717.7646;-2830.973
13522;-334.6948;535.5116;-2793.302
13914;-46.99409;-637.5296;-2460.346
13980;-127.9449;-613.9893;-2452.717
14020;-200.7345;-584.9938;-2444.213
14056;-281.7491;-524.3415;-2443.433
14089;-360.5331;-437.4173;-2451.081
14114;-435.6094;-313.6349;-2464.197
14146;-494.5087;-168.5004;-2496.839
14182;-490.6852;2.197386;-2577.479
14219;-505.4504;97.79447;-2614.951
14253;-494.3915;472.8071;-2711.784
14303;-398.7716;570.0145;-2767.827
14333;-316.3737;679.9389;-2832.009
14388;-164.0912;726.1587;-2887.979
14421;-83.78896;827.9171;-2958.074
14488;-52.36782;770.1053;-2952.719
14524;-45.11993;770.7949;-2952.158
14570;-22.20492;802.126;-2933.965
14641;-29.83976;801.2675;-2929.511
14693;-62.99922;807.0899;-2903.409
14774;-82.21809;796.0905;-2902.252
14813;-128.8046;797.4718;-2884.615
14860;-243.3278;765.5267;-2854.002
14900;-265.6533;733.1575;-2848.667
14942;-361.5623;710.9964;-2834.121
14996;-435.8698;527.1282;-2783.798
15037;-385.0909;565.1436;-2803.501
15155;-529.634;-92.94016;-2578.148
15259;-496.1835;-224.005;-2546.643
15331;-458.3213;-349.0472;-2508.468
15392;-46.72345;-632.9498;-2463.433
15440;-34.78775;-620.5468;-2462.477
15480;-35.32477;-619.0769;-2460.966
15546;-66.35584;-642.1887;-2448.443
15604;-74.78601;-642.1494;-2450.41
15650;-103.4647;-635.8964;-2448.478
15695;-160.9339;-616.4897;-2436.022
15735;-190.9385;-600.6101;-2441.298
15786;-267.891;-556.7084;-2443.133
15843;-380.8447;-422.0165;-2462.923
15915;-509.4849;31.75957;-2631.922
15965;-542.8762;339.8232;-2689.211
16050;-471.7315;467.1285;-2743.748
16095;-332.0923;604.2391;-2814.139
16188;-124.5899;754.7544;-2896.405
16229;-54.96243;799.9717;-2928.175
16311;-77.82046;832.4271;-2929.988
16374;-66.80091;808.0692;-2911.094
16418;-63.80559;808.9518;-2910.621
16465;-76.93415;851.0787;-2906.899
16505;-90.19695;861.5971;-2898.526
16584;-104.1195;807.9183;-2884.09
16629;-171.0807;753.4565;-2878.156
16698;-199.2788;773.2119;-2863.334
16761;-272.1085;758.3171;-2884.768
16799;-351.009;746.9416;-2872.847
16877;-489.785;401.0966;-2784.302
16936;-442.2037;137.3485;-2718.285
16984;-529.8818;-44.22847;-2681.083
17083;-404.2254;-429.8507;-2548.864
17153;-297.7169;-556.9121;-2532.256
17237;-116.674;-644.7665;-2506.772
17281;-76.67622;-670.2006;-2493.215
17323;-50.85491;-646.6706;-2495.581
17413;-51.01814;-637.6802;-2497.363
17447;-66.17315;-652.5963;-2488.828
17521;-83.05612;-649.7049;-2491.488
17569;-97.15874;-645.0253;-2488.919
17610;-178.0524;-618.6674;-2473.384
17649;-282.6509;-558.5431;-2487.41
17690;-341.8986;-485.8621;-2489.755
17747;-477.772;-280.5522;-2532.344
17787;-507.2403;47.40395;-2631.441
17831;-548.6196;191.2126;-2683.378
17880;-511.974;321.2179;-2703.285
17957;-384.6252;704.643;-2841.089
17996;-279.6877;706.1769;-2874.047
18036;-239.2463;795.9849;-2928.625
18088;-161.8185;759.899;-2920.861
18194;-67.84402;787.581;-2947.375
18237;-68.42223;794.9408;-2910.057
18292;-76.26752;793.6719;-2903.785
18328;-100.6387;799.4944;-2871.51
18370;-107.544;801.3486;-2868.482
18420;-110.0571;802.2634;-2870.295
18477;-137.2646;803.6752;-2860.697
18517;-141.6023;799.6497;-2856.656
18559;-173.912;798.4592;-2844.035
18621;-217.079;804.8154;-2826.89
18678;-264.5255;784.8439;-2817.77
18731;-364.0031;598.74;-2710.962
18778;-433.1026;504.6978;-2680.471
18815;-469.2395;279.8645;-2617.344
18862;-536.2468;402.4639;-2612.749
18898;-516.1603;-70.56503;-2506.42
18940;-388.6558;-397.6612;-2439.033
19004;-260.981;-555.9979;-2440.147
19072;-181.7523;-599.3165;-2434.478
19113;-136.449;-623.4363;-2438.32
19159;-111.9837;-626.0545;-2437.132
19270;-110.1245;-627.6939;-2436.995
19363;-118.5133;-626.1508;-2436.378
19435;-198.7537;-605.5369;-2452.286
19494;-227.0534;-578.4875;-2454.785
19556;-484.1945;-173.3967;-2494.732
19595;-489.7987;-33.73451;-2551.368
19653;-584.1024;125.8723;-2572.6
19705;-508.6086;254.9539;-2616.781
19751;-444.4288;582.8522;-2703.472
19791;-279.6973;687.7526;-2774.473
19830;-127.2107;789.718;-2825.564
19877;-61.62713;918.088;-2869.469
19923;-3.435938;841.7454;-2823.031
19968;10.9033;838.3476;-2816.027
20027;12.01827;805.8834;-2850.048
20100;6.739449;832.5981;-2755.875
20143;-132.9455;857.3604;-2729.432
20189;-195.3465;798.714;-2696.95
20332;-393.9246;688.3055;-2636.234
20378;-417.1552;550.1739;-2628.032
20422;-506.2779;445.8921;-2579.94
20484;-470.5738;188.4917;-2561.442
20543;-469.9666;79.46698;-2545.271
20591;-416.3625;-328.1324;-2474.649
20664;-337.4678;-462.323;-2423.144
20711;-246.6382;-554.1734;-2424.411
20753;-60.78144;-652.6177;-2447.776
20810;-6.563235;-599.1216;-2460.825
20858;-33.56794;-626.4331;-2458.168
20936;-200.4871;-592.5859;-2419.835
20973;-335.0918;-450.937;-2389.634
21013;-464.6956;-228.8511;-2395.813
21086;-471.6331;52.67322;-2465.668
21117;-494.5309;-80.4427;-2398.971
21179;-400.9393;590.9633;-2562.12
21210;-320.8628;730.3711;-2621.825
21250;-231.4609;782.6187;-2696.488
21293;-135.4956;841.3188;-2761.684
21325;-83.90759;864.3371;-2796.946
21376;-33.72871;878.397;-2824.171
21404;-27.77531;870.3392;-2817.813
21438;9.498432;837.375;-2815.477
21467;5.834791;843.3565;-2801.648
21502;3.440747;815.2216;-2816.94
21556;-11.14227;831.2023;-2765.611
21604;-12.99459;829.1211;-2763.754
21664;-37.74785;821.0901;-2761.504
21718;-68.03061;818.7851;-2754.778
21740;-89.57116;847.4991;-2758.064
21797;-157.132;800.5881;-2746.444
21833;-244.9068;784.1096;-2721.29
21862;-283.7704;738.5322;-2718.425
21892;-371.8215;711.2609;-2670.092
21920;-395.5383;535.5023;-2632.542
21957;-453.684;439.4703;-2585.157
22015;-459.4712;134.1672;-2516.427
22064;-482.9976;-29.0775;-2458.963
22101;-448.6557;-201.7124;-2408.152
22135;-357.1167;-373.1996;-2390.672
22180;-283.223;-466.6827;-2388.626
22208;-195.0795;-548.0835;-2401.999
22308;-93.27182;-611.0698;-2426.189
22344;7.400829;-558.2964;-2483.299
22385;6.317426;-558.4404;-2483.062
22428;0.3632559;-590.7618;-2456.093
22464;-39.94616;-635.0214;-2419.318
22504;-97.40501;-604.1337;-2414.055
22563;-206.3122;-532.8673;-2391.228
22612;-369.6026;-369.5604;-2398.838
22688;-426.5501;-207.9714;-2442.388
22737;-478.9432;-40.95106;-2497.346
22785;-480.7079;475.2079;-2657.928
22847;-310.6547;677.1069;-2784.851
22879;-216.034;804.5471;-2862.265
22908;-122.6137;799.3446;-2885.761
22943;-21.88078;821.0383;-2893.849
22984;-17.77812;823.3149;-2874.523
23030;-15.64281;821.4686;-2862.408
23056;-56.85035;738.7832;-2832.774
23104;-26.19083;899.1353;-2850.918
23142;-30.9589;848.7821;-2828.861
23170;-64.9846;763.9797;-2803.147
23213;-50.91811;821.0491;-2815.239
23266;-79.82045;849.7923;-2809.099
23307;-120.3392;820.6337;-2787.485
23372;-172.1226;811.4092;-2773.632
23478;-234.6064;774.2141;-2750.668
23541;-366.5486;719.2036;-2691.91
23649;-426.8381;456.825;-2625.92
23707;-395.7595;264.0851;-2610.328
23757;-84.92356;-624.5214;-2434.626
23792;-49.05777;-643.113;-2434.622
23829;-16.12771;-605.0883;-2450.692
23868;-3.742374;-595.6411;-2462.515
23902;3.17496;-570.8803;-2475.396
23933;-7.444563;-599.5027;-2468.081
23965;-19.06211;-612.7372;-2453.757
23996;-53.21652;-627.4363;-2422.886
24026;-82.26857;-619.0118;-2410.041
24062;-151.274;-578.6927;-2366.298
24095;-215.2941;-531.6954;-2361.833
24151;-291.1904;-450.4373;-2334.352
24221;-427.6104;-225.874;-2357.797
24297;-437.0881;27.18019;-2441.5
24339;-504.3643;312.3199;-2527.806
24385;-481.2793;454.1151;-2589.903
24418;-429.4586;615.7225;-2665.22
24448;-401.1006;747.5357;-2728.53
24484;-182.1783;807.1663;-2826.207
24514;-117.9155;737.1479;-2827.599
24613;44.15625;856.861;-2847.696
24661;-16.7793;797.5143;-2778.915
24759;-4.121849;795.184;-2767.963
24804;106.0644;912.9529;-2810.508
24831;67.22689;849.2344;-2771.216
24888;57.36001;921.0116;-2764.672
24920;56.98855;817.1588;-2752.195
24948;-136.1853;814.0302;-2735.154
24992;-175.7191;814.1536;-2691.59
25019;-233.382;753.3629;-2675.653
25061;-305.3504;687.3658;-2650.637
25110;-355.3542;544.2261;-2622.283
25149;-385.2948;264.2874;-2580.223
25187;-463.2684;40.87261;-2551.901
25258;-476.5064;-60.38284;-2524.867
25322;-441.2657;-242.324;-2472.208
25355;-362.2496;-394.6494;-2445.362
25413;-217.9206;-551.6655;-2450.719
25466;-300.0002;-485.1309;-2436.012
25509;-43.06296;-647.65;-2461.607
25567;-26.32123;-623.1118;-2464.304
25623;-19.78697;-612.5033;-2463.418
25673;-23.33074;-623.4232;-2458.597
25720;-70.25386;-649.2682;-2450.684
25762;-229.8264;-555.3081;-2432.212
25810;-298.8512;-480.7514;-2424.901
25852;-468.3261;-277.8638;-2450.582
25894;-488.6044;-5.69519;-2518.198
25957;-513.3189;280.7092;-2576.27
26008;-429.5648;610.2631;-2666.722
26085;-253.987;726.2363;-2765.917
26125;-169.2312;781.5163;-2797.785
26174;-101.4556;736.3155;-2812.97
26216;48.92262;806.2073;-2861.417
26259;49.98349;811.0524;-2856.385
26313;-27.49937;766.0786;-2798.306
26356;-22.76391;817.7355;-2797.739
26415;26.20057;818.8443;-2817.97
26460;-73.07234;805.3399;-2807.355
26515;-94.41496;847.8395;-2782.43
26593;-144.041;796.7736;-2768.893
26637;-350.7531;687.8079;-2686.043
26688;-258.5009;708.7837;-2721.699
26732;-440.1036;456.1425;-2629.349
26793;-408.589;265.6839;-2608.698
26835;-489.9908;-32.631;-2523.242
26946;-442.7971;74.75964;-2563.723
27001;-419.9085;-324.6346;-2474.031
27041;-234.9111;-578.4313;-2454.759
27104;11.58608;-610.4695;-2492.594
27213;-52.15589;-658.2865;-2499.321
27251;-94.49739;-658.461;-2478.0
27298;-179.649;-607.0633;-2450.358
27347;-220.5337;-572.337;-2452.302
27411;-337.5341;-447.3018;-2420.527
27458;-443.3579;-258.1596;-2452.403
27527;-463.0902;43.41277;-2557.951
27628;-471.7574;156.5639;-2591.445
27681;-443.7274;264.8019;-2628.936
27755;-454.253;351.9524;-2667.663
27813;-299.6033;691.6432;-2820.131
27861;-159.0402;689.1713;-2872.282
27918;-116.5377;753.8673;-2900.14
27956;-109.1118;754.063;-2894.254
27994;-116.6716;738.9047;-2879.203
28040;-117.3321;754.2482;-2878.345
28086;-50.87204;822.4835;-2895.557
28155;-114.1849;821.3616;-2878.443
28203;-171.5681;812.9652;-2858.954
28249;-268.8303;761.6993;-2841.446
28315;-282.3477;731.4298;-2832.26
28372;-299.9973;630.2946;-2773.799
28411;-361.4553;550.9961;-2748.824
28455;-388.7039;477.0996;-2720.735
28503;-454.5609;463.4793;-2697.95
28566;-508.2803;325.781;-2618.291
28609;-453.9795;174.772;-2603.989
28695;-444.0797;-274.9179;-2453.0
28785;-284.2456;-489.6582;-2419.639
28833;-114.0086;-601.7012;-2461.5
28879;-82.21389;-623.2281;-2470.189
28945;-67.70535;-622.7918;-2467.12
28986;-63.45374;-622.2153;-2466.655
29056;-71.04497;-623.141;-2462.129
29164;-125.1594;-581.3586;-2454.143
29348;-132.744;-572.6246;-2443.054
29387;-127.2148;-574.4511;-2443.461
29481;-107.945;-580.3687;-2436.749
29542;-92.24332;-596.799;-2437.719
29589;-81.82317;-602.8406;-2428.151
29634;-78.72849;-605.1075;-2425.109
29687;-76.76849;-607.0894;-2424.001
29722;-75.34679;-610.4114;-2421.855
29760;-74.68691;-607.9457;-2416.642
29807;-74.46603;-606.6978;-2413.578
29849;-74.17567;-607.561;-2407.474
29908;-70.01989;-611.098;-2404.728
29966;-47.63004;-609.7133;-2398.875
30012;-37.86855;-602.5464;-2393.399
30101;-33.91988;-580.71;-2383.201
30154;-32.89445;-575.3465;-2369.395
30209;-35.28334;-577.325;-2363.239
30247;-45.26436;-578.2871;-2353.298
30299;-51.67442;-579.6819;-2350.693
30340;-62.15505;-582.4548;-2350.517
30418;-76.26485;-584.2276;-2354.932
30468;-81.25512;-584.4247;-2360.739
30512;-88.75475;-583.9736;-2367.829
30634;-110.0707;-571.247;-2403.359
30676;-110.0128;-570.4766;-2404.621
30760;-109.6745;-574.6291;-2401.182
30803;-108.5564;-574.8792;-2399.914
30987;-85.92682;-583.2752;-2381.826
31033;-83.03273;-582.9631;-2379.703
31074;-74.29357;-578.9426;-2373.803
31146;-71.41537;-581.0666;-2369.098
31194;-66.99296;-583.4471;-2368.908
31240;-56.45005;-590.2818;-2380.733
31288;-48.51963;-592.8209;-2400.233
31337;-43.14177;-587.1406;-2400.808
31381;-40.63592;-582.5817;-2399.6
31438;-39.29268;-579.7001;-2396.73
31486;-38.36674;-580.7761;-2389.946
31521;-37.87881;-580.802;-2385.319
31565;-39.1788;-577.9283;-2374.761
31613;-40.61385;-577.405;-2373.63
31658;-47.24635;-579.1528;-2367.905
31703;-52.26203;-577.9236;-2368.585
31747;-64.58442;-588.4279;-2370.374
31796;-77.60973;-590.6998;-2379.642
31849;-82.80069;-593.8926;-2391.376
31883;-83.33489;-593.7598;-2391.302
31924;-85.46613;-593.5645;-2393.581
31957;-86.93871;-592.3625;-2394.432
31992;-88.05798;-593.1732;-2395.561
32024;-88.7317;-592.9225;-2398.254
32046;-88.7402;-592.2897;-2398.043
32092;-88.2458;-590.3338;-2398.684
32126;-88.06254;-590.0352;-2398.558
32158;-85.26977;-589.6614;-2389.017
32196;-82.29955;-590.2765;-2385.19
32245;-78.86531;-589.2885;-2382.329
32284;-73.182;-584.4858;-2368.916
32330;-68.18165;-580.9477;-2355.844
32364;-67.78282;-577.0998;-2350.918
32395;-66.47076;-575.7747;-2348.479
32423;-65.79455;-574.689;-2347.883
32453;-62.97899;-576.1983;-2347.557
32544;-59.20755;-575.2188;-2348.721
32584;-51.47438;-583.9573;-2361.649
32619;-45.40045;-582.7629;-2370.752
32652;-41.9939;-580.4707;-2375.452
32682;-37.97619;-581.9194;-2378.535
32720;-35.00197;-582.1142;-2378.678
32756;-34.02276;-582.4936;-2380.043
32814;-31.39802;-580.9165;-2377.676
32940;-36.37646;-578.5986;-2370.771
32970;-42.42118;-585.9426;-2363.12
33049;-57.06392;-586.0006;-2360.941
33088;-67.42817;-593.5096;-2362.456
33115;-75.67844;-591.6738;-2368.612
33140;-78.88246;-592.1688;-2371.953
33173;-82.42052;-590.9736;-2375.753
33206;-85.58896;-588.4373;-2380.103
33245;-87.36172;-589.3133;-2381.434
33279;-90.42612;-586.218;-2384.454
33321;-92.1192;-579.9251;-2387.144
33361;-93.3686;-573.9871;-2390.158
33392;-93.9463;-571.8295;-2390.723
33423;-94.55731;-570.2885;-2390.738
33495;-94.14181;-568.3269;-2388.246
33520;-90.81001;-571.027;-2380.802
33580;-84.18284;-575.9714;-2372.015
33619;-77.64101;-579.1215;-2361.333
33668;-72.48333;-577.7961;-2356.302
33691;-65.74664;-579.5961;-2351.068
33753;-60.72073;-576.3328;-2342.672
33784;-58.87133;-573.6776;-2338.99
33959;-36.85916;-562.3482;-2346.239
33987;-31.7707;-563.824;-2349.27
34032;-26.63852;-567.7667;-2354.295
34067;-21.60921;-571.8466;-2357.136
34114;-20.18554;-572.1728;-2358.112
34139;-19.65186;-572.2592;-2357.728
34167;-19.92181;-572.163;-2357.568
34195;-20.48611;-573.4185;-2353.706
34223;-21.47134;-572.975;-2350.055
34247;-24.74146;-567.8806;-2350.989
34303;-27.65579;-565.6259;-2348.378
34343;-32.11328;-566.1959;-2345.273
34377;-44.1003;-566.2519;-2342.994
34498;-49.0786;-569.0076;-2343.977
34539;-60.61787;-576.4543;-2350.07
34575;-65.50597;-581.7944;-2354.096
34617;-71.10795;-582.799;-2362.542
34645;-74.91971;-583.5826;-2369.621
34666;-77.34458;-583.3936;-2373.845
34710;-79.50941;-586.23;-2384.294
34768;-80.57998;-587.6033;-2386.901
34867;-81.60246;-587.7013;-2388.509
34895;-81.65114;-587.6818;-2388.667
34929;-81.61099;-585.0249;-2390.075
34972;-81.08934;-584.6945;-2389.146
35004;-77.89402;-579.1022;-2384.675
35035;-75.29559;-578.9812;-2380.203
35071;-69.28716;-576.9998;-2372.09
35114;-60.32938;-568.7812;-2358.113
35161;-52.32317;-574.6373;-2342.176
35222;-52.16771;-576.0353;-2338.653
35249;-51.74186;-576.0099;-2336.273
35299;-51.66513;-574.9804;-2335.083
35330;-51.53713;-573.6971;-2334.099
35737;-15.80286;-569.2327;-2359.729
35766;-19.00169;-569.1418;-2357.549
35793;-22.31081;-568.6326;-2354.812
35850;-31.66787;-568.2554;-2352.515
35894;-38.43566;-569.0209;-2352.064
35986;-51.75135;-571.4677;-2359.717
36023;-59.37583;-580.4835;-2361.529
36074;-63.77357;-578.9922;-2367.66
36102;-67.65176;-577.1134;-2374.104
36138;-68.84616;-578.6103;-2377.018
36159;-70.36217;-577.7256;-2380.011
36193;-70.91138;-578.0374;-2381.45
36227;-71.66999;-576.8093;-2382.698
36260;-71.82355;-575.5349;-2383.213
36286;-72.02419;-575.2188;-2383.144
36368;-71.6545;-574.4601;-2382.8
36416;-71.21284;-574.4131;-2382.417
36452;-70.10096;-574.6057;-2380.514
36485;-66.84351;-576.7392;-2377.914
36519;-61.43961;-573.7477;-2367.322
36550;-58.38712;-573.2498;-2362.773
36610;-50.86568;-576.3979;-2351.666
36646;-49.50357;-575.7701;-2350.329
36680;-48.63032;-575.5097;-2348.961
36711;-47.24797;-576.7413;-2346.863
36738;-46.83777;-576.2688;-2347.092
36766;-45.98243;-575.5012;-2347.763
36796;-42.5241;-577.1797;-2349.176
36885;-38.09703;-576.8932;-2353.442
36923;-30.1755;-577.5125;-2362.451
36953;-23.36641;-580.0564;-2366.524
36997;-13.05515;-575.6765;-2365.343
37025;-11.54378;-570.8734;-2363.689
37073;-11.88468;-542.5541;-2363.75
37121;-7.621229;-563.935;-2353.688
37191;-9.248638;-560.7615;-2350.002
37226;-15.19645;-560.9281;-2342.232
37259;-16.72707;-561.2223;-2340.946
37307;-20.83584;-563.2227;-2339.798
37371;-25.88826;-564.179;-2340.763
37460;-58.98904;-585.0396;-2358.198
37507;-63.01645;-584.2794;-2364.582
37534;-66.7951;-584.9312;-2369.484
37575;-72.93235;-584.2899;-2376.563
37602;-78.66417;-586.071;-2381.088
37635;-82.69036;-583.1965;-2386.376
37671;-85.70909;-581.5364;-2389.837
37715;-89.4958;-579.1693;-2396.165
37757;-94.43114;-577.7737;-2405.129
37786;-94.52471;-578.2275;-2405.064
37858;-94.10207;-578.4559;-2401.757
37926;-89.49946;-580.7692;-2394.396
37952;-86.43516;-578.2197;-2391.452
38037;-74.98524;-576.3639;-2376.211
38091;-66.38802;-575.4244;-2363.87
38163;-57.17198;-576.5831;-2351.002
38190;-54.80386;-575.9489;-2349.17
38223;-49.0787;-573.4207;-2349.251
38255;-43.01159;-568.7939;-2355.185
38297;-36.41249;-569.1785;-2356.984
38344;-28.09929;-568.4997;-2362.816
38374;-18.69098;-542.066;-2379.983
38393;-18.52989;-542.0394;-2380.833
38421;-18.19177;-541.9764;-2381.445
38489;-18.76817;-540.4517;-2383.463
38510;-18.96135;-540.3523;-2383.305
38541;-18.86057;-540.2227;-2383.038
38563;-17.98538;-539.914;-2382.462
38589;-18.89838;-539.2504;-2382.151
38618;-16.95508;-560.6134;-2359.04
38658;-18.10865;-564.4253;-2364.328
38713;-25.43449;-567.3818;-2363.212
38751;-31.4476;-569.8801;-2366.278
38781;-39.15105;-571.4962;-2368.715
38820;-44.63261;-580.2533;-2369.396
38848;-52.91323;-586.7018;-2376.367
38887;-58.83186;-586.1129;-2383.824
38942;-62.97166;-587.053;-2389.564
38984;-66.89386;-588.7148;-2395.88
39009;-70.03364;-588.7356;-2399.44
39046;-73.99741;-586.7142;-2405.656
39064;-80.07714;-586.6864;-2416.885
39086;-82.97017;-584.7099;-2418.797
39113;-87.5176;-577.0527;-2427.947
39167;-89.28407;-577.023;-2433.97
39193;-91.02843;-577.4884;-2438.691
39216;-92.69441;-577.5841;-2439.302
39268;-94.96931;-578.439;-2440.199
39411;-96.96099;-582.353;-2424.089
39500;-91.68459;-586.6464;-2400.549
39588;-84.15411;-579.7034;-2387.646
39636;-71.41638;-575.8004;-2371.775
39840;-39.79619;-570.2664;-2368.677
39894;-26.55058;-537.5432;-2382.523
40230;-49.84628;-579.3445;-2378.655
40333;-66.73908;-585.1724;-2385.959
40391;-79.08338;-593.4766;-2397.779
40449;-80.71749;-594.1179;-2400.474
40503;-83.92384;-597.5726;-2407.275
40575;-85.08778;-594.6912;-2414.2
40648;-84.37141;-590.6102;-2424.005
40824;-89.525;-578.0844;-2425.632
40857;-91.74126;-576.0026;-2422.221
40906;-90.66145;-578.1871;-2412.771
41075;-76.56199;-586.3665;-2395.436
41307;-54.09739;-593.3529;-2407.384
41502;-41.96638;-581.9791;-2425.829
41540;-37.57285;-554.7186;-2425.542
41571;-33.06517;-572.4712;-2398.955
41603;-34.17799;-572.6295;-2397.661
41631;-35.49064;-572.8264;-2396.479
41660;-38.82444;-574.0333;-2394.993
41699;-42.57113;-579.072;-2390.922
41724;-48.18924;-580.1636;-2391.274
41753;-55.08544;-582.07;-2395.113
41793;-62.08817;-588.0359;-2396.655
41826;-67.00859;-588.6692;-2402.338
41851;-71.21899;-591.8195;-2406.801
41894;-80.7752;-592.1535;-2416.109
41968;-87.37526;-595.4551;-2429.233
41991;-90.40607;-597.5376;-2431.788
42031;-100.9657;-592.5139;-2444.545
42086;-110.0958;-584.817;-2455.347
42135;-113.8954;-579.0613;-2460.723
42172;-114.957;-577.2006;-2459.304
42203;-115.7352;-576.4291;-2458.18
42246;-115.3819;-575.6197;-2456.145
42289;-112.6521;-577.0699;-2452.643
42317;-107.8667;-580.6663;-2450.156
42344;-91.47318;-598.7653;-2435.498
42374;-88.28033;-600.0958;-2434.685
42406;-81.1416;-596.8108;-2433.508
42434;-71.10627;-591.0151;-2430.906
42462;-66.17121;-593.5406;-2428.673
42532;-60.15997;-588.138;-2422.427
42577;-57.32812;-585.1024;-2417.659
42602;-52.44327;-581.5652;-2416.767
42624;-51.85688;-580.4198;-2415.756
42653;-40.53188;-551.2714;-2423.769
42685;-38.74045;-552.0024;-2423.533
42713;-33.53242;-566.0457;-2422.51
42741;-34.76258;-561.8179;-2426.765
42785;-28.55482;-541.0626;-2446.16
42827;-37.35254;-544.1817;-2446.713
42857;-34.89027;-545.416;-2436.954
42888;-35.10972;-542.3148;-2432.821
42936;-36.48127;-543.8746;-2423.176
42961;-42.00594;-534.4059;-2423.592
42987;-39.48618;-539.1762;-2415.36
43041;-41.0222;-540.3979;-2412.756
43072;-40.1291;-551.3299;-2399.444
43095;-42.99218;-567.3139;-2398.505
43131;-44.74857;-573.2661;-2397.534
43184;-50.07284;-583.278;-2404.83
43206;-52.04627;-584.3337;-2407.882
43232;-55.62933;-589.6253;-2410.416
43313;-61.91326;-600.4626;-2427.026
43348;-63.26536;-600.6169;-2429.248
43371;-64.16968;-604.1261;-2430.284
43394;-64.2942;-605.6821;-2430.984
43448;-64.68515;-607.5158;-2432.108
43475;-64.74241;-604.5367;-2433.959
43494;-65.28162;-601.4094;-2431.841
43514;-66.08444;-596.7559;-2431.581
43565;-66.61957;-592.3268;-2429.78
43589;-68.53357;-586.4839;-2420.822
43611;-68.5038;-586.4225;-2420.224
43644;-68.93349;-586.936;-2417.251
43711;-67.84143;-585.0135;-2412.154
43751;-65.6561;-583.5798;-2406.948
43768;-62.3534;-580.7804;-2401.747
43802;-59.73644;-579.6462;-2398.909
43823;-56.25575;-575.4692;-2394.461
43842;-52.99145;-574.4144;-2389.61
43900;-48.29677;-573.4949;-2385.776
43943;-44.5555;-571.4696;-2383.93
43977;-38.95185;-569.6824;-2383.799
44014;-34.86644;-567.4502;-2386.508
44053;-29.92644;-565.2557;-2388.623
44091;-28.61607;-562.3292;-2391.276
44141;-25.39149;-563.5324;-2393.485
44216;-25.11818;-561.1661;-2397.661
44308;-24.59225;-565.8373;-2404.454
44398;-29.59922;-577.0746;-2415.019
44485;-31.12997;-576.5919;-2420.841
44553;-31.19842;-578.5651;-2420.978
44583;-31.15863;-579.1054;-2420.705
44612;-27.64998;-577.6489;-2417.353
44645;-24.87443;-579.3893;-2411.091
44670;-21.99504;-576.4886;-2407.505
44697;-18.12532;-575.14;-2403.941
44719;-12.01196;-575.7429;-2395.915
44746;-6.2026;-575.5486;-2392.917
44789;-3.709703;-575.3486;-2391.425
44858;0.7354743;-575.4686;-2389.072
44887;5.698345;-573.071;-2387.965
44914;11.44832;-574.3728;-2387.499
44938;14.66104;-573.0443;-2387.519
44976;20.04576;-564.1893;-2392.26
45070;29.66262;-559.8646;-2394.862
45363;55.12828;-545.0765;-2401.157
45385;57.22288;-545.9246;-2400.094
45415;64.59774;-546.9031;-2399.179
45454;67.57535;-545.6314;-2400.289
45522;76.11163;-538.9221;-2408.353
45543;76.32092;-537.5267;-2409.164
45581;77.3175;-537.6837;-2410.426
45615;79.39285;-538.5607;-2410.032
45655;96.52579;-442.9039;-2477.29
45690;96.50604;-446.1278;-2473.136
45730;96.88194;-446.6024;-2472.352
45759;99.33101;-444.7859;-2471.76
45786;100.7904;-444.0747;-2470.684
45897;97.79605;-469.3066;-2438.096
45942;99.79341;-467.5669;-2437.912
45969;104.8723;-461.7245;-2435.572
45993;105.2333;-459.4436;-2433.188
46030;102.9847;-424.4268;-2438.811
46049;107.4094;-415.2727;-2446.332
46094;110.8116;-410.1048;-2449.978
46135;111.285;-409.8976;-2450.81
46158;117.728;-433.4861;-2431.822
46193;117.0839;-440.8874;-2428.96
46214;117.4917;-441.5213;-2428.83
46247;123.5857;-443.9807;-2428.566
46318;129.0908;-490.5138;-2393.561
46346;131.2111;-491.8416;-2393.476
46377;131.611;-496.5768;-2393.519
46401;132.0673;-496.2986;-2400.922
46423;132.0995;-493.5869;-2403.128
46459;129.6898;-494.2588;-2402.976
46492;123.0366;-512.5499;-2393.452
46514;118.7189;-513.3506;-2391.147
46563;115.7899;-513.3341;-2389.995
46596;113.4687;-513.8563;-2388.503
46613;112.3456;-515.4743;-2387.335
46698;112.83;-518.2122;-2385.155
46734;124.5737;-535.4636;-2374.199
46755;131.7144;-540.7721;-2371.207
46797;136.2249;-543.5835;-2367.639
46817;146.7649;-546.5162;-2363.073
46861;151.5738;-547.3361;-2357.622
46889;167.0137;-540.3983;-2338.964
46950;176.8131;-532.4114;-2327.691
46974;185.2323;-523.0446;-2317.432
47001;200.2147;-526.7191;-2300.311
47031;212.5662;-527.63;-2289.086
47053;223.2189;-529.2264;-2279.408
47092;235.8753;-521.7231;-2273.453
47121;249.598;-524.0106;-2269.624
47180;261.2338;-516.6187;-2276.857
47212;290.9919;-530.0897;-2281.784
47248;299.1815;-533.6216;-2281.586
47274;309.3122;-522.7296;-2288.203
47310;317.8388;-517.5717;-2290.813
47363;325.3019;-500.3425;-2302.953
47424;331.2109;-495.8922;-2314.193
47450;334.532;-503.2853;-2315.267
47494;336.3031;-508.3851;-2317.449
47524;336.0422;-510.1435;-2324.051
47565;332.9557;-517.2832;-2326.593
47593;332.9112;-528.8602;-2326.632
47631;331.6785;-539.3527;-2331.563
47657;331.2096;-540.8953;-2332.289
47680;327.9527;-546.0459;-2332.739
47769;326.4802;-549.1509;-2332.987
47837;326.5358;-548.1396;-2328.12
47900;326.796;-547.2491;-2327.18
48060;333.2144;-517.4968;-2321.895
48194;335.4454;-510.9303;-2320.219
48225;333.6341;-513.8278;-2315.888
48292;332.7915;-515.4043;-2312.917
48325;330.7544;-516.9734;-2310.885
48421;328.824;-518.3531;-2310.606
48486;326.3607;-520.8839;-2314.387
48512;325.1706;-518.6365;-2322.245
48557;324.8914;-520.9567;-2324.46
48584;324.9351;-521.0082;-2324.997
48657;324.9614;-521.6365;-2327.397
48693;325.5696;-522.1647;-2330.117
48735;325.4053;-522.1484;-2333.056
48765;325.5408;-520.4435;-2333.902
48789;326.171;-515.991;-2336.001
48861;326.8559;-515.9152;-2335.908
48906;327.0539;-516.4293;-2335.68
49011;326.7195;-520.4476;-2334.201
