
2;256.2693;-330.4078;-1980.804
23;251.7643;-337.0129;-1997.287
41;247.628;-359.5522;-2033.665
77;242.1087;-364.0715;-2056.908
94;233.1012;-382.7365;-2093.081
109;221.9244;-377.7049;-2116.679
181;220.513;-403.597;-2132.712
250;215.2736;-413.4574;-2151.25
301;207.3947;-417.8825;-2170.442
317;200.1292;-432.1378;-2182.834
401;178.3472;-407.2147;-2219.405
452;180.9012;-413.4741;-2217.256
519;184.2426;-416.7885;-2211.075
587;195.6071;-415.9974;-2178.262
654;222.1403;-422.5953;-2119.209
722;238.2554;-410.2973;-2064.104
756;262.0571;-376.2941;-2011.27
790;271.323;-360.464;-1987.668
823;280.2363;-349.1247;-1963.521
858;284.2487;-336.0971;-1943.0
875;286.7495;-324.9594;-1917.38
891;286.4383;-316.3202;-1902.901
909;292.056;-318.0101;-1861.201
926;291.4565;-318.7847;-1852.193
942;290.5513;-322.2613;-1834.401
959;290.9803;-326.5604;-1826.074
1009;293.019;-328.3469;-1823.835
1060;300.3728;-329.8748;-1823.234
1094;310.5854;-332.5229;-1827.002
1166;329.7813;-337.9671;-1834.133
1338;402.1628;-369.8959;-1838.93
1374;465.178;-403.301;-1831.69
1393;471.6763;-405.5226;-1831.325
1427;537.1305;-410.993;-1813.836
1446;552.873;-400.3412;-1818.371
1463;579.9777;-400.1454;-1805.631
1479;595.8558;-397.4884;-1796.803
1496;615.2584;-389.3997;-1785.643
1530;630.9326;-384.8731;-1765.516
1564;641.2208;-379.2038;-1750.172
1615;650.7016;-374.2734;-1729.604
1632;656.429;-370.2893;-1711.836
1683;660.3747;-365.4027;-1689.339
1699;661.2704;-362.0007;-1666.466
1751;662.6944;-354.1961;-1648.141
1772;662.6681;-343.9531;-1635.35
1858;662.1265;-333.8646;-1611.542
1874;660.7125;-327.2611;-1584.243
2183;662.9723;-319.4064;-1571.195
2198;734.1506;-261.1211;-1429.647
2219;752.027;-262.514;-1416.746
2259;759.5556;-255.3031;-1407.393
2276;769.1126;-259.1839;-1402.496
2327;776.6875;-254.5844;-1394.957
2361;852.1564;-188.3133;-1507.592
2395;592.9487;-145.9286;-1125.221
2413;584.3763;-129.785;-1100.692
2448;476.9716;-304.04;-975.4426
2464;395.3502;-276.2167;-915.8499
2498;318.7908;-218.1593;-899.9802
2538;320.5228;-215.5862;-895.4335
2708;328.5885;-241.2217;-852.0421
2741;331.9945;-240.5927;-849.7817
2776;221.722;-422.5211;-811.0789
2809;223.3826;-422.4029;-808.8572
2829;226.59;-423.5116;-802.8538
2848;266.8511;-229.6819;-806.7922
2863;368.4058;-101.5877;-877.8656
2897;271.14;95.55519;-558.8893
2930;276.9191;111.4836;-558.6677
6376;261.5311;-267.2316;-1043.99
6465;273.7127;-290.1335;-1080.233
6501;285.6141;-309.8192;-1110.919
6522;302.8802;-309.7043;-1142.855
6547;310.8879;-318.3743;-1159.461
6581;317.8611;-337.0584;-1218.058
6600;313.7131;-330.2836;-1222.134
6638;98.9311;-290.6729;-1136.948
6665;104.8922;-329.9686;-1146.86
6685;-42.98149;-390.1083;-1325.774
7473;420.0605;-521.3531;-1893.624
7523;422.9542;-545.3817;-1887.284
7759;405.9561;-534.2328;-1910.772
7810;363.7078;-520.1901;-1924.758
7829;361.9547;-508.632;-1927.155
7862;358.093;-518.0724;-1875.515
7893;362.6662;-530.9178;-1869.378
7911;364.8514;-530.8685;-1846.643
7930;366.6777;-534.8584;-1839.208
7954;370.3084;-533.9177;-1829.987
8008;374.518;-543.9074;-1804.145
8055;378.8243;-544.0813;-1791.91
8091;386.5449;-541.0328;-1773.444
8131;393.3739;-545.4138;-1743.508
8186;395.3274;-533.3694;-1727.713
8206;390.9588;-524.9985;-1713.495
8239;383.4039;-493.2663;-1694.453
8273;377.1464;-474.2885;-1672.635
8340;374.2816;-467.1116;-1668.078
8424;368.6184;-462.6198;-1661.735
8525;362.906;-460.9612;-1657.836
8594;324.731;-501.8235;-1636.154
8630;328.3065;-514.4582;-1649.865
8655;341.2032;-521.8778;-1676.095
8674;354.1262;-570.3574;-1717.296
8692;370.2322;-545.5519;-1736.178
8708;386.4531;-538.0797;-1754.325
8743;394.0932;-536.3842;-1761.886
8768;403.7596;-537.2017;-1769.806
8802;409.5404;-538.7467;-1774.113
8856;415.0057;-540.2515;-1777.204
8886;417.1471;-541.4542;-1779.784
8922;419.3434;-542.6417;-1782.059
8994;420.4009;-542.7159;-1783.67
9028;421.0404;-542.708;-1784.728
9113;421.4005;-543.3963;-1785.544
9132;421.6079;-543.0106;-1786.809
9166;421.4953;-542.5268;-1787.323
9199;421.4156;-542.3335;-1787.171
9219;420.9567;-541.8718;-1786.458
9236;420.4033;-541.3997;-1785.164
9259;420.2764;-540.7566;-1783.101
9278;419.3915;-539.4922;-1779.894
9313;417.8964;-537.151;-1775.38
9330;418.6841;-536.0831;-1770.958
9376;419.4906;-534.4732;-1765.237
9416;420.6988;-532.0505;-1760.408
9449;421.1727;-528.7951;-1755.754
9468;423.091;-528.5241;-1750.396
9518;425.3029;-534.7435;-1734.495
9603;428.1178;-537.4241;-1726.394
9687;430.1192;-541.7559;-1714.222
9721;432.5467;-543.4968;-1702.035
9773;436.5624;-541.1457;-1683.489
9799;437.5817;-539.1604;-1680.322
9820;437.194;-539.0691;-1677.351
9840;435.025;-541.2301;-1672.447
9876;430.6665;-545.0099;-1672.008
9896;425.3849;-547.0098;-1673.458
9947;420.0115;-546.382;-1676.494
9969;406.2157;-536.7561;-1686.532
9989;401.6616;-541.2188;-1687.779
10006;398.5056;-538.9378;-1689.644
10040;397.4646;-520.1069;-1695.972
10074;392.4492;-525.0624;-1693.842
10108;387.9229;-521.2881;-1694.618
10143;385.9942;-526.2986;-1692.917
10171;383.3591;-529.7988;-1692.073
10204;381.6174;-534.6622;-1691.065
10229;382.3362;-534.4396;-1691.432
10265;384.1554;-542.8926;-1689.23
10400;394.9922;-540.9832;-1693.147
10468;399.2059;-532.6141;-1699.673
10504;406.09;-534.4666;-1704.379
10531;412.9174;-538.0363;-1711.344
10574;415.7733;-541.1151;-1710.771
10604;419.3788;-538.793;-1711.993
10640;421.4116;-538.9623;-1710.743
10758;423.7841;-540.5158;-1708.235
10789;428.8616;-536.1577;-1713.052
10812;432.4827;-530.9357;-1723.646
10838;435.6186;-531.4451;-1729.22
10878;439.4406;-531.9172;-1738.089
10913;441.8783;-532.8978;-1742.117
10936;445.4489;-533.3207;-1746.191
10971;448.0921;-534.238;-1748.94
11006;451.5969;-535.4296;-1750.283
11032;457.1948;-535.2053;-1750.864
11083;462.3647;-536.1473;-1748.483
11107;464.7986;-537.1812;-1745.922
11140;465.2334;-535.9927;-1738.332
11177;465.9659;-535.9098;-1731.524
11253;463.2935;-535.1847;-1715.606
11271;458.405;-533.5242;-1702.749
11358;453.5501;-532.1323;-1689.746
11400;445.0421;-533.6085;-1675.793
11429;433.4788;-530.1972;-1670.675
11469;416.0443;-536.7516;-1665.466
11520;408.0348;-540.3914;-1663.499
11558;400.639;-544.6147;-1664.357
11587;388.6696;-546.0975;-1672.417
11607;377.5997;-548.8915;-1675.807
11643;369.2781;-549.5594;-1678.276
11708;357.0633;-548.4912;-1680.299
11754;350.5823;-537.4285;-1682.038
11781;337.6437;-542.5756;-1667.537
11830;333.9245;-541.3953;-1659.869
11855;328.7965;-539.1966;-1652.518
11880;324.102;-538.1235;-1643.242
11904;321.6615;-534.3346;-1636.098
11945;320.2457;-533.6305;-1631.083
12040;321.8317;-529.6733;-1626.515
12109;327.2905;-525.9817;-1625.152
12187;336.3967;-522.6263;-1627.495
12212;348.3448;-519.4312;-1634.975
12238;370.4995;-519.5978;-1641.92
12289;381.291;-520.4849;-1647.816
12315;390.9413;-522.2838;-1657.743
12341;400.4462;-526.3643;-1667.177
12393;408.2696;-527.2224;-1677.728
12418;413.5735;-527.5612;-1687.175
12478;420.5244;-527.4169;-1716.654
12545;420.8803;-527.4003;-1720.656
12569;420.803;-528.8217;-1721.828
12654;419.5953;-529.0336;-1722.33
12678;417.3965;-529.7079;-1722.731
12705;415.6306;-529.0024;-1722.563
12738;407.1598;-535.252;-1713.186
12761;405.0735;-532.526;-1711.859
12784;394.7409;-542.1649;-1703.344
12805;389.5431;-544.171;-1698.433
12908;383.4895;-544.9177;-1693.234
12946;378.1106;-544.3791;-1687.035
12969;372.7381;-534.3359;-1670.545
13058;370.8514;-532.1088;-1662.662
13082;368.4808;-525.7726;-1650.538
13138;367.3413;-523.6705;-1647.687
13162;365.3512;-524.4394;-1643.288
13265;362.2596;-529.2164;-1637.441
13293;359.0153;-533.6604;-1642.522
13357;355.8754;-536.5081;-1647.859
13485;350.9626;-539.1617;-1658.246
13547;341.3378;-543.4809;-1659.992
13580;335.4756;-543.3408;-1655.875
13609;325.9894;-534.0588;-1634.056
13640;324.174;-530.7173;-1626.576
13666;327.2216;-510.4803;-1621.878
13692;326.4848;-509.782;-1614.169
13721;326.2481;-508.8297;-1610.175
13746;326.4913;-506.9348;-1607.91
13792;328.434;-505.9532;-1607.213
13818;333.9844;-504.102;-1607.241
13874;340.745;-503.0907;-1608.625
13920;351.7633;-503.8053;-1616.146
13981;366.8944;-507.0538;-1630.719
14019;380.7445;-510.2985;-1645.332
14045;393.7058;-514.6163;-1659.342
14073;422.1307;-518.4842;-1686.054
14099;440.3864;-520.9368;-1700.577
14127;447.0988;-523.0495;-1707.73
14152;454.5234;-525.8634;-1714.905
14194;462.1469;-526.5567;-1719.612
14249;465.74;-527.6456;-1720.791
14287;469.9035;-528.0527;-1721.061
14322;470.8521;-528.1863;-1720.303
14363;469.3765;-530.7984;-1716.04
14398;466.7755;-532.9939;-1708.035
14431;458.5246;-541.9596;-1691.903
14464;452.7186;-543.3154;-1684.591
14496;442.8272;-541.5831;-1676.047
14528;432.4922;-540.254;-1662.766
14560;422.0666;-540.6108;-1655.493
14593;416.4406;-537.8074;-1650.242
14624;410.5003;-534.8622;-1646.925
14660;405.964;-531.9708;-1647.083
14694;401.6337;-533.6192;-1646.47
14723;396.612;-537.3075;-1646.68
14753;393.0162;-540.3894;-1647.401
14782;386.4879;-545.3456;-1651.256
14809;380.8976;-547.6392;-1658.692
14841;377.2892;-547.6533;-1662.646
14873;368.8833;-550.3138;-1668.725
14904;364.7479;-549.1467;-1671.729
14938;362.6459;-547.006;-1672.085
14971;356.526;-539.4968;-1673.832
15010;350.0745;-537.2798;-1671.38
15042;333.963;-545.552;-1649.291
15078;332.4147;-546.562;-1645.592
15110;331.0016;-544.5754;-1639.327
15149;334.3748;-524.4053;-1630.802
15182;334.442;-523.5804;-1631.48
15228;338.129;-520.6869;-1629.937
15263;340.7904;-522.8218;-1628.535
15297;344.1388;-524.7798;-1627.711
15330;349.2632;-527.0186;-1629.397
17471;416.1305;-534.8927;-1736.472
17512;414.2216;-536.275;-1727.976
17543;412.1476;-536.2975;-1721.682
17588;406.9227;-534.6242;-1714.027
17617;388.2893;-545.936;-1687.176
17664;385.8694;-546.5527;-1684.94
17727;381.5368;-545.1306;-1680.133
17759;376.5891;-543.1839;-1674.827
17813;369.3533;-544.3933;-1671.764
17851;365.2154;-542.7954;-1668.953
17889;359.7525;-544.6573;-1666.334
17922;351.0962;-548.5629;-1664.042
17953;343.7753;-553.6985;-1663.444
17986;332.0621;-555.6919;-1666.568
18047;326.3245;-555.9227;-1669.764
18091;321.2979;-555.8275;-1671.935
18273;320.2697;-555.573;-1672.01
18322;325.1801;-560.0541;-1662.738
18366;336.5742;-557.0699;-1660.46
18408;343.6496;-567.6973;-1654.966
18454;375.5502;-550.1507;-1674.051
18493;379.5233;-566.0605;-1672.766
18530;383.9601;-570.5896;-1674.99
18565;403.815;-577.684;-1690.533
18645;432.561;-545.6824;-1721.854
18684;434.437;-540.816;-1725.711
18731;438.9798;-540.4116;-1732.039
18769;443.053;-540.1656;-1735.659
18803;450.7822;-539.369;-1742.119
18838;454.0718;-539.1499;-1744.081
18879;457.4085;-538.8006;-1745.573
18910;460.4761;-538.3954;-1746.303
18941;461.1835;-538.4577;-1746.446
18976;463.0162;-543.7283;-1744.243
19008;462.544;-542.7388;-1744.552
19045;460.4957;-541.1656;-1744.28
19087;451.6389;-541.59;-1741.719
19120;441.9132;-542.4429;-1739.271
19153;432.3925;-541.8287;-1737.25
19185;428.4037;-541.7462;-1735.494
19210;424.9097;-541.8999;-1733.243
19242;423.0749;-544.2778;-1731.044
19490;420.205;-544.9546;-1730.214
19538;376.7571;-575.7798;-1735.814
19577;376.8824;-573.5875;-1735.948
19605;337.4319;-595.106;-1710.724
19659;360.2892;-552.4329;-1723.279
19697;333.4585;-569.0563;-1708.686
19729;325.2526;-583.3689;-1681.821
19770;323.8448;-592.2526;-1678.092
19802;324.5775;-593.797;-1677.361
19837;333.1412;-577.8757;-1686.042
19871;337.8066;-575.2083;-1688.005
19906;362.9983;-545.9071;-1707.998
19945;348.7168;-579.6331;-1700.203
19978;349.193;-579.2764;-1701.008
20008;365.9494;-580.1697;-1706.53
20040;371.3265;-582.1168;-1708.134
20074;376.6524;-583.077;-1710.252
20107;381.0132;-583.7973;-1711.685
20142;384.5291;-583.5329;-1713.443
20177;386.3385;-583.4203;-1714.811
20223;391.7538;-581.1291;-1718.262
20258;397.3873;-582.3021;-1720.49
20300;401.7592;-582.8372;-1722.098
20334;420.4548;-540.4985;-1732.996
20370;420.4084;-538.6667;-1733.791
20405;420.996;-538.0997;-1733.874
20443;424.3447;-538.0102;-1734.153
20476;426.2963;-538.439;-1733.68
20511;426.5569;-538.265;-1732.912
20548;428.3665;-538.154;-1731.387
20584;427.7857;-538.8869;-1728.247
20618;428.4403;-537.0029;-1724.001
20651;427.0287;-534.4682;-1718.944
20691;425.5642;-531.9648;-1714.656
20731;414.65;-532.3271;-1696.972
20772;408.8363;-537.1795;-1687.963
20802;402.9959;-539.0266;-1681.855
20831;399.4231;-539.0673;-1677.586
20873;396.4728;-537.664;-1673.519
20902;392.005;-537.3123;-1663.927
20924;389.4251;-536.7565;-1659.845
20945;388.2863;-533.7452;-1659.593
20983;388.7404;-520.6144;-1666.568
21008;382.8329;-532.8997;-1660.09
21045;380.4323;-537.7051;-1661.3
21082;379.3094;-541.025;-1663.278
21125;374.7921;-547.3761;-1669.701
21162;372.1744;-551.1526;-1674.367
21190;367.431;-572.1105;-1672.958
21218;365.8486;-574.852;-1673.642
21251;364.501;-576.5463;-1674.691
21280;362.2682;-577.2413;-1675.354
21379;347.1607;-583.0374;-1674.58
21406;346.4196;-582.5488;-1673.39
21458;346.1688;-581.8828;-1672.972
21490;346.143;-581.7972;-1673.371
21517;351.3947;-578.2257;-1671.906
21540;354.3506;-578.727;-1672.869
21575;362.1543;-578.4709;-1677.238
21645;368.1185;-578.9025;-1681.368
21689;375.7992;-579.9039;-1685.873
21801;408.2899;-544.077;-1705.585
21827;415.5694;-584.3328;-1707.285
21893;435.1091;-539.8469;-1721.795
21920;438.0752;-563.6828;-1722.422
21949;442.636;-570.8556;-1720.025
21977;451.4532;-577.0516;-1722.159
22120;461.6803;-542.1988;-1745.962
22299;436.6022;-541.7174;-1727.909
22323;424.4438;-542.3893;-1718.954
22349;418.0922;-542.6652;-1712.845
22389;404.7674;-541.0793;-1705.833
22422;394.7365;-540.3976;-1701.348
22451;388.5956;-539.0377;-1699.797
22485;382.2699;-538.8152;-1697.243
22511;378.4654;-540.1764;-1695.85
22546;375.1271;-542.9137;-1694.395
22621;367.7788;-544.7911;-1693.895
22642;360.9564;-546.9944;-1693.219
22717;355.9799;-549.1796;-1690.524
22743;340.9536;-551.9364;-1689.701
22796;334.9302;-580.2449;-1668.766
22830;324.6186;-565.7805;-1675.128
22855;320.1313;-576.4084;-1664.271
22909;315.6259;-580.3361;-1657.251
22954;315.0744;-573.5399;-1656.331
23090;331.2235;-565.3879;-1648.538
23129;337.2802;-568.7515;-1649.094
23154;345.3871;-570.3035;-1651.814
23241;395.8423;-545.4496;-1689.958
23272;394.7531;-543.9316;-1690.677
23306;397.3115;-538.7311;-1695.835
23334;398.2157;-536.0737;-1701.59
23417;407.1503;-525.3183;-1718.439
23471;411.9412;-524.2987;-1724.041
23505;418.9562;-524.6172;-1732.434
23991;422.2551;-525.4479;-1735.903
24054;396.0804;-535.0029;-1742.04
24092;394.0901;-534.9416;-1740.394
24157;390.1756;-533.3165;-1737.547
24454;389.0076;-532.3102;-1735.43
24493;348.9164;-568.9427;-1696.688
24526;348.4529;-569.6193;-1697.571
24552;348.8758;-570.0176;-1698.614
24578;356.1672;-569.9778;-1713.804
24607;372.3318;-539.0549;-1739.576
24632;373.7245;-540.4702;-1740.595
24665;376.7433;-543.0777;-1742.39
24685;388.0762;-545.693;-1743.383
24707;434.7053;-548.562;-1729.46
24747;471.3062;-541.3195;-1716.324
24786;536.5828;-510.4707;-1707.721
24812;613.1175;-443.7353;-1708.316
24849;676.066;-368.7479;-1716.582
24891;734.6018;-276.4519;-1745.579
24916;776.0611;-181.9544;-1774.646
25037;798.086;-77.03175;-1814.037
25075;807.1987;21.83977;-1855.77
25097;798.8343;221.7992;-1932.574
25143;762.3347;272.8762;-1976.255
25169;740.785;349.4471;-2012.68
25195;697.9896;382.9671;-2041.311
25224;659.28;405.2363;-2065.965
25252;631.6353;424.2498;-2085.811
25284;606.2518;425.1279;-2094.159
25320;582.3823;426.1261;-2107.9
25361;569.7908;427.4919;-2118.749
25390;557.0638;425.2918;-2132.507
25433;568.0749;413.5919;-2139.503
25458;580.5284;396.1193;-2133.469
25485;608.6375;326.4795;-2110.759
25535;632.8598;306.5082;-2103.376
25577;678.0438;281.9553;-2093.566
25605;701.7278;232.1645;-2080.715
25629;749.2297;200.8326;-2061.647
25652;767.5159;120.4285;-2027.61
25676;768.3647;31.62971;-1983.993
25716;774.0195;-71.43195;-1929.625
25760;747.4764;-182.6892;-1877.962
25788;703.9093;-294.0755;-1837.335
25815;657.9147;-388.3428;-1804.206
25879;588.1031;-448.4114;-1791.053
25904;524.8136;-484.5087;-1787.809
25952;411.9373;-534.4734;-1788.242
25979;407.253;-537.2466;-1787.358
26019;402.5838;-539.6809;-1791.088
26045;403.8016;-541.8781;-1795.048
26090;404.9038;-546.3104;-1796.488
26126;406.9295;-548.8133;-1800.654
26179;407.0974;-550.022;-1801.001
26200;409.4711;-551.3788;-1802.521
26331;521.9435;-513.818;-1774.825
26366;572.4083;-486.4988;-1769.704
26402;639.4807;-441.8356;-1767.055
26429;695.8126;-382.1172;-1773.032
26457;743.2065;-316.1761;-1798.21
26483;801.1246;-231.646;-1825.396
26573;832.4161;-137.1646;-1868.778
26600;857.407;-53.25278;-1910.348
26638;863.5765;38.837;-1951.804
26692;839.7019;123.4848;-2000.354
26721;809.7369;189.9061;-2036.714
26748;784.8566;269.1853;-2074.5
26782;722.3772;309.0523;-2111.763
26812;692.5036;366.2086;-2145.966
26848;666.5524;424.1626;-2186.302
26870;615.0784;427.7755;-2210.152
26908;574.1085;435.7377;-2223.788
26938;500.502;426.7348;-2229.761
26964;466.0032;432.0002;-2246.856
26988;460.4195;434.7344;-2251.982
27031;456.0612;434.0475;-2258.561
27118;453.6565;434.4627;-2268.764
27183;456.4496;380.9577;-2256.781
27230;461.2459;407.4022;-2271.079
27260;506.774;376.2223;-2232.653
27298;512.8213;338.6153;-2213.6
27328;540.7502;299.7381;-2182.089
27375;586.4521;225.7552;-2115.045
27427;608.1072;167.552;-2074.509
27450;635.3417;124.4808;-2034.875
27477;674.3122;-26.25795;-1941.54
27516;690.7905;-115.4516;-1894.203
27541;695.2349;-219.8147;-1838.111
27582;645.9731;-304.6271;-1814.957
27610;633.8734;-396.2439;-1767.099
27638;582.7514;-457.9518;-1759.431
27662;529.7278;-510.1788;-1756.832
27682;473.7653;-535.8698;-1775.237
27738;417.6916;-562.9026;-1784.274
27761;407.4451;-561.9446;-1790.139
27794;402.1947;-558.0151;-1797.799
27836;401.5331;-558.3547;-1801.399
27880;402.1776;-559.0449;-1804.528
27937;402.9182;-559.6824;-1806.52
27991;404.5489;-560.7342;-1809.397
28016;405.7395;-562.5832;-1810.477
28077;417.8097;-565.8074;-1809.239
28118;467.9914;-563.621;-1794.328
28144;582.4838;-482.4889;-1781.286
28190;658.6431;-424.5254;-1779.768
28238;716.5735;-353.1632;-1788.615
28294;771.2278;-275.0738;-1814.132
28336;836.8004;-101.3324;-1883.506
28391;838.2935;-9.128377;-1930.388
28471;893.2787;75.3623;-1942.006
28492;774.2465;294.1023;-2097.288
28517;713.0316;312.838;-2125.888
28554;673.9941;337.939;-2144.776
28577;652.5313;384.0148;-2183.274
28602;625.939;418.1657;-2215.502
28626;599.7073;427.2061;-2224.183
28658;534.9944;431.3993;-2233.716
28682;517.4545;426.3005;-2234.48
28716;494.8804;404.7713;-2219.496
28743;490.2424;420.0965;-2226.236
28770;491.9637;402.9545;-2218.713
28804;516.8807;396.7414;-2203.25
28874;514.6661;382.2598;-2198.644
28894;533.4839;370.876;-2190.951
28945;585.5833;300.7324;-2149.05
28966;570.7344;323.1416;-2163.956
29017;652.4241;209.4782;-2088.594
29061;687.468;163.2891;-2045.543
29082;715.9308;102.0107;-1998.304
29127;744.7222;12.60601;-1941.418
29150;743.6429;-94.20138;-1887.373
29174;743.5742;-200.119;-1826.833
29207;713.3096;-302.5279;-1782.634
29241;675.3617;-400.9357;-1748.097
29309;627.8878;-453.0685;-1735.974
29329;568.8808;-503.0802;-1736.448
29349;515.6453;-531.6288;-1741.923
29402;461.8799;-546.277;-1765.997
29428;434.2418;-555.189;-1774.211
29496;423.998;-555.2687;-1775.811
29518;419.108;-556.3921;-1776.973
29546;416.8572;-556.6437;-1777.298
29574;415.7042;-557.8532;-1776.929
29611;414.453;-558.36;-1776.029
29652;413.9505;-558.7804;-1775.453
29720;414.1022;-558.7799;-1774.373
29743;418.3246;-558.3215;-1771.089
29783;456.8345;-548.7184;-1752.688
29839;509.1545;-525.2292;-1740.6
29895;560.6888;-488.7674;-1740.92
29931;680.3332;-375.4016;-1757.475
29971;722.2689;-298.4872;-1787.206
30011;804.9174;-125.0793;-1863.416
30068;814.4644;-28.56156;-1922.241
30111;798.3817;135.2901;-2022.343
30168;777.5177;284.3349;-2118.963
30209;694.1069;365.8271;-2202.19
30251;625.1859;435.2553;-2272.703
30639;556.6977;443.9975;-2295.238
30688;560.4337;410.6619;-2264.926
30781;610.0172;307.1268;-2166.578
30804;697.7226;103.2157;-1992.805
30848;722.04;26.98329;-1934.685
30872;723.0396;-173.1262;-1824.347
30898;688.3257;-276.7042;-1786.207
30919;658.6131;-369.871;-1743.398
31020;605.2514;-431.7397;-1734.933
31045;544.2451;-471.9082;-1749.088
31067;454.0118;-539.6229;-1762.238
31092;404.3065;-569.7859;-1772.892
31116;360.9381;-607.9233;-1761.487
31174;348.8705;-605.6397;-1769.491
31203;339.3311;-606.1634;-1772.857
31232;337.7792;-603.5831;-1774.846
31283;363.6522;-577.29;-1806.226
31487;363.9359;-574.8151;-1807.248
31529;366.4061;-573.9164;-1807.419
31614;529.5679;-483.5646;-1790.526
31656;660.8703;-385.3265;-1785.814
31699;759.2411;-222.9933;-1847.508
31758;814.2334;-31.7671;-1939.569
31820;797.5146;142.3229;-2016.302
31877;788.8788;214.7955;-2057.814
34272;632.5912;-393.6616;-1723.349
34300;572.827;-451.9781;-1717.832
34327;514.7458;-499.3224;-1726.451
34373;397.9494;-567.5699;-1761.889
34425;390.298;-568.2064;-1770.022
34459;381.6693;-569.4442;-1777.542
34481;352.022;-604.6411;-1765.955
34512;388.0616;-574.5181;-1794.822
34592;395.4102;-572.6684;-1792.089
34614;419.7388;-566.7462;-1780.434
34648;459.5471;-556.3716;-1757.813
34679;514.6454;-511.9056;-1748.25
34707;582.8724;-459.0628;-1749.009
34739;648.3182;-417.7224;-1716.426
34790;697.446;-336.9049;-1740.87
34818;754.4786;-262.1328;-1763.05
34843;798.358;-172.629;-1788.62
34876;825.4835;-84.98638;-1827.707
34964;842.7365;19.20719;-1877.179
34994;828.3563;98.28945;-1917.95
35029;821.251;177.794;-1969.236
35054;777.6704;299.9234;-2056.785
35110;755.5714;350.8464;-2091.772
35135;709.0719;371.5597;-2123.432
35241;687.392;419.5108;-2156.676
35269;616.8715;427.6182;-2196.727
35293;574.4063;432.3501;-2213.954
35329;569.0511;436.7745;-2217.521
35355;567.9737;432.8871;-2213.013
35463;571.4709;403.9211;-2185.354
35495;568.9251;383.4503;-2173.872
35537;601.4137;338.3293;-2121.979
35568;617.9305;290.5117;-2091.25
35589;624.255;234.0568;-2052.472
35616;649.5745;188.2602;-2014.011
35657;664.9912;133.9023;-1966.25
35678;670.1262;35.48479;-1916.036
35704;678.8448;-60.89467;-1856.283
35750;665.1354;-188.8871;-1796.941
35777;616.5787;-300.8798;-1762.189
35951;503.4946;-441.4807;-1745.253
35979;415.9942;-520.5538;-1752.309
36003;371.6766;-558.2625;-1750.699
36040;323.5397;-601.0574;-1758.331
36083;314.3262;-592.0324;-1767.481
36171;319.9039;-595.1178;-1766.7
36205;380.5711;-560.6058;-1771.321
36231;411.4255;-552.9769;-1758.707
36261;518.0826;-475.0119;-1767.143
36299;642.4761;-358.7588;-1791.362
36324;688.7958;-272.9748;-1827.605
36348;737.1077;-191.7852;-1851.508
36375;776.3075;-101.3937;-1896.59
36410;796.0514;-6.14905;-1943.796
36445;786.5824;91.39108;-1986.904
36499;776.3105;161.7165;-2031.102
36520;756.3529;231.0811;-2071.584
36545;725.708;282.672;-2105.217
36582;698.6376;332.3537;-2135.129
36644;670.3339;382.9759;-2166.354
36698;636.2998;401.1303;-2189.341
36729;606.3746;410.7067;-2195.855
36764;552.5455;426.3104;-2204.38
36798;550.8404;426.5723;-2205.021
36823;548.9263;427.6615;-2205.966
36865;550.5566;429.905;-2208.884
37036;552.2832;430.2487;-2207.78
37055;605.6625;353.4139;-2117.353
37077;626.1941;298.8932;-2080.623
37107;654.77;261.076;-2043.895
37133;677.2499;211.6913;-1996.474
37161;693.3138;146.451;-1948.259
37187;713.0933;62.8216;-1892.75
37216;716.2723;-37.92516;-1841.726
37240;714.7811;-143.5936;-1785.448
37271;689.823;-253.7872;-1745.696
37291;638.7448;-355.3189;-1724.231
37316;589.2474;-417.5523;-1711.23
37355;538.8966;-487.4518;-1698.305
37379;478.9976;-524.2931;-1713.079
37468;428.6738;-547.1815;-1735.907
37512;385.4496;-571.4698;-1747.461
37588;347.9487;-604.5158;-1748.32
37692;326.1481;-608.0605;-1763.799
37718;326.1353;-608.1829;-1763.825
37735;330.6932;-607.193;-1769.547
37788;468.9775;-540.5925;-1752.973
37806;519.8325;-485.0508;-1753.058
37874;586.0454;-438.2539;-1747.411
37896;637.0479;-384.4003;-1736.845
37917;678.4641;-311.3521;-1764.397
37945;736.7706;-242.9538;-1780.823
37987;752.3108;-163.0221;-1813.416
38041;771.7032;-86.47375;-1850.367
38065;811.242;6.255884;-1882.319
38089;815.0336;73.18729;-1918.435
38109;805.1552;152.0013;-1965.499
38140;819.6739;233.1933;-2007.248
38177;781.466;275.3053;-2044.129
38213;762.8815;315.2146;-2083.272
38249;726.8961;356.5135;-2112.078
38271;697.2998;371.6389;-2136.006
38294;675.5607;383.3914;-2150.468
38315;667.6915;422.3996;-2191.922
38348;659.1039;424.86;-2196.116
38389;645.0078;425.8912;-2200.353
38412;630.9553;415.9685;-2197.784
38440;625.7365;406.424;-2192.31
38490;629.6198;405.7867;-2191.476
38530;631.6842;383.1473;-2175.674
38548;638.6804;313.4637;-2124.113
38587;655.8256;299.638;-2102.706
38609;677.2509;247.1037;-2053.817
38661;683.4921;191.0728;-2000.118
38691;692.7313;128.0047;-1948.06
38754;704.4632;39.38385;-1884.05
38778;688.7664;-67.56411;-1831.984
38828;671.3936;-182.4144;-1778.799
38870;624.375;-282.0668;-1751.141
38912;591.0251;-373.7755;-1711.849
38934;518.783;-418.2913;-1731.405
38958;479.4361;-475.6577;-1721.043
38983;426.0094;-506.5623;-1745.089
39009;382.4611;-533.9259;-1757.284
39033;340.536;-555.8004;-1770.455
39068;331.6658;-556.0376;-1772.003
39118;331.4275;-556.5229;-1772.602
39154;332.3346;-556.844;-1773.099
39208;335.8455;-557.6625;-1775.424
39233;339.7122;-558.005;-1778.728
39265;342.8814;-558.3069;-1781.469
39283;345.039;-557.593;-1784.821
39324;345.4631;-556.9417;-1785.801
39379;345.6218;-555.7617;-1785.738
39408;346.5049;-549.7347;-1786.95
39429;347.3513;-547.7684;-1783.914
39451;348.7565;-543.5197;-1779.241
39490;349.7815;-538.7566;-1771.77
39578;349.9484;-533.5523;-1765.383
39831;348.2328;-528.3734;-1757.444
40118;327.0857;-505.6678;-1715.924
40253;265.4707;-507.1148;-1668.401
40338;259.6388;-503.9101;-1661.377
40397;249.2197;-499.5282;-1646.405
40432;223.3535;-482.4975;-1616.604
40460;231.6084;-527.1035;-1595.951
40479;231.4937;-527.0174;-1594.906
40502;225.6299;-499.1414;-1593.079
40569;228.4218;-517.3237;-1575.838
41318;188.8095;-420.823;-1356.679
41340;159.0207;-436.5643;-1318.329
41444;151.3938;-432.7415;-1304.984
41463;145.3543;-427.1429;-1292.867
41501;140.4202;-423.5212;-1286.974
41528;132.1304;-419.5504;-1279.634
41549;122.5392;-416.1354;-1270.845
41572;113.0849;-415.7467;-1262.445
41689;108.6871;-413.7927;-1259.153
41928;101.3792;-409.8578;-1253.066
41988;88.26194;-389.4887;-1253.551
42027;79.00375;-392.7381;-1259.515
42068;62.96349;-406.8032;-1273.478
42090;57.71159;-410.4161;-1279.358
42132;43.26864;-419.757;-1293.362
42236;33.43526;-423.2204;-1302.992
42388;9.138258;-424.9866;-1303.672
42414;-24.40873;-415.7726;-1273.074
42441;-28.11907;-416.8586;-1270.343
42502;-33.89067;-412.255;-1262.306
42526;-37.03694;-408.715;-1256.673
42550;-39.83518;-406.7671;-1251.275
42582;-42.37558;-405.9376;-1246.761
42624;-44.86265;-405.0504;-1240.144
42646;-45.83029;-403.6415;-1234.503
42670;-45.76452;-401.4353;-1227.673
42694;-44.45159;-399.0927;-1218.766
42754;-41.71528;-394.8318;-1207.154
42776;-39.64917;-389.168;-1190.292
42829;-31.70936;-387.9983;-1167.762
42860;-27.16104;-382.5942;-1145.37
42882;-23.88492;-383.5009;-1120.259
42920;-18.1766;-362.2753;-1070.307
42949;-8.358799;-353.587;-1048.902
42974;-3.85248;-349.5693;-1029.584
43004;-1.20403;-339.2889;-1004.636
43090;-0.6745253;-324.7376;-979.8017
43130;4.440773;-313.3976;-963.5524
43165;6.739935;-300.6821;-957.4458
43234;10.98604;-290.8785;-941.3215
43279;17.64124;-279.7087;-918.2409
43319;19.48713;-278.0463;-908.8745
43345;20.18263;-276.0745;-903.299
43479;21.41991;-272.3333;-898.9304
43600;9.227036;-287.5736;-881.8054
43630;-31.47395;-325.1759;-902.6813
43681;-32.76806;-325.9852;-903.7607
43703;-45.37059;-334.1084;-908.5722
43821;-54.13757;-329.6086;-915.0463
43864;-77.68433;-318.4434;-919.4703
43902;-108.176;-304.2054;-908.5884
43949;-117.584;-298.8192;-904.1292
43990;-148.6676;-316.94;-855.648
44047;-153.1205;-318.3536;-851.218
44105;-164.8831;-319.2632;-845.6462
44164;-164.8945;-318.9527;-844.8016
44192;-243.4702;-300.2224;-847.5989
44215;-242.8673;-299.4367;-847.5807
44242;-238.1515;-298.6009;-845.9244
44280;-192.7455;-277.6676;-863.5438
44327;-208.4328;-296.1983;-848.0792
44367;-208.573;-297.272;-847.7023
44434;-210.0166;-319.9628;-832.4644
44473;-209.6744;-320.7733;-833.8957
44549;-201.827;-337.4221;-838.4435
46575;780.9467;-313.6283;-2012.545
46610;803.0565;-294.7814;-2022.092
46643;827.9459;-261.782;-2031.641
46699;849.5139;-231.7403;-2042.37
46765;872.3226;-186.2747;-2053.058
46833;898.633;-137.9589;-2071.325
46857;910.9883;-86.04604;-2083.408
46943;902.9894;-42.49839;-2122.916
47111;923.5169;71.20394;-2143.53
47229;877.3904;283.483;-2210.814
47255;848.8984;410.5171;-2237.778
47304;849.2032;418.5149;-2238.466
47330;846.666;428.055;-2241.997
47356;845.7681;440.063;-2243.1
47393;845.1688;445.0498;-2244.015
47419;845.0042;447.7278;-2244.041
47457;845.392;449.7997;-2243.453
47509;846.3815;450.0198;-2242.367
47532;882.5924;488.5391;-2222.213
47553;861.61;451.3632;-2219.11
47609;894.8865;491.312;-2196.997
47634;899.4427;494.3588;-2191.932
47672;920.1579;506.9365;-2178.144
47734;936.8438;516.5482;-2163.06
47792;949.712;519.8575;-2149.646
47818;977.8122;518.5508;-2120.457
47869;1002.74;547.0739;-2114.796
47943;1020.955;539.7979;-2106.834
47967;1042.721;554.8958;-2105.887
48024;1076.401;551.843;-2106.333
48080;1079.924;552.1431;-2107.828
48101;1085.118;550.1704;-2109.785
48142;1092.615;549.0745;-2112.981
48181;1099.327;546.8953;-2113.176
48331;1077.656;502.4539;-2007.553
48360;1117.553;478.0948;-1794.517
48382;1099.212;443.4183;-1720.003
48403;1083.251;425.6187;-1686.169
48426;1071.598;398.6841;-1653.733
48462;1061.553;395.8394;-1647.698
48505;1054.724;394.025;-1642.216
48549;1049.299;392.7021;-1642.92
48578;1049.571;392.187;-1645.781
48629;1050.296;392.4912;-1651.139
48649;1053.927;392.545;-1661.023
48717;1058.451;391.4756;-1673.272
48754;1058.172;388.6596;-1678.597
48778;1068.405;383.177;-1694.522
48852;1074.89;372.7592;-1704.781
48906;1076.534;367.2;-1713.071
48930;1080.066;363.6382;-1721.751
48958;977.9066;392.6108;-1727.806
48989;985.4368;394.3654;-1740.245
49007;987.4084;404.3372;-1760.831
49073;993.2666;409.5389;-1776.417
49097;997.3729;418.058;-1788.149
49117;1004.18;432.932;-1821.715
49142;1006.714;434.7852;-1831.61
49166;1008.754;437.3166;-1848.349
49190;1010.555;445.0378;-1861.019
49246;1009.719;454.8042;-1880.755
49266;1010.435;462.0264;-1896.249
49293;1015.511;468.0351;-1916.051
49331;1019.728;499.5475;-1943.564
49406;1026.6;514.6721;-1953.544
49439;1037.12;519.9375;-1982.803
49464;1047.85;524.0875;-2013.544
49517;1055.691;536.16;-2024.539
49542;1054.551;533.4432;-2033.264
49570;1054.837;529.2742;-2047.781
49592;1050.312;520.0668;-2058.835
49616;1051.619;523.3065;-2066.558
49668;1051.32;523.707;-2074.969
49695;1051.707;528.2123;-2086.211
49711;1045.973;523.0594;-2095.457
49769;1042.598;521.2811;-2101.872
49789;1029.342;514.7004;-2112.136
49826;1013.564;504.3907;-2117.944
49914;986.5309;491.5103;-2120.441
49972;940.4368;455.5976;-2126.589
49997;888.3686;417.2276;-2139.837
50022;844.9127;414.4026;-2152.573
50061;843.278;420.413;-2159.591
50117;831.9752;426.9187;-2165.507
50219;819.8771;429.0875;-2172.806
50289;796.2968;424.9742;-2183.437
50373;795.8687;435.1207;-2188.481
50524;796.9031;442.9774;-2200.314
50644;824.6594;445.5108;-2263.662
50667;859.348;463.149;-2315.843
50752;876.9218;475.6596;-2337.371
50774;878.9753;476.1688;-2344.574
50825;886.6115;480.7783;-2357.58
50867;903.2216;502.7503;-2373.615
50906;923.4971;515.7942;-2368.92
50923;951.3943;543.715;-2278.397
50943;957.4863;547.7523;-2196.832
50960;943.0383;534.3164;-2098.008
51012;936.2097;519.1468;-2002.04
51029;929.5385;516.505;-1904.144
51097;917.2616;494.9674;-1802.592
51115;883.0536;427.811;-1716.515
51134;855.3253;361.1048;-1645.627
51153;828.4366;283.8605;-1605.316
51173;806.9357;209.4965;-1577.332
51225;789.8468;147.3168;-1568.18
51264;759.6614;152.2825;-1565.441
51286;743.6182;91.15477;-1563.748
51337;728.6008;29.04306;-1491.273
51354;726.9351;3.572397;-1548.207
51373;733.5977;-15.09579;-1493.854
51407;784.3786;52.60893;-1552.88
51441;777.655;25.39918;-1548.321
51509;795.7101;45.60295;-1542.387
51526;786.3195;24.16476;-1533.607
51561;786.532;24.47916;-1522.147
51632;788.7979;24.21729;-1504.125
51661;792.1827;20.15799;-1490.312
51699;795.5732;2.900902;-1470.723
51717;773.5728;-48.16746;-1460.663
51737;778.0284;-62.48339;-1446.019
51758;773.0217;-87.4781;-1450.364
51778;769.3817;-115.2841;-1451.249
51812;748.9005;-182.5343;-1436.103
51847;744.9026;-226.5718;-1441.555
51888;728.832;-249.8855;-1466.238
51908;703.8278;-275.7027;-1500.64
51942;672.5006;-294.8553;-1535.562
51975;656.3125;-270.1332;-1559.728
52077;647.4765;-254.4722;-1564.55
52121;528.7559;-200.1318;-1344.852
52152;464.8609;-113.768;-1314.879
52206;463.4811;-111.8711;-1302.513
52261;469.1801;-97.39755;-1267.815
52333;402.7367;-14.30774;-1210.615
52379;438.8683;23.96971;-1207.299
52423;343.3585;-38.98327;-1093.046
52475;590.8877;-214.7974;-1126.786
52565;578.731;-167.1698;-1099.124
52652;615.082;-156.6994;-1006.576
52675;378.8969;-87.59591;-852.0201
52700;581.7151;-250.2845;-956.3953
52723;261.56;-89.70155;-551.2808
52742;259.2613;47.21709;-555.457
52776;256.4836;44.54639;-555.8949
54889;692.1374;-194.054;-1460.808
54933;705.4023;-175.0808;-1502.574
54983;713.4252;-162.3194;-1531.077
55011;735.6453;-134.5972;-1607.962
55034;742.9571;-122.9444;-1628.689
55061;766.3651;-112.7809;-1660.47
55078;768.1952;-104.5694;-1682.338
55112;774.8912;-98.17698;-1702.542
55136;777.3675;-88.1404;-1726.561
55159;777.8776;-81.3646;-1744.324
55179;780.7366;-76.82439;-1760.844
55212;786.1188;-73.06548;-1774.491
55246;791.2233;-69.78062;-1791.993
55280;814.0978;-66.65878;-1803.684
55313;825.4944;-59.95984;-1814.828
55381;828.3666;-41.76741;-1843.706
55446;843.6108;-29.1875;-1855.869
55466;863.6088;-8.057646;-1880.047
55521;882.1829;13.59199;-1912.706
55540;888.5934;26.95159;-1926.1
55559;906.7968;56.99413;-1958.403
55610;921.4335;82.33723;-1979.798
55634;927.6094;112.4475;-2001.102
55658;940.9192;128.177;-2017.815
55684;941.2487;149.7906;-2026.401
55751;950.997;165.435;-2034.48
55819;953.9268;191.9775;-2058.395
55870;961.454;214.1028;-2073.166
55911;1018.127;300.7442;-2078.563
56029;1017.979;311.5169;-2082.105
56064;958.738;372.4794;-2108.205
56090;955.0396;369.333;-2109.393
56109;953.1963;370.4058;-2109.134
56128;952.6979;384.1191;-2103.612
56155;951.4674;398.5024;-2099.323
56211;950.1102;404.8528;-2096.039
56312;950.2119;422.1249;-2087.285
56383;949.5854;428.784;-2084.449
56405;959.4894;455.6088;-2072.784
56427;967.3668;462.6674;-2070.188
56448;974.5461;469.3486;-2067.332
56468;980.2755;473.2041;-2064.191
56487;988.7097;478.2813;-2059.286
56507;994.5604;483.3507;-2053.763
56558;1005.584;488.2657;-2048.479
56596;1013.234;490.961;-2041.872
56652;1024.284;491.8069;-2031.038
56672;1030.404;489.7497;-2023.375
56726;1036.251;484.6128;-2016.519
56744;1057.39;468.686;-1996.291
56764;1073.745;474.1321;-1991.418
56820;1080.495;478.1731;-1994.252
56856;1105.598;502.7209;-1999.407
56876;1110.563;515.2034;-1993.874
56938;1187.001;515.2037;-1965.107
56960;1194.909;520.4113;-1963.912
57000;1207.122;524.9511;-1947.581
57055;1210.271;536.0723;-1926.931
57097;1095.601;556.3337;-1971.342
57149;1060.92;567.1085;-1953.419
57235;1035.814;548.183;-1956.61
57291;1011.064;438.1262;-1918.627
57350;1005.819;422.5665;-1878.684
57421;999.2696;402.3808;-1847.907
57460;1005.43;401.5854;-1847.229
57498;1008.061;403.3788;-1847.001
57686;1032.869;407.5749;-1916.554
57708;1046.707;421.124;-1908.659
57731;1054.7;428.7432;-1902.963
57752;1083.971;479.7413;-1865.643
57769;1084.162;479.5034;-1860.526
57788;1083.692;478.0886;-1855.548
57822;1083.458;476.2253;-1851.074
57857;1085.541;463.0273;-1856.604
57907;1086.907;460.0836;-1854.21
57976;1081.926;433.7362;-1877.709
57997;1079.537;427.388;-1880.391
58015;1079.684;424.102;-1881.402
58082;1079.929;423.4361;-1882.093
58150;1082.603;424.3394;-1876.544
58171;1083.281;425.5221;-1875.661
58190;1089.248;429.7854;-1875.889
58220;1088.599;65.73281;-1950.203
58237;855.5999;-286.3351;-1664.63
58253;969.9932;-340.5208;-1839.21
58272;968.0128;-355.1286;-1810.001
58323;958.9164;-345.6917;-1781.433
58373;952.002;-333.0135;-1744.287
58396;982.8647;-299.9655;-1702.908
58417;1034.795;-288.0794;-1865.18
58434;1039.743;-276.0942;-1862.655
58485;1050.051;-260.9279;-1857.195
58520;1063.499;-250.4756;-1857.61
58540;1080.925;-236.7734;-1852.994
58591;1109.892;-215.2178;-1846.389
59096;1165.353;462.6575;-2145.541
59163;1192.342;544.095;-2209.808
59183;1149.862;506.2242;-2265.058
59206;1144.278;512.1829;-2289.441
59241;1137.577;514.595;-2315.38
59291;1134.579;524.8005;-2348.446
59311;1131.143;525.7552;-2354.825
59360;1130.961;566.8398;-2395.457
59441;1131.869;565.3181;-2396.53
59458;1084.205;506.4673;-2361.348
59501;1137.006;550.3362;-2372.146
59592;1136.012;549.1178;-2372.483
59605;1142.617;551.6786;-2365.859
59640;1147.338;554.2122;-2361.146
59676;1148.847;552.8228;-2354.868
59782;1149.427;552.947;-2354.592
59804;1148.936;552.6473;-2356.418
59820;1120.246;485.0408;-2370.006
59871;1119.349;480.6826;-2372.894
59887;1131.045;462.4609;-2398.246
59942;1126.731;474.3455;-2399.021
59965;1127.318;474.3301;-2400.86
60019;1149.601;478.5889;-2431.495
60080;1179.737;446.3208;-2436.574
60164;1184.21;432.4041;-2430.947
60218;1183.814;413.9325;-2424.492
60238;1219.457;459.0079;-2414.468
60257;1221.678;458.5513;-2414.188
60291;1227.765;455.3333;-2417.031
60308;1233.188;452.5952;-2423.46
60342;1234.536;445.4321;-2435.773
60376;1234.233;445.8934;-2454.219
60445;1231.236;448.2079;-2483.456
60462;1223.262;445.7505;-2509.721
60497;1200.796;424.5602;-2539.602
60512;1168.624;385.5;-2555.845
60553;1155.489;384.585;-2572.507
60603;1137.904;386.7404;-2592.801
60638;1114.864;386.5892;-2612.225
60688;1087.918;389.0424;-2631.052
60773;1070.303;389.1581;-2642.961
60808;1041.513;388.3246;-2660.289
60842;1018.879;389.8011;-2670.906
60910;944.7891;386.3511;-2719.75
60944;921.7013;366.6888;-2718.339
60963;908.3028;394.7331;-2751.709
61002;880.2581;386.3895;-2756.957
61036;875.7564;386.3132;-2759.965
61052;862.1696;380.1988;-2760.34
61069;828.8578;330.0255;-2740.852
61103;840.0546;379.6602;-2765.899
61131;839.6938;380.2282;-2765.43
61180;822.1307;306.726;-2722.904
61200;821.1838;303.403;-2721.125
61234;828.9775;305.4026;-2721.729
61285;855.3055;344.4387;-2727.136
61353;818.3018;326.9938;-2689.609
61403;828.926;325.6065;-2677.41
61458;877.3772;319.4004;-2661.626
61479;906.4731;343.599;-2631.753
61512;938.15;403.2969;-2628.526
61546;966.4172;421.9132;-2572.31
61565;973.5765;422.5661;-2481.172
61582;992.7318;449.8715;-2377.592
61617;1006.129;477.614;-2258.501
61638;1035.31;543.1999;-2169.3
61657;1037.422;562.8997;-2046.291
61674;1005.521;558.7889;-1926.483
61709;969.5791;475.4509;-1821.531
61760;937.3222;391.9796;-1735.546
61775;906.4153;321.5471;-1686.946
61809;896.3576;250.454;-1652.066
61843;886.8074;202.2992;-1628.457
61877;885.7911;174.3359;-1611.699
61910;890.1747;167.7703;-1600.398
61944;1035.622;159.207;-1592.079
61978;1047.533;155.948;-1592.997
62013;1063.953;154.1484;-1599.536
62055;1077.516;161.794;-1607.196
62073;1097.917;176.9058;-1622.121
62114;1110.521;187.8456;-1630.65
62180;1149.189;213.5908;-1671.844
62228;1173.857;231.9824;-1708.076
62241;1191.337;251.1336;-1739.393
62275;1203.385;277.1017;-1774.583
62327;1212.456;305.0777;-1810.707
62349;1216.726;340.5916;-1854.985
62383;1216.503;364.1638;-1884.904
62421;1219.064;387.9684;-1930.541
62472;1221.556;399.0882;-1958.589
62491;1225.239;406.7943;-1991.895
62507;1223.165;417.323;-2018.088
62559;1225.81;423.3825;-2039.021
62627;1170.236;452.8165;-2075.112
62695;1173.282;453.9236;-2077.983
62718;1176.045;456.2231;-2076.724
62767;1176.139;458.1713;-2081.804
62803;1175.298;458.4454;-2083.776
62828;1174.958;460.8783;-2084.854
62845;1175.833;463.6059;-2084.989
62879;1174.813;464.9681;-2082.781
62912;1229.75;437.6169;-2087.768
62946;1173.118;468.863;-2075.467
62980;1234.04;438.6844;-2071.983
63031;1166.087;472.2589;-2067.236
63084;1154.694;480.9006;-2054.097
63104;1153.704;482.1284;-2054.35
63120;1240.58;433.147;-2044.223
63170;1146.013;487.0753;-2046.947
63205;1146.131;487.1214;-2048.837
63256;1146.23;487.0667;-2048.89
63307;1146.012;486.9492;-2047.162
63347;1145.309;487.7136;-2045.073
63380;1143.001;488.9356;-2040.557
63434;1141.318;489.5639;-2037.886
63471;1135.664;492.5585;-2029.989
63491;1121.343;498.9976;-2019.013
63508;1118.687;512.1051;-2017.683
63542;1118.522;512.2776;-2017.332
63593;1118.11;513.5681;-2014.381
63627;1220.03;441.6311;-2012.428
63646;1210.954;442.6165;-2015.145
63680;1199.359;450.9177;-2014.249
63714;1192.237;450.8957;-2018.528
63750;1209.663;473.8604;-2007.674
63818;1089.17;550.8369;-1975.696
63902;1162.118;490.8695;-1941.475
63928;1056.29;567.4127;-1927.527
63966;1036.473;569.525;-1899.571
64033;1032.465;589.5388;-1865.587
64067;1005.429;596.2626;-1828.318
64117;987.7281;603.7361;-1778.2
