
1;-633.095;-809.9684;-2053.557
13;-636.1255;-818.5284;-2052.206
47;-632.8141;-814.0845;-2049.729
81;-634.1808;-820.8884;-2048.232
112;-633.7018;-818.7697;-2048.217
148;-636.7433;-826.4233;-2051.279
182;-631.4963;-832.7948;-2047.538
216;-631.8781;-835.56;-2047.292
249;-633.0819;-829.6162;-2047.066
268;-627.6014;-837.7845;-2043.705
317;-626.423;-836.653;-2041.714
351;-628.2028;-844.311;-2044.063
384;-629.1362;-837.9359;-2041.633
418;-627.488;-848.3407;-2044.615
435;-628.8953;-846.1117;-2044.193
469;-629.5527;-845.0885;-2043.267
502;-632.767;-815.4805;-2041.581
553;-626.3768;-822.6559;-2039.648
570;-632.274;-798.1849;-2057.643
603;-621.6815;-896.6565;-2084.9
637;-599.385;-895.4941;-2075.495
671;-604.5302;-878.6171;-2078.15
704;-517.0937;-949.4345;-2075.099
750;-516.3753;-948.4277;-2067.49
779;-517.7325;-950.3199;-2067.854
813;-526.1746;-955.6429;-2066.415
846;-527.5705;-963.3125;-2071.525
880;-527.443;-964.2225;-2070.096
913;-525.4744;-967.7518;-2070.966
947;-521.0856;-968.4172;-2069.959
981;-522.6298;-966.6863;-2067.041
1014;-525.8447;-967.8677;-2061.537
1049;-529.3433;-970.2583;-2048.006
1082;-509.4496;-968.0847;-2012.805
1116;-510.3406;-975.1462;-2015.273
1149;-491.0779;-975.7783;-1983.245
1183;-492.4361;-980.6089;-1975.968
1217;-473.4987;-976.8742;-1935.851
1251;-501.4948;-973.8979;-1935.049
1284;-462.004;-965.3904;-1854.559
1318;-468.2394;-955.3005;-1803.723
1352;-453.1801;-942.3054;-1733.877
1385;-410.4691;-928.0692;-1659.918
1419;-356.384;-917.2989;-1610.549
1471;-306.0988;-902.4784;-1559.216
1480;-572.6626;-782.9908;-1559.788
1513;-448.1414;-829.6618;-1449.665
1566;-368.3804;-822.0297;-1361.625
1582;-392.0742;-826.8451;-1402.624
1616;-237.5772;-803.1354;-1263.654
1650;-230.8799;-812.8356;-1262.462
1709;-143.7638;-834.3096;-1240.865
1742;-121.2923;-845.329;-1229.503
1776;-84.24301;-840.3249;-1190.398
1832;-61.45454;-831.9158;-1142.584
1843;-37.77153;-829.071;-1117.319
1877;-17.88044;-819.7086;-1072.935
1945;-21.99442;-833.3392;-1073.724
1972;-14.43315;-826.4086;-1023.442
2000;-24.28935;-840.9405;-1028.208
2017;-25.23273;-846.6497;-1020.455
2067;-32.80086;-858.3799;-1036.831
2084;-29.4901;-863.3671;-1024.315
2101;-60.66508;-866.5278;-1002.371
2151;-51.0627;-871.3666;-993.2025
2185;-138.2728;-861.484;-951.8414
2218;-181.2944;-869.7474;-994.6447
2252;-196.9115;-864.8707;-999.5889
2286;-200.0282;-848.379;-949.0662
2320;-202.4302;-844.0245;-957.4365
2353;-207.8441;-829.2751;-931.5027
2394;-202.7661;-823.1811;-930.1318
2421;-224.7433;-791.9343;-910.1887
2455;-291.395;-726.1758;-901.3831
2488;-531.6658;-555.9789;-937.5051
2522;-521.8552;-544.7731;-932.494
2539;-16.0096;-26.75686;-869.7299
2572;-79.54205;113.2785;-904.8251
2606;-8.93261;-34.3313;-843.233
2640;27.40216;299.1478;-828.2178
2673;382.5539;160.7931;-411.0198
2707;181.3167;150.5795;-389.9899
6183;-376.6959;-1104.316;-2736.556
6217;-367.1485;-1097.345;-2725.086
6238;-362.3545;-1093.539;-2715.378
6284;-355.3123;-1080.758;-2695.19
6318;-348.4404;-1077.297;-2685.559
6353;-347.2997;-1052.42;-2671.902
6385;-344.4904;-1050.131;-2676.154
6419;-342.8273;-1050.387;-2679.763
6441;-343.483;-1059.847;-2681.713
6503;-340.8088;-1064.74;-2679.874
6534;-339.7404;-1065.865;-2679.103
6551;-348.7293;-1067.301;-2678.722
6585;-334.0918;-1064.847;-2679.032
6618;-335.4851;-1074.046;-2680.669
6652;-335.9531;-1075.076;-2678.43
6686;-333.771;-1075.408;-2679.862
6720;-348.2198;-1097.946;-2731.056
6755;-347.331;-1098.456;-2733.156
6772;-348.6595;-1100.004;-2733.36
6822;-348.9695;-1099.603;-2733.185
6856;-349.1947;-1100.858;-2733.108
6890;-499.4147;-1158.637;-2789.714
6923;-345.9427;-1106.679;-2743.791
6957;-330.0677;-1298.593;-2740.855
6974;-238.9139;-1230.969;-2848.302
7025;-303.8618;-1244.376;-2865.896
7043;-226.2085;-1233.111;-2877.71
7066;-316.7137;-1085.84;-2742.396
7111;-233.659;-1199.104;-2843.043
7144;-213.3328;-1179.348;-2813.134
7178;-313.3228;-1062.063;-2731.757
7212;-210.847;-1191.653;-2735.717
7246;-325.7082;-1103.712;-2745.594
7279;-314.4477;-1101.455;-2740.324
7313;-301.334;-1110.192;-2730.563
7347;-286.5067;-1116.035;-2728.618
7380;-261.0287;-1121.677;-2716.605
7414;-259.6691;-1119.241;-2712.241
7448;-256.6777;-1120.643;-2710.071
7489;-248.4653;-1085.912;-2692.082
7533;-260.4072;-1137.417;-2693.392
7549;-254.2324;-1069.569;-2702.803
7582;-254.4356;-1070.78;-2701.92
7616;-242.688;-1235.931;-2743.189
7650;-247.857;-1223.177;-2711.323
7684;-261.687;-1207.59;-2704.457
7717;-264.0845;-1098.858;-2645.225
7751;-266.195;-1085.503;-2640.954
7785;-265.0704;-1082.924;-2640.272
7818;-254.9875;-1082.425;-2640.845
7852;-247.4751;-1087.374;-2639.434
7886;-271.6097;-1067.74;-2641.407
7919;-235.252;-1082.988;-2655.955
7942;-237.8923;-1062.793;-2634.286
7987;-238.1658;-1059.81;-2628.381
8022;-230.3997;-1056.552;-2621.279
8040;-221.313;-1054.599;-2619.03
8089;-218.4406;-1054.431;-2617.927
8106;-212.4592;-1052.007;-2615.226
8157;-195.7104;-1050.057;-2614.837
8174;-187.0496;-1046.388;-2610.179
8224;-168.0842;-1044.73;-2607.789
8241;-139.6602;-1066.647;-2673.853
8275;-124.5514;-1049.484;-2593.604
8308;-92.19258;-1077.982;-2668.889
8342;-61.91965;-1059.81;-2650.504
8378;12.18359;-1032.454;-2636.249
8410;18.19512;-1034.796;-2636.728
8443;20.35189;-1035.999;-2636.601
8477;21.53955;-1035.488;-2635.083
8511;32.4577;-1034.171;-2631.489
8544;32.47492;-1034.0;-2630.826
8578;32.45554;-1034.491;-2630.879
8629;32.27198;-1036.011;-2630.989
8645;33.26912;-1036.75;-2631.014
8679;34.07316;-1036.872;-2630.805
8713;34.02711;-1037.027;-2630.148
8747;34.48033;-1034.433;-2628.862
8780;35.34317;-1033.508;-2629.687
8814;-40.19199;-1053.817;-2566.861
8848;-43.04758;-1053.64;-2566.387
8882;-47.44655;-1053.156;-2565.879
8915;-49.33936;-1053.6;-2565.675
8949;-51.39498;-1055.025;-2565.688
8982;-51.14023;-1055.849;-2564.187
9016;-51.12004;-1057.256;-2563.007
9050;-49.56545;-1056.685;-2562.751
9084;-13.01933;-1020.818;-2560.658
9101;-7.218121;-1017.712;-2559.157
9134;-1.311617;-1007.155;-2554.36
9173;8.733427;-1011.712;-2549.705
9204;18.03614;-996.7148;-2542.408
9238;31.17213;-1017.495;-2530.582
9271;36.36576;-1012.627;-2527.644
9305;59.67736;-1028.725;-2508.592
9357;57.0804;-984.3872;-2503.128
9373;71.40509;-982.4389;-2489.649
9423;144.2845;-999.1849;-2551.29
9440;147.3602;-999.3843;-2548.092
9474;146.0433;-993.1714;-2543.324
9508;152.4738;-993.1913;-2539.114
9541;163.5621;-983.6332;-2537.491
9575;156.4602;-998.6879;-2531.755
9609;169.3168;-982.6208;-2535.142
9645;162.0694;-996.0728;-2534.75
9676;167.4295;-990.482;-2533.057
9716;167.7165;-987.2999;-2532.772
9738;168.6121;-985.309;-2531.584
9772;170.3699;-987.2805;-2530.761
9805;173.1739;-993.665;-2530.878
9839;173.656;-994.0623;-2529.441
9873;175.1165;-992.4812;-2524.589
9906;175.8376;-991.6675;-2521.886
9957;177.1495;-988.9542;-2518.633
9974;178.5168;-984.7559;-2514.196
10008;178.9543;-984.142;-2514.063
10041;179.8105;-983.8958;-2513.784
10092;178.761;-978.4382;-2513.26
10109;172.8438;-997.1702;-2518.663
10142;109.2487;-990.4332;-2441.926
10176;108.5365;-967.6273;-2442.345
10210;109.9676;-966.2725;-2440.837
10243;164.4426;-993.9604;-2510.611
10277;185.5596;-974.7827;-2511.247
10328;195.6613;-958.497;-2507.691
10345;198.1188;-966.7092;-2505.377
10384;164.5079;-1003.398;-2506.436
10401;163.5491;-1003.299;-2506.44
10453;165.0665;-1002.838;-2507.509
10469;168.2705;-1004.454;-2509.13
10519;171.3072;-1003.86;-2506.831
10536;175.2791;-1003.758;-2503.402
10587;178.4599;-1001.106;-2500.79
10624;177.9362;-1000.273;-2500.293
10637;179.4156;-999.6648;-2498.9
10677;178.8316;-1000.438;-2494.383
10705;179.6755;-999.888;-2494.155
10755;180.6963;-1000.124;-2494.255
10772;181.4388;-1000.375;-2494.403
10823;181.6045;-1000.489;-2494.75
10856;181.8818;-1000.355;-2494.143
10890;181.0139;-999.2004;-2493.274
10924;180.7329;-996.3785;-2492.396
10958;179.0357;-993.9831;-2491.75
10991;178.6934;-994.2433;-2490.692
11008;177.4123;-993.0519;-2489.843
11042;177.5181;-991.7308;-2489.03
11092;177.0703;-991.4091;-2487.838
11126;176.9439;-990.9731;-2487.659
11143;177.2353;-990.7037;-2486.837
11177;176.4496;-990.0376;-2486.379
11210;176.1129;-989.4944;-2486.266
11244;176.6843;-988.9498;-2486.176
11278;175.9835;-988.0538;-2486.006
11311;175.786;-988.2228;-2486.012
11345;175.2005;-987.5857;-2485.934
11381;175.1579;-987.5782;-2485.901
11430;174.4579;-987.2885;-2485.862
11447;174.3279;-987.1475;-2485.848
11481;174.393;-987.2286;-2486.033
11516;174.3775;-987.1991;-2486.116
11560;174.3065;-987.1842;-2486.023
11573;174.7069;-987.2325;-2486.436
11608;175.3796;-987.7137;-2486.761
11641;175.7083;-987.0659;-2486.779
11674;177.5033;-989.1475;-2487.066
11708;177.8467;-990.4713;-2487.76
11742;178.0187;-990.4626;-2487.851
11775;177.9412;-991.0541;-2487.54
11809;177.6228;-991.1082;-2488.332
11843;177.7606;-991.0943;-2488.277
11877;177.7252;-990.9568;-2488.147
11910;177.9828;-990.6814;-2488.461
11944;178.6111;-991.4786;-2488.636
11978;179.2876;-991.6713;-2488.467
12012;178.415;-990.7421;-2488.167
12045;177.3591;-991.3398;-2486.17
12079;177.157;-989.8158;-2485.478
12112;177.3367;-989.2907;-2485.181
12146;177.111;-988.9092;-2484.932
12180;176.342;-988.2404;-2484.955
12213;176.5153;-987.9592;-2483.912
12247;176.0512;-987.7286;-2482.285
12281;175.3839;-988.3552;-2482.115
12317;176.0612;-987.698;-2482.333
12354;175.8902;-987.5761;-2482.667
12371;176.014;-987.7767;-2482.527
12404;176.9653;-989.0276;-2482.851
12455;177.298;-989.6583;-2482.861
12474;178.6332;-990.9741;-2482.986
12524;178.9885;-991.3276;-2484.008
12544;179.0328;-991.4911;-2484.274
12585;178.9554;-991.6893;-2484.208
12617;180.8258;-995.1062;-2484.604
12648;180.4898;-995.9385;-2484.411
12681;179.7157;-996.7822;-2484.042
12715;176.6052;-999.0499;-2483.836
12749;149.2386;-971.7983;-2406.461
12783;149.6106;-971.8541;-2406.448
12817;149.5517;-972.1227;-2406.499
12834;149.8502;-972.0856;-2406.173
12869;179.3913;-998.6506;-2485.799
12902;180.3557;-997.7813;-2485.455
12938;181.5108;-996.9679;-2486.303
12969;181.2086;-997.2439;-2486.208
13003;181.7691;-997.9107;-2486.125
13053;181.6188;-997.8396;-2486.276
13070;179.7844;-999.5309;-2485.622
13121;179.361;-1000.991;-2485.842
13137;154.3193;-977.092;-2405.351
13171;154.7127;-977.1187;-2405.514
13205;155.2411;-977.2328;-2405.543
13239;155.0025;-977.2233;-2405.202
13272;155.1021;-977.4019;-2405.219
13306;155.153;-977.5626;-2405.311
13340;156.0662;-979.381;-2405.732
13373;156.0236;-980.6854;-2405.27
13412;155.8164;-980.6257;-2404.945
13441;155.6813;-980.6105;-2404.916
13481;155.4476;-980.658;-2404.856
13506;155.9759;-981.7256;-2405.224
13574;155.9382;-981.7384;-2405.031
13591;154.459;-982.6179;-2404.903
13617;154.493;-982.7644;-2404.978
13646;182.9416;-1004.435;-2482.068
13685;182.6596;-1004.539;-2482.048
13719;182.4841;-1004.079;-2481.946
13752;153.4335;-982.5474;-2404.075
13786;153.4646;-982.4515;-2403.827
13820;153.3234;-981.954;-2403.47
13836;153.0469;-981.886;-2403.333
13887;153.2912;-981.8895;-2403.324
13921;153.0918;-981.972;-2403.376
13941;153.9842;-983.0764;-2403.333
13971;153.7435;-982.9835;-2403.389
14022;154.9767;-983.9354;-2403.524
14055;153.6091;-982.0919;-2401.951
14089;153.9527;-982.1441;-2401.934
14106;154.0538;-982.1464;-2401.958
14156;155.1032;-982.8621;-2402.144
14174;154.6983;-982.654;-2402.417
14207;154.6306;-982.386;-2402.594
14241;154.5512;-982.3763;-2402.827
14274;155.6641;-982.5558;-2403.273
14308;155.2575;-982.0611;-2402.735
14342;157.4236;-983.4805;-2402.889
14376;157.0467;-983.784;-2402.806
14426;157.869;-984.585;-2403.196
14460;158.6354;-985.0831;-2403.299
14494;160.1107;-986.3081;-2404.001
14510;160.4031;-986.5273;-2404.012
14561;160.5784;-986.614;-2403.941
14595;157.7534;-983.876;-2403.058
14612;156.5886;-983.5798;-2402.703
14646;155.7835;-983.1389;-2402.64
14679;155.0717;-982.7445;-2403.105
14713;157.4068;-985.134;-2404.599
14746;155.5269;-983.4292;-2403.686
14780;155.4654;-983.2281;-2403.357
14814;156.4327;-984.163;-2404.049
14851;157.7699;-985.6479;-2404.174
14875;157.495;-985.6354;-2404.144
14918;155.6676;-980.7565;-2402.224
14938;153.9667;-979.7499;-2402.02
14986;153.9461;-979.7426;-2402.041
15019;153.8358;-979.9559;-2402.067
15053;154.176;-980.3649;-2401.904
15087;154.388;-980.1338;-2401.683
15120;154.3547;-980.1844;-2401.57
15137;154.618;-981.2942;-2402.101
15188;154.4977;-979.8217;-2401.498
15205;153.8777;-979.0964;-2400.964
15239;153.6413;-978.6741;-2400.849
15272;153.669;-979.0092;-2401.057
15306;153.6335;-978.7625;-2400.667
15339;153.1317;-978.4227;-2400.413
15374;153.0411;-978.2244;-2400.103
15407;153.1723;-978.007;-2400.202
15457;153.5994;-978.28;-2400.075
15474;152.1759;-976.0974;-2398.685
15511;151.8061;-975.3912;-2397.985
15542;151.4507;-975.1338;-2397.938
15580;151.5295;-974.3666;-2397.377
15609;151.7707;-974.6187;-2397.319
15643;152.2472;-974.772;-2397.196
15676;152.2143;-974.9133;-2397.208
15710;153.3363;-976.6757;-2397.573
15744;152.5316;-975.9483;-2397.352
15777;152.5553;-974.2972;-2396.683
15811;153.6598;-976.1392;-2397.354
15851;154.8909;-977.6895;-2398.257
15879;154.4957;-977.6994;-2398.219
15919;154.8825;-977.8073;-2398.531
15950;154.7016;-977.4377;-2398.591
15967;154.4546;-975.826;-2397.859
16001;157.2772;-978.9895;-2401.004
16034;156.1826;-978.0295;-2399.933
16068;156.5696;-978.5594;-2399.981
16119;156.2688;-978.4904;-2399.873
16137;156.9716;-979.1006;-2400.426
16169;156.4455;-977.8256;-2400.11
16203;156.856;-979.2869;-2401.072
16236;156.4136;-978.7065;-2400.801
16287;156.2226;-979.0771;-2400.636
16304;157.1075;-979.8343;-2401.131
16338;156.6093;-980.0162;-2400.159
16371;156.3916;-979.9515;-2399.921
16405;156.9656;-980.4667;-2400.11
16455;156.9532;-980.7651;-2400.481
16472;156.7448;-980.2379;-2400.419
16506;154.6346;-977.0665;-2398.411
16540;154.1801;-976.3487;-2397.895
16574;156.0705;-978.5494;-2399.352
16607;155.5947;-977.3909;-2399.209
16641;156.8219;-978.7442;-2399.822
16674;155.3727;-975.9351;-2398.418
16708;154.9595;-975.645;-2398.445
16742;154.4307;-975.2932;-2398.417
16776;152.6764;-976.6363;-2399.218
16809;152.0946;-976.8364;-2399.334
16843;151.8395;-976.2058;-2398.957
16877;149.877;-976.6411;-2399.497
16910;149.2634;-976.7501;-2399.492
16944;148.0819;-976.1061;-2398.705
16978;201.1561;-1013.847;-2478.338
17011;200.4451;-1012.431;-2478.13
17028;144.7323;-971.3133;-2396.99
17079;144.5423;-971.0775;-2396.85
17113;144.8969;-970.8992;-2396.865
17146;144.7563;-969.9919;-2396.576
17163;144.4709;-969.8187;-2396.551
17214;144.5747;-969.5891;-2396.732
17247;144.8296;-969.9027;-2397.187
17264;144.7922;-969.6779;-2397.078
17315;144.9933;-968.7994;-2396.651
17333;145.4878;-967.668;-2396.288
17382;145.5052;-967.6381;-2396.272
17416;145.2049;-967.662;-2396.302
17433;145.8069;-966.5552;-2395.68
17483;144.7866;-966.1273;-2394.94
17517;144.8201;-966.2594;-2395.221
17534;144.3904;-965.7567;-2394.693
17584;144.3618;-965.7856;-2394.697
17602;196.6426;-1010.403;-2479.371
17652;143.4045;-966.0833;-2395.039
17672;143.817;-965.9962;-2395.124
17703;144.4101;-966.4166;-2395.613
17753;144.0194;-966.2928;-2395.514
17771;145.2082;-967.3042;-2396.113
17810;144.815;-967.4018;-2396.534
17849;144.3896;-968.2325;-2397.016
17863;144.5681;-968.5861;-2397.182
17898;144.5688;-968.5974;-2397.162
17932;145.0644;-968.9546;-2397.388
17966;144.8822;-968.9963;-2397.467
18000;144.8309;-968.7441;-2397.175
18033;144.3136;-968.9102;-2396.533
18067;144.6206;-969.0256;-2396.385
18101;143.6125;-968.1094;-2395.541
18134;143.8367;-968.0129;-2395.476
18170;143.4189;-967.8219;-2395.397
18203;142.4647;-967.3619;-2395.174
18237;142.4184;-967.5128;-2395.358
18271;142.2963;-967.6114;-2395.369
18304;142.1963;-967.9462;-2395.3
18338;142.0952;-967.8071;-2395.069
18372;141.4226;-967.7772;-2394.558
18405;141.2684;-968.0047;-2394.677
18439;141.3185;-968.7087;-2395.001
18473;141.4997;-969.0076;-2394.964
18507;140.6266;-968.5356;-2394.436
18540;140.4149;-968.475;-2394.46
18574;140.3174;-968.4038;-2394.394
18608;140.1762;-968.2589;-2394.308
18641;139.685;-967.9125;-2394.14
18675;142.4959;-973.303;-2397.128
18709;142.3529;-972.9296;-2397.205
18742;142.5966;-971.893;-2397.868
18776;142.3649;-971.6226;-2397.688
18810;141.3855;-971.0013;-2397.418
18844;142.2557;-974.9787;-2398.13
18877;141.3955;-973.5644;-2398.261
18911;141.3093;-973.3058;-2398.389
18945;141.329;-973.2086;-2398.406
18978;141.3655;-972.7881;-2398.815
19012;140.093;-969.6982;-2397.6
19046;139.4174;-969.4058;-2397.787
19079;138.9256;-969.1094;-2397.653
19113;138.2162;-968.9708;-2397.654
19149;137.0624;-968.4514;-2397.693
19168;136.7417;-968.5859;-2398.034
19201;136.2595;-968.2251;-2398.138
19235;135.5278;-968.3861;-2398.584
19286;135.6014;-968.5777;-2398.515
19319;135.9331;-967.8864;-2398.248
19339;139.1801;-971.0699;-2399.554
19387;139.5929;-970.1307;-2398.792
19404;139.9223;-970.0706;-2398.708
19437;140.6201;-969.9921;-2398.586
19471;141.6365;-970.6887;-2398.639
19505;141.9829;-970.4753;-2398.493
19538;143.4092;-970.4512;-2398.315
19572;143.0523;-970.472;-2398.066
19606;143.8513;-971.4555;-2398.48
19639;143.3038;-971.7846;-2398.791
19673;143.3539;-972.2382;-2398.86
19708;143.0005;-972.5444;-2398.679
19757;143.5306;-971.0575;-2398.011
19774;143.6052;-971.3105;-2398.698
19808;142.9551;-971.1501;-2398.136
19842;142.6601;-971.5854;-2398.038
19875;142.6035;-971.9297;-2397.878
19909;141.4157;-972.3809;-2397.725
19967;141.8069;-972.5071;-2397.817
19993;142.0565;-972.8085;-2397.818
20010;141.8929;-972.8858;-2397.834
20044;141.5991;-972.3577;-2397.74
20078;141.551;-972.4513;-2397.527
20114;141.5799;-972.6294;-2397.53
20145;141.6293;-972.6015;-2397.456
20179;141.8109;-972.8368;-2397.346
20212;141.6173;-973.2365;-2397.049
20246;141.5368;-973.2353;-2397.073
20280;141.3318;-973.3229;-2396.885
20313;139.3964;-972.893;-2396.554
20347;137.7706;-971.2997;-2395.371
20381;136.0843;-967.1908;-2394.078
20414;135.5926;-967.077;-2394.301
20448;135.6939;-967.4282;-2394.522
20482;135.8139;-967.6116;-2394.59
20515;135.3892;-967.2864;-2394.25
20549;134.6225;-966.834;-2394.243
20583;134.664;-967.0477;-2394.467
20617;134.1931;-966.2896;-2394.108
20651;133.9984;-966.2347;-2394.224
20669;134.0634;-966.3474;-2394.333
20703;133.953;-966.4598;-2394.398
20736;135.0144;-967.2319;-2395.276
20770;135.0558;-967.2269;-2395.251
20820;134.9916;-967.2518;-2395.324
20837;135.4407;-967.71;-2395.708
20871;135.0944;-968.1763;-2395.862
20905;135.2192;-968.8701;-2396.132
20955;134.7822;-968.9082;-2396.202
20989;134.6017;-968.7487;-2396.063
21023;134.2365;-968.4335;-2395.777
21039;134.2074;-968.4036;-2395.902
21090;134.3111;-968.6866;-2396.198
21107;135.0654;-969.2714;-2397.182
21157;134.4007;-969.0826;-2397.088
21174;134.6009;-969.2155;-2397.167
21208;134.258;-969.446;-2397.476
21242;133.1421;-969.8208;-2397.709
21275;133.1324;-970.2378;-2398.105
21309;133.4167;-970.5362;-2398.602
21343;133.4942;-970.5758;-2398.617
21376;133.4112;-970.6881;-2398.506
21410;133.8356;-970.5268;-2398.544
21444;133.6265;-970.4406;-2398.54
21479;133.469;-970.4471;-2398.621
21521;133.4416;-970.4808;-2398.655
21538;133.5767;-970.6618;-2398.501
21571;133.2507;-970.8392;-2398.39
21605;133.0306;-970.9922;-2398.369
21639;131.9749;-970.3866;-2397.455
21672;131.6661;-970.4174;-2397.312
21723;131.7752;-970.571;-2397.302
21740;132.0109;-970.454;-2397.083
21773;132.0098;-970.6109;-2397.07
21807;132.136;-970.6222;-2396.892
21841;182.4411;-994.2651;-2480.168
21876;182.2658;-994.2976;-2479.878
21908;182.3851;-994.3414;-2479.96
21942;131.9989;-970.6121;-2396.228
21975;132.33;-970.6705;-2396.434
22026;132.0718;-970.7845;-2396.551
22043;181.3206;-994.6531;-2479.215
22077;181.3655;-994.5403;-2479.151
22110;181.2617;-994.4861;-2479.058
22144;181.3196;-994.3969;-2479.027
22185;131.6064;-970.4365;-2396.171
22211;181.4914;-994.1889;-2479.146
22245;133.6279;-971.9239;-2396.223
22279;182.9737;-996.3042;-2480.396
22313;133.7836;-972.499;-2396.997
22346;134.0517;-972.4911;-2397.042
22380;182.6833;-995.9507;-2480.019
22413;182.4357;-995.5909;-2479.992
22447;183.0219;-995.1024;-2480.769
22481;183.1433;-995.0503;-2480.77
22515;183.1104;-995.0437;-2480.726
22548;183.6904;-994.8766;-2479.733
22582;183.8852;-995.2568;-2479.83
22616;184.091;-995.4748;-2480.003
22634;183.8268;-995.4729;-2480.011
22669;183.4273;-995.6717;-2479.533
22700;183.2956;-995.8809;-2479.504
22751;183.7389;-995.7269;-2480.049
22784;183.7846;-995.6374;-2480.239
22801;184.5418;-996.5338;-2482.094
22837;184.5837;-996.5566;-2482.05
22885;183.4255;-997.0866;-2481.417
22919;183.1198;-996.6921;-2481.318
22936;182.6814;-996.4899;-2481.154
22986;183.1422;-996.1978;-2480.157
23003;183.1946;-995.9359;-2479.987
23037;183.6718;-995.5683;-2480.082
23077;183.58;-995.4924;-2479.833
23104;183.5097;-995.6065;-2479.505
23138;183.554;-995.4902;-2479.396
23172;183.2757;-995.0649;-2479.384
23205;182.7313;-995.1823;-2479.456
23240;182.5571;-994.9445;-2479.478
23273;182.5744;-994.8104;-2479.269
23308;182.6975;-994.9921;-2479.367
23342;182.7782;-994.9547;-2479.428
23377;182.9229;-995.0407;-2479.303
23410;182.4359;-995.327;-2478.975
23445;182.7059;-995.4028;-2479.761
23479;182.7028;-995.6255;-2479.671
23513;182.6358;-995.7271;-2479.675
23551;134.3557;-971.8777;-2395.677
23568;134.3379;-971.8629;-2395.615
23621;135.3777;-971.9639;-2396.129
23636;134.8891;-972.0081;-2396.049
23669;135.0899;-972.1481;-2396.201
23703;135.1845;-972.4237;-2396.583
23753;135.354;-972.2536;-2396.573
23794;135.6439;-972.0132;-2396.539
23808;135.5208;-971.9509;-2396.541
23842;134.7613;-971.8405;-2395.687
23875;134.5859;-971.8764;-2395.716
23909;134.457;-971.9343;-2395.797
23943;134.053;-971.9216;-2395.839
23977;134.2566;-971.9672;-2395.994
24011;134.2296;-972.2791;-2396.17
24044;134.2251;-972.4187;-2396.262
24078;133.8029;-972.3429;-2396.413
24111;133.7232;-972.4279;-2396.492
24145;133.2696;-972.3023;-2396.723
24179;134.034;-972.1197;-2396.462
24213;133.9542;-971.9992;-2396.448
24246;133.7836;-971.9668;-2396.479
24281;134.0323;-971.7336;-2396.307
24299;133.6159;-970.1376;-2394.977
24347;182.7624;-993.7311;-2479.141
24381;182.7095;-993.688;-2479.159
24415;182.405;-993.3483;-2478.732
24448;132.1025;-969.3137;-2394.443
24482;198.4844;-1004.483;-2481.273
24516;201.5251;-1004.238;-2482.154
24549;201.5984;-1003.902;-2482.152
24583;181.745;-993.207;-2478.813
24617;183.3955;-992.1719;-2478.71
24651;183.1853;-991.7655;-2478.706
24667;183.0237;-990.9661;-2478.623
24701;207.5056;-1000.173;-2481.731
24752;207.4043;-1000.746;-2481.278
24769;208.6019;-1000.506;-2481.298
24802;198.4506;-1015.233;-2470.005
24853;125.0524;-966.8248;-2394.058
24886;198.7394;-1013.197;-2477.45
24905;124.75;-968.6835;-2395.507
24937;125.2743;-968.3221;-2395.665
24989;126.348;-967.9196;-2395.61
25006;209.4977;-1007.114;-2480.332
25056;209.5677;-1006.793;-2480.049
25073;211.2294;-1003.626;-2480.748
25107;126.0209;-968.6403;-2395.667
25141;195.9678;-1010.266;-2480.976
25174;199.558;-1009.032;-2481.344
25214;126.386;-974.2574;-2396.18
25245;203.4763;-1007.275;-2480.774
25279;207.478;-1002.194;-2486.064
25314;127.7632;-973.149;-2395.608
25346;204.4213;-1004.568;-2484.161
25380;128.1528;-969.6437;-2395.366
25414;215.4328;-995.7496;-2484.155
25448;215.7761;-994.4597;-2483.98
25481;216.1197;-993.908;-2483.851
25515;216.521;-993.7072;-2483.433
25532;216.4192;-993.9933;-2483.35
25582;216.3127;-994.356;-2483.4
25616;216.3461;-994.2393;-2482.812
25633;216.5759;-994.2917;-2482.336
25684;126.2239;-970.2806;-2396.127
25717;209.6154;-1003.195;-2479.864
25734;209.4732;-1003.473;-2479.536
25768;209.7148;-1002.978;-2479.315
25801;126.4789;-968.5353;-2395.736
25852;207.5296;-1003.585;-2480.93
25886;125.8411;-967.6799;-2395.378
25903;126.0609;-967.6916;-2395.478
25959;207.2903;-1004.351;-2480.408
25971;124.7562;-967.9862;-2396.047
26005;125.5816;-968.2985;-2396.38
26039;125.0896;-968.3543;-2396.576
26073;125.0867;-968.2847;-2396.474
26106;124.7942;-967.7261;-2396.038
26140;123.8074;-967.6568;-2396.34
26173;122.6432;-967.9491;-2396.847
26207;121.67;-968.1022;-2397.232
26241;121.2702;-967.7024;-2397.041
26274;120.5914;-966.7601;-2396.863
26308;120.521;-966.8097;-2396.913
26342;120.6371;-965.253;-2397.075
26376;120.8511;-964.734;-2396.565
26409;121.7152;-964.9649;-2396.683
26444;121.6726;-964.3387;-2396.155
26477;122.5938;-964.4876;-2395.907
26510;123.6007;-964.6697;-2395.659
26544;123.3418;-964.972;-2395.661
26578;124.3104;-966.28;-2396.189
26612;125.1896;-966.9215;-2396.541
26632;125.9972;-967.1782;-2396.424
26684;126.6419;-966.9567;-2395.41
26712;126.7174;-967.1897;-2395.356
26746;126.171;-967.2519;-2395.078
26771;126.7889;-967.3782;-2395.2
26815;126.9506;-967.4691;-2394.916
26849;127.0429;-967.565;-2394.904
26883;126.5832;-967.5741;-2395.142
26916;127.0819;-967.8346;-2394.811
26933;127.233;-968.2162;-2394.863
26984;127.0693;-968.4451;-2395.05
27017;127.005;-968.3168;-2394.631
27053;127.1153;-968.3619;-2394.573
27071;127.5447;-968.3506;-2394.75
27118;127.6574;-968.158;-2394.404
27152;127.9043;-968.0453;-2394.208
27186;128.2111;-967.929;-2394.122
27206;128.3833;-968.0317;-2394.087
27237;181.9976;-991.939;-2478.685
27287;181.9545;-990.9409;-2478.633
27304;181.5384;-991.1533;-2478.354
27354;181.3781;-991.4096;-2477.629
27373;181.5809;-991.8991;-2477.725
27405;181.6832;-991.9127;-2477.841
27439;181.2021;-992.5634;-2477.626
27473;180.7659;-992.7697;-2476.973
27506;180.7835;-992.8829;-2476.963
27557;127.524;-967.9331;-2393.064
27573;127.8408;-968.0624;-2393.046
27624;127.4267;-967.9194;-2393.317
27641;126.5522;-967.7863;-2393.681
27674;125.3332;-967.6183;-2394.011
27708;123.7949;-967.515;-2394.715
27742;122.8617;-967.3322;-2394.979
27775;197.0522;-1006.073;-2478.852
27809;120.9453;-966.7589;-2395.682
27843;120.5528;-966.905;-2396.254
27877;120.2951;-966.8354;-2396.338
27916;120.1503;-967.0018;-2396.519
27944;119.6319;-967.19;-2396.838
27978;119.1807;-967.1321;-2396.808
28012;119.4545;-967.1297;-2397.508
28045;120.3985;-967.1292;-2397.46
28079;120.0753;-1008.345;-2402.017
28113;212.3494;-1000.412;-2481.275
28146;122.7986;-963.9655;-2394.868
28180;209.2085;-1004.269;-2479.239
28213;122.9085;-966.7062;-2396.658
28247;204.7259;-1005.863;-2480.87
28281;123.9518;-965.1707;-2395.867
28315;124.2153;-965.318;-2395.976
28348;124.5788;-965.3436;-2396.423
28383;124.6883;-965.4524;-2396.725
28419;211.435;-1005.891;-2477.654
28452;204.4937;-1014.134;-2487.709
28486;127.0446;-971.5471;-2401.231
28519;127.4876;-970.6449;-2400.574
28553;127.7846;-970.7278;-2400.844
28588;208.1848;-1012.157;-2484.115
28604;208.3863;-1011.431;-2484.141
28637;129.805;-970.9202;-2400.324
28688;210.1465;-1007.998;-2483.39
28722;209.5929;-1009.139;-2479.615
28738;129.3834;-969.8574;-2399.491
28772;128.7732;-970.2432;-2399.947
28806;127.4065;-970.3339;-2399.849
28840;126.5889;-970.496;-2400.129
28873;125.8559;-970.5246;-2400.459
28907;125.437;-970.3415;-2400.466
28948;125.3691;-970.0765;-2400.447
28991;125.4444;-969.8417;-2400.683
29008;126.0514;-969.6902;-2400.253
29042;126.8711;-969.3359;-2399.808
29075;127.7138;-968.6707;-2399.163
29109;128.5897;-968.4;-2398.879
29143;129.4334;-967.9283;-2398.227
29177;130.1818;-967.957;-2398.018
29210;130.922;-969.0302;-2398.204
29244;131.4351;-969.5703;-2398.342
29278;131.0686;-969.6714;-2398.449
29311;130.2233;-969.8563;-2398.558
29345;130.0486;-969.8296;-2398.562
29379;129.9395;-969.6258;-2398.301
29412;129.744;-969.6113;-2398.394
29434;129.403;-969.8194;-2398.743
29480;129.1203;-969.9695;-2399.06
29513;129.0325;-969.7434;-2399.037
29547;129.0723;-969.6216;-2399.117
29581;129.2713;-969.4169;-2398.958
29614;128.7443;-969.4435;-2399.02
29648;129.0801;-969.5903;-2398.967
29682;129.0969;-969.7939;-2399.215
29716;128.9998;-969.1798;-2398.859
29749;128.475;-969.0505;-2398.698
29783;126.8013;-969.0007;-2399.111
29817;126.9722;-968.9039;-2398.944
29851;127.5192;-968.8177;-2398.417
29867;127.4344;-968.8476;-2398.301
29918;126.4577;-969.0435;-2398.594
29952;184.988;-991.4835;-2484.334
29968;185.0351;-991.4701;-2484.206
30024;184.7708;-991.7078;-2484.727
30045;184.6629;-991.8412;-2484.474
30078;184.5463;-991.7493;-2484.353
30114;183.3992;-992.64;-2483.1
30145;183.0252;-993.0646;-2482.568
30179;182.4803;-993.497;-2481.99
30213;182.5054;-993.4287;-2482.014
30246;182.6403;-993.4348;-2481.869
30281;182.3631;-993.7556;-2481.617
30315;182.2924;-993.8002;-2481.573
30348;182.4428;-993.2315;-2481.14
30382;181.7071;-993.8238;-2480.834
30416;181.8394;-994.2704;-2480.98
30450;181.9226;-994.1812;-2480.983
30483;181.8522;-994.348;-2481.203
30517;181.9667;-994.4543;-2481.223
30551;182.015;-994.345;-2481.46
30568;182.6978;-993.9594;-2481.45
30618;182.7012;-993.9056;-2481.448
30652;182.5142;-993.8131;-2481.395
30685;123.8393;-969.7335;-2398.701
30719;123.1316;-969.4917;-2399.135
30753;123.3836;-968.8177;-2398.859
30787;123.2806;-968.9214;-2399.075
30820;180.4922;-993.7091;-2481.01
30838;180.4693;-993.0258;-2480.998
30888;180.8575;-992.6879;-2481.561
30905;208.2392;-1000.34;-2485.13
30938;208.7924;-1000.181;-2484.651
30989;208.5297;-1000.763;-2484.21
31022;124.3373;-968.3548;-2398.511
31039;196.4602;-1010.186;-2480.26
31073;124.6052;-969.6685;-2399.251
31107;198.2333;-1010.29;-2481.602
31140;125.7656;-969.1029;-2398.953
31174;202.019;-1012.842;-2477.397
31211;203.182;-1011.627;-2477.333
31245;125.2625;-969.7529;-2399.667
31279;125.2341;-969.6544;-2399.71
31313;126.1401;-970.3509;-2400.223
31346;196.2768;-1016.041;-2480.236
31380;127.8073;-968.4984;-2399.305
31414;128.5525;-968.9045;-2399.408
31447;198.5292;-1017.258;-2477.471
31481;198.2411;-1017.384;-2477.804
31515;199.8005;-1015.986;-2478.424
31548;126.6206;-968.9077;-2399.969
31582;126.1624;-969.0838;-2400.552
31616;125.6377;-969.2418;-2401.043
31649;125.4769;-969.4484;-2401.252
31683;124.7863;-968.8134;-2401.055
31717;125.0688;-968.7091;-2401.016
31751;125.894;-968.7654;-2401.178
31784;126.3679;-968.542;-2400.887
31818;127.9905;-968.4209;-2400.318
31852;128.7884;-968.3601;-2400.396
31869;129.8804;-968.1641;-2399.979
31902;131.2583;-968.1738;-2399.603
31953;131.8658;-968.7417;-2399.633
31970;132.9299;-969.3179;-2399.4
32024;133.3255;-969.632;-2399.267
32058;134.8005;-970.3326;-2399.275
32075;134.2402;-970.65;-2399.486
32108;134.4812;-970.691;-2399.456
32142;134.4066;-971.0226;-2399.601
32176;133.8176;-971.2693;-2399.793
32209;133.4254;-971.4579;-2399.743
32243;132.9186;-971.7137;-2400.066
32277;130.6633;-971.396;-2400.569
32311;129.686;-970.7983;-2399.856
32344;129.4615;-970.9153;-2399.743
32378;128.9103;-971.0555;-2399.475
32412;129.21;-970.9153;-2398.921
32446;129.3979;-970.9193;-2398.85
32481;129.8878;-970.6785;-2398.692
32516;129.7542;-970.7564;-2398.86
32553;181.4364;-994.3973;-2481.416
32586;182.2076;-993.6803;-2481.799
32620;181.5782;-993.9554;-2482.173
32637;181.4732;-993.6896;-2482.069
32688;181.7407;-994.1392;-2482.081
32705;181.0996;-994.9989;-2481.648
32738;181.1946;-994.9843;-2481.65
32772;181.2495;-995.0493;-2481.43
32805;182.6376;-995.1933;-2482.288
32856;182.9479;-994.9582;-2482.242
32890;183.1711;-994.8348;-2482.118
32906;183.2056;-994.4089;-2481.697
32940;183.649;-994.4619;-2481.484
32974;183.3075;-994.6945;-2481.157
33008;183.321;-994.7647;-2480.951
33042;183.0117;-994.6358;-2480.608
33075;182.8962;-994.5612;-2480.632
33109;182.3327;-993.9393;-2480.72
33142;182.3448;-993.8703;-2480.686
33176;181.7598;-993.1581;-2480.604
33210;181.9164;-993.0198;-2480.946
33243;181.1358;-993.4125;-2480.74
33277;180.25;-992.8711;-2480.23
33311;180.576;-992.7654;-2480.212
33345;200.1183;-1002.394;-2483.215
33378;182.263;-991.58;-2480.334
33412;182.011;-991.1179;-2480.317
33446;182.9757;-990.367;-2480.719
33479;194.836;-998.3638;-2482.952
33513;199.4251;-1000.058;-2483.857
33547;184.4971;-992.3618;-2480.805
33580;201.7311;-1001.631;-2482.633
33614;184.3068;-992.8356;-2480.339
33648;201.9753;-1002.289;-2483.178
33681;200.8542;-1004.517;-2481.544
33715;201.1431;-1004.252;-2481.569
33749;202.0892;-1003.783;-2482.725
33783;201.8253;-1004.023;-2482.676
33816;202.0319;-1004.744;-2482.467
33850;201.8671;-1005.238;-2481.153
33884;198.2808;-1008.971;-2481.454
33917;199.1097;-1008.58;-2481.636
33934;126.2638;-970.0463;-2398.676
33985;126.3934;-970.3061;-2398.813
34018;202.3923;-1006.436;-2488.416
34052;202.4587;-1006.57;-2487.984
34086;201.6432;-1008.648;-2484.141
34120;125.8425;-969.3153;-2398.679
34153;125.6813;-969.1635;-2398.542
34187;126.2622;-969.5052;-2398.973
34204;126.1487;-969.5469;-2398.859
34254;126.2885;-969.5876;-2398.997
34288;126.1419;-968.6179;-2398.509
34322;125.7897;-968.735;-2398.789
34339;125.3059;-968.8275;-2399.193
34372;125.1885;-968.5987;-2399.353
34406;125.7976;-968.2323;-2399.061
34444;126.3506;-967.6243;-2399.087
34477;128.3614;-967.8735;-2398.704
34511;129.9626;-968.1512;-2398.565
34544;131.5674;-968.7568;-2398.879
34578;132.6862;-970.5323;-2399.543
34612;133.2573;-970.966;-2399.551
34646;133.1153;-970.9819;-2399.508
34679;132.8881;-970.8478;-2399.384
34714;129.1377;-953.6836;-2393.261
34747;128.936;-953.3643;-2393.226
34780;128.5567;-953.3922;-2393.271
34814;128.4005;-952.5815;-2393.053
34848;127.9812;-951.8836;-2392.654
34881;127.2338;-952.179;-2392.675
34917;126.9535;-952.3393;-2392.739
34949;126.8406;-952.3363;-2392.802
34982;126.9416;-952.4825;-2392.727
35016;127.3926;-952.5242;-2392.664
35050;182.3397;-994.0956;-2481.314
35084;182.8071;-994.1253;-2481.637
35117;182.3731;-994.0806;-2481.258
35151;182.4313;-994.0576;-2481.135
35185;182.1304;-994.2676;-2480.607
35218;182.0914;-994.3481;-2480.843
35252;182.4429;-994.1372;-2481.857
35286;182.5966;-994.3198;-2481.835
35303;183.4465;-994.309;-2482.793
35353;183.5034;-994.6023;-2482.673
35387;184.053;-994.2629;-2482.691
35421;183.789;-994.3492;-2482.417
35454;182.4086;-995.2245;-2482.249
35488;182.0659;-994.9937;-2482.28
35522;181.7937;-995.1929;-2482.006
35555;181.8612;-995.1198;-2482.396
35589;183.0507;-995.2;-2482.931
35623;183.2185;-994.6065;-2482.156
35640;181.9961;-993.9305;-2480.651
35673;181.1297;-993.9565;-2480.466
35726;180.85;-993.2512;-2480.356
35741;198.8686;-1003.626;-2483.44
35774;200.8904;-1001.985;-2484.004
35808;182.7042;-992.463;-2480.688
35859;204.3142;-1000.688;-2483.895
35875;183.7491;-990.2428;-2480.767
35929;204.5052;-1000.685;-2483.608
35945;205.9066;-1000.075;-2483.882
35978;182.6081;-991.4297;-2480.112
36012;181.2271;-992.3947;-2478.965
36045;202.1091;-1001.964;-2483.01
36079;181.6791;-992.4344;-2479.965
36113;203.596;-1002.211;-2482.93
36146;203.4086;-1002.41;-2482.664
36197;202.3704;-1003.911;-2482.522
36214;124.9985;-952.7712;-2390.618
36248;208.3295;-1000.78;-2482.634
36281;208.2748;-1001.051;-2482.562
36315;207.5163;-1001.962;-2481.565
36349;207.6284;-1001.814;-2482.139
36382;181.7565;-994.2996;-2479.027
36416;201.7832;-1003.311;-2481.191
36450;182.9787;-993.753;-2479.655
36483;197.319;-1002.235;-2481.886
36517;197.7777;-1002.085;-2482.007
36551;183.2211;-993.2618;-2479.605
36569;182.6868;-992.8287;-2479.352
36618;206.095;-1000.621;-2484.215
36652;205.0189;-1002.406;-2483.181
36685;124.1457;-952.5251;-2391.859
36702;201.5287;-1004.068;-2483.892
36753;182.2991;-994.0067;-2480.608
36787;123.6904;-951.7228;-2392.106
36820;124.9995;-952.2661;-2392.387
36854;126.4189;-951.9822;-2391.692
36871;128.5603;-951.8808;-2391.077
36905;129.9333;-951.8768;-2390.848
36955;130.549;-952.1728;-2390.859
36989;131.4787;-952.5275;-2390.707
37006;131.5199;-952.6611;-2390.484
37056;131.345;-952.6794;-2390.489
37090;131.3098;-952.756;-2390.556
37107;130.5499;-952.5188;-2390.877
37140;128.2285;-952.3937;-2391.34
37174;127.1329;-952.6042;-2391.843
37225;127.6674;-952.4991;-2391.596
37242;126.7855;-952.4938;-2391.802
37275;125.6287;-952.6539;-2391.842
37309;182.9164;-994.4086;-2481.156
37359;182.9163;-994.3682;-2481.155
37376;183.157;-994.2847;-2481.026
37410;127.153;-952.4091;-2391.517
37444;127.5366;-951.9592;-2391.064
37477;127.8326;-951.8305;-2391.012
37512;127.9651;-951.6923;-2390.843
37547;127.9976;-951.607;-2390.579
37581;128.6175;-951.5195;-2390.406
37614;128.9854;-951.5953;-2390.704
37648;129.5285;-951.4819;-2390.522
37699;129.4389;-951.1461;-2390.094
37715;183.0128;-993.0689;-2481.834
37749;131.0951;-951.2599;-2390.042
37783;131.0916;-950.9774;-2389.945
37816;131.3015;-951.3588;-2389.999
37851;131.4168;-951.3298;-2389.93
37885;131.3649;-951.6173;-2390.336
37918;131.0347;-951.6423;-2390.49
37952;130.9496;-951.7221;-2390.539
37986;131.4242;-951.755;-2390.375
38020;131.9605;-951.5925;-2390.304
38053;131.5414;-951.6067;-2390.348
38087;131.6041;-950.7184;-2390.584
38121;130.8407;-950.2411;-2390.075
38154;130.1544;-950.2532;-2390.155
38188;130.0837;-950.1202;-2389.723
38222;130.6024;-949.9642;-2389.474
38239;130.5714;-949.7476;-2389.207
38272;130.2997;-949.3981;-2389.393
38306;129.6933;-949.5777;-2389.563
38341;198.8433;-1006.151;-2483.162
38379;200.309;-1005.782;-2483.8
38412;128.5167;-949.4939;-2389.756
38446;128.214;-949.3929;-2389.749
38480;128.0522;-949.4075;-2389.793
38514;127.3465;-948.718;-2389.009
38547;127.096;-948.7133;-2389.05
38581;126.6775;-948.7224;-2389.08
38615;196.1738;-1007.987;-2479.987
38648;197.4915;-1007.568;-2480.202
38682;198.4955;-1007.577;-2479.892
38717;198.8569;-1007.521;-2479.746
38750;201.581;-1004.157;-2479.108
38775;203.0895;-1002.566;-2478.895
38824;203.115;-1002.569;-2478.911
38842;202.7628;-1003.102;-2478.669
38875;202.5153;-1003.301;-2478.432
38909;202.7637;-1002.252;-2479.213
38942;202.545;-1002.279;-2479.808
38976;124.4164;-949.1802;-2389.508
39027;126.6837;-966.8893;-2396.199
39044;126.3775;-966.5934;-2396.261
39077;126.7161;-966.7936;-2396.468
39111;127.4838;-967.249;-2396.618
39145;124.7273;-949.4896;-2390.474
39178;124.8382;-949.412;-2390.651
39213;124.9107;-949.3482;-2390.714
39246;125.3524;-949.8892;-2391.298
39281;126.4599;-949.8272;-2391.11
39313;127.5668;-949.7305;-2390.906
39347;128.4838;-949.6398;-2390.645
39380;129.5609;-950.2982;-2390.588
39414;130.5744;-950.5438;-2390.518
39448;131.6053;-950.7106;-2390.445
39482;132.9929;-951.0413;-2390.708
39515;132.3661;-951.1768;-2390.27
39549;130.6276;-951.1799;-2390.433
39583;130.3448;-951.0239;-2390.507
39616;130.2232;-950.6341;-2390.311
39651;130.0049;-950.6133;-2390.371
39684;129.3665;-950.2232;-2389.833
39717;128.7656;-950.1849;-2389.638
39751;128.4357;-950.1744;-2389.725
39771;127.0318;-950.2154;-2388.994
39819;126.8865;-950.2758;-2389.015
39852;127.2391;-950.3682;-2389.008
39886;126.9353;-950.4631;-2389.104
39920;126.6846;-950.3187;-2389.101
39953;126.5154;-950.5187;-2389.05
39987;127.3511;-951.0176;-2389.36
40021;181.8489;-993.1042;-2480.762
40054;182.4123;-993.2435;-2481.509
40088;182.5915;-993.3747;-2481.475
40122;182.7216;-993.5103;-2481.518
40139;130.0473;-953.1749;-2390.84
40189;130.1954;-953.1796;-2390.937
40223;128.6879;-952.0773;-2390.967
40240;127.9361;-951.3889;-2390.899
40290;127.0509;-951.2937;-2391.212
40324;126.743;-951.289;-2391.768
40341;127.085;-951.2682;-2391.672
40374;127.3594;-951.061;-2391.36
40408;127.4864;-950.9857;-2391.206
40444;127.2351;-951.0179;-2391.318
40476;200.2598;-1005.849;-2484.167
40512;199.3825;-1006.868;-2483.22
40543;201.3359;-1006.344;-2482.837
40577;200.0466;-1007.703;-2482.747
40611;200.8445;-1006.708;-2482.956
40644;126.9984;-951.6057;-2391.692
40678;126.6168;-951.061;-2391.587
40712;126.6867;-951.138;-2391.816
40745;203.9918;-1005.572;-2484.04
40779;203.7338;-1005.938;-2483.712
40813;127.0687;-951.4425;-2392.924
40846;200.4442;-1007.083;-2483.826
40881;126.8978;-951.7084;-2393.1
40914;204.2909;-1007.889;-2484.553
40947;202.8046;-1008.768;-2483.809
40972;125.259;-950.7736;-2392.91
41009;124.6823;-950.3497;-2392.692
41044;182.7117;-991.0804;-2482.927
41083;202.185;-1003.171;-2485.231
41117;124.0835;-950.1649;-2392.366
41149;124.155;-950.2378;-2392.435
41185;124.0541;-950.368;-2392.62
41208;125.2736;-950.1474;-2392.568
41242;126.9539;-949.8559;-2391.958
41292;128.55;-949.816;-2391.746
41312;130.1401;-950.4856;-2391.603
41347;130.9454;-951.425;-2391.566
41381;132.4995;-951.6781;-2391.397
41414;132.3441;-951.694;-2391.361
41448;131.9014;-951.6931;-2391.424
41482;131.4489;-951.5265;-2391.355
41516;130.5172;-951.1463;-2391.035
41549;130.4885;-951.2748;-2391.116
41583;129.7809;-951.2385;-2391.285
41617;127.8347;-951.5046;-2391.979
41650;127.6428;-951.0377;-2391.839
41684;127.3571;-950.6719;-2391.799
41701;127.4529;-950.6801;-2391.655
41757;127.3495;-950.1663;-2391.383
41768;127.143;-950.2074;-2391.467
41802;126.9941;-949.8597;-2391.468
41853;127.3425;-950.3798;-2391.848
41874;127.9618;-950.4342;-2391.616
41904;129.2322;-950.485;-2392.527
41937;130.2674;-951.4526;-2393.014
41989;130.3093;-951.4367;-2393.027
42021;130.7317;-951.653;-2393.025
42055;130.7267;-951.5075;-2393.018
42089;130.6778;-951.3986;-2393.102
42124;131.1218;-951.3936;-2392.992
42143;130.6324;-951.3219;-2393.048
42181;130.2032;-951.4913;-2393.33
42212;198.9227;-1007.353;-2484.46
42245;130.191;-950.8818;-2392.471
42279;129.9372;-950.6893;-2392.384
42313;129.7923;-950.7032;-2392.538
42346;130.1363;-950.6719;-2392.347
42380;130.3364;-950.2169;-2391.706
42414;197.2712;-1006.641;-2483.875
42448;198.7948;-1005.964;-2485.48
42482;198.4005;-1006.662;-2484.54
42520;130.1346;-950.769;-2391.704
42549;195.4704;-1006.399;-2483.783
42582;196.288;-1005.187;-2484.766
42616;129.4938;-951.6712;-2391.88
42656;200.1668;-1006.904;-2483.767
42687;199.5196;-1007.931;-2483.159
42721;199.3538;-1007.997;-2483.333
42754;199.6523;-1008.234;-2483.164
42771;199.7121;-1008.099;-2483.352
42806;199.6859;-1008.283;-2483.159
42839;198.9261;-1008.275;-2483.216
42876;129.4607;-952.844;-2392.899
42923;182.6719;-994.2213;-2482.478
42940;200.0444;-1003.359;-2485.42
42990;128.0731;-952.8546;-2393.103
43024;198.8609;-1006.893;-2485.307
43058;127.3404;-952.5494;-2393.177
43075;126.8521;-952.355;-2393.367
43109;126.5193;-951.8096;-2393.152
43144;126.9307;-951.5286;-2392.809
43178;127.6383;-951.2683;-2392.537
43212;129.3785;-951.5912;-2392.726
43245;131.1713;-951.5721;-2392.276
43280;131.6929;-951.8098;-2392.168
43313;132.0189;-951.7966;-2392.004
43347;132.2909;-951.8569;-2392.023
43380;132.1708;-951.9043;-2391.999
43414;131.5621;-951.8257;-2392.012
43449;131.1715;-951.6662;-2391.998
43468;130.4145;-951.7322;-2391.986
43502;130.2666;-951.7034;-2391.916
43536;129.6632;-951.4937;-2391.868
43586;128.5253;-951.9309;-2392.625
43620;128.9728;-951.726;-2392.752
43654;128.7196;-951.259;-2392.817
43688;128.72;-951.2155;-2392.849
43723;129.0148;-951.3197;-2392.888
43740;129.1642;-951.2366;-2392.623
43797;130.0279;-951.187;-2392.272
43812;130.7116;-951.3122;-2392.714
43846;130.3847;-951.5092;-2392.715
43880;129.9191;-951.7456;-2392.53
43913;129.8721;-951.7303;-2392.664
43947;130.1427;-951.6252;-2392.614
43981;129.8748;-951.2377;-2392.514
44019;129.5621;-951.1309;-2392.53
44054;129.4041;-950.6579;-2392.272
44070;128.3462;-950.6382;-2392.528
44104;128.1664;-950.4434;-2392.574
44155;128.4739;-950.5468;-2392.388
44174;128.6752;-950.2919;-2392.526
44208;128.284;-949.9034;-2392.089
44241;128.2262;-949.7655;-2391.975
44275;128.1753;-949.5958;-2392.094
44309;194.6942;-1007.464;-2479.44
44342;195.1259;-1007.527;-2479.688
44376;128.4287;-950.1548;-2391.5
44410;128.3671;-949.9267;-2391.586
44443;187.6301;-1009.756;-2479.379
44494;128.0968;-950.1698;-2391.569
44511;187.5117;-1014.763;-2478.679
44544;128.2323;-950.237;-2391.892
44578;190.1122;-1013.541;-2479.013
44612;128.1279;-950.744;-2392.49
44646;182.4187;-1007.394;-2480.818
44679;185.6686;-1009.117;-2481.008
44713;188.0347;-1008.293;-2481.493
44747;190.4552;-1006.554;-2481.99
44780;183.2899;-991.6036;-2484.947
44814;183.5827;-992.1005;-2484.982
44848;183.939;-992.064;-2484.917
44881;183.8943;-991.9733;-2484.665
44915;126.5738;-951.1479;-2393.157
44949;126.2896;-951.0474;-2393.126
44993;125.5827;-950.6644;-2393.079
45003;125.843;-950.5345;-2392.96
45053;127.1694;-950.4651;-2392.597
45087;127.682;-950.2427;-2392.404
45121;128.8244;-949.8624;-2392.069
45154;129.3268;-950.2389;-2391.941
45188;129.8003;-950.7753;-2391.649
45205;130.0272;-951.4468;-2391.548
45239;129.2632;-952.0618;-2391.169
45272;129.3055;-952.1292;-2391.045
45307;128.5928;-952.0523;-2391.019
45341;128.6403;-952.1581;-2391.069
45374;180.6517;-993.7695;-2482.306
45408;180.4388;-993.4728;-2482.356
45442;180.4323;-993.0972;-2482.527
45475;180.3043;-993.1569;-2482.542
45509;179.921;-993.2775;-2482.366
45543;179.9435;-993.2856;-2482.486
45576;180.2218;-993.829;-2483.171
45610;180.0526;-993.4429;-2483.198
45644;179.8405;-993.0648;-2483.131
45678;179.8337;-993.1459;-2483.147
45711;180.0152;-993.8196;-2482.983
45745;180.2065;-994.3203;-2482.665
45779;180.4173;-994.5945;-2482.611
45812;180.705;-994.8069;-2482.48
45846;180.7278;-994.2273;-2482.652
45880;181.167;-994.1409;-2482.462
45913;181.155;-993.7158;-2481.95
45947;181.1911;-993.567;-2481.908
45981;180.9286;-993.1573;-2481.868
46014;180.9792;-992.616;-2482.196
46048;180.8935;-992.64;-2482.163
46082;181.2725;-992.0404;-2481.95
46115;182.4189;-991.0538;-2482.166
46149;182.1248;-990.7847;-2481.702
46183;183.8085;-989.7935;-2481.998
46217;198.7525;-1000.123;-2485.214
46250;198.8864;-1001.722;-2483.932
46284;198.7475;-1003.154;-2482.68
46318;198.5682;-1003.119;-2482.867
46351;199.1365;-1003.737;-2483.566
46385;199.4625;-1004.013;-2483.436
46419;200.3567;-1003.857;-2483.438
46436;182.7973;-995.1189;-2481.133
46486;200.3948;-1003.463;-2484.093
46503;182.3954;-996.0536;-2480.962
46537;182.2975;-995.8006;-2481.296
46587;182.4538;-995.8906;-2481.019
46604;182.4371;-995.7649;-2481.127
46638;187.1581;-1000.562;-2482.469
46688;182.3948;-995.0222;-2481.18
46722;186.7967;-1000.139;-2481.576
46756;181.8772;-995.1414;-2480.712
46775;194.0227;-1004.061;-2483.033
46823;196.8286;-1004.24;-2482.467
46857;197.7046;-1003.055;-2483.452
46891;198.2751;-1003.053;-2483.221
46907;199.1736;-1002.181;-2482.882
46941;200.0054;-1001.545;-2483.74
46975;201.0763;-1000.654;-2483.646
47009;202.5844;-999.7515;-2483.852
47042;202.3828;-999.1987;-2484.228
47076;202.4894;-998.0963;-2484.595
47110;180.7686;-989.5637;-2480.509
47160;180.3452;-989.1656;-2480.451
47177;179.7707;-988.7988;-2480.535
47211;179.86;-987.7922;-2480.506
47244;179.9505;-987.7793;-2480.512
47278;180.6564;-987.3154;-2480.751
47312;181.6686;-986.804;-2481.414
47346;180.3918;-985.0444;-2480.917
47379;179.6745;-983.3592;-2480.828
47413;179.293;-983.5158;-2480.395
47447;179.2736;-983.8408;-2480.369
47480;178.1494;-984.5619;-2479.941
47514;187.7225;-995.1602;-2481.893
47548;177.8801;-985.2157;-2480.068
47582;178.2211;-985.1173;-2480.031
47615;177.5087;-985.8865;-2479.936
47649;177.3758;-985.933;-2479.759
47683;177.0169;-986.3262;-2479.946
47716;152.5839;-961.6373;-2392.018
47758;152.8736;-962.1977;-2392.161
47785;153.558;-961.1163;-2391.513
47819;154.227;-960.6118;-2391.363
47852;154.6839;-961.0188;-2391.651
47886;154.9696;-961.2372;-2391.485
47921;155.5938;-961.5718;-2391.9
47956;155.9645;-961.6918;-2392.061
47989;156.184;-961.5853;-2392.131
48023;155.8977;-962.5447;-2392.537
48057;155.9105;-961.8416;-2391.895
48076;155.8305;-961.6972;-2391.819
48127;155.7428;-961.6133;-2392.029
48148;155.8625;-962.0162;-2392.303
48184;156.7881;-960.4036;-2391.705
48225;156.0567;-961.2529;-2392.447
48253;156.1392;-961.4715;-2392.904
48285;156.4777;-961.5624;-2393.082
48319;156.5015;-961.7036;-2393.286
48352;157.2472;-961.6705;-2393.46
48386;157.6736;-962.178;-2393.668
48420;158.1344;-963.7208;-2393.946
48453;195.0428;-1010.736;-2479.665
48487;199.7054;-1009.981;-2479.268
48521;201.23;-1009.719;-2482.621
48555;201.5376;-1008.45;-2482.875
48588;201.1827;-1008.714;-2482.717
48607;200.9592;-1008.854;-2482.932
48641;202.223;-1006.961;-2485.018
48689;156.821;-969.5427;-2395.482
48710;156.4056;-969.5366;-2395.217
48757;156.6976;-969.58;-2395.164
48774;157.4138;-969.6719;-2394.979
48824;157.5022;-969.7104;-2394.99
48841;207.3618;-1004.589;-2484.206
48874;158.7801;-970.499;-2395.396
48909;159.0718;-970.5458;-2395.514
48943;159.2004;-971.0079;-2395.176
48976;159.3784;-971.2331;-2395.166
49009;160.7411;-972.4641;-2395.605
49043;160.856;-972.6987;-2395.328
49077;192.3234;-1011.401;-2482.547
49110;161.6571;-975.243;-2396.55
49162;162.4447;-975.0154;-2396.696
49178;162.9603;-974.7995;-2396.574
49212;162.6301;-973.6083;-2395.465
49245;161.4264;-972.3269;-2394.66
49279;183.8053;-1007.659;-2478.572
49313;160.6607;-972.4742;-2394.919
49346;159.1348;-970.4085;-2392.883
49380;158.9869;-969.3094;-2392.119
49414;157.7058;-967.9816;-2391.345
49447;177.9327;-990.7034;-2478.936
49481;177.9041;-989.9508;-2481.034
49515;180.4893;-988.0231;-2482.352
49549;180.5202;-987.395;-2482.028
49582;180.4725;-987.2267;-2481.658
49616;180.3709;-987.1024;-2481.591
49650;187.7789;-994.4528;-2483.976
49683;187.9987;-994.3336;-2484.135
49717;187.0286;-995.1084;-2482.433
49751;186.8839;-995.0759;-2482.371
49784;179.7335;-988.1616;-2480.24
49818;179.899;-988.6741;-2480.324
49852;157.7966;-965.0859;-2390.826
49886;157.3744;-965.8372;-2391.165
49919;157.4744;-966.0942;-2391.277
49953;157.7621;-966.3704;-2391.377
49987;158.0018;-967.8919;-2392.322
50021;160.5688;-971.5549;-2394.116
50054;160.9223;-968.7513;-2392.581
50088;160.8944;-968.0204;-2392.343
50122;160.0916;-966.6616;-2391.966
50155;159.7489;-966.5052;-2392.066
50189;159.7088;-966.4861;-2392.126
50223;159.1115;-966.0677;-2392.092
50256;158.8;-966.0021;-2392.386
50291;159.096;-965.6552;-2392.565
50313;159.0786;-965.0714;-2392.59
50346;159.5914;-964.6095;-2393.119
50380;159.9919;-964.4508;-2393.422
50413;160.1527;-964.4768;-2393.556
50447;160.2566;-964.9398;-2393.724
50481;160.0853;-965.3433;-2393.785
50514;161.2471;-966.0374;-2394.287
50548;161.4956;-967.4085;-2395.047
50582;161.8448;-967.811;-2395.196
50615;161.5747;-967.9656;-2395.275
50649;199.9805;-1010.181;-2485.002
50685;201.2687;-1009.969;-2484.942
50705;161.8742;-970.6196;-2395.738
50756;160.7702;-970.8164;-2395.578
50773;204.8554;-1008.802;-2483.945
50807;160.3365;-971.2115;-2395.473
50858;159.8253;-971.4789;-2395.414
50874;159.9262;-971.9828;-2395.761
50924;160.1884;-971.8717;-2395.746
50943;160.5631;-972.0092;-2395.625
50992;161.4069;-972.5013;-2395.854
51009;189.9481;-1015.335;-2480.55
51059;189.8256;-1015.822;-2480.426
51082;162.9366;-974.2093;-2396.421
51112;186.7377;-1013.479;-2479.679
51146;164.3395;-975.5219;-2397.105
51179;164.6924;-975.2329;-2396.845
51214;165.1003;-973.7277;-2395.544
51247;165.0748;-973.6812;-2395.648
51280;164.983;-973.1738;-2395.55
51315;164.8506;-973.2051;-2395.367
51348;191.3582;-1006.499;-2482.827
51381;163.8908;-972.1047;-2394.959
51415;163.0264;-969.62;-2394.014
51457;162.4908;-968.3994;-2393.757
51483;161.2327;-966.8809;-2392.994
51516;159.5176;-963.9991;-2391.546
51550;158.582;-963.0093;-2391.018
51584;157.7703;-962.2632;-2390.344
51617;157.5784;-962.2857;-2390.258
51651;158.437;-959.1838;-2388.616
51685;158.3589;-959.5453;-2388.28
51718;157.9229;-962.45;-2389.69
51752;158.8683;-960.9327;-2388.586
51786;159.0058;-960.8582;-2388.448
51820;158.6606;-961.8239;-2388.537
51853;158.3715;-963.2222;-2389.135
51887;160.517;-966.9278;-2390.108
51908;160.269;-966.8871;-2389.957
51954;160.8572;-969.0804;-2389.918
51988;160.1693;-970.5568;-2390.333
52022;159.9938;-971.0187;-2390.508
52055;160.3333;-969.1816;-2389.667
52073;160.5755;-968.8774;-2390.163
52106;160.6557;-970.4419;-2391.759
52156;160.0875;-968.9975;-2391.578
52173;159.6914;-968.2577;-2392.043
52207;159.7164;-968.2677;-2392.519
52257;159.2425;-966.5143;-2392.532
52274;157.9128;-965.3387;-2391.755
52325;158.2073;-965.0088;-2392.078
52359;157.537;-964.1782;-2391.768
52375;158.9103;-962.2911;-2391.078
52409;159.3218;-962.0731;-2391.065
52443;159.4606;-961.9726;-2390.987
52476;159.2259;-963.2709;-2391.334
52510;159.8366;-964.3283;-2391.999
52546;160.5279;-965.1275;-2392.5
52580;160.7241;-967.1759;-2392.878
52613;160.6796;-967.4971;-2392.842
52647;160.2079;-967.5336;-2392.597
52681;160.0466;-967.9691;-2392.435
52714;180.6188;-994.5699;-2482.148
52748;181.9745;-995.3287;-2482.358
52782;182.6003;-995.3792;-2482.588
52815;183.739;-996.4238;-2482.857
52849;203.2666;-1002.055;-2485.926
52883;202.6177;-1003.058;-2485.601
52917;182.5931;-998.0504;-2482.308
52951;207.4733;-1001.303;-2485.707
52984;206.6419;-1003.02;-2484.09
53018;205.3566;-1005.564;-2483.115
53052;205.4727;-1005.512;-2483.458
53089;205.3784;-1005.813;-2483.408
53123;204.1097;-1006.667;-2482.736
53157;203.3456;-1007.046;-2482.723
53175;203.1287;-1007.329;-2483.505
53224;202.2828;-1006.272;-2484.197
53243;201.558;-1006.816;-2482.934
53275;201.5458;-1005.952;-2483.469
53308;201.6993;-1005.476;-2483.674
53342;199.3511;-1005.366;-2483.058
53393;199.3675;-1004.587;-2483.571
53410;198.3234;-1005.075;-2483.431
53443;158.0872;-950.6914;-2384.904
53494;157.7645;-949.9166;-2385.053
53527;161.5807;-969.3298;-2393.976
53545;160.3849;-966.4648;-2392.822
53578;159.8978;-966.239;-2392.269
53612;159.208;-966.4897;-2392.264
53645;158.9256;-966.5454;-2392.17
53696;160.8146;-967.0041;-2393.029
53713;160.7225;-967.1008;-2392.936
53752;160.4385;-967.3932;-2392.858
53786;160.7543;-969.8801;-2392.299
53819;160.9747;-969.7183;-2392.342
53853;160.8464;-969.9061;-2392.461
53887;160.8219;-969.806;-2392.536
53920;160.9259;-969.6214;-2392.904
53954;161.1181;-969.6678;-2393.095
53988;160.5838;-969.1315;-2393.263
54021;160.3869;-968.8312;-2393.201
54055;160.1303;-968.3669;-2393.174
54089;160.2732;-967.6072;-2393.348
54123;160.091;-966.9676;-2393.424
54157;160.2808;-966.5269;-2393.234
54190;160.0335;-966.1309;-2393.051
54225;160.622;-966.0505;-2393.126
54257;163.0376;-963.7847;-2392.364
54293;164.1562;-965.9067;-2393.586
54325;164.0166;-965.7933;-2393.296
54358;162.7967;-968.9434;-2394.323
54392;204.0866;-1004.023;-2486.83
54409;204.9136;-1003.033;-2485.618
54460;204.8407;-1003.16;-2485.654
54476;203.5565;-1004.591;-2486.182
54527;204.4182;-1003.324;-2486.487
54544;204.72;-1002.748;-2486.445
54577;204.9317;-1001.512;-2486.726
54628;205.3216;-1001.135;-2486.663
54645;205.9351;-1000.297;-2486.37
54695;182.233;-996.3896;-2480.307
54729;181.7971;-996.9974;-2479.839
54751;160.8058;-973.1879;-2394.134
54783;206.7973;-1002.74;-2482.69
54816;162.3856;-975.0933;-2394.927
54850;196.1299;-1009.67;-2481.688
54884;196.8572;-1009.73;-2481.683
54917;163.3083;-976.8621;-2395.594
54951;192.369;-1013.265;-2479.173
54985;195.1554;-1011.598;-2478.754
55036;195.8721;-1011.033;-2479.155
55052;195.0739;-1011.644;-2479.246
55088;196.0007;-1011.049;-2479.393
55120;196.8335;-1010.48;-2479.611
55154;196.256;-1010.278;-2480.048
55193;196.4876;-1009.718;-2480.57
55209;196.4703;-1009.51;-2481.129
55248;195.1082;-1009.786;-2481.164
55273;194.8106;-1009.921;-2481.187
55314;195.3904;-1008.61;-2481.776
55357;162.638;-971.9952;-2393.387
55388;161.3251;-971.0121;-2392.675
55422;160.5769;-969.5151;-2391.743
55455;160.2717;-969.4722;-2391.689
55489;159.599;-969.189;-2391.695
55507;158.0959;-968.1056;-2390.909
55557;159.5338;-965.5289;-2389.771
55591;158.7094;-968.0349;-2390.996
55608;159.0059;-968.1669;-2391.103
55659;160.0912;-966.8741;-2390.394
55675;160.0029;-967.528;-2390.284
55711;159.9275;-968.4105;-2390.69
55745;159.9844;-968.8384;-2390.868
55778;159.6795;-969.043;-2390.927
55812;159.7016;-968.9872;-2391.079
55846;159.8784;-969.1302;-2391.517
55879;160.7135;-970.3846;-2393.185
55913;161.4998;-970.5131;-2394.068
55947;161.5985;-970.0275;-2394.399
55980;161.0439;-969.3843;-2394.175
56014;161.2789;-969.051;-2394.056
56048;161.72;-968.6561;-2393.994
56082;162.0539;-968.1341;-2393.721
56115;191.6753;-1006.932;-2480.154
56149;193.2546;-1006.873;-2481.494
56199;193.8732;-1007.882;-2481.083
56216;195.1771;-1007.428;-2481.678
56250;196.7211;-1006.929;-2482.303
56284;197.0563;-1006.667;-2482.527
56317;197.2041;-1006.223;-2482.67
56352;198.7405;-1004.977;-2483.393
56387;200.7583;-1004.314;-2483.998
56421;201.9882;-1003.802;-2484.261
56449;203.2983;-1002.526;-2484.527
56483;204.5013;-1001.229;-2485.01
56516;205.7007;-999.5558;-2485.358
56551;184.3963;-994.7281;-2481.204
56584;184.5753;-994.8409;-2481.32
56634;203.1635;-1000.751;-2483.495
56651;203.4753;-1003.025;-2483.056
56685;203.5782;-1004.539;-2482.794
56718;203.7389;-1005.176;-2481.769
56752;203.6656;-1005.714;-2481.432
56786;203.8823;-1006.55;-2480.767
56820;203.8181;-1006.01;-2481.027
56853;205.1374;-1004.385;-2480.897
56887;204.3416;-1003.793;-2482.174
56921;199.0449;-1009.172;-2481.216
56956;198.2627;-1009.301;-2480.449
56988;197.9911;-1008.804;-2480.673
57005;196.6559;-1008.543;-2481.252
57056;197.5452;-1007.109;-2482.537
57090;195.5941;-1007.317;-2481.806
57123;162.8221;-971.867;-2392.514
57140;162.7393;-971.1185;-2392.867
57175;161.5172;-969.1278;-2392.043
57208;161.4257;-967.7543;-2392.144
57260;161.1357;-966.9928;-2391.833
57275;162.01;-962.7933;-2389.753
57309;160.7625;-964.2863;-2390.315
57343;160.6577;-964.6375;-2390.265
57376;160.3721;-965.2866;-2390.673
57410;160.0506;-965.2494;-2390.533
57461;160.0414;-965.3263;-2390.423
57477;160.5378;-965.5468;-2390.526
57513;160.6578;-965.8295;-2390.79
57549;160.451;-965.9398;-2390.627
57582;160.7241;-966.8038;-2391.382
57616;160.548;-966.9228;-2391.454
57650;160.9092;-966.7234;-2391.429
57683;162.0552;-966.5662;-2392.08
57717;162.2122;-965.5751;-2391.828
57751;161.622;-964.5114;-2391.668
57780;161.4849;-965.0582;-2392.2
57829;161.6358;-964.3095;-2392.094
57846;162.6225;-964.3369;-2392.636
57879;163.0758;-964.4449;-2392.886
57945;162.6088;-965.3367;-2393.401
57971;163.1999;-966.386;-2394.025
57988;163.0882;-967.4946;-2393.879
58022;163.382;-967.8148;-2394.117
58056;163.727;-967.7396;-2394.121
58079;164.0232;-968.7651;-2394.822
58129;164.4669;-969.4998;-2394.871
58146;164.4182;-969.5099;-2394.642
58181;197.4735;-1017.104;-2474.568
58213;200.2947;-1014.8;-2476.948
58246;200.4388;-1014.611;-2477.034
58280;164.478;-974.081;-2396.465
58314;164.6333;-974.0458;-2396.255
58347;164.7825;-974.3226;-2396.171
58398;164.9487;-974.3687;-2396.154
58415;165.2704;-974.6487;-2396.283
58441;186.6292;-1018.292;-2480.858
58483;187.3835;-1017.605;-2481.301
58534;165.6677;-976.7533;-2396.459
58550;185.2447;-1013.531;-2479.641
58584;186.5301;-1013.633;-2479.884
58618;167.5466;-977.7216;-2396.662
58652;166.2362;-993.4926;-2399.636
58685;167.3794;-978.1179;-2396.672
58719;184.41;-1012.031;-2480.038
58753;184.9977;-1012.221;-2479.482
58786;186.1869;-1012.618;-2479.916
58820;187.2979;-1012.606;-2480.283
58855;164.9058;-972.093;-2394.743
58893;164.3044;-971.7679;-2394.624
58925;162.4666;-970.6108;-2394.052
58959;162.1642;-969.5223;-2393.596
58993;161.958;-969.1388;-2393.48
59014;161.3326;-967.9485;-2393.057
59047;159.9246;-966.8748;-2392.053
59081;159.4606;-965.2969;-2390.613
59115;159.0651;-967.2136;-2391.619
59148;158.7637;-967.4586;-2391.434
59183;159.808;-966.2249;-2390.814
59217;159.7889;-966.4538;-2390.824
59251;160.6405;-967.6949;-2390.26
59284;161.0968;-967.8452;-2390.416
59318;161.4428;-969.2244;-2390.275
59352;160.6881;-970.8056;-2391.054
59385;160.5015;-971.1489;-2391.12
59419;160.3649;-971.4849;-2391.354
59453;159.6481;-970.7562;-2390.691
59488;159.6287;-970.9003;-2391.026
59520;159.3867;-970.8501;-2390.999
59554;159.4908;-970.5184;-2390.922
59588;156.6568;-968.4705;-2389.87
59621;188.7349;-1005.409;-2481.709
59656;192.3388;-1005.519;-2484.085
59689;194.1632;-1005.472;-2484.601
59722;195.5697;-1005.123;-2484.612
59756;196.1446;-1005.308;-2484.483
59790;196.973;-1004.834;-2484.945
59823;200.0392;-1001.747;-2487.414
59857;201.9743;-1000.115;-2487.777
59892;202.7679;-999.7672;-2487.74
59924;204.6789;-997.9533;-2487.417
59958;205.7405;-998.4308;-2487.131
59992;206.0225;-998.5388;-2486.995
60026;206.3824;-998.3452;-2487.007
60042;205.6467;-1000.604;-2484.524
60076;206.3517;-999.9393;-2485.908
60110;207.031;-999.5792;-2485.895
60144;207.5528;-999.4731;-2485.832
60177;207.5337;-1000.285;-2485.779
60211;207.9492;-1000.822;-2486.375
60249;207.964;-1001.161;-2486.204
60280;207.154;-1002.614;-2486.065
60314;206.992;-1003.551;-2485.64
60348;206.4918;-1002.694;-2485.886
60381;206.507;-1002.948;-2485.752
60415;205.7232;-1003.538;-2485.426
60449;205.6608;-1003.991;-2484.194
60482;204.8231;-1004.531;-2484.583
60516;204.2165;-1004.375;-2484.726
60550;203.8016;-1004.191;-2484.482
60583;203.0266;-1004.804;-2484.393
60617;201.7359;-1004.641;-2484.915
60657;199.7137;-1004.295;-2485.039
60688;198.507;-1003.833;-2484.551
60734;179.7295;-992.8341;-2479.658
60760;178.4706;-991.8798;-2479.543
60777;178.2438;-991.8086;-2479.287
60811;160.4893;-968.9896;-2391.051
60845;160.9648;-967.4722;-2390.379
60878;160.7803;-968.9246;-2391.099
60912;161.6629;-967.6219;-2390.348
60946;161.2469;-969.1661;-2391.142
60979;161.4604;-969.2576;-2390.862
61013;161.6938;-970.6536;-2390.434
61047;162.0762;-970.7203;-2390.303
61080;162.7979;-971.5471;-2390.334
61114;162.8587;-971.4782;-2390.293
61148;162.6486;-972.1163;-2389.892
61182;162.4148;-971.9667;-2390.005
61215;162.3979;-972.0112;-2390.02
61249;162.199;-971.7717;-2390.215
61283;160.2939;-970.6915;-2389.684
61316;160.3181;-969.5066;-2390.049
61337;159.9995;-968.9858;-2389.915
61384;159.4882;-966.8166;-2389.652
61418;159.4214;-965.8922;-2389.639
61451;159.897;-966.3452;-2390.213
61485;160.8741;-966.0021;-2390.424
61519;161.177;-965.9041;-2390.439
61564;196.6163;-1005.71;-2481.554
61591;198.6019;-1005.473;-2482.151
61607;200.7113;-1005.39;-2482.944
61657;201.6706;-1005.932;-2482.552
61692;201.8306;-1004.912;-2484.37
61713;202.695;-1003.929;-2484.208
61763;204.0331;-1002.947;-2484.402
61796;183.6626;-994.1629;-2481.732
61830;204.5565;-1000.741;-2485.96
61847;206.0433;-1000.186;-2486.228
61881;185.5453;-995.7235;-2482.156
61914;186.0001;-995.386;-2482.032
61948;208.2115;-998.4046;-2485.871
61982;185.5064;-995.9351;-2481.936
62032;186.6332;-996.994;-2482.431
62049;186.9059;-997.8002;-2482.009
62100;203.1108;-1003.095;-2484.173
62117;205.4016;-1002.534;-2484.601
62150;184.8237;-999.0721;-2480.701
62184;202.9092;-1004.694;-2483.02
62218;202.7449;-1005.113;-2483.338
62251;201.0975;-1007.31;-2480.095
62285;200.9383;-1007.588;-2479.713
62319;196.1247;-1011.716;-2479.152
62353;167.8194;-978.0856;-2396.644
62370;192.7876;-1008.125;-2481.85
62404;163.1525;-974.9045;-2394.937
62454;162.8521;-973.0128;-2394.346
62488;160.8541;-970.3685;-2393.171
62521;160.7098;-969.3519;-2393.029
62538;160.166;-968.9082;-2392.926
62589;159.1506;-967.889;-2392.676
62606;159.114;-967.7551;-2392.515
62656;158.8;-967.3919;-2392.241
62673;159.8301;-964.5483;-2390.784
62724;159.0831;-966.1978;-2391.269
62740;159.6497;-966.2141;-2390.62
62791;159.763;-966.2626;-2390.514
62808;159.2614;-965.9602;-2389.737
62842;158.5174;-966.712;-2389.933
62892;158.3194;-966.8641;-2389.864
62909;158.6912;-967.1423;-2390.113
62943;159.4497;-968.0227;-2390.784
62976;160.6277;-969.6035;-2392.037
63010;160.3224;-969.6811;-2392.085
63061;160.0807;-970.1013;-2392.287
63077;160.5337;-969.8297;-2392.459
63111;160.6349;-969.077;-2392.2
63145;159.9866;-967.8688;-2391.444
63195;159.9879;-967.4731;-2391.493
63212;160.1819;-967.4294;-2391.813
63263;187.2732;-1005.794;-2480.334
63280;190.2873;-1006.995;-2481.54
63313;191.4567;-1006.979;-2481.712
63347;160.2233;-969.8209;-2393.285
63381;190.4468;-1007.304;-2481.825
63414;192.8629;-1007.581;-2482.412
63448;192.9105;-1008.267;-2481.886
63482;195.3896;-1006.91;-2482.712
63515;196.9791;-1006.502;-2482.827
63549;199.1027;-1006.29;-2482.873
63583;202.5772;-1002.842;-2489.789
63616;204.3197;-1001.869;-2489.014
63650;204.5036;-1002.209;-2488.228
63684;206.0574;-1000.986;-2487.17
63718;207.2998;-999.5376;-2485.748
63751;207.6014;-998.754;-2485.908
63785;208.3271;-998.4224;-2484.763
63819;208.4449;-998.5353;-2484.649
63852;208.4669;-999.4277;-2484.215
63886;207.4692;-1001.102;-2484.323
63920;207.3255;-1001.61;-2482.834
63954;206.9132;-1003.435;-2483.035
63977;206.7095;-1003.746;-2482.948
64025;205.7728;-1002.637;-2483.848
64059;205.2485;-1003.098;-2483.903
64092;205.2843;-1003.126;-2484.028
64126;205.0931;-1003.036;-2484.204
64160;204.0054;-1002.67;-2484.378
64177;203.2616;-1002.566;-2484.496
64227;202.7146;-1002.962;-2484.168
64261;201.1155;-1002.871;-2484.963
64278;200.2523;-1002.666;-2484.698
64312;199.635;-1002.294;-2484.469
64364;199.0814;-1002.059;-2484.738
64379;198.0469;-1002.034;-2484.699
64413;181.0636;-992.0195;-2479.456
64448;181.0495;-991.5551;-2479.374
64482;180.9737;-991.9454;-2479.347
64516;180.4069;-992.071;-2478.561
64550;158.7934;-972.4787;-2390.16
64583;158.8893;-972.7646;-2390.5
64617;159.588;-973.54;-2390.385
64651;159.8344;-973.336;-2390.071
64685;161.0805;-974.9984;-2390.312
64718;161.1164;-974.9832;-2390.202
64752;161.5208;-974.9528;-2390.592
64786;162.0823;-976.3399;-2391.024
64819;161.8246;-976.6797;-2390.783
64853;161.6001;-976.7455;-2390.624
64887;161.7869;-976.8097;-2390.735
64920;162.0778;-976.5261;-2390.603
64954;162.14;-976.9776;-2390.857
64988;162.1151;-976.9395;-2390.881
65022;162.1472;-976.9565;-2391.201
65055;161.966;-976.5749;-2391.413
65089;160.9695;-974.7311;-2390.627
65124;160.9163;-972.2924;-2390.349
65158;163.3498;-971.2488;-2390.475
65191;163.0643;-970.3871;-2390.132
65225;163.6624;-969.846;-2389.885
65260;162.4081;-969.9559;-2389.923
65280;161.6698;-970.0143;-2389.9
65322;161.4436;-970.0233;-2389.702
65356;161.5433;-970.2709;-2389.844
65390;161.7299;-970.3647;-2389.829
65423;161.7293;-970.3102;-2389.808
65457;161.9358;-971.1054;-2389.817
65491;161.7301;-970.9819;-2389.538
65524;162.1776;-970.9471;-2389.394
65558;162.9777;-970.781;-2389.286
65592;163.1436;-971.8494;-2389.489
65625;163.0898;-971.8195;-2388.901
65659;184.4613;-997.7282;-2480.091
65693;184.4268;-997.6481;-2480.362
65727;184.9445;-997.1403;-2480.461
65774;184.6327;-997.5522;-2480.133
65783;184.8396;-998.1372;-2480.288
65818;185.0291;-998.7494;-2480.177
65850;184.938;-998.7592;-2480.31
65884;169.434;-975.0415;-2391.296
65917;169.3932;-975.6904;-2391.518
65952;168.7861;-975.5833;-2391.177
65985;169.7041;-975.7233;-2391.869
66019;169.5536;-976.3263;-2392.142
66052;169.4587;-976.3326;-2392.065
66086;169.5434;-976.2784;-2392.305
66121;169.5945;-976.3234;-2392.325
66153;169.7057;-976.328;-2392.342
66187;170.1611;-976.6467;-2392.953
66212;169.6307;-976.1901;-2392.589
66255;170.3007;-976.3486;-2392.818
66281;170.099;-976.5556;-2392.642
66330;170.0218;-976.3247;-2392.399
66347;169.9688;-975.8004;-2392.149
66397;169.7085;-975.8022;-2391.497
66432;170.0389;-976.3176;-2391.837
66451;169.8194;-975.7544;-2391.34
66484;170.2268;-976.4305;-2392.333
66517;169.6486;-976.4536;-2392.089
66551;169.03;-976.5902;-2392.109
66585;168.8326;-976.6351;-2392.071
66619;168.4106;-976.7365;-2392.014
66653;168.084;-976.3859;-2391.856
66686;167.6939;-976.5448;-2391.846
66720;167.0974;-976.668;-2391.683
66754;166.5729;-976.2457;-2391.097
66787;166.7224;-976.6265;-2391.313
66821;166.6436;-977.1514;-2391.151
66854;166.5023;-977.1507;-2391.144
66888;166.4687;-976.718;-2391.198
66922;166.4769;-976.707;-2391.221
66955;166.2016;-976.518;-2390.984
66989;166.1039;-976.2479;-2390.773
67023;165.9994;-976.536;-2390.868
67057;166.4137;-977.1666;-2391.268
67090;166.3549;-977.0845;-2391.181
67124;165.8111;-977.4119;-2391.319
67158;165.7766;-977.3194;-2391.312
67191;165.7436;-977.3538;-2391.328
67225;165.5563;-977.1824;-2391.159
67259;165.5919;-976.5112;-2390.959
67293;165.4618;-976.5684;-2390.947
67326;165.4308;-976.5603;-2390.919
67360;165.3941;-976.7259;-2391.04
67382;165.4097;-976.5291;-2390.957
67421;165.0864;-976.7067;-2390.931
67457;164.8606;-976.7181;-2391.012
67481;164.7682;-976.7188;-2390.98
67514;164.6167;-976.6431;-2390.872
67547;164.8016;-976.696;-2390.927
67582;165.0504;-976.069;-2390.937
67615;165.0016;-976.0983;-2390.943
67649;164.7953;-975.9857;-2390.864
67682;164.675;-976.0909;-2390.852
67716;164.7287;-976.3479;-2390.938
67750;165.1283;-976.6088;-2391.296
67800;165.2596;-976.6583;-2391.37
67817;165.693;-976.5654;-2391.434
67868;165.6547;-976.8324;-2391.582
67901;165.4709;-976.4355;-2390.97
67918;165.4565;-976.1838;-2390.683
67952;164.8558;-976.2987;-2390.111
67985;164.8133;-976.3752;-2390.112
68019;166.6249;-976.222;-2390.494
68070;166.9399;-976.0556;-2390.658
68087;167.0156;-975.8452;-2390.498
68121;167.2479;-975.734;-2390.54
68154;167.2567;-975.384;-2390.331
68188;167.2616;-975.4404;-2390.374
68221;166.02;-978.1004;-2391.552
68255;166.1828;-978.1912;-2391.761
68290;200.8685;-1010.146;-2480.238
68306;199.9146;-1010.06;-2481.197
68348;198.973;-1010.833;-2480.962
68381;198.1334;-1011.672;-2480.848
68424;198.1986;-1011.225;-2481.477
68456;198.144;-1011.321;-2481.116
68492;197.8159;-1011.6;-2480.885
68524;197.5554;-1011.461;-2480.727
68568;165.5885;-977.7752;-2392.001
68581;190.0173;-1012.407;-2480.296
68630;190.7711;-1012.051;-2480.523
68647;190.4541;-1013.573;-2478.899
68681;190.973;-1012.741;-2479.388
68731;189.7615;-1014.208;-2479.315
68748;190.6994;-1013.671;-2479.672
68782;193.3078;-1011.789;-2480.667
68815;193.3759;-1011.902;-2480.902
68849;162.4518;-956.655;-2381.539
68883;188.4429;-1013.572;-2481.659
68916;188.6719;-1013.562;-2481.708
68950;188.0556;-1013.885;-2481.862
68984;187.678;-1014.771;-2480.82
69017;186.688;-1015.978;-2478.277
69068;187.674;-1014.923;-2478.904
69102;192.0362;-1012.127;-2477.402
69122;194.3969;-1009.944;-2478.224
69155;194.4498;-1009.872;-2478.264
69189;195.0793;-1008.939;-2479.544
69223;194.9114;-1008.924;-2479.69
69256;194.8696;-1008.828;-2479.722
69290;196.9684;-1006.273;-2481.384
69324;196.0227;-1007.014;-2481.542
69357;195.6255;-1007.333;-2481.549
69391;195.8364;-1007.091;-2481.413
69425;195.5757;-1006.844;-2481.894
69459;169.698;-976.6257;-2390.471
69492;190.0574;-1006.551;-2481.146
69527;189.974;-1007.802;-2480.423
69551;191.3014;-1008.425;-2480.264
69587;190.3676;-1009.558;-2480.242
69616;170.9833;-978.2471;-2392.323
69647;170.6455;-978.1133;-2392.006
69680;184.4422;-1006.728;-2480.261
69714;186.0276;-1007.961;-2481.135
69748;186.8515;-1008.292;-2481.774
69781;188.8632;-1007.637;-2482.544
69815;189.839;-1007.495;-2483.208
69849;190.8383;-1006.665;-2483.98
69882;193.3799;-1005.696;-2484.396
69916;193.7658;-1005.993;-2484.39
69967;194.4272;-1006.033;-2484.382
69984;194.5288;-1005.63;-2484.591
70017;194.6871;-1005.8;-2483.886
70051;180.6904;-997.9538;-2479.467
70085;190.7719;-1004.086;-2482.565
70118;189.8389;-1006.216;-2482.002
70152;181.193;-997.5678;-2478.36
70186;187.1609;-1002.02;-2480.202
70219;188.6706;-1003.188;-2480.467
70253;181.7712;-997.5858;-2477.775
70287;194.4419;-1004.632;-2481.219
70320;194.4049;-1004.852;-2481.284
70354;194.8099;-1004.749;-2481.638
70388;195.5386;-1004.475;-2481.648
70422;195.9573;-1004.866;-2482.843
70455;196.079;-1005.25;-2483.206
70489;196.3832;-1004.731;-2485.058
70524;198.4815;-1002.646;-2483.238
70559;199.1879;-1002.304;-2482.886
70593;200.0392;-1001.625;-2483.158
70627;200.2322;-1001.655;-2483.212
70661;200.5453;-1001.633;-2483.607
70686;200.8573;-1001.536;-2483.713
70720;200.7766;-1001.554;-2484.221
70778;200.6032;-1001.937;-2484.164
70791;200.5166;-1002.637;-2483.237
70825;200.9239;-1002.569;-2483.275
70859;200.8423;-1002.79;-2482.703
70893;200.0655;-1003.655;-2483.58
70927;200.4116;-1003.064;-2484.183
70961;199.3142;-1005.305;-2484.51
70994;200.2988;-1004.683;-2483.844
71028;200.7139;-1004.661;-2483.994
71062;200.7757;-1004.894;-2484.042
71095;201.1595;-1004.707;-2484.188
71129;201.4544;-1004.574;-2483.635
71146;201.4309;-1004.125;-2483.345
71196;203.4029;-1002.377;-2486.532
71231;203.1367;-1002.147;-2486.632
71264;202.5657;-1001.892;-2486.421
71297;203.1585;-1001.583;-2486.008
71331;203.3696;-999.0252;-2489.981
71365;204.4052;-998.6711;-2489.831
71401;204.0389;-998.1321;-2488.426
71422;203.9244;-998.169;-2488.5
71466;204.0046;-999.9901;-2488.714
71500;235.8587;-984.1992;-2486.413
71534;205.4729;-998.3023;-2490.901
71552;204.9246;-998.3212;-2490.351
71584;214.3787;-981.9963;-2486.313
71630;215.0425;-980.6846;-2485.356
71669;211.2173;-988.0776;-2487.181
71686;209.7468;-990.2085;-2487.581
71719;213.3562;-983.5502;-2484.307
71753;211.4159;-987.1725;-2485.35
71787;210.3461;-988.5704;-2486.287
71820;209.7974;-988.2565;-2486.28
71871;213.0834;-982.2285;-2484.315
71905;210.9328;-984.6111;-2486.884
71938;209.6733;-987.1027;-2486.586
71972;207.4731;-990.4262;-2487.186
72006;207.0192;-990.7238;-2487.168
72023;205.4834;-991.0048;-2486.652
72056;204.893;-991.0612;-2484.779
72090;204.1815;-991.9682;-2484.9
72141;203.6801;-991.3124;-2483.953
72157;203.574;-991.2133;-2483.737
72193;202.8382;-991.3831;-2484.177
72225;202.163;-991.9186;-2484.144
72259;201.8223;-992.4081;-2484.249
72292;201.5425;-992.7601;-2484.45
72326;201.3834;-992.826;-2484.723
72360;201.4316;-993.2266;-2484.718
72396;201.1525;-993.7856;-2484.775
72435;201.063;-993.0471;-2485.862
72469;200.9946;-993.1901;-2485.62
72504;213.1456;-982.0915;-2482.739
72525;206.2278;-985.0484;-2484.125
72559;203.5426;-990.9041;-2483.068
72593;202.7376;-991.5326;-2482.987
72627;202.3743;-991.6099;-2482.828
72661;202.0239;-991.9233;-2482.865
72694;200.6868;-992.7082;-2484.282
72728;201.0004;-991.8003;-2484.126
72762;200.5289;-990.7454;-2483.811
72795;199.914;-991.2583;-2484.49
72829;199.8267;-991.4053;-2484.864
72863;199.679;-991.3009;-2485.103
72896;199.03;-991.7571;-2486.275
72930;200.9228;-991.2843;-2485.056
72969;200.9966;-991.4036;-2485.016
72997;200.5851;-992.1835;-2485.26
73032;200.8012;-992.4727;-2485.847
73055;200.5338;-993.4779;-2485.894
73100;200.4489;-994.1033;-2485.069
73128;200.5461;-994.0261;-2485.616
73161;210.5285;-982.8233;-2483.294
73195;202.179;-991.7162;-2486.511
73216;201.2661;-994.7414;-2485.764
73265;201.4778;-994.982;-2485.802
73299;201.3028;-995.792;-2486.391
73339;201.8965;-995.4031;-2486.584
73355;201.5588;-997.0597;-2486.099
73393;201.8881;-997.308;-2485.74
73440;203.0891;-997.8572;-2485.788
73473;203.4477;-998.8461;-2485.813
73507;203.3813;-999.2139;-2485.667
73541;203.7858;-999.7726;-2485.62
73557;203.6564;-1000.173;-2485.359
73609;182.701;-997.2555;-2478.805
73625;182.2536;-998.1757;-2478.695
73676;146.2782;-974.3134;-2386.685
73692;189.2077;-1009.797;-2479.883
73726;189.2989;-1011.133;-2479.341
73759;191.3637;-1012.121;-2479.69
73793;192.1114;-1012.487;-2479.995
73827;193.1846;-1012.333;-2479.579
73885;191.5435;-1014.138;-2477.754
73951;191.6959;-1014.101;-2480.472
73981;191.6279;-1014.387;-2480.905
74034;185.2971;-1018.631;-2478.944
74072;187.3414;-1017.08;-2482.148
74102;188.6219;-1016.482;-2481.787
74118;189.9998;-1014.624;-2488.352
74152;190.2571;-1014.349;-2488.16
74186;142.0435;-968.3029;-2389.62
74236;190.7615;-1014.2;-2484.847
74253;141.0531;-969.9063;-2390.503
74287;188.1568;-1013.741;-2484.159
74323;137.4178;-993.8463;-2394.563
74371;137.3006;-994.0535;-2394.626
74388;140.9823;-970.018;-2391.369
74421;184.3477;-1019.846;-2476.689
74455;184.9953;-1019.749;-2474.637
74489;186.1557;-1019.143;-2473.255
74545;140.2693;-968.1206;-2391.526
74557;193.1192;-1016.774;-2479.001
74591;192.8551;-1017.226;-2478.807
74625;141.3435;-968.2232;-2392.375
74658;196.8755;-1015.6;-2482.508
74692;195.9914;-1015.839;-2482.239
74726;140.7679;-969.3807;-2392.97
74759;190.286;-1018.003;-2480.122
74793;141.0791;-968.8032;-2392.689
74827;193.0335;-1016.515;-2480.759
74860;190.7765;-1018.362;-2476.323
74894;189.4595;-1019.067;-2475.677
74928;191.1738;-1018.635;-2477.347
74949;139.8664;-967.9681;-2392.231
74997;139.5175;-968.4077;-2392.552
75013;139.1005;-969.2601;-2392.955
75047;139.86;-967.8948;-2392.207
75097;140.125;-968.0635;-2392.267
75117;141.2134;-969.1007;-2393.348
75151;140.7132;-969.2534;-2393.55
75201;140.5639;-969.2767;-2393.441
75218;140.0389;-969.3671;-2393.433
75270;140.1405;-969.5065;-2393.469
75286;140.2391;-969.4169;-2393.466
75319;140.0491;-969.5087;-2393.185
75353;140.4929;-969.3651;-2393.042
75387;140.3099;-969.439;-2392.755
75437;140.7332;-970.3376;-2393.112
75454;140.1147;-968.9556;-2391.734
75488;140.3049;-968.7766;-2391.652
75522;140.4221;-969.063;-2391.916
75562;140.7134;-969.0471;-2391.812
75606;140.828;-969.0906;-2391.836
75623;138.6843;-970.8846;-2393.051
75656;191.9575;-1017.489;-2481.094
75690;135.1844;-954.2997;-2387.293
75724;190.0993;-1019.944;-2480.284
75757;135.8149;-954.4081;-2386.992
75791;138.0063;-988.33;-2396.249
75825;137.9688;-991.5503;-2396.719
75858;138.3426;-992.1904;-2396.695
75893;188.4837;-1013.353;-2482.297
75926;188.1774;-1014.362;-2482.507
75960;188.3408;-1014.421;-2482.656
75994;189.1958;-1014.7;-2482.824
76027;189.8497;-1014.564;-2483.317
76061;190.9919;-1014.478;-2483.822
76095;192.6071;-1014.193;-2484.469
76129;195.7988;-1013.054;-2484.964
76162;196.5429;-1012.518;-2485.339
76213;198.7549;-1011.002;-2485.886
76230;199.2566;-1009.749;-2486.119
76263;199.7312;-1009.186;-2485.759
76297;200.2121;-1009.234;-2485.911
76331;200.2704;-1008.743;-2486.527
76365;201.7106;-1006.592;-2487.329
76399;202.4448;-1005.727;-2486.825
76433;202.6573;-1004.819;-2487.135
76467;202.9892;-1004.0;-2487.361
76489;202.4413;-1003.69;-2488.991
76541;202.4386;-1002.608;-2489.213
76564;202.3638;-1001.903;-2490.835
76596;202.11;-1000.998;-2491.007
76630;183.9819;-996.3885;-2484.794
76664;195.3299;-1002.675;-2490.92
76697;181.5316;-1014.348;-2492.464
76731;177.1889;-1019.04;-2494.794
76765;181.9025;-969.4559;-2396.97
76783;184.5882;-970.4499;-2400.306
76832;185.1138;-971.4454;-2401.207
76851;185.9902;-971.4329;-2402.368
76883;185.5968;-965.0765;-2399.569
76934;183.6261;-964.6329;-2399.179
76958;191.2315;-970.6516;-2405.965
76996;194.3392;-965.5867;-2411.117
77026;196.2562;-966.051;-2412.779
77059;203.1679;-967.989;-2412.537
77093;206.9145;-981.5994;-2417.302
77127;213.6193;-981.4584;-2417.887
77160;221.9754;-982.7915;-2416.018
77194;226.8161;-984.7064;-2413.961
77228;213.0402;-1018.582;-2411.805
77278;229.7997;-1016.977;-2409.797
77297;224.5311;-1035.917;-2432.868
77321;205.9734;-1033.732;-2431.361
77367;320.8159;-984.7025;-2432.151
77401;231.8356;-1007.512;-2423.339
77434;324.6026;-1005.593;-2398.065
77468;326.2926;-1006.733;-2395.815
77502;348.0764;-978.0698;-2498.146
77535;290.2448;-984.8344;-2463.144
77569;328.715;-1013.379;-2376.648
77586;331.2974;-1015.189;-2379.589
77636;237.0196;-992.7469;-2445.293
77670;342.482;-1017.562;-2386.806
77704;340.4927;-1017.641;-2385.148
77737;337.4779;-1017.199;-2381.021
77757;310.7214;-911.7224;-2471.789
77809;309.42;-912.5143;-2470.248
77824;321.205;-916.8016;-2467.666
77858;316.2034;-916.3408;-2467.744
77892;314.7632;-915.5072;-2465.363
77925;326.5687;-919.8985;-2472.591
77959;345.025;-933.9436;-2482.116
78010;359.6529;-959.5753;-2489.579
78045;350.6719;-1017.816;-2490.541
78061;340.9196;-1049.141;-2382.582
78094;350.7003;-938.8764;-2478.915
78129;374.9579;-999.1259;-2491.844
78162;351.2607;-1043.401;-2482.907
78195;378.4379;-1006.441;-2408.64
78229;385.3249;-1001.672;-2412.168
78263;392.7584;-1000.76;-2414.787
78281;369.6146;-1030.363;-2476.87
78334;433.7662;-979.536;-2416.715
78368;441.0194;-997.5537;-2416.058
78388;428.4842;-1015.154;-2516.988
78418;484.7672;-956.1545;-2408.431
78452;447.1058;-1002.665;-2478.047
78485;532.9531;-998.1176;-2416.426
78536;540.6692;-997.2793;-2415.351
78570;576.2016;-1002.844;-2423.943
78603;602.5438;-1006.366;-2422.832
78637;620.5131;-1007.132;-2429.422
78671;636.7119;-1004.387;-2426.689
78705;640.7826;-1004.779;-2427.793
78745;530.0303;-1005.421;-2633.013
78770;528.5456;-1010.811;-2634.564
78786;596.5024;-963.5093;-2559.578
78820;598.4019;-965.6954;-2558.366
78876;539.803;-1037.369;-2631.06
78889;609.175;-978.1868;-2560.4
78924;611.7198;-979.8259;-2556.405
78974;623.7919;-1009.653;-2548.059
78990;629.7573;-1008.209;-2547.12
79024;655.7475;-993.2551;-2422.658
79075;655.8875;-993.7533;-2423.163
79091;656.7615;-994.2008;-2424.284
79125;657.4929;-994.0817;-2424.939
79159;659.2084;-992.2733;-2426.573
79193;662.0012;-992.5311;-2427.757
79243;662.1544;-1000.39;-2430.902
79260;666.5334;-1000.057;-2432.492
79293;679.8211;-1003.02;-2442.089
79329;687.5953;-1001.586;-2443.659
79364;696.4327;-1006.211;-2446.601
79405;706.4997;-1009.272;-2453.725
79439;641.4772;-1065.142;-2734.228
79455;662.1286;-1067.955;-2697.272
79489;665.6461;-1074.829;-2695.517
79523;674.5872;-1084.314;-2706.077
79557;673.1095;-1087.107;-2707.989
79590;675.6793;-1039.98;-2721.561
79624;673.7585;-1035.758;-2725.008
79658;674.099;-1033.987;-2726.648
79708;680.824;-1020.789;-2727.242
79745;679.0673;-1041.292;-2731.92
79778;680.486;-1036.671;-2735.347
79793;682.6086;-1030.256;-2739.461
79826;687.601;-1071.546;-2728.517
79860;690.9089;-1071.71;-2726.616
79893;697.4656;-1074.524;-2728.974
79927;704.3065;-1075.513;-2733.981
79961;715.9896;-1080.725;-2738.266
79995;742.2087;-1030.056;-2760.304
80028;725.3182;-1071.332;-2744.512
80062;739.2402;-1081.776;-2758.086
80096;750.5601;-1093.353;-2769.259
80130;862.5724;-1054.061;-2747.36
80152;878.3459;-1066.714;-2753.999
80197;893.5485;-1051.204;-2756.762
80231;903.4618;-1055.58;-2765.52
80270;908.238;-1111.276;-2790.025
80298;911.6996;-1108.813;-2790.719
80332;915.0297;-1109.078;-2795.413
80351;918.4537;-1112.225;-2785.014
80399;922.2131;-1119.749;-2799.663
80433;922.8795;-1125.018;-2803.412
80466;925.2413;-1139.073;-2799.24
80500;915.3232;-1151.281;-2817.612
80534;870.7317;-1089.204;-2872.64
80568;860.6077;-1142.773;-2863.779
80605;854.6505;-1111.556;-2875.069
80628;841.8657;-1120.153;-2854.7
80679;854.6983;-1102.27;-2884.313
80696;839.2897;-1053.477;-2899.063
80746;854.6264;-1098.846;-2884.333
80763;669.5906;-1093.333;-2948.551
80797;664.4681;-1082.347;-2958.68
80831;671.5062;-1093.151;-2950.431
80864;666.5845;-1080.782;-2955.808
80898;668.8452;-1079.982;-2957.945
80932;669.4561;-1082.394;-2957.191
80965;684.9389;-1078.373;-2951.17
80999;684.908;-1079.596;-2953.149
81033;685.3762;-1078.63;-2951.676
81067;681.8675;-1065.881;-2956.199
81100;676.4619;-1081.257;-2958.518
81134;672.4769;-1088.964;-2968.334
81168;676.7749;-1086.198;-2973.72
81202;677.7051;-1085.779;-2980.416
81218;680.0114;-1090.283;-2990.359
81269;684.8826;-1089.304;-2998.547
81302;686.2366;-1088.475;-3006.961
81320;606.6942;-1149.841;-3045.238
81353;647.7154;-1099.274;-2955.294
81387;643.4416;-1104.646;-2959.967
81420;602.0712;-1155.076;-3044.406
81454;597.1742;-1156.255;-3036.486
81505;595.4439;-1147.182;-3037.565
81538;642.0724;-1094.582;-2970.971
81573;599.157;-1153.292;-3035.799
81589;600.2496;-1164.974;-3037.089
81622;645.2897;-1109.372;-2971.207
81656;676.931;-1118.442;-2986.862
81690;677.4648;-1122.155;-2986.073
81724;649.0507;-1181.803;-3047.556
81757;719.9711;-1156.821;-3042.93
81791;744.251;-1187.681;-3093.79
81825;744.6774;-1273.095;-3134.985
81858;792.2789;-1158.801;-3122.814
81892;813.0219;-1174.771;-3170.648
81926;749.2867;-1250.653;-3215.717
81959;768.3223;-1138.97;-3160.116
81993;701.497;-1286.143;-3237.345
82027;705.8956;-1259.247;-3179.624
82061;708.9431;-1251.97;-3186.615
82094;710.0524;-1278.555;-3238.639
82128;713.2422;-1245.458;-3190.611
82162;715.3367;-1253.176;-3189.658
82195;717.9211;-1257.199;-3190.89
82229;722.8979;-1256.407;-3199.081
82263;789.1033;-1129.968;-3202.955
82296;661.754;-1267.585;-3239.216
82330;739.773;-1252.72;-3255.872
82364;875.5358;-1173.552;-3259.537
82397;902.9518;-1207.546;-3328.202
82431;957.1261;-1162.184;-3246.36
82465;963.0788;-1163.314;-3247.445
82499;958.8916;-1163.786;-3273.051
82533;972.055;-1131.898;-3259.246
82567;969.7927;-1147.452;-3251.696
82600;970.3539;-1148.033;-3254.925
82634;969.9586;-1152.251;-3290.047
82669;970.6355;-1154.013;-3256.803
82703;970.199;-1150.431;-3256.245
82737;967.7983;-1173.983;-3259.848
82771;931.3384;-1229.926;-3330.992
82838;933.7078;-1238.722;-3333.748
82906;996.5876;-1198.098;-3327.909
82939;1005.454;-1202.433;-3350.391
82973;987.9018;-1262.524;-3441.293
83007;1000.16;-1256.042;-3488.686
83041;1040.829;-1249.525;-3514.004
83074;1061.023;-1243.282;-3538.029
83108;1062.841;-1246.954;-3543.685
83142;1068.039;-1257.903;-3547.441
83175;969.69;-1205.535;-3491.325
83192;1057.096;-1261.01;-3550.382
83226;1077.336;-1232.188;-3528.977
83260;989.0524;-1193.01;-3493.829
83293;999.5955;-1195.296;-3508.432
83327;1064.091;-1264.294;-3573.342
83361;1103.859;-1249.036;-3537.118
83394;1112.842;-1249.241;-3527.226
83462;1125.607;-1238.663;-3530.211
83496;1049.307;-1181.851;-3476.845
83529;1052.207;-1181.231;-3477.801
83546;1050.414;-1184.105;-3479.865
83580;1051.292;-1181.906;-3480.747
83597;1047.909;-1181.662;-3482.539
83630;1048.548;-1189.776;-3490.074
83664;1052.917;-1181.231;-3494.323
83698;1053.741;-1178.622;-3496.248
83731;1051.289;-1185.535;-3497.354
83765;1051.633;-1183.481;-3498.443
83799;1052.388;-1184.511;-3500.61
83833;1055.105;-1185.023;-3499.249
83866;1053.947;-1183.036;-3502.756
83900;1052.789;-1181.668;-3505.627
83934;1054.279;-1175.71;-3509.855
83967;1053.368;-1180.15;-3515.33
84001;1052.427;-1177.594;-3517.624
84035;1067.94;-1177.774;-3525.061
84068;1065.336;-1180.54;-3526.946
84102;1162.232;-1235.897;-3584.155
84136;1162.554;-1238.701;-3594.296
84154;1115.328;-1199.109;-3596.103
84186;1205.522;-1255.508;-3659.293
84237;1239.492;-1253.305;-3673.48
84271;1148.133;-1218.48;-3691.992
84288;1149.447;-1218.461;-3697.535
84321;1153.602;-1339.638;-3749.333
84355;1161.067;-1375.71;-3880.543
84389;1192.392;-1307.111;-3857.917
84422;1190.164;-1306.863;-3863.06
84456;1185.451;-1242.381;-3769.275
84490;1280.106;-1284.316;-3789.781
84523;1284.806;-1279.432;-3792.104
84557;1297.585;-1270.653;-3798.514
84608;1294.237;-1270.051;-3810.216
84624;1286.781;-1279.582;-3818.21
84658;1297.069;-1314.05;-3806.429
84692;1239.478;-1269.174;-3752.428
84726;1308.67;-1331.249;-3793.906
84759;1250.371;-1242.922;-3749.71
84793;1257.266;-1239.848;-3748.638
84827;1260.24;-1217.705;-3756.91
84860;1262.727;-1200.932;-3758.185
84894;1259.312;-1213.638;-3755.3
84928;1264.524;-1194.015;-3763.566
84961;1326.527;-1377.046;-3793.59
84995;1256.485;-1173.64;-3773.289
85029;1266.041;-1381.831;-3799.587
85062;1314.605;-1383.914;-3797.49
85096;1316.168;-1385.606;-3796.514
85130;1539.835;-1412.939;-3715.322
85164;1614.304;-1310.497;-3714.29
85197;1591.082;-1314.034;-3750.623
85231;1587.952;-1313.871;-3781.014
85265;1591.568;-1311.782;-3784.342
85298;1607.227;-1302.921;-3805.357
85332;1594.506;-1325.851;-3804.974
85366;1656.289;-1298.466;-3703.566
85399;1672.366;-1303.023;-3706.99
85434;1666.19;-1302.344;-3712.865
85454;1677.284;-1316.225;-3742.122
85488;1676.845;-1316.602;-3743.149
85521;1676.794;-1315.179;-3745.832
85572;1710.929;-1284.489;-3746.564
85588;1696.111;-1209.824;-3751.916
85622;1667.047;-1272.098;-3715.717
85656;1711.742;-1319.997;-3793.562
85706;1721.425;-1321.865;-3790.21
85724;1757.113;-1307.063;-3729.0
85757;1736.282;-1255.899;-3733.689
85791;1745.306;-1316.144;-3798.846
85824;1796.505;-1313.362;-3883.485
85858;1753.831;-1246.499;-3808.564
85892;1758.452;-1233.656;-3803.319
85926;1852.141;-1344.551;-3873.792
85976;1858.096;-1333.449;-3849.26
85993;1919.854;-1367.71;-3953.255
86027;1829.832;-1328.418;-3777.388
86060;1837.301;-1323.338;-3792.316
86094;1850.186;-1318.642;-3847.351
86128;1835.75;-1299.557;-3779.696
86161;1840.079;-1315.229;-3781.176
86195;1850.143;-1329.685;-3789.207
86229;1854.951;-1314.104;-3782.272
86262;1878.334;-1347.135;-3809.424
86297;1867.405;-1338.66;-3790.187
86330;1936.633;-1395.766;-3762.983
86363;1927.282;-1393.981;-3825.728
86397;1916.014;-1358.937;-3760.121
86431;2117.917;-1318.222;-3744.974
86465;2244.78;-1366.212;-3753.583
86484;2203.978;-1331.25;-3779.796
86532;2187.496;-1339.129;-3853.119
86566;2215.816;-1160.227;-3851.435
86583;2267.621;-1222.188;-3910.736
86633;2242.84;-1176.143;-3887.975
86650;2284.471;-1238.052;-3920.078
86700;2209.584;-1361.769;-3876.872
86734;2306.204;-1226.187;-3936.921
86751;2212.606;-1358.237;-3915.535
86802;2220.664;-1330.786;-3858.713
86835;2312.638;-1372.541;-3831.345
86852;2377.833;-1381.748;-3792.372
86886;2351.493;-1458.866;-3812.333
86936;2345.386;-1370.214;-3833.253
86970;2337.15;-1502.354;-3803.742
87004;2376.861;-1421.724;-3983.589
87037;2379.21;-1352.949;-3815.447
87071;2237.204;-1698.611;-3983.242
87122;181.7759;-1019.1;-2295.107
87155;194.9063;-1018.559;-2282.3
87189;195.9964;-1028.042;-2274.979
87223;212.5195;-1025.803;-2257.875
87245;175.6624;-1037.001;-2253.984
87295;189.6254;-1039.101;-2242.998
87328;183.9935;-1043.933;-2252.555
87362;200.1694;-1042.682;-2241.27
87395;201.0937;-1040.336;-2233.075
87429;203.4833;-1039.888;-2240.361
87465;207.8947;-1037.704;-2236.334
87496;215.1964;-1038.138;-2242.908
87530;212.8895;-1037.357;-2224.861
87565;222.5265;-1034.903;-2214.797
87597;223.1816;-1032.793;-2198.527
87614;220.6791;-1033.777;-2170.858
87648;225.0217;-1028.979;-2132.354
87682;235.1842;-1033.733;-2122.708
87715;254.0033;-1028.216;-2066.696
87749;216.9453;-1025.738;-2001.423
87784;186.5522;-1025.547;-1985.883
87823;171.598;-1017.486;-1961.945
87857;184.66;-1009.724;-1963.861
87891;182.3324;-998.539;-1945.523
87924;173.0251;-992.6033;-1936.769
87958;104.4043;-995.721;-1936.897
87992;89.42472;-992.2822;-1929.91
88026;82.5262;-988.9209;-1919.261
88059;66.57799;-988.3983;-1922.715
88093;64.00429;-987.0548;-1924.602
88127;64.87955;-985.2975;-1924.201
88160;65.95042;-984.4344;-1925.18
88194;67.25368;-981.551;-1927.676
88228;70.51878;-948.4649;-1918.007
88261;71.22115;-945.6711;-1922.351
88295;72.26644;-942.3369;-1925.28
88329;71.00652;-939.7727;-1926.263
88362;72.44476;-938.2523;-1928.226
88396;76.19622;-964.6927;-1947.588
88430;74.87346;-965.0383;-1951.748
88464;73.62769;-966.3485;-1956.81
88497;72.27;-968.476;-1960.092
88531;71.18672;-970.2878;-1963.319
88565;70.07791;-971.5553;-1965.659
88590;71.50714;-971.8135;-1969.164
88627;70.80083;-972.8134;-1970.791
88661;69.40073;-974.8458;-1973.996
88682;65.48023;-976.0127;-1977.171
88733;66.63427;-976.5095;-1981.563
88780;64.15633;-976.5704;-1979.458
88794;64.5239;-976.1267;-1978.215
88828;54.93317;-973.4624;-1977.829
88862;48.09225;-971.1375;-1979.408
88895;39.35985;-967.3241;-1979.174
88929;34.76649;-967.9536;-1980.28
88963;29.4174;-957.0966;-1973.72
88996;34.96895;-951.9913;-1973.766
89030;33.69982;-934.2337;-1965.896
89064;36.93734;-923.2419;-1958.034
89097;55.74714;-911.6279;-1949.21
89122;56.36711;-897.5687;-1947.461
89156;85.94531;-879.283;-1944.684
89190;109.2607;-813.6603;-1960.189
89224;111.9397;-821.1906;-1961.844
89257;112.3249;-830.8411;-1967.069
89308;122.9321;-834.4074;-1970.27
89325;147.6785;-833.4377;-1965.252
89375;153.4653;-838.5;-1971.402
89409;166.9111;-834.634;-1964.147
89429;171.5911;-836.7572;-1965.516
89463;175.9676;-836.6058;-1965.548
89496;180.3824;-837.9532;-1966.039
89530;186.82;-839.8972;-1968.829
89564;191.9493;-840.4482;-1970.283
89598;201.4515;-828.8238;-1958.216
89631;204.5285;-835.0681;-1961.713
89665;213.8043;-820.8734;-1954.39
89699;223.2994;-808.3465;-1950.133
89733;230.7657;-798.0553;-1947.775
89749;240.709;-785.6683;-1946.802
89800;253.263;-774.0527;-1947.808
89821;258.6768;-863.6629;-1911.043
89850;292.4229;-867.764;-1897.611
89909;311.7482;-872.7645;-1890.222
89923;333.3964;-876.5491;-1885.403
89964;342.0444;-881.1212;-1881.075
89996;342.039;-884.8;-1879.287
90030;342.3758;-887.4697;-1871.298
90064;340.0028;-891.109;-1865.004
90097;336.6799;-890.8474;-1866.092
90131;336.5364;-889.6898;-1865.584
90165;335.1852;-886.6702;-1866.627
90199;334.1854;-884.7008;-1867.178
90232;330.8974;-879.3121;-1869.026
90266;330.9842;-875.6848;-1869.066
90300;334.5486;-872.795;-1868.092
90334;317.9617;-877.8032;-1873.939
90367;324.7099;-877.2462;-1872.541
90385;336.7156;-869.6036;-1868.79
90435;346.7455;-866.0682;-1865.658
90468;350.6977;-857.8879;-1864.252
90485;355.8297;-852.6784;-1862.485
90536;365.9647;-848.4685;-1860.062
90553;380.1079;-842.1758;-1856.054
90594;383.0658;-838.5558;-1854.702
90627;388.8985;-835.5314;-1853.1
90661;399.2776;-834.7098;-1849.218
90695;403.887;-832.9294;-1847.92
90728;407.3079;-832.4239;-1846.957
90762;411.7348;-831.3056;-1846.477
90796;414.2359;-830.35;-1845.942
90817;416.6586;-829.0665;-1846.719
90863;417.7538;-828.1868;-1847.562
90897;421.0954;-829.0402;-1849.086
90931;421.8578;-830.0703;-1853.423
90964;421.8328;-831.1218;-1857.436
90989;526.1319;-768.6102;-1926.125
91021;514.5665;-807.0396;-1938.566
91057;498.7735;-805.9715;-1953.089
91089;496.0969;-811.9263;-1965.956
91122;493.0542;-812.0211;-1978.95
91173;484.1002;-819.8303;-1995.334
91206;468.0287;-837.9696;-2013.611
91241;454.3884;-843.8301;-2029.072
91257;449.9801;-837.5957;-2040.817
91291;415.1726;-854.3196;-2075.886
91325;403.82;-860.2768;-2088.597
91358;390.9253;-863.2385;-2097.862
91392;382.4452;-862.9108;-2103.075
91443;345.954;-877.5571;-2129.356
