
1;-925.2487;446.7534;-2084.959
13;-909.52;445.3965;-2058.232
46;-894.2657;448.2289;-2026.645
81;-876.5903;439.1281;-1998.22
111;-864.1957;427.3757;-1980.603
148;-852.6341;419.6608;-1963.808
182;-845.0735;409.1852;-1955.725
215;-841.3464;402.5366;-1950.137
249;-838.0061;393.2592;-1948.908
267;-838.1234;392.718;-1946.269
316;-839.6365;392.1821;-1944.391
350;-842.7032;391.5576;-1943.395
384;-847.6934;390.2376;-1943.645
418;-853.9324;387.9961;-1944.241
434;-864.6068;375.0667;-1949.348
468;-875.1515;361.9244;-1953.858
502;-884.2178;350.0872;-1954.985
552;-897.4498;301.3071;-1969.366
570;-899.2672;272.0164;-1972.586
603;-899.9493;256.3873;-1972.659
637;-906.201;190.5139;-1983.213
670;-902.8701;121.8359;-1995.874
704;-896.436;95.82749;-2002.579
750;-866.9063;21.88239;-2037.844
778;-874.2197;-22.86845;-2062.154
812;-866.1398;-59.53862;-2093.086
846;-852.3981;-77.63855;-2112.925
879;-810.5203;-99.32889;-2160.045
913;-743.6089;-88.31256;-2123.254
947;-745.9929;-99.90659;-2127.65
981;-728.5623;-45.59579;-2188.687
1014;-713.9838;-43.71724;-2182.119
1048;-691.403;-43.89258;-2166.239
1082;-672.8657;-39.57363;-2155.513
1115;-649.1035;-45.59241;-2138.947
1149;-632.239;-49.67434;-2129.496
1183;-597.8544;-52.30952;-2101.067
1216;-574.2842;-54.40182;-2080.382
1250;-545.4636;-50.97151;-2046.911
1284;-522.473;-43.81729;-2031.406
1317;-498.7689;-35.70135;-2009.126
1351;-470.7227;-29.00917;-1983.724
1385;-451.5733;-23.85673;-1964.495
1419;-429.0749;-20.02579;-1938.666
1470;-413.0344;-15.17213;-1915.349
1479;-398.9155;-10.67465;-1898.736
1513;-383.0079;-8.041306;-1869.472
1566;-371.2974;-4.659709;-1846.35
1582;-359.7281;-7.348617;-1813.558
1616;-351.6764;-7.465598;-1782.509
1649;-346.2411;-6.753703;-1759.088
1708;-333.16;-6.062647;-1699.503
1742;-326.9439;-10.09094;-1659.717
1776;-320.8904;-13.39312;-1625.505
1827;-313.7136;-17.78223;-1583.87
1843;-303.9858;-19.72853;-1547.67
1877;-296.2056;-20.7436;-1503.1
1944;-286.849;-17.53041;-1462.896
1972;-275.2285;-10.9008;-1424.645
1999;-265.9738;-6.890246;-1382.555
2016;-256.1234;-3.017335;-1346.572
2067;-244.9269;3.733284;-1313.241
2083;-235.0752;10.23413;-1270.221
2100;-225.2457;15.43349;-1228.422
2151;-214.2389;17.66267;-1176.067
2184;-192.06;-0.5598217;-1115.071
2218;-210.5773;15.94825;-1108.848
2252;-184.5375;12.13238;-1072.125
2286;-175.2455;9.453565;-1045.949
2319;-158.0938;14.78735;-996.7704
2353;-148.2598;24.71025;-975.5956
2393;-134.801;36.11134;-941.1851
2420;-120.4992;40.5844;-920.3359
2454;-142.6346;52.71147;-927.983
2488;-155.2453;67.11108;-943.8442
2521;-155.1031;90.04037;-951.5539
2538;-179.1299;89.90285;-959.4821
2572;-143.8792;234.9318;-941.153
2606;-94.85495;289.9622;-940.2352
2639;-85.247;286.8493;-922.368
2673;166.3495;102.7276;-918.4377
2707;124.7663;71.62691;-310.4023
6182;-534.6843;-53.19228;-3066.493
6216;-535.7247;-58.45589;-3066.342
6238;-535.3402;-59.36031;-3066.695
6284;-532.7073;-55.43183;-3064.478
6317;-532.9082;-52.53583;-3063.112
6352;-545.1393;-59.71464;-3062.784
6385;-530.4822;-43.63163;-3056.197
6418;-489.3526;-19.00812;-3066.745
6441;-463.8015;-1.681;-3066.665
6502;-525.7933;-49.8072;-3049.355
6534;-519.7468;-47.60601;-3044.762
6551;-543.9495;-57.77059;-3047.092
6584;-544.1687;-56.83947;-3043.857
6618;-543.7631;-56.10667;-3041.297
6652;-542.9798;-55.23965;-3039.615
6685;-551.3051;-163.7293;-2868.061
6719;-496.1349;-419.5859;-2795.329
6754;-495.9975;-418.7036;-2796.945
6771;-494.8845;-417.8942;-2795.446
6822;-494.2106;-413.3146;-2789.258
6855;-493.6805;-413.4881;-2789.24
6889;-430.3664;-333.757;-2768.521
6923;-422.1695;-323.8385;-2776.35
6957;-421.0591;-329.1752;-2772.729
6973;-417.5448;-333.3359;-2770.525
7025;-414.0308;-331.1295;-2754.841
7043;-412.1925;-331.5389;-2752.628
7065;-405.9898;-374.2713;-2745.513
7110;-401.1689;-334.0316;-2751.214
7144;-402.3991;-359.8575;-2753.371
7178;-387.1905;-362.8262;-2736.892
7211;-383.1348;-362.9241;-2737.274
7245;-382.8416;-364.7956;-2736.519
7279;-319.6133;-324.5977;-2752.375
7312;-439.0408;-346.2267;-2730.456
7346;-470.2722;-392.5105;-2721.013
7380;-461.4231;-338.3728;-2732.199
7414;-469.5967;-388.3516;-2721.131
7447;-457.0748;-286.6585;-2762.345
7481;-449.1177;-226.1633;-2757.749
7533;-265.5697;-653.8972;-2666.137
7548;-421.6323;-401.3258;-2701.706
7582;-422.9848;-398.7235;-2702.614
7616;-429.0632;-426.2941;-2672.413
7650;-430.4164;-405.5951;-2726.52
7683;-436.1753;-408.3538;-2717.477
7717;-441.9201;-394.437;-2714.844
7751;-434.7805;-394.8016;-2717.923
7784;-440.4663;-392.3509;-2730.743
7818;-393.7691;-317.2067;-2762.164
7852;-393.9877;-315.4429;-2762.832
7885;-389.3008;-305.9474;-2771.989
7919;-365.28;-271.04;-2781.484
7942;-344.5038;-275.0938;-2770.94
7987;-341.8452;-276.2402;-2771.208
8022;-337.7531;-278.6928;-2770.351
8040;-331.2141;-277.2591;-2768.822
8089;-317.2457;-282.4561;-2766.453
8106;-307.4336;-281.0188;-2764.148
8156;-296.5449;-284.5351;-2762.167
8173;-292.4425;-277.3734;-2761.817
8224;-282.942;-269.7041;-2749.997
8241;-280.5512;-268.9671;-2746.71
8274;-278.6223;-269.5217;-2744.748
8308;-277.0521;-269.1457;-2742.959
8342;-270.9848;-265.5994;-2740.089
8377;-272.7397;-264.7911;-2737.017
8409;-272.2612;-265.0878;-2736.156
8443;-271.9684;-265.246;-2736.506
8477;-271.4955;-265.6365;-2738.677
8510;-267.9919;-261.3655;-2738.912
8544;-259.4328;-253.4875;-2744.454
8578;-257.0514;-252.6337;-2746.188
8628;-255.5911;-251.9306;-2745.064
8645;-253.4905;-251.6597;-2746.65
8679;-255.4405;-258.8996;-2750.43
8712;-253.5205;-258.9418;-2749.499
8746;-251.093;-257.0349;-2748.927
8780;-249.1077;-255.5227;-2747.623
8813;-245.6034;-254.6623;-2746.166
8847;-237.0223;-251.2847;-2740.334
8881;-233.0792;-252.9982;-2737.285
8915;-229.8546;-254.3271;-2735.627
8948;-218.3155;-251.9328;-2728.003
8982;-209.5579;-251.6865;-2721.658
9016;-197.5911;-252.8287;-2715.219
9049;-167.4195;-233.1663;-2702.51
9083;-163.1805;-233.7052;-2696.681
9100;-151.8067;-226.0336;-2690.769
9134;-129.5927;-211.4384;-2681.33
9172;-124.6365;-211.1869;-2676.53
9203;-117.977;-208.2615;-2672.516
9237;-114.379;-207.4489;-2669.668
9271;-110.0053;-206.0622;-2666.041
9305;-104.3669;-203.638;-2662.947
9356;-100.7863;-200.13;-2659.629
9372;-99.71095;-199.6009;-2656.843
9423;-97.56477;-197.8139;-2654.558
9440;-94.84225;-196.0997;-2652.471
9473;-94.51385;-196.767;-2651.06
9507;-90.87096;-194.1109;-2649.494
9541;-89.63548;-193.7691;-2649.039
9574;-87.20962;-192.248;-2648.807
9608;-86.05249;-191.6629;-2648.901
9645;-85.78546;-191.2212;-2648.194
9676;-86.73574;-191.7144;-2647.393
9715;-89.57402;-193.4024;-2646.078
9738;-90.17405;-194.5325;-2645.507
9771;-88.90694;-193.562;-2644.567
9805;-87.65427;-193.6587;-2643.301
9839;-86.43952;-193.7367;-2642.55
9872;-85.5657;-193.7487;-2641.877
9906;-84.89407;-193.1993;-2640.643
9957;-85.06303;-194.0937;-2639.001
9973;-85.62598;-195.3972;-2636.61
10007;-85.61844;-196.2225;-2633.317
10041;-83.45982;-197.7374;-2630.754
10091;-81.63203;-197.1068;-2629.249
10109;-78.21758;-195.5364;-2626.955
10142;-54.19902;-209.0096;-2610.327
10176;-52.35011;-207.0452;-2610.148
10209;-62.57429;-196.6537;-2610.542
10243;-58.13029;-191.6303;-2609.701
10277;-60.78868;-194.6062;-2610.117
10328;-61.7638;-195.4424;-2608.971
10345;-63.35258;-196.925;-2608.021
10384;-67.38257;-202.173;-2606.089
10401;-69.62424;-204.6104;-2604.383
10452;-70.78176;-205.6019;-2603.302
10468;-71.97635;-207.1886;-2602.094
10519;-72.92204;-208.4224;-2600.87
10536;-74.14269;-209.4783;-2600.42
10586;-74.95943;-210.3771;-2600.27
10623;-76.24318;-211.9007;-2600.011
10637;-77.55256;-213.495;-2599.862
10677;-78.93178;-214.962;-2599.863
10704;-81.47984;-217.375;-2599.932
10755;-82.89917;-218.7489;-2600.059
10772;-84.85938;-220.7159;-2600.7
10822;-86.78802;-221.9245;-2601.41
10856;-88.69001;-223.8712;-2602.423
10890;-90.32143;-225.6552;-2603.465
10923;-91.48865;-227.1528;-2604.184
10957;-92.98325;-228.8921;-2605.419
10991;-94.22382;-230.3763;-2606.255
11008;-95.25562;-232.8406;-2607.494
11041;-97.38422;-235.2621;-2608.88
11092;-98.45982;-236.4666;-2609.405
11126;-99.02257;-237.9097;-2610.355
11142;-100.402;-240.25;-2612.0
11176;-101.5783;-241.9132;-2612.73
11210;-103.4073;-244.2921;-2614.62
11243;-104.027;-245.3305;-2615.785
11278;-104.8779;-246.3738;-2616.252
11311;-105.2177;-246.8422;-2616.477
11344;-105.6882;-247.3804;-2616.555
11380;-106.0427;-247.9509;-2616.694
11430;-103.9047;-250.0357;-2618.069
11447;-104.1359;-250.2777;-2617.922
11480;-104.2289;-250.1546;-2618.006
11515;-103.3519;-249.2663;-2617.633
11557;-102.1958;-247.396;-2616.677
11573;-101.3473;-246.8643;-2616.031
11607;-98.60725;-248.0186;-2614.777
11640;-97.70286;-248.0019;-2613.963
11674;-96.67003;-247.5386;-2613.13
11708;-96.21223;-247.7188;-2612.604
11741;-95.96827;-248.272;-2612.177
11775;-96.51398;-248.3413;-2611.598
11809;-95.90488;-248.3822;-2611.485
11843;-94.42984;-249.279;-2611.169
11876;-92.99284;-249.5623;-2611.065
11910;-92.37125;-249.6451;-2611.184
11944;-90.58264;-250.0251;-2611.211
11977;-88.57301;-251.0241;-2611.073
12012;-90.39555;-250.9906;-2610.847
12045;-92.06981;-250.8271;-2610.407
12078;-91.29111;-251.2784;-2610.528
12112;-89.46989;-251.4971;-2610.674
12146;-91.75735;-252.371;-2609.951
12180;-90.84314;-251.9986;-2610.26
12213;-91.64402;-252.2221;-2609.89
12247;-91.88667;-251.7622;-2609.742
12281;-90.07959;-250.9144;-2610.059
12316;-88.76149;-249.5228;-2609.7
12353;-87.34381;-249.1855;-2609.98
12370;-86.38296;-249.4465;-2609.956
12404;-83.18576;-246.8201;-2609.911
12455;-81.54745;-246.754;-2609.756
12473;-79.96039;-245.5021;-2609.612
12523;-78.74922;-245.7464;-2609.765
12543;-74.73403;-251.0309;-2613.392
12577;-69.21475;-254.3139;-2615.125
12617;-66.26812;-253.416;-2613.616
12647;-61.46615;-254.1162;-2614.191
12681;-54.17356;-257.7776;-2614.591
12715;-46.7374;-261.9236;-2614.584
12749;-38.06359;-265.452;-2614.786
12782;-27.00668;-271.169;-2618.742
12817;-16.03056;-275.9886;-2621.902
12834;-9.259552;-279.1015;-2619.327
12868;-0.9956434;-282.9953;-2616.49
12901;9.424049;-281.2155;-2616.221
12938;12.6916;-283.9372;-2616.362
12969;19.48325;-289.0529;-2613.478
13002;22.73904;-290.6036;-2610.744
13053;25.0872;-291.1914;-2608.74
13070;26.15928;-292.3381;-2608.1
13120;27.50964;-293.0201;-2607.083
13137;28.04679;-292.7924;-2606.743
13171;28.81958;-293.1847;-2605.812
13204;28.98567;-293.6051;-2605.605
13238;29.11527;-293.1594;-2605.538
13272;29.66153;-292.7269;-2605.033
13306;30.09912;-292.6248;-2604.57
13339;30.15399;-292.8321;-2604.569
13373;29.9706;-293.1743;-2604.522
13411;29.76855;-294.1516;-2604.382
13440;29.78799;-294.0611;-2604.244
13481;29.78357;-294.0763;-2604.26
13506;29.74595;-294.3492;-2604.288
13573;29.71396;-294.9265;-2604.149
13590;29.699;-295.2837;-2604.124
13617;29.66333;-295.4773;-2604.208
13645;29.68723;-295.6958;-2604.256
13685;29.87228;-295.7729;-2604.45
13718;30.21367;-295.0751;-2604.715
13752;30.27848;-295.1777;-2605.002
13786;30.49186;-295.1306;-2605.448
13819;30.5009;-295.3409;-2605.558
13836;30.60637;-295.4512;-2605.72
13887;30.93878;-295.7783;-2606.107
13920;31.00335;-296.1305;-2606.208
13941;31.06036;-296.2346;-2606.209
13971;31.14255;-296.3325;-2606.4
14021;31.31657;-296.2314;-2606.637
14055;31.62082;-295.8167;-2606.784
14089;31.73368;-296.1553;-2606.701
14106;32.00721;-296.5806;-2606.735
14156;32.1148;-296.506;-2606.809
14173;32.21619;-296.1861;-2606.898
14207;32.54849;-296.138;-2606.543
14241;33.15588;-295.9941;-2606.811
14274;33.3404;-295.9792;-2606.916
14308;33.73067;-295.9042;-2607.008
14342;34.3144;-296.354;-2606.839
14375;34.58079;-295.8307;-2606.884
14426;34.86526;-295.9276;-2606.974
14460;35.22345;-296.2515;-2606.818
14493;35.31412;-296.6282;-2606.802
14510;35.2985;-296.9309;-2606.788
14561;35.39924;-297.2197;-2606.875
14594;35.35224;-297.6042;-2606.876
14611;35.25038;-297.8645;-2606.893
14645;35.14965;-298.2285;-2607.225
14679;35.1115;-298.4219;-2607.124
14712;35.01064;-298.3492;-2607.172
14746;34.7337;-298.265;-2607.333
14780;34.67315;-298.5817;-2607.308
14814;34.54731;-298.3522;-2607.276
14850;34.31197;-298.5613;-2607.384
14875;34.07002;-298.7622;-2607.508
14918;33.67686;-298.8545;-2607.668
14938;33.52889;-299.2135;-2607.635
14986;33.43859;-299.4286;-2607.612
15019;33.1035;-299.6671;-2607.411
15053;32.69059;-299.7951;-2607.315
15086;32.51696;-300.3916;-2607.084
15120;32.46048;-300.7929;-2606.944
15137;32.28371;-300.8008;-2606.128
15187;32.1668;-301.488;-2605.851
15204;32.16901;-301.1049;-2605.364
15238;32.02424;-301.5273;-2605.027
15272;32.1574;-301.8815;-2603.374
15306;32.06798;-302.0925;-2602.825
15339;31.8033;-302.317;-2602.387
15374;31.74018;-302.483;-2601.97
15406;31.58604;-302.4336;-2601.295
15457;31.53436;-302.5939;-2600.779
15474;31.54329;-302.8698;-2599.934
15510;31.46461;-302.5902;-2599.302
15541;31.44827;-302.6072;-2599.289
15580;31.41223;-302.6772;-2598.787
15609;31.38783;-302.6992;-2598.802
15642;31.33634;-302.8436;-2598.742
15676;31.35536;-302.8663;-2598.674
15710;31.42547;-302.9093;-2598.611
15743;31.41967;-302.9796;-2598.594
15777;31.44499;-302.8774;-2598.66
15811;31.42444;-302.9622;-2598.75
15851;31.4268;-303.1323;-2599.036
15879;31.44079;-303.1559;-2599.043
15919;31.49284;-303.1764;-2599.057
15950;31.51298;-303.2347;-2599.163
15967;31.55185;-303.2136;-2599.197
16001;31.63206;-303.1209;-2599.669
16034;31.74746;-303.2845;-2599.968
16068;31.85291;-303.2703;-2600.337
16118;31.96539;-303.0576;-2600.544
16136;32.03276;-303.0959;-2600.705
16169;32.29561;-302.6954;-2600.976
16202;32.34826;-302.6982;-2601.067
16236;32.92728;-302.7333;-2601.536
16287;33.31255;-303.0285;-2601.454
16304;33.74081;-303.3274;-2601.433
16338;33.9151;-303.695;-2601.772
16371;34.99368;-302.6526;-2601.688
16405;35.19189;-303.646;-2601.678
16455;36.42226;-302.256;-2602.459
16472;36.76802;-302.369;-2602.396
16506;37.05864;-302.4006;-2602.526
16539;37.16561;-302.4073;-2602.575
16573;37.63148;-302.1625;-2603.124
16607;37.94406;-301.6016;-2603.146
16641;38.82123;-301.0146;-2603.304
16674;39.25161;-300.9241;-2603.899
16708;39.79294;-301.1159;-2604.625
16742;40.37712;-301.0791;-2605.388
16775;41.42382;-299.5045;-2607.098
16809;42.05684;-298.9331;-2609.283
16843;42.0918;-298.8186;-2611.161
16876;43.51886;-293.6098;-2619.658
16910;44.97329;-291.492;-2623.935
16944;45.33858;-289.7802;-2626.114
16977;45.94792;-287.9155;-2629.16
17011;46.24902;-287.5562;-2630.017
17028;46.95454;-285.0072;-2631.968
17079;47.39149;-283.7531;-2633.58
17112;48.19041;-282.5387;-2634.567
17146;48.04752;-282.3927;-2634.631
17163;48.04158;-282.3897;-2634.657
17213;48.06876;-281.995;-2634.826
17247;48.12966;-281.7801;-2634.923
17264;48.07767;-281.7811;-2634.765
17314;48.41811;-281.2371;-2634.491
17333;48.59995;-280.8271;-2634.457
17382;48.8069;-280.5313;-2634.62
17415;49.11113;-280.7193;-2634.582
17432;49.26231;-280.6506;-2634.48
17483;49.37344;-280.4651;-2634.439
17517;49.56225;-280.362;-2634.552
17533;49.79034;-280.2206;-2634.776
17584;49.9063;-280.2186;-2634.702
17601;49.94345;-280.1977;-2634.785
17651;49.9814;-280.0854;-2634.811
17670;50.17304;-279.7642;-2635.033
17703;49.80166;-280.6302;-2636.251
17753;49.57433;-280.5056;-2637.385
17770;49.66181;-280.2207;-2637.651
17810;49.80449;-279.7375;-2638.298
17848;49.18006;-279.7054;-2638.591
17863;48.85329;-279.3186;-2638.748
17898;48.36679;-278.7932;-2639.332
17932;48.09608;-278.4408;-2639.895
17965;47.91503;-278.2922;-2639.911
17999;47.59914;-277.11;-2640.526
18033;47.88073;-276.666;-2640.747
18067;47.53945;-276.6099;-2640.891
18100;47.45416;-276.5858;-2640.967
18134;48.07992;-279.6608;-2644.188
18169;48.53357;-281.6542;-2644.105
18203;48.48043;-281.2166;-2644.074
18237;48.40212;-280.7791;-2643.842
18270;48.48985;-280.5005;-2643.59
18304;48.82676;-279.4364;-2643.345
18338;48.49257;-279.7082;-2642.805
18372;48.11471;-279.7486;-2643.223
18405;46.62055;-281.4711;-2645.134
18439;45.41574;-282.8124;-2647.869
18473;43.72396;-283.2179;-2653.196
18506;42.65044;-283.179;-2653.124
18540;36.10741;-283.4008;-2649.949
18573;33.85897;-281.8835;-2650.237
18607;23.38677;-278.6501;-2651.429
18641;17.42222;-273.6695;-2656.68
18675;8.464875;-265.8864;-2661.514
18708;-0.9732365;-247.7272;-2668.289
18742;-3.39502;-245.9144;-2669.617
18776;-16.66288;-232.5456;-2675.02
18809;-20.53596;-225.8607;-2678.315
18843;-29.12509;-218.1711;-2681.824
18877;-35.36784;-208.0706;-2686.066
18911;-43.99372;-208.0788;-2690.512
18944;-55.60411;-197.2297;-2690.878
18978;-61.28784;-190.5629;-2693.148
19012;-75.25414;-162.3945;-2686.498
19045;-78.93968;-155.8845;-2688.07
19079;-84.00317;-146.9533;-2688.212
19113;-94.30402;-125.9242;-2687.46
19148;-94.21996;-123.1663;-2687.204
19167;-95.10947;-109.9495;-2687.843
19201;-98.81629;-98.33345;-2685.836
19235;-101.3941;-85.86214;-2685.423
19285;-107.3856;-66.11905;-2682.938
19319;-111.2209;-58.10638;-2682.755
19338;-107.6038;-56.01254;-2685.111
19386;-126.97;-8.722312;-2676.695
19404;-129.88;-1.784078;-2675.688
19437;-134.9375;14.10979;-2668.837
19471;-137.6531;26.82727;-2666.225
19504;-137.6889;43.27864;-2663.901
19538;-140.8003;49.4003;-2660.917
19572;-137.0798;57.80892;-2661.071
19606;-94.38612;42.15125;-2664.408
19639;-93.09899;48.9359;-2668.595
19673;-92.87099;50.82987;-2669.848
19708;-124.8285;69.31143;-2672.674
19757;-126.1843;70.29899;-2673.799
19774;-126.038;69.82421;-2674.675
19808;-129.1526;70.3017;-2676.418
19841;-96.22162;35.0835;-2674.941
19875;-96.59575;34.43813;-2676.034
19909;-96.55821;34.53471;-2676.168
19967;-97.06893;33.3958;-2678.173
19993;-97.12107;33.68663;-2679.881
20010;-119.2023;74.98672;-2688.55
20043;-100.8137;39.30562;-2687.025
20077;-101.4858;38.71219;-2687.053
20114;-100.8117;33.8012;-2685.786
20145;-100.9093;37.86855;-2686.465
20178;-145.8339;52.93925;-2689.038
20212;-112.411;32.79432;-2685.717
20246;-112.5758;32.7607;-2685.848
20279;-112.6614;32.5363;-2686.108
20313;-129.07;41.0548;-2689.938
20347;-117.9705;34.67253;-2689.826
20380;-116.7713;33.83385;-2690.007
20414;-115.0115;34.26791;-2689.66
20448;-114.6924;33.76341;-2689.812
20482;-132.0685;37.4831;-2693.517
20515;-138.073;39.3581;-2693.967
20549;-138.7216;39.32913;-2694.147
20583;-139.0499;39.23357;-2694.208
20616;-139.5435;39.03004;-2693.673
20651;-139.5827;38.82709;-2693.352
20668;-140.1696;38.14476;-2693.182
20702;-140.0181;37.1892;-2693.045
20736;-139.7009;36.13399;-2692.668
20770;-139.1917;34.70657;-2692.68
20820;-138.5024;33.67149;-2692.961
20837;-138.2174;33.56977;-2693.312
20871;-138.1937;33.98925;-2693.629
20904;-138.4;35.29202;-2695.114
20955;-137.1748;36.36949;-2697.98
20988;-120.0145;33.15218;-2699.725
21022;-111.5507;34.98072;-2696.078
21039;-111.4381;35.64512;-2696.246
21090;-108.4067;52.58293;-2700.432
21106;-127.3892;85.39068;-2700.655
21157;-126.5815;86.85921;-2702.048
21174;-125.4289;89.82328;-2704.396
21207;-128.9064;99.26529;-2707.583
21241;-125.0143;106.6259;-2708.532
21275;-123.1268;112.5288;-2709.498
21309;-119.9729;116.9466;-2709.436
21342;-115.3633;123.0687;-2710.163
21376;-111.0107;129.7084;-2710.708
21410;-112.7887;144.8305;-2709.435
21443;-112.5401;150.5146;-2710.719
21478;-108.4008;153.7709;-2711.85
21520;-109.0502;162.7415;-2710.587
21537;-109.5868;169.3609;-2709.134
21571;-107.9326;171.6173;-2708.634
21605;-104.609;172.8581;-2708.836
21638;-100.864;176.7548;-2709.876
21672;-98.56744;178.7967;-2709.209
21722;-97.36792;183.5611;-2708.438
21740;-94.17029;186.6172;-2707.465
21773;-93.07937;188.8159;-2705.758
21807;-91.20509;190.5837;-2705.366
21840;-89.83929;194.7172;-2705.171
21875;-86.67899;197.4991;-2704.006
21908;-83.96174;200.8808;-2702.77
21942;-82.55302;205.0172;-2700.89
21975;-81.67937;206.7742;-2700.691
22026;-79.21732;210.7749;-2699.966
22043;-77.67893;210.9149;-2699.125
22076;-77.55009;213.908;-2699.016
22110;-75.73655;212.8619;-2698.617
22144;-74.24567;212.6847;-2698.436
22184;-73.22266;212.9216;-2697.999
22211;-72.93559;212.8957;-2697.334
22245;-70.62301;212.6916;-2697.342
22278;-70.03657;212.5059;-2696.54
22312;-69.94092;213.2792;-2695.446
22346;-69.10453;213.0494;-2694.97
22380;-68.99992;213.0555;-2694.652
22413;-68.04009;212.2062;-2693.139
22447;-66.08567;210.7118;-2692.53
22481;-65.86497;210.7491;-2692.106
22514;-65.59211;210.7837;-2691.821
22548;-65.6754;211.3057;-2691.65
22582;-66.05621;211.8658;-2689.721
22615;-65.81386;211.3252;-2688.865
22634;-66.05374;211.2907;-2688.425
22668;-66.43435;211.3402;-2687.976
22700;-66.85627;211.3253;-2687.465
22750;-67.06572;211.3643;-2687.191
22784;-66.70817;210.8647;-2686.291
22801;-67.64233;212.2048;-2685.526
22837;-68.00893;212.4661;-2684.943
22885;-67.96121;212.1109;-2684.942
22919;-68.99917;213.1004;-2684.9
22935;-69.27595;213.0926;-2684.563
22986;-69.2152;213.0835;-2684.483
23003;-69.09843;212.936;-2684.311
23037;-69.39711;213.383;-2683.763
23077;-68.43985;212.8858;-2683.661
23104;-68.19167;212.8424;-2683.67
23138;-68.38242;213.2395;-2683.013
23171;-68.52268;213.7773;-2682.879
23205;-68.18481;213.4337;-2682.834
23240;-67.96891;213.7874;-2683.27
23273;-68.50585;213.6877;-2683.252
23308;-68.43604;212.082;-2683.728
23342;-68.21877;209.559;-2684.399
23376;-68.96445;209.1996;-2684.457
23409;-69.78278;207.7029;-2684.608
23444;-70.6468;207.07;-2684.868
23479;-71.61327;206.3928;-2685.807
23513;-72.94101;203.4569;-2685.895
23551;-73.60164;202.3857;-2686.488
23568;-74.08624;201.261;-2686.385
23620;-74.54103;196.864;-2687.101
23636;-75.11547;194.6147;-2687.828
23669;-75.7578;194.4479;-2688.82
23703;-76.57112;194.4563;-2690.105
23753;-77.1213;194.2805;-2690.18
23787;-78.02011;193.4978;-2691.176
23808;-78.31231;193.4645;-2691.23
23841;-78.24508;190.2199;-2690.958
23875;-79.76496;190.8361;-2690.867
23909;-79.8811;185.3725;-2692.59
23943;-82.63135;185.6397;-2692.831
23976;-83.70554;183.5502;-2692.613
24010;-85.60049;180.8799;-2692.317
24044;-90.12881;134.5032;-2695.199
24077;-86.67957;138.422;-2693.224
24111;-86.10675;136.2749;-2693.516
24145;-87.42073;130.0859;-2694.005
24179;-92.486;120.8992;-2694.562
24212;-99.39445;108.7813;-2691.092
24246;-106.4914;98.88886;-2689.661
24280;-119.7813;74.24757;-2692.046
24299;-129.0439;47.09631;-2696.81
24347;-133.6075;8.057853;-2705.205
24381;-133.5442;-15.88809;-2706.954
24414;-110.7593;-72.51282;-2721.962
24448;-110.4818;-92.40092;-2724.998
24482;-107.3098;-145.6264;-2742.882
24515;-110.4269;-171.888;-2747.292
24549;-103.6032;-205.5865;-2748.395
24583;-83.26965;-245.5139;-2746.122
24616;-52.7031;-267.9381;-2748.578
24650;-29.06282;-281.9588;-2740.566
24667;-13.65359;-296.5349;-2731.446
24701;5.619018;-307.6431;-2721.782
24751;29.02838;-321.623;-2708.927
24769;49.67273;-326.9922;-2687.002
24802;53.61725;-328.9186;-2680.057
24852;60.07152;-321.8721;-2675.798
24886;61.37941;-321.1504;-2674.022
24905;62.71452;-318.8059;-2670.611
24937;62.10522;-318.4741;-2667.994
24989;59.55281;-320.267;-2664.98
25006;57.15132;-320.6854;-2663.1
25056;55.98712;-319.8918;-2661.745
25073;52.14787;-321.8535;-2658.831
25107;48.93216;-321.3835;-2657.347
25140;48.57232;-309.1797;-2659.666
25174;48.07981;-305.3792;-2659.953
25213;46.6055;-306.5615;-2658.432
25245;45.26915;-310.5317;-2656.857
25279;45.90462;-311.3369;-2655.377
25313;46.12923;-311.7292;-2655.076
25346;46.72019;-312.3939;-2654.856
25380;46.70753;-314.3884;-2654.57
25413;46.79026;-314.4582;-2654.604
25447;46.92967;-315.7176;-2654.742
25481;47.19061;-315.9073;-2655.054
25514;47.43242;-316.5691;-2654.852
25532;48.47665;-315.0249;-2656.043
25582;48.76949;-314.9071;-2656.383
25616;49.0528;-312.4247;-2657.954
25633;49.05284;-312.809;-2659.372
25683;53.02604;-302.7544;-2665.938
25717;52.65885;-301.022;-2667.042
25734;52.00771;-299.579;-2666.677
25767;51.27959;-297.5164;-2665.89
25801;50.33752;-300.0533;-2665.178
25852;50.6378;-298.7467;-2664.958
25885;50.51991;-298.8692;-2664.856
25902;50.56402;-297.5435;-2665.299
25958;50.75442;-296.9205;-2665.287
25971;50.33945;-294.7997;-2665.365
26005;48.74954;-292.0931;-2668.093
26038;44.38036;-286.4254;-2670.745
26073;40.69076;-281.7503;-2674.361
26106;34.38437;-268.727;-2680.538
26139;9.392036;-252.4183;-2691.793
26173;-0.2802161;-238.4491;-2703.761
26207;-1.409806;-225.3923;-2708.964
26241;-19.4149;-209.0122;-2716.746
26274;-39.39816;-186.3622;-2734.313
26308;-65.90002;-147.4101;-2748.485
26342;-89.86284;-88.75419;-2737.605
26375;-91.16526;-71.81452;-2735.919
26409;-98.85216;-15.27551;-2738.948
26443;-96.71117;2.169625;-2739.016
26476;-112.1546;69.44584;-2730.313
26510;-108.0877;99.24535;-2724.915
26544;-101.0808;126.8922;-2722.902
26577;-98.47488;174.1274;-2720.283
26611;-90.75871;180.1024;-2718.818
26632;-79.92018;194.7857;-2719.013
26679;-76.98442;204.9752;-2716.242
26712;-72.1913;209.7212;-2714.153
26746;-68.46206;224.6927;-2713.717
26769;-66.7875;227.24;-2712.631
26815;-63.63166;230.9466;-2709.878
26849;-61.99074;233.9048;-2709.837
26882;-59.97032;235.8448;-2706.681
26916;-59.00505;236.9597;-2705.583
26933;-57.96458;237.5394;-2705.253
26983;-58.14568;239.1557;-2704.732
27017;-57.1652;238.8482;-2704.129
27052;-56.93157;239.1797;-2703.73
27070;-56.20655;238.2395;-2703.216
27118;-55.5863;237.3198;-2702.816
27152;-56.31063;237.8727;-2701.773
27185;-57.56487;237.9192;-2700.563
27206;-58.9853;238.2801;-2699.977
27236;-60.55737;236.7072;-2698.706
27287;-63.00068;234.7208;-2697.647
27303;-66.40923;233.7717;-2697.579
27354;-70.48091;228.0554;-2696.644
27372;-73.50054;224.6761;-2695.656
27405;-76.17847;214.8252;-2694.644
27438;-79.76968;205.4653;-2695.123
27472;-86.64997;189.0071;-2695.361
27506;-98.12392;169.4028;-2692.686
27556;-104.3715;142.1373;-2697.453
27573;-111.4099;113.3125;-2703.17
27624;-113.3009;77.01775;-2707.461
27640;-111.9275;44.31038;-2714.688
27674;-110.7103;8.430865;-2717.224
27708;-102.7611;-27.67529;-2720.384
27742;-84.5356;-74.42787;-2735.274
27775;-85.86922;-105.0557;-2740.895
27809;-67.84435;-163.2992;-2768.557
27843;-25.76619;-185.6064;-2774.243
27876;-17.69886;-199.8548;-2768.87
27914;-4.230448;-223.7157;-2750.844
27944;22.83234;-256.987;-2728.991
27977;23.55211;-265.1558;-2725.439
28011;32.34291;-280.4158;-2709.595
28045;42.24758;-307.7354;-2699.013
28078;48.85046;-324.0534;-2675.758
28112;51.59123;-324.6308;-2671.295
28146;55.38789;-324.875;-2668.477
28180;62.12031;-318.738;-2667.716
28213;63.10302;-318.0141;-2667.842
28247;63.87387;-317.1557;-2668.751
28281;63.94757;-317.2576;-2668.864
28314;63.78837;-316.9662;-2669.322
28348;63.64355;-317.0066;-2669.319
28382;63.13694;-317.568;-2668.58
28418;63.04391;-317.592;-2668.334
28452;62.62925;-317.0743;-2667.357
28485;62.44767;-316.3385;-2665.933
28519;62.53901;-311.8213;-2664.523
28553;62.54918;-310.9955;-2663.992
28587;62.27876;-311.2916;-2663.066
28603;61.28067;-313.5659;-2660.832
28637;60.85488;-314.0735;-2659.739
28688;60.1815;-313.7125;-2659.966
28721;55.61264;-304.6098;-2668.528
28738;42.56823;-284.3575;-2682.5
28772;32.45102;-266.1468;-2689.996
28805;21.49429;-246.2182;-2699.623
28839;6.175451;-234.8496;-2711.16
28873;-22.54029;-214.0582;-2721.245
28907;-52.25122;-179.3658;-2742.226
28948;-64.15764;-159.3913;-2738.129
28991;-80.34612;-116.0361;-2746.596
29008;-104.1909;-70.61755;-2714.432
29041;-97.38387;0.1216031;-2704.652
29075;-87.15472;36.65488;-2716.595
29109;-110.6448;99.4921;-2708.7
29143;-100.5148;123.653;-2711.313
29176;-99.61629;178.3719;-2712.652
29210;-93.43788;185.7968;-2712.54
29244;-71.29939;199.429;-2719.574
29277;-65.17057;204.3849;-2721.304
29311;-60.37432;214.392;-2724.96
29345;-60.36345;225.5276;-2724.498
29378;-58.79502;239.976;-2725.9
29412;-56.53085;240.981;-2725.65
29434;-55.08716;246.4846;-2722.739
29479;-53.6774;250.6483;-2721.753
29513;-53.44641;257.5818;-2720.12
29547;-52.9178;261.5507;-2718.169
29581;-51.39366;263.3704;-2716.548
29614;-49.99858;264.4057;-2715.082
29648;-49.21944;265.8875;-2713.028
29682;-47.95446;266.5121;-2710.154
29715;-47.12933;266.8636;-2708.933
29749;-44.03923;259.4286;-2704.554
29783;-43.88241;259.9881;-2703.849
29816;-41.74346;256.0918;-2701.915
29850;-41.78744;255.5481;-2700.488
29867;-42.17156;256.5231;-2698.964
29917;-43.21901;257.5388;-2697.113
29951;-42.73259;255.8543;-2696.359
29968;-43.69575;257.1413;-2694.619
30024;-46.57967;260.7349;-2693.276
30045;-47.79552;261.5998;-2691.521
30077;-48.60432;261.3227;-2690.515
30113;-50.17524;262.085;-2689.831
30145;-51.4164;260.5198;-2688.563
30179;-50.13454;247.7;-2687.192
30212;-51.31008;244.666;-2687.123
30246;-52.05049;241.526;-2687.126
30281;-55.18358;241.285;-2686.597
30314;-61.05683;235.5791;-2686.447
30348;-66.01687;230.4804;-2686.133
30382;-72.21283;218.6469;-2686.552
30415;-80.13167;213.4809;-2683.281
30449;-90.94362;198.3776;-2681.64
30483;-94.73615;129.0535;-2690.78
30516;-96.9724;117.3551;-2690.114
30550;-109.6729;65.55706;-2684.696
30568;-111.8932;47.79568;-2689.699
30618;-113.6492;-20.6103;-2691.577
30651;-102.4348;-80.41293;-2705.646
30685;-85.75135;-114.0026;-2701.477
30719;-59.76006;-162.9124;-2721.617
30753;-48.4231;-184.8982;-2721.727
30786;-36.33056;-210.2959;-2710.154
30820;-9.264827;-255.7392;-2703.982
30837;-2.570422;-263.9344;-2696.948
30887;13.71806;-286.567;-2680.206
30904;33.29028;-302.946;-2665.281
30938;41.31728;-307.034;-2662.998
30988;44.77342;-310.2813;-2661.777
31022;49.85262;-308.7175;-2662.068
31039;52.67221;-310.1349;-2662.495
31073;55.22096;-308.7988;-2664.128
31107;56.10072;-308.3964;-2664.993
31140;56.84656;-309.3066;-2666.326
31174;57.10114;-310.6992;-2667.256
31211;57.5607;-311.0976;-2667.017
31245;58.71438;-309.7434;-2666.644
31278;59.52224;-308.9984;-2666.106
31312;60.47171;-308.0998;-2664.81
31346;60.90452;-305.4122;-2663.82
31380;61.21074;-307.1253;-2662.496
31413;61.08701;-308.0948;-2661.989
31447;60.85493;-308.2131;-2661.781
31481;58.33051;-307.7283;-2661.905
31514;49.54364;-295.1006;-2669.291
31548;37.33769;-265.5182;-2685.764
31582;30.97901;-251.4252;-2688.986
31615;-11.71352;-227.9776;-2704.197
31649;-40.67179;-202.275;-2698.289
31683;-53.38733;-179.7851;-2702.977
31716;-61.58021;-165.6452;-2718.807
31750;-86.785;-98.67619;-2688.148
31784;-91.97391;-41.69433;-2675.973
31818;-90.9908;-11.77237;-2675.735
31851;-102.3105;51.79506;-2672.378
31868;-107.4149;90.91612;-2674.242
31902;-97.37975;118.9344;-2677.582
31952;-92.23582;174.359;-2685.644
31970;-84.20493;182.1196;-2685.498
32020;-67.68053;205.6926;-2696.786
32057;-63.02439;222.763;-2701.218
32074;-59.06966;237.249;-2702.435
32108;-54.22405;258.0499;-2703.829
32142;-50.6624;261.1266;-2706.339
32175;-44.98059;261.6266;-2708.126
32209;-36.23125;258.5613;-2710.169
32243;-31.48154;252.799;-2712.266
32276;-30.89553;250.5865;-2712.038
32310;-29.98868;246.0185;-2710.256
32344;-34.51926;256.3105;-2710.64
32378;-34.28712;254.3673;-2709.655
32411;-35.02502;254.6198;-2707.609
32445;-35.83893;252.0266;-2705.881
32481;-38.33281;253.7598;-2703.161
32515;-38.65315;248.9634;-2699.94
32552;-40.72333;249.2343;-2698.429
32586;-42.29366;245.9419;-2696.822
32620;-44.10778;246.2527;-2695.412
32636;-45.62453;242.753;-2693.96
32687;-47.80479;244.6025;-2693.553
32704;-51.51055;246.0219;-2691.704
32738;-57.69681;248.9466;-2689.481
32771;-61.77122;248.4494;-2687.212
32805;-69.08236;247.7896;-2683.858
32855;-74.62553;241.0565;-2680.318
32889;-79.17183;233.2936;-2678.648
32906;-87.56645;223.2646;-2671.921
32940;-93.62041;207.5327;-2667.801
32974;-94.89883;173.4518;-2665.497
33007;-96.86559;147.0761;-2668.739
33041;-101.563;132.1787;-2664.792
33074;-108.6441;102.4288;-2655.889
33108;-122.0906;74.18488;-2646.593
33142;-120.1011;31.59008;-2642.569
33176;-112.0691;-9.412534;-2648.959
33209;-109.7047;-52.70031;-2660.49
33243;-95.32638;-99.70592;-2661.923
33277;-94.60105;-132.7434;-2661.969
33310;-58.44623;-171.5198;-2679.518
33344;-47.85337;-186.3677;-2675.854
33378;-41.95881;-222.0532;-2669.887
33412;-29.18975;-248.4078;-2669.325
33445;-12.50484;-267.1042;-2668.072
33479;21.25891;-283.9892;-2658.125
33513;36.20351;-303.7849;-2655.458
33546;40.38337;-307.9981;-2651.933
33580;44.98782;-310.1559;-2651.011
33614;49.33566;-308.2552;-2653.206
33647;50.79912;-309.5012;-2654.293
33681;51.72142;-310.7512;-2655.241
33715;51.37377;-311.1646;-2655.657
33749;51.08355;-311.4069;-2656.134
33782;50.31004;-312.514;-2656.91
33816;49.62569;-314.1991;-2657.071
33850;49.79202;-314.3354;-2656.747
33883;50.17119;-314.239;-2655.609
33917;50.33861;-314.1829;-2654.757
33934;50.90133;-313.1522;-2653.228
33984;51.06603;-312.6007;-2651.982
34018;51.11725;-311.8405;-2651.006
34052;49.56752;-307.4309;-2651.161
34086;45.18314;-300.0627;-2651.802
34119;41.94741;-289.3912;-2654.67
34153;32.55936;-274.3373;-2653.494
34187;5.420576;-256.1928;-2657.858
34203;-4.961062;-251.3972;-2663.17
34254;-33.35316;-213.3556;-2674.657
34288;-43.52889;-205.2493;-2675.191
34321;-71.44696;-163.2678;-2680.875
34338;-71.6506;-155.6906;-2681.447
34372;-93.42312;-88.68304;-2671.327
34406;-98.69501;-23.56069;-2659.145
34443;-100.238;-7.824993;-2661.069
34477;-105.7547;63.26818;-2668.103
34510;-103.7083;103.6099;-2671.839
34544;-86.54693;140.7123;-2683.35
34578;-89.42445;192.2024;-2683.34
34611;-87.15079;210.6627;-2686.345
34645;-74.62311;225.5511;-2692.802
34679;-64.94971;238.8599;-2697.546
34713;-58.30706;252.7925;-2701.635
34746;-53.93036;269.7502;-2703.593
34780;-37.35418;252.2686;-2707.222
34814;-34.79094;250.3596;-2707.565
34847;-34.6336;251.6697;-2707.244
34881;-34.35428;251.4702;-2706.767
34916;-34.3439;250.7156;-2706.106
34948;-34.11619;250.325;-2704.956
34982;-34.1013;247.8495;-2704.23
35016;-35.58192;243.909;-2700.31
35050;-35.24987;239.7667;-2698.53
35083;-37.77494;241.6732;-2695.089
35117;-39.05749;239.2102;-2693.478
35151;-40.45591;237.8002;-2692.648
35184;-42.00727;237.2868;-2691.714
35218;-47.33233;241.4458;-2689.415
35252;-49.08243;240.9454;-2687.809
35285;-52.13567;241.2146;-2686.436
35302;-56.20071;238.6543;-2684.021
35353;-63.37145;235.8771;-2681.51
35386;-69.44672;231.1265;-2679.435
35420;-78.71663;215.9661;-2676.946
35454;-86.49223;195.8781;-2678.075
35488;-90.51432;127.7864;-2683.615
35521;-95.98657;111.3354;-2679.463
35555;-101.0871;57.42595;-2677.245
35589;-113.1329;26.24397;-2679.894
35622;-101.1105;-23.02431;-2670.823
35639;-93.70788;-75.56062;-2682.467
35673;-79.21894;-116.0732;-2679.406
35726;-70.81007;-140.3154;-2680.35
35741;-55.07561;-174.3386;-2678.25
35774;-45.57211;-195.6389;-2680.152
35808;-26.75277;-236.0832;-2671.322
35858;-19.55564;-242.7057;-2668.233
35875;-6.697498;-261.6152;-2658.859
35929;28.36452;-287.1192;-2650.801
35945;32.65664;-295.773;-2648.762
35977;39.20467;-300.2695;-2649.12
36011;40.714;-303.691;-2648.98
36045;43.67599;-305.2904;-2651.772
36079;44.46545;-306.3698;-2652.469
36112;45.31895;-307.1423;-2654.795
36146;46.96271;-303.7735;-2660.672
36196;46.63086;-304.5058;-2661.109
36213;46.1525;-305.7299;-2661.319
36247;45.69612;-306.4994;-2660.946
36281;45.70693;-307.0469;-2660.295
36314;46.2625;-307.2636;-2659.185
36348;46.22713;-307.2012;-2659.178
36382;45.0884;-303.9211;-2659.452
36415;44.19282;-302.9416;-2659.203
36449;41.90563;-299.0036;-2657.4
36483;32.76637;-282.2039;-2657.125
36516;29.23269;-277.6197;-2656.922
36550;19.91389;-250.7522;-2667.114
36569;-8.615633;-243.3422;-2665.826
36618;-25.26279;-226.2726;-2666.112
36651;-35.12237;-217.5953;-2669.472
36685;-65.82975;-183.8825;-2661.047
36702;-75.03575;-171.3092;-2686.502
36753;-74.09026;-164.1183;-2686.995
36786;-89.40981;-122.7238;-2675.736
36820;-106.4939;-17.84052;-2660.146
36853;-102.4362;37.6743;-2657.391
36871;-106.4292;89.19672;-2654.891
36904;-92.41281;124.4442;-2665.511
36955;-91.14619;191.8833;-2665.612
36988;-84.60397;217.7597;-2668.802
37006;-77.46931;255.7852;-2674.973
37056;-70.6162;266.0367;-2678.93
37089;-51.96391;287.365;-2690.638
37106;-41.29478;297.006;-2696.061
37140;-41.1856;302.1298;-2695.746
37174;-34.61829;306.4883;-2696.467
37225;-30.10617;312.9476;-2697.833
37241;-26.88579;313.8605;-2697.117
37275;-26.15804;314.495;-2696.939
37309;-22.84069;317.2958;-2696.784
37359;-21.43145;318.6732;-2695.706
37376;-20.7103;319.3542;-2695.013
37410;-20.89159;319.4538;-2693.778
37443;-15.28705;293.0461;-2689.518
37477;-17.66709;304.2296;-2688.26
37512;-18.33596;305.3635;-2688.146
37547;-18.51732;306.0685;-2687.722
37580;-18.75099;307.6096;-2687.315
37614;-15.7838;293.0519;-2683.334
37648;-18.10974;298.3489;-2683.169
37698;-21.09941;306.5463;-2681.925
37715;-26.81455;310.1428;-2676.876
37749;-21.63696;273.2756;-2675.562
37783;-22.68746;268.6344;-2675.332
37816;-28.28069;260.1359;-2672.503
37851;-37.45189;248.8629;-2668.154
37884;-46.20451;237.5313;-2666.156
37918;-57.84119;217.268;-2657.222
37952;-70.78342;191.541;-2650.139
37985;-77.02081;118.431;-2659.751
38019;-85.30842;83.95958;-2649.763
38053;-84.09822;25.60789;-2650.495
38087;-82.3699;-26.57625;-2652.559
38120;-69.53752;-84.53879;-2653.384
38154;-54.69843;-126.3899;-2666.54
38187;-37.56915;-159.6273;-2673.686
38221;-20.60462;-191.1537;-2664.968
38238;-12.05874;-236.2531;-2645.522
38272;-7.408338;-242.4754;-2640.42
38305;2.789771;-255.5375;-2640.599
38340;34.19608;-277.6197;-2635.421
38378;41.91601;-289.6114;-2634.054
38412;45.26973;-290.4241;-2635.413
38446;50.14486;-297.9138;-2636.73
38479;52.86702;-300.0701;-2637.806
38513;54.49975;-300.4636;-2641.409
38547;54.05389;-300.3631;-2645.069
38581;53.54618;-301.2345;-2647.583
38614;52.99476;-302.1619;-2648.184
38648;51.79923;-302.5531;-2648.794
38682;50.75964;-304.4915;-2649.26
38716;49.75796;-305.5157;-2649.96
38749;48.95325;-306.1196;-2649.719
38774;48.77604;-306.1209;-2649.682
38824;48.0282;-306.1275;-2648.622
38841;47.41916;-306.4059;-2646.292
38875;46.60676;-300.9138;-2645.219
38908;44.95083;-299.8336;-2643.596
38942;42.32272;-292.0179;-2642.012
38976;34.41695;-274.5748;-2642.021
39026;28.68019;-262.2834;-2642.619
39043;10.01076;-255.4078;-2638.987
39077;-7.596017;-244.1313;-2646.03
39111;-28.01825;-216.4712;-2643.724
39144;-38.11759;-209.0101;-2645.5
39178;-69.66492;-175.5746;-2652.458
39212;-74.57495;-161.9721;-2668.309
39245;-97.93758;-95.73856;-2648.575
39281;-101.7671;-37.8879;-2648.541
39313;-102.4012;24.5808;-2643.929
39347;-104.4974;76.54013;-2646.55
39380;-93.67831;122.681;-2657.38
39414;-91.26637;186.1721;-2658.855
39448;-79.70325;235.453;-2668.246
39481;-72.90762;261.7698;-2678.472
39515;-60.16818;274.4045;-2684.118
39549;-24.75014;261.8208;-2697.583
39582;-22.15815;262.9897;-2697.074
39616;-9.369742;256.7742;-2700.084
39650;-5.112548;255.1154;-2701.968
39683;2.13401;251.031;-2705.33
39717;-13.46831;306.0424;-2708.746
39751;-13.15626;307.1464;-2709.071
39771;-13.10596;308.4096;-2709.056
39818;-12.75031;309.8816;-2707.95
39852;-13.24103;309.854;-2706.51
39886;-15.43622;310.2506;-2704.238
39919;-20.17472;306.9837;-2700.161
39953;-23.82965;284.4615;-2697.212
39987;-31.6408;268.771;-2694.148
40020;-41.6339;247.7507;-2688.906
40054;-54.05706;225.2917;-2683.219
40088;-72.08379;185.931;-2677.013
40121;-80.9369;147.997;-2672.12
40139;-88.78406;91.80177;-2671.008
40189;-90.19989;41.44314;-2662.264
40223;-102.7061;-5.440166;-2661.443
40240;-84.15305;-42.83754;-2653.558
40290;-70.92909;-102.886;-2662.448
40324;-64.36457;-143.1977;-2676.941
40341;-38.61381;-176.233;-2672.823
40374;-28.35615;-191.0424;-2659.901
40408;-31.82396;-237.6286;-2632.245
40444;-6.838198;-246.0217;-2644.848
40476;10.69695;-262.6184;-2638.794
40511;25.17495;-279.5175;-2637.833
40543;39.16369;-306.3205;-2637.193
40576;41.90598;-308.4572;-2638.294
40610;46.60867;-309.4442;-2641.753
40644;52.60546;-305.859;-2650.687
40678;54.40339;-304.6932;-2653.79
40711;54.09288;-302.7777;-2654.991
40745;53.81117;-303.5427;-2654.983
40779;53.411;-304.4504;-2654.924
40812;52.97487;-305.5202;-2654.332
40846;52.61745;-306.2816;-2653.847
40880;51.95214;-306.0058;-2653.589
40913;48.31833;-300.5158;-2653.259
40947;42.93358;-295.1136;-2652.954
40972;23.40385;-266.7642;-2660.919
41008;18.74108;-256.4444;-2662.269
41043;-25.47146;-228.3571;-2672.691
41082;-37.02946;-210.5173;-2672.694
41116;-69.66465;-172.5988;-2666.585
41149;-76.53931;-157.883;-2670.132
41184;-98.52512;-97.37989;-2668.532
41207;-100.5432;-37.69958;-2662.81
41241;-100.056;7.533456;-2664.215
41292;-106.1704;82.90813;-2663.167
41311;-94.26649;129.4191;-2675.723
41347;-90.88257;192.5039;-2676.799
41381;-82.03326;220.0855;-2681.612
41414;-72.8315;260.9858;-2697.494
41448;-51.94987;282.6458;-2702.304
41482;-47.69835;293.0052;-2708.891
41515;-45.90807;302.3178;-2710.559
41549;-41.18747;308.9187;-2711.492
41583;-34.74365;313.5317;-2712.683
41616;-31.40108;311.5556;-2712.563
41650;-29.82143;312.4366;-2713.099
41684;-27.50496;308.8381;-2711.31
41701;-13.9089;275.4627;-2708.169
41757;-29.69123;299.7458;-2701.821
41768;-25.63633;274.8384;-2701.168
41802;-29.81988;269.9459;-2699.001
41853;-34.43398;236.6292;-2692.011
41874;-42.35651;235.8278;-2689.241
41903;-53.04898;232.3515;-2680.486
41936;-69.94299;201.8633;-2662.78
41988;-81.91932;169.3111;-2651.8
42021;-81.22826;114.5048;-2653.498
42054;-91.76279;76.07183;-2637.62
42089;-92.20751;21.63326;-2629.04
42123;-94.35405;-14.7635;-2630.284
42143;-83.65109;-69.70854;-2625.218
42181;-65.30311;-120.695;-2643.244
42211;-58.05531;-154.9518;-2650.211
42245;-44.05205;-174.8498;-2647.365
42279;-26.74689;-193.0396;-2642.454
42312;-10.83043;-216.7779;-2638.016
42346;-14.34661;-246.9497;-2627.746
42380;4.593026;-268.5434;-2625.84
42413;20.26189;-273.4453;-2630.861
42447;31.3259;-284.9593;-2633.884
42481;41.52197;-299.7747;-2635.551
42519;43.5731;-301.1875;-2636.98
42548;47.14542;-300.2624;-2639.119
42582;48.84195;-299.1104;-2641.586
42616;49.31858;-300.8953;-2640.87
42655;49.35564;-301.4189;-2641.01
42687;49.35127;-301.9114;-2641.335
42720;48.26855;-303.1603;-2641.099
42754;45.96008;-302.2993;-2641.434
42771;42.53207;-299.7481;-2641.143
42806;35.47089;-296.6895;-2641.017
42838;25.3158;-276.4364;-2647.26
42876;16.30721;-259.6322;-2655.467
42923;6.973669;-242.4477;-2662.002
42940;-41.53352;-215.0263;-2660.027
42990;-45.32593;-208.4174;-2663.25
43024;-72.30331;-177.9501;-2665.732
43057;-85.26355;-153.9822;-2665.781
43074;-97.29361;-124.0678;-2664.803
43108;-109.245;-54.31537;-2656.216
43144;-107.053;-6.954242;-2658.194
43178;-107.1081;55.4919;-2656.384
43211;-104.3358;94.46957;-2662.936
43245;-93.41733;155.7113;-2669.303
43279;-91.42222;206.3187;-2673.319
43313;-84.98119;248.8326;-2678.428
43346;-77.38165;262.0359;-2683.442
43380;-53.21771;287.4994;-2696.537
43413;-50.34117;295.3105;-2699.272
43448;-44.67426;303.2418;-2702.265
43468;-39.85391;307.2379;-2703.991
43502;-36.66253;313.5898;-2704.353
43535;-34.05615;314.7033;-2702.741
43586;-33.06933;315.2491;-2702.748
43620;-32.67282;314.8963;-2702.29
43653;-33.97043;313.7191;-2700.66
43688;-20.48535;266.1206;-2696.844
43723;-21.28816;265.6419;-2696.063
43740;-26.47897;264.6206;-2693.369
43797;-34.28747;254.9214;-2688.997
43812;-51.02263;239.8063;-2685.61
43846;-71.17886;209.0202;-2678.38
43879;-81.18496;179.3494;-2672.722
43913;-97.00578;139.5179;-2680.284
43947;-83.24008;97.20926;-2691.457
43981;-92.25681;21.00176;-2665.597
44019;-100.4627;-7.588367;-2658.086
44053;-83.75159;-75.1858;-2657.787
44070;-68.39825;-122.9414;-2671.775
44104;-54.8408;-156.5258;-2682.205
44154;-35.35815;-180.4004;-2668.459
44173;-24.6183;-194.9816;-2660.779
44207;-10.34019;-242.2588;-2650.371
44241;-7.267882;-248.8491;-2646.525
44274;14.55587;-272.0209;-2641.832
44308;28.69066;-294.3045;-2639.67
44342;38.91759;-305.9628;-2644.838
44376;42.92029;-302.7471;-2649.066
44409;45.19341;-302.565;-2652.631
44443;46.8186;-303.7049;-2654.551
44493;48.7431;-303.5345;-2657.717
44510;48.94378;-303.4231;-2658.362
44544;48.97638;-303.6078;-2658.273
44578;48.61181;-305.0321;-2657.672
44612;47.42968;-304.406;-2658.173
44645;45.26786;-302.1036;-2657.28
44679;42.39819;-299.8725;-2656.583
44713;35.68656;-292.8927;-2656.668
44746;26.20786;-279.4171;-2657.422
44780;17.54803;-259.0007;-2663.095
44814;-14.13422;-252.3774;-2651.405
44847;-28.71894;-237.8943;-2663.411
44881;-55.549;-197.6123;-2658.594
44915;-62.72315;-187.2847;-2663.451
44948;-88.94965;-149.8391;-2671.056
44992;-101.7157;-108.4813;-2665.747
45003;-108.5361;-45.15566;-2660.29
45053;-103.9854;-10.56106;-2660.997
45087;-107.4921;56.87359;-2659.926
45120;-105.0356;108.8673;-2668.942
45154;-94.51261;162.6488;-2676.962
45188;-95.52766;215.4305;-2676.56
45204;-86.4572;242.9304;-2683.444
45238;-72.95516;264.1607;-2694.098
45272;-48.92994;292.1149;-2701.709
45307;-31.22157;267.8136;-2704.827
45340;-34.93457;312.7294;-2712.438
45374;-34.49588;315.1103;-2712.738
45408;-30.47531;317.7647;-2712.63
45441;-25.88514;320.2606;-2713.648
45475;-23.62152;320.8922;-2712.223
45509;-22.62343;321.1269;-2711.401
45542;-22.07968;320.3205;-2711.067
45576;-23.20462;319.4933;-2708.203
45610;-29.04718;316.1085;-2703.077
45643;-35.91457;311.5466;-2698.527
45677;-51.70056;286.2157;-2687.94
45711;-56.60351;280.7708;-2685.192
45745;-73.22674;250.8932;-2677.286
45778;-82.78486;231.1828;-2671.156
45812;-97.36372;176.1947;-2662.089
45846;-98.56328;105.0761;-2670.366
45879;-105.2179;73.36095;-2660.888
45913;-102.8668;17.40123;-2655.698
45947;-95.57964;-42.23195;-2655.759
45980;-87.50923;-103.3735;-2677.819
46014;-76.58164;-129.6068;-2670.923
46048;-56.65486;-174.499;-2678.747
46082;-44.70109;-189.2893;-2666.605
46115;-25.68899;-227.3889;-2651.849
46149;-14.68659;-244.4016;-2652.632
46183;-5.724397;-265.9921;-2648.912
46216;21.33636;-286.3436;-2644.442
46250;30.01905;-297.8992;-2643.575
46284;35.56947;-298.4555;-2645.372
46317;39.00504;-299.0233;-2646.826
46351;41.37372;-303.4387;-2648.787
46385;42.10576;-305.349;-2651.027
46419;41.16512;-307.5597;-2652.964
46435;38.11238;-310.5353;-2652.903
46486;36.27645;-309.749;-2653.23
46503;31.58484;-307.4591;-2653.062
46536;24.29838;-303.591;-2651.856
46587;22.21158;-301.6748;-2651.399
46604;17.94028;-299.5191;-2649.23
46638;14.85564;-294.5561;-2649.085
46688;14.23366;-293.0132;-2648.797
46722;14.07978;-292.0219;-2648.269
46755;14.25087;-291.1168;-2645.394
46775;14.68266;-290.9665;-2642.573
46823;16.94465;-291.545;-2638.123
46857;17.89087;-294.3263;-2633.792
46890;19.15919;-293.6576;-2631.162
46907;21.39911;-292.3774;-2626.439
46941;22.81141;-294.0697;-2623.291
46974;23.57684;-297.1838;-2619.895
47008;24.12072;-296.7344;-2618.659
47042;24.68254;-297.4456;-2617.494
47075;24.75476;-299.5848;-2614.659
47109;25.17757;-299.4498;-2613.663
47160;25.64781;-296.1696;-2613.579
47177;25.68411;-296.1819;-2613.409
47211;26.14473;-297.4354;-2611.848
47244;26.83791;-297.3283;-2611.423
47278;27.32794;-297.9952;-2609.678
47312;28.06611;-298.8643;-2607.628
47345;29.07672;-299.3695;-2606.549
47379;29.59717;-300.0927;-2605.764
47413;30.12749;-298.2484;-2604.25
47446;30.69217;-299.4676;-2602.473
47480;31.26022;-298.931;-2601.415
47514;30.95096;-293.7955;-2600.588
47547;31.08541;-294.0371;-2599.105
47581;31.09152;-294.1696;-2598.802
47615;30.92388;-294.6372;-2598.13
47649;31.00432;-293.9636;-2597.968
47683;31.11458;-292.987;-2597.713
47716;31.03515;-291.6735;-2597.523
47758;31.03856;-290.2521;-2597.144
47785;31.13101;-288.7154;-2596.646
47819;31.34447;-288.4632;-2596.574
47852;31.35811;-288.0849;-2596.185
47886;32.1581;-287.4366;-2595.353
47920;32.20852;-287.3233;-2595.347
47955;32.2156;-287.3307;-2595.3
47989;32.41664;-287.0256;-2595.261
48023;32.45573;-286.8736;-2595.253
48057;32.50907;-286.866;-2595.28
48076;32.99467;-286.838;-2595.212
48126;33.57891;-287.4239;-2595.28
48147;34.49307;-288.5401;-2594.991
48183;35.24467;-289.0721;-2595.377
48224;36.60952;-289.1506;-2595.806
48252;37.29749;-289.5344;-2596.178
48285;37.9659;-289.6922;-2597.347
48318;38.77484;-288.7328;-2599.486
48352;39.16722;-288.3991;-2600.634
48386;39.15716;-289.8255;-2602.208
48419;39.20166;-289.3286;-2604.361
48453;38.97699;-289.1277;-2605.108
48487;38.97717;-286.7346;-2607.244
48521;38.88929;-286.2907;-2608.036
48554;37.99955;-286.7427;-2608.171
48588;38.02458;-286.4579;-2608.652
48607;38.82547;-285.1174;-2609.778
48641;38.88527;-283.126;-2609.809
48689;39.35352;-282.4191;-2609.604
48710;39.92746;-281.3865;-2608.602
48756;40.19018;-280.5855;-2607.518
48773;41.59164;-281.8659;-2605.947
48824;42.60305;-282.595;-2602.813
48841;44.13961;-283.4789;-2598.994
48874;46.34913;-279.4897;-2595.801
48909;47.18301;-280.784;-2592.048
48943;47.5297;-281.124;-2590.155
48975;47.93734;-280.0796;-2589.386
49009;47.98951;-279.79;-2588.89
49043;47.79438;-279.5526;-2587.976
49076;47.81126;-279.6476;-2586.654
49110;47.77141;-279.3151;-2585.837
49161;47.76973;-279.1583;-2585.018
49178;46.85821;-278.252;-2583.724
49211;45.50476;-277.0815;-2583.064
49245;42.85852;-281.5129;-2580.279
49279;41.68601;-281.8661;-2580.017
49312;41.13676;-281.768;-2579.95
49346;40.76766;-282.1327;-2579.864
49380;40.02013;-282.8049;-2579.748
49413;39.46977;-282.9244;-2579.745
49447;38.99565;-282.8284;-2579.643
49481;37.6014;-282.5109;-2579.742
49514;36.75212;-282.4808;-2579.84
49548;35.39492;-282.4193;-2579.903
49582;34.85757;-282.9285;-2580.144
49615;34.57463;-283.3217;-2580.087
49649;33.98588;-284.6473;-2579.632
49683;33.92614;-284.5385;-2579.487
49717;33.68813;-284.0614;-2579.239
49750;33.19633;-283.476;-2578.984
49784;32.75529;-282.6018;-2578.643
49818;32.20229;-285.5456;-2576.45
49852;31.6074;-286.0009;-2575.219
49885;31.28783;-280.7348;-2575.726
49919;31.42183;-280.4456;-2575.765
49953;31.88717;-279.4412;-2575.595
49987;32.61987;-278.7487;-2575.094
50020;32.637;-278.7282;-2575.434
50054;32.60684;-280.1569;-2574.727
50088;32.96508;-279.6971;-2575.112
50121;33.17524;-279.6881;-2575.491
50155;33.6526;-279.7703;-2576.177
50189;34.14313;-280.5453;-2576.92
50222;34.40217;-280.6377;-2577.447
50256;34.65025;-280.6813;-2577.975
50290;34.83634;-280.9744;-2578.71
50313;35.53695;-280.6577;-2579.437
50346;36.90361;-279.8506;-2580.965
50379;37.50525;-279.9384;-2581.487
50413;38.11856;-280.7867;-2582.076
50447;38.82561;-284.431;-2583.359
50480;39.32177;-284.866;-2583.675
50514;40.9385;-285.8258;-2584.013
50548;42.41748;-283.6701;-2585.573
50581;42.54344;-283.7334;-2585.652
50615;42.85627;-283.9547;-2586.016
50649;43.3358;-284.9385;-2586.238
50684;43.54929;-285.3269;-2586.414
50705;43.75862;-285.5901;-2586.397
50755;44.21713;-286.0875;-2586.868
50772;44.53559;-286.134;-2586.946
50806;45.28046;-286.27;-2586.905
50857;45.8965;-286.4928;-2586.724
50874;46.76272;-286.3495;-2586.996
50924;47.21562;-286.3998;-2586.458
50943;47.62534;-286.0756;-2586.051
50991;47.72082;-285.1779;-2585.203
51008;47.95475;-285.4149;-2583.496
51059;47.79283;-285.4312;-2581.204
51082;47.7021;-285.3886;-2579.279
51112;48.38644;-283.3721;-2578.013
51145;48.63615;-281.5612;-2576.749
51179;48.67349;-280.132;-2575.52
51214;48.6834;-277.7546;-2574.319
51246;48.56834;-275.9151;-2573.332
51280;48.44536;-275.746;-2572.662
51314;48.30954;-275.2611;-2572.244
51347;48.35289;-274.6653;-2571.735
51381;48.38404;-274.9334;-2571.356
51415;48.21198;-274.7504;-2571.067
51456;47.6633;-274.2192;-2571.569
51482;47.04144;-273.43;-2571.909
51516;45.91207;-273.3599;-2572.271
51550;45.03819;-273.9884;-2572.576
51583;43.11924;-275.287;-2572.942
51617;41.22696;-277.5813;-2573.698
51651;39.20095;-278.5469;-2574.552
51684;38.05414;-279.8952;-2574.199
51718;36.75817;-280.0566;-2574.488
51752;34.49869;-283.3781;-2574.547
51785;33.87902;-282.9781;-2574.693
51819;33.3844;-282.8012;-2575.419
51853;33.14294;-283.0781;-2575.525
51887;32.19508;-284.0275;-2574.821
51908;31.7896;-283.669;-2574.82
51954;31.40485;-283.2117;-2574.995
51988;31.14931;-283.2499;-2575.049
52021;30.54122;-280.9685;-2576.272
52055;30.31259;-280.6841;-2576.9
52072;30.24338;-280.8199;-2577.124
52106;30.14505;-281.3853;-2577.432
52156;29.80273;-281.7351;-2578.089
52173;29.50047;-283.319;-2579.091
52207;29.3772;-287.8477;-2578.856
52257;29.31949;-289.7604;-2578.952
52274;29.68486;-290.217;-2579.695
52325;30.38283;-290.8875;-2580.602
52358;30.40882;-293.0353;-2580.7
52375;30.8672;-293.2659;-2581.466
52409;30.78375;-294.9969;-2582.323
52443;30.75986;-295.2776;-2583.434
52476;30.67287;-295.4016;-2584.333
52510;30.63924;-295.1729;-2585.142
52546;30.8126;-294.735;-2586.546
52579;30.64298;-295.0969;-2587.369
52613;30.42057;-296.2261;-2587.929
52647;30.34586;-297.4649;-2588.12
52680;30.30873;-298.209;-2588.667
52714;30.17438;-298.1483;-2588.97
52748;30.15625;-298.6524;-2589.053
52781;30.39555;-298.9785;-2588.901
52815;30.8917;-298.5827;-2589.008
52849;31.29664;-298.0246;-2589.066
52883;31.92419;-297.5759;-2588.739
52916;32.58482;-297.0146;-2587.972
52950;33.15248;-296.7706;-2587.002
52984;34.5429;-293.4488;-2585.332
53018;35.81268;-290.7424;-2583.694
53051;36.97383;-289.1273;-2582.062
53089;36.86886;-286.6528;-2580.661
53123;36.91874;-282.7775;-2579.492
53156;37.16819;-281.5094;-2579.231
53175;36.97842;-280.8207;-2578.865
53224;36.29935;-278.6409;-2578.367
53243;36.07278;-278.501;-2578.17
53274;36.0296;-278.5165;-2578.142
53308;35.99849;-278.5193;-2578.059
53342;36.02909;-281.9249;-2576.411
53393;36.02778;-281.926;-2576.413
53409;36.07856;-282.1259;-2576.456
53443;36.03066;-282.1051;-2576.454
53493;35.84553;-282.3425;-2576.391
53527;35.75504;-282.3179;-2576.456
53544;35.72786;-282.3165;-2576.463
53578;35.54839;-282.5461;-2576.438
53611;34.7675;-283.16;-2576.436
53645;33.69342;-285.749;-2575.495
53695;33.65675;-285.3295;-2575.848
53712;33.12785;-284.6241;-2575.894
53751;32.7583;-283.7562;-2575.993
53785;31.77563;-281.202;-2576.276
53819;31.40138;-279.936;-2576.77
53853;30.91137;-278.634;-2576.688
53886;30.62183;-277.9423;-2576.747
53920;30.4668;-277.9999;-2576.891
53954;30.36715;-277.8752;-2576.918
53987;30.11057;-278.5735;-2577.216
54021;29.67564;-286.7325;-2576.228
54055;29.4099;-289.1263;-2576.073
54088;28.47182;-286.582;-2578.922
54122;28.32638;-286.1448;-2579.382
54157;28.03751;-285.7767;-2580.302
54190;27.25514;-284.6184;-2582.148
54224;27.24823;-284.3066;-2583.256
54257;26.39898;-289.0207;-2583.905
54292;26.11343;-289.7667;-2584.408
54324;26.22585;-289.8156;-2585.057
54358;25.48478;-291.1713;-2585.434
54392;24.50017;-292.2119;-2586.267
54409;24.49978;-293.0776;-2586.698
54459;24.03833;-294.1479;-2587.835
54476;24.16321;-294.1762;-2588.415
54527;24.57666;-295.3323;-2588.742
54543;24.89703;-296.3688;-2589.035
54577;25.44955;-296.8229;-2589.199
54628;26.21668;-297.1308;-2589.387
54645;26.73478;-297.2726;-2589.23
54695;27.56508;-296.8342;-2589.025
54729;28.46979;-296.1975;-2588.654
54749;29.19131;-296.1707;-2588.124
54782;30.34285;-294.9611;-2588.224
54816;31.43978;-294.791;-2587.612
54850;32.44487;-295.6786;-2586.314
54884;33.40637;-293.7055;-2585.065
54917;34.37292;-288.7395;-2583.988
54951;34.3525;-287.2581;-2582.866
54985;34.51463;-285.6468;-2581.522
55035;34.34909;-285.3121;-2580.72
55052;33.74168;-282.331;-2579.626
55086;33.79163;-280.4163;-2579.082
55119;33.81804;-280.097;-2578.988
55153;33.80764;-280.1149;-2578.866
55193;33.78287;-279.8091;-2578.769
55209;34.02154;-280.0771;-2578.528
55247;34.11431;-280.5322;-2578.018
55273;34.10794;-280.5616;-2577.936
55314;33.58937;-282.0079;-2577.0
55356;32.5318;-281.659;-2576.706
55388;31.29685;-281.345;-2576.564
55422;30.53273;-280.7244;-2576.892
55455;29.83929;-280.7814;-2576.986
55489;29.0379;-281.5796;-2576.659
55507;28.62648;-281.4266;-2576.83
55557;28.50528;-281.1626;-2576.762
55591;28.49159;-281.2062;-2576.755
55608;28.3652;-280.5899;-2576.933
55658;28.08694;-279.9413;-2576.839
55675;27.98787;-277.9303;-2576.525
55710;27.89728;-277.6564;-2576.413
55744;28.02099;-277.4698;-2576.18
55778;27.99801;-277.2255;-2576.038
55812;27.93033;-277.0794;-2576.032
55845;27.83074;-277.1378;-2576.048
55879;27.81574;-277.0761;-2576.05
55913;27.74847;-277.049;-2576.068
55946;27.54073;-276.8205;-2576.425
55980;26.49842;-276.852;-2577.492
56014;26.33822;-277.2269;-2577.893
56047;25.92443;-278.049;-2578.692
56081;25.31536;-278.5503;-2579.752
56115;23.32295;-284.9229;-2580.335
56149;22.23435;-287.8457;-2580.853
56199;22.04088;-288.6143;-2581.13
56216;21.55092;-288.3264;-2582.541
56250;21.15358;-288.9289;-2583.365
56283;19.94944;-292.5227;-2584.519
56317;19.61699;-294.272;-2585.843
56351;19.16046;-295.4964;-2587.065
56387;18.93157;-296.8053;-2587.947
56421;18.95045;-297.1151;-2588.452
56448;19.05891;-297.6349;-2588.372
56482;19.24312;-297.7508;-2588.377
56516;20.76765;-299.0463;-2587.871
56550;21.89543;-299.3759;-2587.48
56583;23.94525;-298.8386;-2586.948
56634;27.92672;-295.065;-2586.641
56651;29.8383;-293.0533;-2586.182
56684;30.83021;-292.2833;-2585.054
56718;31.14175;-292.4563;-2583.717
56752;31.21689;-291.7931;-2581.703
56785;31.45671;-292.9373;-2578.516
56819;31.52912;-291.4435;-2576.481
56853;32.06306;-287.3909;-2575.943
56887;32.67727;-284.8964;-2575.237
56920;32.72068;-283.6706;-2574.369
56955;32.64785;-281.6579;-2573.918
56988;32.74748;-281.2516;-2573.33
57005;32.88697;-281.1225;-2573.238
57055;33.26528;-281.3964;-2573.14
57089;33.94266;-283.7713;-2572.378
57123;34.16087;-283.5924;-2572.43
57140;34.17104;-283.5888;-2572.434
57175;34.22722;-283.5884;-2572.424
57207;34.19477;-283.0749;-2572.642
57258;34.11526;-283.0321;-2573.064
57274;34.10323;-283.0667;-2573.288
57308;33.75788;-282.7366;-2574.007
57342;33.69575;-282.7091;-2574.301
57376;33.36644;-282.1792;-2574.69
57409;33.24145;-282.5768;-2574.643
57460;33.3552;-281.7101;-2575.241
57477;33.68416;-282.6354;-2574.968
57512;34.10786;-280.9412;-2575.93
57548;35.17176;-280.1888;-2576.134
57582;35.80989;-278.1875;-2576.099
57616;35.97726;-278.0533;-2576.09
57649;36.06847;-277.8546;-2576.406
57683;36.28019;-277.1311;-2576.789
57717;36.33524;-277.0834;-2576.9
57750;36.70391;-276.6234;-2576.869
57778;37.21951;-276.1767;-2577.57
57828;37.30984;-276.6152;-2577.732
57845;37.64281;-277.1342;-2578.314
57879;37.15308;-277.2939;-2579.33
57929;36.67268;-279.5122;-2579.975
57971;36.58429;-280.7244;-2580.36
57988;36.6222;-280.707;-2581.326
58022;36.32792;-283.122;-2582.826
58055;36.32573;-286.1783;-2583.87
58078;36.13851;-287.1293;-2583.943
58128;35.85581;-288.1284;-2584.316
58145;35.55542;-289.4013;-2584.6
58181;35.23804;-291.1668;-2585.069
58212;35.34774;-291.1404;-2585.212
58246;35.78027;-291.6858;-2585.279
58280;37.05006;-291.7736;-2585.194
58313;38.74189;-291.6517;-2584.908
58347;40.39502;-292.1311;-2584.292
58398;40.68233;-292.223;-2584.163
58414;41.13918;-291.9107;-2583.697
58440;41.44899;-291.677;-2582.955
58483;41.95739;-291.0971;-2581.568
58533;42.58172;-287.3071;-2580.552
58550;42.6797;-284.5438;-2580.301
58584;42.36008;-283.198;-2579.864
58617;42.0226;-281.3355;-2579.55
58651;41.0901;-280.6527;-2579.015
58685;40.2532;-279.7535;-2578.621
58719;39.9412;-279.7458;-2578.554
58752;39.65109;-279.8269;-2578.435
58786;39.4438;-280.4464;-2578.28
58820;39.35606;-280.52;-2578.272
58853;39.21149;-280.7834;-2578.484
58893;39.10637;-280.8258;-2578.678
58925;37.43749;-283.2829;-2578.414
58959;36.88234;-283.3593;-2579.227
58993;35.9446;-283.4321;-2579.788
59013;34.00864;-283.1074;-2580.282
59047;31.87047;-283.2375;-2581.06
59081;30.90229;-283.5876;-2581.311
59114;29.48137;-281.9229;-2582.228
59148;27.98592;-281.0126;-2582.813
59182;26.54232;-282.081;-2582.122
59216;25.70298;-281.4879;-2582.377
59250;24.89628;-282.7075;-2581.958
59284;24.64999;-282.6175;-2581.989
59318;24.55788;-280.9425;-2582.198
59351;24.64171;-279.8595;-2582.342
59385;24.48257;-279.7055;-2582.253
59419;24.1515;-279.4334;-2582.141
59452;24.01291;-279.0651;-2581.86
59487;24.06276;-278.9447;-2581.887
59520;23.79626;-278.798;-2582.069
59554;23.39533;-279.1377;-2582.385
59587;23.03814;-279.7811;-2582.635
59621;22.54544;-280.073;-2583.109
59655;20.96537;-284.3475;-2583.818
59688;20.06766;-286.9201;-2584.253
59722;19.34456;-285.6183;-2586.034
59756;18.52501;-287.1317;-2586.404
59789;18.17349;-288.6746;-2586.573
59823;17.92652;-289.6027;-2586.886
59857;17.42971;-292.6854;-2587.757
59891;17.44927;-293.8271;-2588.208
59924;17.70694;-295.1563;-2589.012
59958;17.71703;-296.3603;-2588.899
59992;17.71393;-296.4333;-2588.9
60025;18.18521;-298.1671;-2589.012
60042;18.26902;-298.2466;-2588.924
60076;19.21651;-298.1665;-2588.485
60110;20.29564;-298.3299;-2587.683
60143;21.91846;-299.805;-2585.977
60177;22.45452;-299.256;-2584.616
60211;24.59212;-297.4511;-2582.381
60249;25.2136;-294.3969;-2581.663
60280;26.014;-293.1405;-2580.905
60313;27.09301;-289.1132;-2579.336
60347;27.86835;-287.7905;-2578.449
60381;28.28792;-286.0861;-2577.031
60414;27.70021;-285.003;-2576.069
60448;27.217;-284.0766;-2575.617
60482;27.15498;-282.9701;-2575.133
60516;27.1809;-281.7257;-2574.597
60549;26.84929;-280.9702;-2574.555
60583;26.88753;-281.5773;-2573.741
60617;27.64573;-281.0873;-2572.959
60656;27.66726;-280.6962;-2572.709
60688;27.26027;-279.1086;-2572.667
60722;27.14265;-278.9449;-2572.528
60760;26.78352;-277.2986;-2572.329
60777;26.72091;-276.7938;-2572.463
60810;26.71842;-276.7859;-2572.46
60844;25.89112;-279.339;-2571.193
60878;25.82925;-278.8138;-2571.437
60912;25.90497;-277.4457;-2571.441
60945;26.12543;-277.0695;-2571.545
60979;26.25837;-276.3728;-2571.83
61013;26.24156;-276.1373;-2571.606
61046;26.13245;-273.5919;-2571.135
61080;25.74416;-270.4868;-2570.654
61114;25.96684;-270.4449;-2570.407
61147;26.04613;-266.6574;-2570.749
61181;26.27261;-265.4122;-2570.883
61215;26.23439;-265.2797;-2570.784
61249;26.37804;-265.7274;-2570.719
61282;26.55649;-266.9377;-2571.032
61316;26.65039;-268.146;-2571.0
61337;26.91366;-268.8238;-2571.698
61384;28.02604;-270.0256;-2573.257
61417;27.94875;-270.9554;-2574.268
61451;27.53839;-272.9765;-2575.848
61485;27.26461;-275.3206;-2577.621
61518;27.13124;-276.2801;-2578.798
61564;26.44846;-276.7362;-2580.825
61590;26.36572;-277.2804;-2582.169
61607;24.78138;-283.9679;-2582.857
61657;24.26502;-286.1774;-2583.739
61691;23.88112;-288.8721;-2584.747
61712;23.54313;-291.0454;-2585.669
61762;23.97106;-294.4138;-2586.794
61796;24.2247;-295.1358;-2586.873
61830;24.74731;-295.775;-2587.318
61847;25.70425;-295.9018;-2587.958
61880;26.59095;-296.4299;-2587.555
61914;26.95106;-297.0817;-2587.23
61948;27.28184;-296.8606;-2586.776
61981;29.2727;-292.2611;-2587.346
62032;29.80965;-291.7923;-2586.821
62049;30.82073;-289.0152;-2586.182
62099;31.12274;-289.048;-2585.532
62117;30.81434;-286.9105;-2584.338
62150;31.19459;-286.1711;-2582.988
62184;31.42515;-284.8615;-2581.646
62217;31.37564;-282.8395;-2579.679
62251;31.97184;-280.0144;-2578.792
62285;32.14576;-276.9276;-2577.767
62318;32.42046;-276.0308;-2576.927
62352;32.38708;-275.7754;-2576.62
62369;32.71012;-276.3356;-2576.424
62403;33.04843;-276.3951;-2576.115
62454;33.45321;-276.4797;-2575.87
62487;33.62089;-276.3727;-2575.888
62521;33.70987;-276.5283;-2575.845
62538;33.61689;-276.4334;-2575.831
62588;33.15402;-277.2327;-2575.585
62605;32.26989;-278.1298;-2575.612
62656;31.8011;-279.2291;-2575.698
62673;30.86544;-280.5682;-2575.666
62723;30.67496;-280.7438;-2575.579
62740;30.47195;-280.3895;-2576.031
62791;30.30438;-280.6595;-2576.012
62808;30.03358;-280.5671;-2576.241
62841;29.55059;-279.9665;-2576.29
62892;29.24857;-279.0928;-2576.504
62909;28.94273;-276.9438;-2576.999
62942;28.85592;-276.6596;-2576.969
62976;28.49242;-274.4607;-2576.871
63010;28.42366;-273.6461;-2576.621
63060;28.42988;-273.5798;-2576.375
63077;28.3985;-273.5898;-2576.346
63111;28.38297;-273.5369;-2576.457
63144;28.27593;-273.7021;-2576.135
63195;28.67064;-279.8398;-2575.637
63212;28.70116;-279.8375;-2575.887
63262;28.79268;-280.0829;-2576.727
63279;28.44054;-280.0568;-2577.383
63313;28.3728;-280.1893;-2579.178
63347;28.12874;-280.1123;-2580.186
63380;27.7076;-280.8749;-2581.017
63414;26.49156;-285.4149;-2581.23
63448;25.071;-289.1203;-2582.221
63482;23.74254;-290.528;-2582.998
63515;22.34895;-291.6069;-2583.61
63549;21.94662;-292.2876;-2583.786
63582;21.45085;-292.9579;-2584.173
63616;21.17261;-294.4328;-2584.267
63650;20.89971;-295.2828;-2584.564
63684;21.22604;-295.9864;-2584.297
63717;21.27549;-296.1893;-2584.133
63751;21.93115;-295.7847;-2583.505
63785;22.76058;-295.7622;-2582.473
63818;22.83187;-295.4742;-2581.718
63852;23.55815;-295.0648;-2579.016
63886;25.80587;-295.3094;-2575.122
63919;26.16176;-292.7709;-2574.315
63953;26.16833;-290.9416;-2573.341
63976;25.38551;-287.441;-2571.895
64025;25.13399;-285.4544;-2570.724
64058;24.9088;-284.5751;-2570.404
64092;24.26629;-282.2021;-2569.933
64126;23.82413;-281.4366;-2569.721
64160;23.52961;-281.1271;-2569.547
64176;22.89404;-280.6326;-2569.079
64227;22.06217;-279.8683;-2569.067
64261;21.45329;-279.2023;-2568.822
64277;21.35706;-279.1722;-2568.829
64311;21.22165;-279.1674;-2568.909
64363;21.06056;-279.1707;-2568.988
64379;20.75315;-278.9334;-2569.209
64412;20.30844;-278.6059;-2569.466
64447;19.97771;-278.2707;-2569.712
64482;19.46906;-277.9073;-2570.436
64516;18.8509;-277.8187;-2570.717
64549;18.43863;-277.8246;-2571.372
64583;18.47581;-277.9182;-2571.507
64617;18.40513;-277.9698;-2571.891
64651;18.43661;-278.0145;-2571.941
64684;18.63909;-278.8141;-2571.441
64718;19.21352;-278.2229;-2572.039
64752;19.19111;-277.9078;-2572.355
64785;19.21496;-277.4933;-2572.44
64819;19.16256;-276.9999;-2572.474
64853;19.12309;-276.9627;-2572.281
64886;19.18954;-276.8745;-2572.238
64920;19.46909;-276.9545;-2571.733
64954;19.7119;-276.6111;-2571.698
64987;19.96031;-276.1182;-2571.837
65021;20.05541;-276.1883;-2571.751
65055;20.2476;-276.1509;-2571.742
65089;20.24736;-276.1169;-2571.738
65124;20.38408;-276.0562;-2571.661
65157;20.5771;-275.9584;-2571.896
65191;20.66676;-276.3513;-2572.463
65225;20.88006;-276.5939;-2573.04
65259;21.00573;-276.8564;-2574.123
65278;21.19537;-281.2823;-2574.478
65322;20.92535;-282.9346;-2574.977
65355;21.20483;-283.4441;-2577.262
65389;20.82962;-285.0146;-2578.327
65423;19.44577;-288.4426;-2580.007
65456;18.96776;-290.8787;-2580.755
65490;19.35093;-292.7645;-2581.514
65524;19.76237;-295.2592;-2581.75
65558;20.05286;-295.491;-2581.871
65591;20.46774;-296.3403;-2581.965
65625;20.95552;-296.9457;-2581.797
65659;21.8457;-296.7171;-2581.807
65692;22.38152;-296.7478;-2581.599
65726;23.01571;-295.9216;-2581.067
65773;24.09929;-295.9943;-2580.107
65782;26.27629;-295.9908;-2577.133
65817;27.75378;-294.5437;-2575.81
65850;28.84861;-293.295;-2573.456
65884;30.25047;-287.6393;-2572.245
65917;30.49845;-282.7925;-2570.219
65951;31.02702;-281.5849;-2569.511
65985;32.45511;-280.0171;-2569.254
66018;33.01789;-277.8564;-2568.574
66052;33.33836;-277.1202;-2568.572
66086;33.34297;-276.7722;-2568.696
66121;33.3045;-276.6703;-2569.26
66153;33.13825;-276.0073;-2569.735
66187;33.16084;-275.9909;-2569.861
66212;32.96866;-276.3356;-2570.16
66254;32.73693;-276.5589;-2570.83
66281;32.47324;-279.7065;-2572.948
66330;32.4246;-280.0863;-2573.577
66347;32.26345;-281.0789;-2574.242
66397;32.27739;-281.5575;-2574.518
66432;32.13704;-282.5627;-2574.931
66450;31.99576;-285.2599;-2574.974
66483;31.31008;-289.751;-2575.06
66517;30.77514;-293.4767;-2575.139
66551;30.82041;-293.5078;-2575.185
66585;30.89062;-293.5745;-2575.105
66618;31.02951;-293.64;-2575.169
66652;31.01804;-293.7854;-2575.296
66686;31.06109;-293.787;-2575.314
66719;30.90581;-294.3407;-2575.325
66753;30.34065;-295.903;-2575.07
66787;30.15109;-296.3171;-2575.107
66820;30.23693;-296.1621;-2575.191
66854;29.50477;-292.972;-2577.615
66888;27.92594;-294.2885;-2576.86
66921;27.80462;-294.957;-2577.052
66955;27.12113;-296.3851;-2577.02
66989;26.98723;-296.8881;-2577.008
67023;26.49557;-297.6157;-2577.111
67056;26.14026;-297.8079;-2577.062
67090;25.71401;-298.2872;-2577.353
67124;25.56458;-298.4828;-2577.448
67157;25.4242;-298.586;-2577.644
67191;25.10504;-299.0568;-2578.024
67225;25.01358;-299.1474;-2578.1
67258;24.85911;-299.3154;-2578.118
67292;24.69071;-299.2692;-2578.186
67326;24.45644;-299.8033;-2578.27
67360;24.48849;-299.7325;-2578.304
67381;24.52973;-299.8271;-2578.3
67421;24.52801;-299.5382;-2578.318
67456;25.3896;-296.8915;-2579.192
67481;25.21312;-296.9646;-2578.981
67513;25.31505;-297.4849;-2578.606
67547;26.18413;-296.1371;-2578.958
67581;26.36321;-296.3247;-2578.849
67614;26.88269;-296.1808;-2578.561
67648;27.13038;-296.501;-2578.342
67682;27.38303;-296.571;-2578.287
67715;27.67332;-296.567;-2578.3
67749;27.97052;-297.3362;-2577.8
67800;28.15089;-297.5447;-2577.68
67817;28.53605;-297.2522;-2577.561
67867;29.13404;-296.2373;-2578.019
67901;29.21999;-296.2079;-2578.081
67918;29.36086;-296.2774;-2578.143
67951;29.64118;-296.212;-2578.214
67985;29.72724;-296.1856;-2578.194
68019;30.17564;-296.5137;-2577.788
68070;30.42017;-295.9576;-2577.977
68087;30.54487;-295.6277;-2578.0
68120;31.36326;-293.0255;-2578.835
68154;31.49762;-292.9863;-2578.799
68187;31.61606;-293.3549;-2578.272
68221;31.91799;-293.1232;-2578.312
68255;31.94042;-293.1215;-2578.247
68289;31.97866;-292.9059;-2578.191
68306;33.0037;-291.3264;-2579.142
68347;33.41628;-291.2164;-2578.844
68381;34.18226;-292.1797;-2578.331
68415;34.73503;-293.2295;-2577.961
68456;35.20105;-292.4071;-2577.524
68490;35.26403;-292.3717;-2577.432
68523;35.50152;-292.3419;-2577.44
68565;35.60722;-292.2838;-2577.234
68580;35.84388;-292.2808;-2576.918
68630;35.97528;-292.1906;-2576.754
68647;36.03452;-292.161;-2576.682
68680;36.30701;-291.0161;-2576.935
68731;36.37629;-290.9166;-2576.387
68748;36.51329;-290.9902;-2574.85
68781;36.75183;-286.3935;-2574.606
68815;36.71996;-285.8526;-2574.519
68849;36.69394;-284.788;-2574.395
68882;36.88845;-284.2228;-2574.129
68916;36.66906;-283.2999;-2574.121
68950;36.51989;-284.8292;-2571.828
68983;36.79841;-282.9204;-2571.738
69017;36.97629;-282.6448;-2571.537
69068;36.88023;-281.13;-2571.65
69101;36.59953;-280.2656;-2570.73
69121;36.38339;-280.1837;-2570.898
69155;35.90625;-281.4138;-2569.984
69189;35.63149;-283.3638;-2569.7
69222;35.34613;-283.1424;-2569.448
69256;34.86871;-284.5938;-2568.885
69290;34.58514;-285.5098;-2568.4
69323;34.10429;-286.2578;-2568.032
69357;33.82447;-287.0524;-2567.469
69391;33.47403;-287.5514;-2567.076
69424;33.12462;-288.4629;-2566.667
69458;32.93919;-288.0481;-2566.823
69492;32.19931;-289.7957;-2565.965
69526;31.5521;-293.2362;-2565.099
69551;30.573;-292.0995;-2564.642
69587;30.43716;-290.5036;-2565.607
69615;30.19674;-291.2323;-2564.785
69646;29.74249;-291.3845;-2564.366
69680;29.5465;-291.6897;-2564.421
69714;28.84868;-291.8008;-2564.079
69747;28.5197;-292.0641;-2564.028
69781;28.18253;-292.3567;-2563.662
69814;28.05333;-292.0929;-2563.539
69848;27.88838;-292.3378;-2563.39
69882;27.18032;-292.8171;-2563.195
69916;26.70868;-293.049;-2563.03
69966;26.61888;-293.0022;-2562.952
69983;26.46316;-293.1096;-2562.783
70017;25.61174;-288.4327;-2563.537
70051;25.89111;-287.8521;-2563.854
70084;25.97665;-286.9841;-2564.254
70118;25.35652;-289.0092;-2562.829
70152;24.64325;-291.1827;-2562.047
70185;24.62346;-292.4067;-2561.671
70219;24.67305;-290.0464;-2562.859
70253;24.49961;-290.9874;-2562.199
70286;24.48221;-290.4558;-2562.83
70320;24.14521;-291.419;-2562.22
70354;24.28175;-290.4586;-2562.707
70387;24.84614;-288.8001;-2563.573
70421;24.78296;-288.7999;-2563.947
70455;24.28455;-290.5577;-2563.799
70489;24.18518;-290.0743;-2564.225
70523;23.73214;-290.7733;-2564.489
70559;23.52445;-291.2857;-2564.593
70593;24.08735;-291.3724;-2565.03
70626;24.23964;-293.9768;-2564.505
70661;24.5678;-293.7875;-2564.754
70685;24.39287;-295.1445;-2564.823
70719;24.01548;-296.5421;-2564.84
70777;23.50768;-297.8527;-2564.772
70791;23.46696;-298.0112;-2564.811
70824;22.96493;-296.5897;-2566.114
70859;22.93275;-296.5807;-2566.114
70893;22.52151;-297.198;-2565.858
70926;22.13457;-297.1077;-2565.939
70960;21.58143;-297.158;-2565.855
70994;21.40205;-297.3172;-2565.843
71028;20.80132;-300.5148;-2565.186
71061;20.63015;-301.6237;-2564.769
71095;20.44528;-303.3027;-2564.014
71129;20.46526;-303.0296;-2564.107
71146;19.50518;-302.3081;-2564.188
71196;19.19252;-302.5863;-2564.065
71230;19.36816;-303.284;-2563.616
71263;21.50813;-304.2235;-2563.304
71297;22.09778;-304.1838;-2563.398
71331;23.31904;-304.2909;-2563.676
71365;24.36241;-304.4216;-2564.143
71400;24.85625;-303.9556;-2564.117
71422;24.88623;-304.1555;-2563.583
71466;25.04767;-304.2399;-2563.286
71499;25.49368;-302.3198;-2563.762
71533;25.73642;-302.3269;-2563.632
71552;25.70718;-302.364;-2563.556
71584;25.96476;-300.3476;-2564.226
71629;26.30384;-299.0536;-2564.347
71668;26.45456;-299.1683;-2564.189
71686;26.46617;-299.8852;-2562.09
71719;26.39318;-300.5912;-2560.586
71753;26.26765;-300.2202;-2560.417
71786;25.15955;-297.9369;-2560.594
71820;24.63289;-297.833;-2560.316
71871;24.27379;-297.5927;-2559.969
71904;24.03025;-297.6273;-2559.61
71938;22.67035;-296.7297;-2559.375
71972;20.03338;-297.4672;-2557.729
72005;18.63703;-298.0606;-2557.935
72022;16.30807;-300.2338;-2556.938
72056;15.20356;-300.5612;-2556.673
72090;14.00874;-302.446;-2556.263
72140;13.3388;-302.4683;-2555.801
72157;13.18753;-302.5531;-2555.801
72193;12.8684;-302.7718;-2555.762
72224;12.58684;-303.2378;-2556.056
72259;12.51382;-303.4513;-2556.052
72292;12.16725;-304.1949;-2556.604
72326;11.99558;-306.448;-2557.354
72359;11.85982;-308.0424;-2557.762
72395;11.61574;-308.9348;-2557.844
72434;11.0628;-309.0733;-2558.127
72468;10.34519;-311.1349;-2558.031
72504;10.11302;-311.5763;-2558.219
72525;9.878557;-311.444;-2558.378
72559;9.671498;-311.3929;-2558.603
72593;9.53617;-312.5509;-2558.704
72626;9.409887;-312.7836;-2558.954
72660;9.24834;-313.2241;-2558.86
72694;9.142976;-313.2829;-2558.909
72728;9.070675;-314.2032;-2559.533
72761;9.065629;-314.2594;-2559.555
72795;9.224622;-314.1349;-2559.957
72829;9.184632;-313.9285;-2560.497
72862;9.480851;-314.5126;-2561.03
72896;9.53553;-314.588;-2561.361
72930;9.623509;-314.0338;-2562.186
72969;9.99163;-313.3231;-2563.212
72997;10.09265;-314.2329;-2563.583
73031;10.27339;-314.0122;-2564.082
73054;10.43851;-314.0317;-2564.343
73100;10.74956;-313.4906;-2565.525
73127;11.48697;-313.8382;-2565.981
73161;12.36833;-314.2697;-2566.484
73195;12.87503;-314.4731;-2566.915
73215;13.25429;-314.268;-2567.726
73265;14.18341;-313.9817;-2569.564
73298;15.52194;-312.275;-2571.435
73338;16.34306;-311.8436;-2572.705
73355;18.15526;-312.0464;-2573.882
73393;18.92626;-312.2018;-2574.548
73439;20.4483;-311.9449;-2575.369
73473;24.38607;-309.5852;-2577.622
73506;25.81909;-309.7295;-2578.494
73541;27.39758;-308.2137;-2580.113
73557;28.63481;-307.3531;-2581.55
73608;30.87964;-306.7388;-2582.748
73624;33.73258;-307.7976;-2583.293
73675;35.46995;-307.3978;-2583.762
73692;37.46014;-306.8918;-2584.569
73725;39.04513;-306.4523;-2585.363
73759;40.08673;-306.0778;-2586.365
73793;41.40903;-305.4758;-2587.822
73826;42.42158;-305.4842;-2588.96
73884;43.62427;-306.5667;-2589.805
73947;46.17011;-307.4698;-2592.308
73981;47.35131;-307.5914;-2593.44
74034;49.11086;-308.0703;-2594.744
74071;50.24152;-307.7619;-2595.806
74101;51.38078;-307.5879;-2597.511
74118;52.10849;-308.188;-2598.765
74152;53.25954;-306.8258;-2600.03
74185;53.61649;-307.0635;-2600.618
74236;54.6665;-306.6229;-2602.111
74253;55.04843;-305.688;-2604.12
74286;55.92784;-304.518;-2604.869
74322;56.21664;-304.7763;-2605.208
74371;56.45355;-304.5849;-2605.379
74387;56.91186;-304.6691;-2605.983
74421;57.15985;-304.6854;-2606.448
74455;57.43133;-304.7078;-2606.677
74488;57.57033;-304.4834;-2606.991
74544;57.63247;-304.2034;-2607.156
74556;57.63094;-304.2082;-2607.145
74590;57.62018;-304.436;-2607.206
74624;57.62233;-304.4713;-2607.185
74658;57.77911;-306.3455;-2606.844
74691;57.77606;-306.4131;-2606.991
74725;57.7769;-306.4001;-2607.098
74759;57.73746;-306.4069;-2607.219
74793;57.51185;-306.1106;-2607.614
74826;57.45444;-306.2062;-2607.679
74860;57.3995;-306.772;-2608.079
74894;57.30872;-306.8135;-2608.811
74927;57.22563;-307.3224;-2609.413
74949;56.89727;-308.8402;-2609.924
74996;56.73748;-309.8521;-2610.747
75013;56.60635;-310.0502;-2611.915
75047;56.7224;-309.9671;-2612.32
75097;56.60579;-310.3012;-2613.14
75117;56.37877;-310.7342;-2613.807
75150;56.45464;-310.9791;-2614.048
75201;56.14301;-311.4324;-2614.938
75218;56.11671;-311.6115;-2615.107
75269;56.05096;-310.3646;-2617.3
75285;55.65383;-310.024;-2617.823
75319;55.33363;-310.8397;-2617.968
75353;55.32399;-311.1733;-2617.91
75386;55.25547;-311.2332;-2617.947
75437;54.98243;-311.4574;-2618.068
75454;54.67308;-311.5555;-2618.402
75487;54.38801;-311.2475;-2618.072
75522;54.09504;-312.216;-2617.416
75561;53.7761;-312.5238;-2617.333
75605;53.52737;-312.7036;-2616.809
75622;53.35017;-313.0303;-2616.211
75656;52.75973;-313.8455;-2615.084
75690;52.5253;-313.8672;-2614.751
75723;52.46515;-313.9559;-2613.907
75757;52.01851;-313.4579;-2613.576
75791;51.78771;-313.7143;-2613.5
75824;51.72116;-313.85;-2613.12
75858;51.23041;-312.881;-2612.995
75892;51.06864;-312.9943;-2612.734
75926;50.73524;-313.4249;-2612.289
75960;50.45913;-313.7331;-2612.063
75993;50.26031;-314.0147;-2611.638
76027;49.97636;-314.2023;-2611.463
76061;48.95091;-313.4543;-2612.052
76094;48.40179;-312.6011;-2611.94
76128;47.55171;-311.8884;-2611.51
76162;46.95559;-311.119;-2610.819
76212;46.45124;-311.692;-2609.364
76229;46.11481;-310.7469;-2606.918
76263;45.11802;-309.6591;-2604.619
76296;42.80762;-308.7205;-2602.362
76331;41.38774;-308.5001;-2599.852
76365;38.41236;-307.7693;-2595.715
76399;35.50008;-305.9501;-2591.49
76432;33.21744;-307.5486;-2587.046
76466;31.95158;-307.595;-2583.396
76488;29.55382;-307.3002;-2579.387
76540;28.01991;-306.5796;-2576.322
76563;24.37384;-304.2805;-2570.823
76596;22.11002;-301.8353;-2565.624
76630;19.90187;-297.0458;-2559.349
76663;18.94196;-294.775;-2555.272
76697;19.15263;-294.3917;-2552.455
76731;20.14052;-293.7486;-2548.2
76764;22.14697;-292.1031;-2544.37
76782;25.49064;-286.8842;-2540.244
76832;29.93471;-282.1274;-2537.257
76850;37.17507;-278.0376;-2534.361
76882;43.49837;-278.196;-2533.484
76933;49.18816;-278.4933;-2532.427
76958;57.09988;-280.607;-2531.817
76995;96.66438;-262.3554;-2550.247
77025;104.6108;-258.8243;-2554.982
77059;120.4882;-263.9438;-2558.471
77093;128.1514;-270.6047;-2557.498
77126;145.0319;-279.4039;-2556.565
77160;150.9746;-281.4496;-2556.148
77194;161.5541;-284.8972;-2556.063
77227;166.3803;-275.6027;-2557.918
77278;172.405;-270.1394;-2558.44
77296;181.808;-278.3121;-2552.198
77321;184.708;-275.1319;-2551.436
77367;187.7844;-275.7791;-2548.123
77400;195.4668;-276.8844;-2540.392
77434;199.9732;-275.4284;-2535.351
77468;202.7891;-272.388;-2529.346
77501;208.0481;-271.6577;-2517.027
77535;210.2951;-267.3395;-2512.307
77569;215.6258;-268.263;-2502.66
77586;217.0902;-263.0171;-2497.905
77636;223.0439;-270.4195;-2481.431
77670;223.9681;-267.877;-2478.508
77703;227.5465;-276.0712;-2469.048
77737;228.7435;-275.9315;-2465.805
77756;229.4928;-275.5721;-2465.6
77808;230.5365;-275.3684;-2465.717
77824;232.3796;-274.6287;-2465.575
77857;237.8197;-272.9807;-2464.333
77891;245.2871;-276.3438;-2461.574
77925;249.5872;-262.1667;-2466.157
77959;255.6954;-258.0717;-2467.785
78009;265.6916;-247.2347;-2473.343
78045;271.5691;-253.6579;-2476.436
78061;284.3302;-266.3592;-2482.52
78094;294.081;-272.692;-2489.531
78128;303.3008;-274.1302;-2490.713
78161;312.5148;-276.206;-2493.582
78195;322.9361;-267.2835;-2499.3
78229;332.8065;-269.4071;-2503.903
78262;341.8761;-275.5925;-2508.904
78280;373.9355;-286.9467;-2502.721
78333;377.4464;-287.0671;-2503.001
78367;396.5101;-294.0721;-2499.154
78388;424.0042;-288.5762;-2509.135
78418;436.3943;-287.2625;-2507.853
78451;434.1474;-274.0048;-2504.391
78485;450.292;-249.6894;-2511.368
78535;450.0554;-249.5937;-2506.174
78569;455.1732;-252.7558;-2502.896
78603;478.0656;-258.83;-2503.563
78637;467.4971;-272.1282;-2482.947
78671;496.5595;-277.7555;-2482.455
78704;501.3278;-268.2234;-2484.971
78743;506.8388;-267.6577;-2482.307
78769;514.0594;-270.4767;-2477.761
78786;521.9442;-277.4653;-2470.029
78820;529.6643;-275.1927;-2466.383
78873;535.4935;-257.3522;-2464.94
78889;549.3814;-262.3811;-2463.476
78923;555.6165;-255.9958;-2463.745
78973;565.8234;-266.4021;-2465.859
78990;580.053;-282.7495;-2463.803
79023;584.0354;-269.8763;-2469.531
79074;591.4921;-262.5725;-2474.68
79091;598.1348;-253.031;-2479.907
79125;605.8073;-252.5147;-2483.299
79158;615.9553;-250.1127;-2492.218
79192;623.2275;-252.1805;-2497.331
79242;633.1049;-253.3827;-2503.312
79259;643.8732;-252.1491;-2516.696
79293;650.5638;-249.1691;-2527.887
79329;657.5892;-250.3063;-2537.505
79363;665.4407;-251.0212;-2546.349
79405;675.7598;-247.6608;-2557.208
79439;683.2375;-251.1414;-2564.16
79455;694.3643;-255.7412;-2575.363
79489;700.9329;-255.1714;-2582.204
79523;726.2373;-315.1309;-2599.257
79556;730.9795;-312.3689;-2600.212
79590;736.1694;-297.3442;-2602.487
79624;742.7736;-271.5424;-2607.036
79657;746.1365;-272.6928;-2608.38
79708;754.394;-269.7465;-2610.315
79742;792.123;-315.1703;-2614.002
79777;784.7753;-271.6982;-2616.013
79792;791.6635;-275.351;-2616.144
79826;806.6076;-278.7101;-2613.552
79860;813.6766;-274.2924;-2614.996
79893;822.6811;-273.3525;-2614.647
79927;843.6996;-288.8674;-2610.883
79961;847.9948;-289.0878;-2610.404
79994;856.0247;-292.7937;-2608.99
80028;860.7421;-293.713;-2609.504
80062;867.0269;-297.4648;-2612.884
80095;873.5665;-297.6246;-2616.15
80129;881.8832;-276.6148;-2632.081
80152;886.0023;-285.262;-2635.344
80196;893.3654;-295.3249;-2640.337
80230;897.5681;-300.8056;-2644.697
80264;900.606;-303.7892;-2651.007
80298;904.1586;-302.5317;-2659.901
80331;901.8936;-270.3864;-2686.694
80351;915.5656;-305.4689;-2695.411
80399;916.5984;-308.9254;-2702.315
80432;922.2578;-312.6101;-2712.734
80466;924.7498;-314.808;-2723.951
80500;929.2125;-317.3364;-2731.889
80534;935.0082;-321.5813;-2742.556
80567;936.4157;-293.0963;-2764.614
80604;945.1643;-313.7189;-2768.824
80628;944.4847;-301.9362;-2776.152
80679;947.873;-298.3498;-2783.93
80695;961.3635;-329.6925;-2789.84
80746;966.6761;-333.5652;-2799.003
80763;973.4139;-333.8466;-2802.778
80796;981.9739;-334.8211;-2806.688
80830;991.5474;-332.6299;-2813.406
80864;1009.784;-301.7588;-2818.786
80898;1025.704;-333.608;-2820.39
80931;1030.32;-324.8613;-2822.713
80965;1037.726;-305.4614;-2827.122
80999;1059.274;-318.0479;-2832.155
81033;1064.852;-318.21;-2832.579
81066;1079.583;-317.8606;-2834.812
81100;1095.715;-327.9962;-2845.066
81134;1108.822;-302.152;-2846.743
81167;1109.122;-302.4672;-2847.412
81201;1117.03;-300.2497;-2851.196
81218;1134.613;-311.1456;-2862.698
81268;1145.051;-309.5062;-2875.126
81302;1157.914;-307.6488;-2892.991
81319;1159.047;-301.5321;-2904.059
81353;1164.078;-302.2476;-2912.866
81386;1171.668;-293.7901;-2925.907
81420;1171.611;-292.8253;-2931.74
81454;1177.106;-298.2974;-2947.797
81505;1183.785;-304.5441;-2973.434
81538;827.1161;-167.2464;-3087.554
81572;829.7925;-168.361;-3091.84
81589;829.8538;-176.5998;-3098.947
81622;827.3255;-178.8791;-3106.995
81656;829.7944;-187.9381;-3120.802
81690;826.357;-188.5201;-3124.08
81723;842.2714;-183.1028;-3138.959
81757;858.7251;-174.9942;-3148.249
81791;856.5487;-180.6406;-3157.835
81824;855.5913;-181.6398;-3164.656
81858;857.8253;-180.1924;-3169.219
81892;854.6567;-183.1441;-3173.963
81925;857.436;-184.5901;-3176.922
81959;868.1414;-186.6877;-3179.82
81993;875.2087;-185.954;-3183.0
82027;878.3495;-185.4588;-3184.021
82060;888.3178;-186.111;-3193.66
82094;890.5624;-188.3398;-3198.611
82128;904.4971;-187.5416;-3205.007
82161;912.4338;-189.9007;-3210.614
82195;924.9516;-186.8355;-3216.13
82229;926.5412;-189.3377;-3221.143
82262;948.661;-184.9802;-3226.597
82296;952.777;-186.5135;-3238.375
82330;950.8077;-187.7662;-3245.695
82363;953.3005;-189.848;-3254.981
82397;965.8494;-188.3014;-3263.357
82431;966.3091;-188.8072;-3270.601
82465;986.2401;-185.7376;-3281.174
82498;986.0687;-189.1944;-3285.441
82532;983.3349;-195.4655;-3293.37
82566;989.0583;-201.7815;-3304.186
82599;1005.376;-197.7816;-3313.02
82633;1006.855;-201.56;-3332.155
82669;1010.526;-196.8367;-3345.879
82702;1009.779;-200.3574;-3362.329
82737;1020.169;-197.5507;-3379.831
82771;1027.389;-203.3222;-3401.248
82838;1022.966;-200.2019;-3420.017
82905;1037.679;-205.7538;-3440.008
82939;1043.054;-212.0472;-3455.566
82973;1045.5;-207.8707;-3463.401
83007;1048.173;-217.168;-3472.844
83040;1052.836;-215.8087;-3481.244
83074;1061.549;-232.4858;-3490.999
83108;1125.304;-209.1194;-3506.568
83142;1168.762;-216.4324;-3490.563
83175;1120.545;-211.4614;-3520.98
83192;1053.99;-252.1586;-3507.512
83226;1053.165;-250.1421;-3508.272
83259;1066.4;-253.5878;-3520.156
83293;1070.095;-253.5682;-3521.297
83327;1069.479;-246.6736;-3521.054
83360;1105.6;-267.3101;-3525.779
83394;1068.321;-243.0114;-3521.134
83461;1077.64;-243.1388;-3534.736
83495;1080.085;-239.8057;-3541.125
83529;1079.425;-240.9315;-3542.252
83546;1082.926;-244.6188;-3545.496
83580;1086.154;-241.4964;-3547.869
83596;1082.633;-238.1558;-3552.948
83630;1101.3;-248.123;-3575.093
83664;1125.365;-260.0337;-3588.366
83697;1114.681;-252.9818;-3595.693
83731;1141.031;-278.0155;-3613.897
83765;1153.072;-283.9065;-3620.446
83798;1161.368;-286.7234;-3637.131
83832;1172.552;-290.6869;-3650.307
83866;1153.131;-264.9147;-3674.83
83900;1157.912;-270.2394;-3677.206
83933;1147.203;-265.7662;-3683.499
83967;1145.6;-259.3296;-3696.214
84001;1202.962;-289.4062;-3717.609
84035;1184.158;-286.284;-3732.327
84068;1198.207;-295.9245;-3724.362
84102;1178.232;-283.8957;-3739.363
84136;1183.53;-283.9914;-3751.118
84153;1185.11;-283.2344;-3754.798
84186;1225.328;-271.4754;-3768.703
84236;1235.286;-271.8723;-3776.007
84270;1264.135;-266.6282;-3789.541
84287;1261.005;-263.1219;-3797.376
84321;1296.855;-263.9775;-3810.081
84355;1302.797;-277.1737;-3788.827
84389;1307.645;-270.0055;-3807.042
84422;1297.391;-259.3028;-3814.007
84455;1279.925;-257.0617;-3816.937
84489;1279.097;-268.1201;-3804.701
84523;1279.959;-267.0461;-3812.048
84556;1278.287;-265.4958;-3812.747
84607;1291.832;-276.7338;-3810.51
84624;1294.032;-249.3206;-3840.323
84658;1311.19;-285.6285;-3809.014
84691;1331.177;-289.1965;-3804.811
84725;1343.639;-283.4012;-3821.013
84759;1344.272;-282.4539;-3821.924
84793;1370.606;-277.797;-3854.353
84826;1339.427;-283.4234;-3847.139
84860;1348.568;-267.6758;-3881.807
84894;1366.475;-288.1505;-3869.105
84927;1334.292;-273.7535;-3894.836
84961;1333.04;-265.0827;-3902.006
84995;1342.524;-267.708;-3908.031
85028;1346.982;-278.4261;-3907.633
85062;1425.488;-285.6356;-3977.936
85096;1426.326;-291.7328;-3978.5
85129;1430.406;-288.2508;-3983.908
85163;1466.018;-331.0713;-3975.917
85197;1453.507;-306.9983;-3994.459
85231;1409.796;-379.7975;-3974.229
85264;1446.473;-349.2262;-3990.802
85298;1484.927;-359.5329;-4000.019
85332;1499.213;-409.3162;-4008.858
85365;1499.535;-410.6399;-4007.266
85399;1500.316;-410.9467;-4007.837
85434;1569.075;-251.1192;-4097.916
85453;1534.12;-300.8072;-4062.073
85487;1537.451;-406.1297;-4021.292
85521;1540.464;-402.7845;-4011.719
85571;1619.85;-234.9181;-4095.847
85588;1638.706;-238.6502;-4099.404
85622;1564.268;-339.701;-4007.155
85655;1580.104;-301.4478;-4020.232
85706;1524.436;-368.2085;-4003.338
85723;1595.34;-328.6004;-4001.697
85756;1522.943;-329.8954;-4008.772
85790;1473.331;-496.8202;-3938.179
85824;1652.087;-342.0674;-3988.585
85858;1634.709;-334.778;-4001.447
85891;1637.589;-335.5092;-4003.025
85925;1631.51;-329.16;-4005.491
85976;1606.702;-338.4943;-4006.315
85993;1127.613;-690.9214;-4067.695
86026;1663.624;-338.186;-4002.525
86060;1664.159;-337.8841;-4002.98
86094;1665.019;-341.146;-4004.973
86127;1666.755;-339.8829;-4004.863
86161;1705.319;-307.5788;-4018.597
86195;1687.444;-361.7062;-4022.34
86228;1695.533;-345.9432;-4027.32
86262;1707.243;-354.2456;-4030.819
86297;1723.31;-342.5592;-4034.791
86329;1717.88;-368.7375;-4031.358
86363;1738.894;-367.6883;-4032.954
86397;1773.571;-368.3107;-4023.15
86431;1770.595;-377.3087;-4026.666
86464;1775.516;-365.3589;-4030.036
86483;1821.938;-339.8195;-4032.722
86532;1815.884;-362.1516;-4029.869
86565;1823.62;-399.491;-4035.697
86582;1828.63;-409.0346;-4035.633
86633;1833.091;-412.959;-4034.881
86650;1843.05;-420.7444;-4033.413
86700;1878.643;-441.5679;-4036.726
86734;1881.357;-446.5514;-4036.837
86751;1866.983;-462.7116;-4034.691
86801;1874.415;-464.7866;-4035.623
86835;1905.475;-461.9303;-4036.754
86852;1883.771;-531.1738;-4037.055
86885;1885.211;-596.358;-4037.055
86936;1928.189;-662.8031;-4037.055
86970;1888.348;-716.9361;-4037.053
87003;1940.878;-774.9547;-4037.052
87037;1940.878;-691.455;-4037.05
87071;1906.691;-1003.974;-4037.048
87121;-129.4025;-129.6662;-2788.0
87155;-122.1825;-106.5863;-2743.195
87189;-116.4151;-115.2541;-2723.293
87222;-110.2107;-112.0851;-2669.634
87245;-101.0544;-107.9404;-2649.041
87294;-90.97984;-100.2426;-2603.337
87328;-79.05581;-74.88901;-2570.797
87361;-74.86094;-80.73238;-2547.478
87395;-69.94879;-76.69147;-2523.273
87429;-63.25702;-66.5201;-2489.729
87464;-57.70557;-57.29123;-2469.753
87496;-51.44569;-52.67772;-2438.038
87530;-42.87946;-52.17848;-2414.232
87565;-35.3722;-42.77623;-2385.893
87597;-27.32479;-43.33289;-2363.123
87614;-21.23784;-28.2814;-2333.784
87648;-15.29609;-33.14787;-2312.818
87681;-8.395234;-27.4551;-2283.818
87715;-2.132357;-27.72815;-2265.593
87749;5.735908;-28.02237;-2240.874
87783;11.05452;-32.17846;-2227.393
87823;15.44203;-24.26243;-2213.155
87857;19.97917;-18.3028;-2197.92
87890;20.61988;-17.43239;-2181.729
87924;17.54068;-9.12621;-2166.027
87958;16.4175;-4.192898;-2158.904
87991;9.945431;-7.002249;-2143.556
88025;5.217618;-0.008614268;-2134.745
88059;-2.681373;2.626408;-2123.978
88093;-8.956818;5.308103;-2118.161
88126;-20.08507;6.223814;-2110.145
88160;-28.28407;6.669328;-2105.769
88194;-37.78099;7.738339;-2101.315
88227;-47.22504;8.079692;-2097.525
88261;-53.14293;7.51968;-2096.05
88295;-65.32504;8.410513;-2091.468
88328;-73.99645;8.165585;-2088.499
88362;-85.68112;9.104688;-2085.756
88396;-95.3988;7.538823;-2083.449
88430;-101.8048;7.528698;-2082.155
88463;-110.0218;4.926346;-2080.815
88497;-117.8986;-0.9573261;-2081.471
88531;-122.9083;-3.82289;-2082.73
88565;-124.2297;-4.822423;-2084.581
88589;-125.1419;-6.05455;-2086.319
88627;-125.3582;-7.856221;-2088.681
88660;-124.8108;-8.039216;-2091.89
88682;-122.5366;-9.314659;-2096.433
88732;-117.2171;-12.6351;-2103.242
88779;-109.6357;-14.47227;-2112.241
88794;-97.72755;-16.67559;-2124.425
88828;-84.99697;-17.42027;-2132.817
88861;-68.69571;-15.18112;-2143.722
88895;-55.56966;-14.73106;-2152.546
88929;-28.39568;-17.99315;-2167.961
88962;-10.60611;-18.85996;-2174.49
88996;18.42451;-15.04558;-2187.995
89030;40.41286;-11.38952;-2196.051
89063;71.41577;-10.48327;-2212.987
89097;91.84459;-6.709244;-2226.482
89122;112.9453;-1.978617;-2238.19
89156;129.3063;-2.284708;-2246.667
89189;149.1759;-5.073108;-2259.383
89223;168.2227;1.921679;-2270.457
89257;182.7399;6.701978;-2275.568
89307;191.4026;4.933143;-2280.185
89324;202.3672;7.501723;-2282.551
89375;214.4289;12.25628;-2286.867
89409;219.4091;14.51754;-2287.613
89429;232.7186;24.11006;-2291.015
89463;240.7252;28.73613;-2292.163
89496;250.4473;34.57179;-2293.417
89530;255.1709;34.70911;-2293.736
89564;260.0314;35.75869;-2294.257
89597;262.7583;35.12365;-2293.693
89631;266.0412;35.89622;-2293.293
89665;269.6044;36.25379;-2291.599
89698;273.1372;36.72487;-2290.098
89732;275.7816;36.56506;-2288.685
89749;279.3207;37.84452;-2286.802
89800;281.2657;37.20435;-2284.116
89821;283.4117;38.30658;-2279.272
89850;284.3824;39.10776;-2273.487
89901;284.4395;38.69301;-2266.396
89922;282.193;36.80734;-2259.248
89962;278.9715;34.73106;-2252.495
89996;273.9133;32.26906;-2244.267
90030;270.1848;33.76775;-2234.335
90063;264.9227;37.98027;-2219.452
90097;265.5924;37.41646;-2211.533
90131;267.4521;34.00881;-2202.791
90165;271.8792;33.73075;-2197.606
90198;280.1111;31.87188;-2192.793
90232;297.2562;34.28428;-2189.163
90266;305.3757;34.34858;-2187.27
90299;316.8757;37.38801;-2185.452
90333;332.5479;34.33004;-2186.133
90367;353.2295;43.6003;-2188.329
90385;370.4548;38.3369;-2193.55
90434;390.8484;48.07113;-2195.473
90468;401.0589;45.57575;-2199.239
90485;416.1111;40.99648;-2205.86
90535;429.8823;44.94675;-2209.615
90552;442.5981;42.05633;-2215.769
90593;461.0172;49.31808;-2224.223
90627;465.6617;47.63537;-2226.996
90661;474.8648;47.64322;-2231.643
90694;480.8745;46.30428;-2235.688
90728;487.6333;47.65762;-2240.806
90762;494.9395;48.71938;-2246.656
90795;500.0454;45.49019;-2252.475
90816;505.0364;44.33798;-2256.13
90863;508.7397;45.31848;-2258.833
90896;511.1201;46.11298;-2261.153
90930;513.9764;46.63998;-2263.304
90964;515.6999;47.75671;-2265.518
90988;516.8973;47.91497;-2268.328
91021;517.5715;46.17358;-2272.296
91057;516.6223;43.52959;-2275.786
91088;516.5142;44.19112;-2276.829
91122;515.3188;44.76865;-2278.111
91172;512.1354;44.75966;-2279.76
91206;508.0064;44.38272;-2281.136
91240;502.3734;44.20775;-2281.708
91256;495.1139;43.92655;-2284.056
91290;485.1084;41.51487;-2285.055
91324;470.1997;33.64814;-2286.452
91358;446.7914;15.96784;-2285.288
91392;439.0792;26.0417;-2286.771
91442;421.1396;10.94646;-2291.444
