
1;-339.6503;-570.0744;-2108.825
13;-345.015;-555.8271;-2116.914
47;-345.1983;-557.468;-2119.216
81;-344.5041;-560.7565;-2121.508
112;-344.3864;-564.666;-2123.607
148;-344.439;-567.4199;-2124.453
182;-345.2206;-566.3865;-2124.734
216;-345.4843;-566.1688;-2124.846
249;-346.3768;-568.8203;-2124.637
268;-346.0464;-571.2849;-2124.433
317;-345.499;-572.5018;-2123.849
351;-344.7048;-563.3772;-2121.006
384;-344.4796;-561.815;-2119.171
418;-344.2553;-557.588;-2115.768
435;-344.7111;-556.0604;-2112.783
469;-344.4813;-554.635;-2109.158
502;-342.3666;-563.4025;-2103.153
553;-340.9473;-569.5847;-2096.233
571;-340.7746;-573.714;-2087.595
603;-339.5897;-577.2284;-2075.719
637;-339.1484;-576.961;-2061.773
671;-337.3796;-571.9032;-2043.731
704;-334.8673;-569.3886;-2030.708
750;-332.1006;-564.7094;-2017.872
779;-330.2944;-561.7783;-2009.255
813;-327.8508;-559.7184;-2003.974
846;-323.8604;-557.8574;-1998.253
880;-316.8389;-558.2187;-1993.429
913;-308.8836;-558.5291;-1988.142
947;-301.7611;-557.4985;-1983.9
981;-292.6201;-557.1783;-1978.482
1015;-282.1545;-558.8559;-1968.936
1049;-272.2782;-559.5978;-1955.974
1082;-257.6839;-555.8875;-1934.938
1116;-244.7469;-551.9789;-1910.804
1149;-234.6631;-554.7402;-1882.89
1183;-218.9708;-552.6385;-1860.477
1217;-193.8874;-550.7445;-1834.107
1251;-176.2817;-549.3381;-1820.028
1284;-155.8008;-543.6216;-1805.451
1318;-140.2928;-540.9639;-1799.632
1352;-127.2662;-539.5159;-1793.332
1385;-116.5331;-540.0314;-1787.157
1419;-106.1909;-537.5323;-1777.981
1471;-97.1857;-534.8233;-1770.624
1480;-89.23293;-533.6116;-1760.522
1513;-78.60271;-530.3466;-1748.882
1566;-65.16957;-524.9573;-1739.158
1583;-53.63559;-519.5128;-1727.886
1616;-37.40892;-513.2464;-1715.356
1650;-29.33326;-514.1656;-1707.023
1709;-0.4562133;-520.6764;-1675.026
1742;10.46785;-521.0551;-1653.505
1776;25.78232;-523.7778;-1632.996
1832;42.03869;-513.9091;-1598.882
1843;59.19492;-501.9928;-1559.095
1877;71.83021;-496.9394;-1512.39
1945;39.02728;-468.1587;-1414.247
1973;106.0537;-469.9343;-1413.306
2000;117.8911;-453.0738;-1363.708
2017;125.3915;-449.5128;-1323.317
2068;136.7811;-442.7316;-1284.614
2084;162.7296;-494.7857;-1236.222
2101;172.0485;-489.9188;-1201.316
2151;80.21502;-502.7408;-1202.719
2185;77.19736;-500.0281;-1194.199
2219;69.78622;-497.1953;-1166.41
2252;61.82113;-491.3552;-1151.125
2286;48.95071;-478.797;-1118.395
2320;65.59391;-471.5083;-1115.944
2353;73.82758;-463.2529;-1089.845
2394;80.5939;-453.1613;-1055.7
2421;93.57346;-434.4994;-1022.85
2455;103.262;-423.4628;-984.5517
2488;15.19147;-383.9628;-867.9851
2522;17.28786;-368.9425;-835.8878
2539;213.4361;-161.0407;-1032.936
2572;240.0964;-221.0765;-981.5313
2606;292.4868;-236.8313;-898.3875
2640;268.9759;-214.2276;-846.7125
2673;183.6353;124.1747;-465.1687
2707;183.6353;124.1747;-465.1687
6183;-189.0437;-761.3609;-2752.833
6217;-189.2134;-761.7285;-2753.219
6238;-189.4711;-761.2802;-2753.373
6284;-192.5022;-760.3672;-2754.024
6318;-192.9867;-760.6068;-2753.73
6353;-193.3645;-825.9402;-2751.225
6385;-190.7518;-759.4632;-2753.634
6419;-190.9222;-759.9279;-2753.779
6442;-190.1382;-760.421;-2753.751
6503;-189.4312;-759.7487;-2754.113
6534;-186.1898;-749.1025;-2756.177
6551;-183.5472;-734.7725;-2757.269
6585;-177.3676;-794.3446;-2731.249
6618;-180.8589;-846.1497;-2732.176
6652;-178.4975;-846.9996;-2730.201
6686;-173.2153;-844.1359;-2726.544
6720;-143.584;-910.9744;-2693.27
6755;-138.5128;-902.5703;-2696.679
6772;-149.6222;-932.7407;-2736.736
6822;-146.6272;-932.7756;-2733.66
6856;-141.4795;-934.8973;-2726.701
6890;-132.9395;-945.4523;-2723.405
6923;-139.7727;-910.9636;-2724.525
6957;-123.5169;-940.6868;-2717.973
6974;-138.9826;-909.9786;-2717.021
7025;-121.4593;-964.9952;-2690.977
7043;-117.9289;-962.4063;-2692.837
7066;-116.2972;-961.7729;-2704.9
7111;-114.1554;-964.8973;-2715.491
7145;-112.4476;-964.3414;-2716.733
7178;-109.7536;-963.7393;-2719.067
7212;-105.0808;-971.895;-2717.858
7246;-86.7943;-966.9223;-2708.12
7279;-93.14969;-974.7887;-2703.464
7313;-82.67415;-968.845;-2704.227
7347;-87.35551;-976.6088;-2704.728
7380;-77.41458;-982.3656;-2700.315
7414;-91.27682;-1001.389;-2709.898
7448;-80.11614;-1020.769;-2727.763
7489;-92.45008;-908.353;-2721.562
7533;-107.693;-1020.988;-2694.874
7549;-79.86366;-907.9847;-2718.989
7583;-80.42796;-908.0897;-2715.721
7616;-69.87849;-885.3221;-2705.9
7650;-70.1953;-883.0939;-2704.67
7684;-60.05828;-854.6232;-2692.483
7717;-56.18317;-836.3519;-2689.635
7751;-50.46702;-823.6519;-2684.836
7785;-42.24755;-814.8226;-2682.19
7818;-37.47156;-809.1764;-2680.513
7852;-14.62321;-811.9095;-2675.691
7886;-14.19808;-808.5392;-2676.879
7920;-7.481366;-773.9247;-2686.67
7942;-10.05012;-749.8407;-2688.668
7987;-7.868892;-745.8427;-2685.843
8022;-6.896545;-746.7901;-2681.136
8040;-1.042269;-737.8156;-2674.183
8090;0.04229563;-724.5776;-2664.372
8106;-47.51298;-742.5842;-2740.662
8157;-46.53258;-741.0708;-2742.185
8174;-46.50648;-706.6488;-2744.439
8224;-42.10754;-718.6639;-2744.345
8241;-78.86909;-705.3036;-2764.162
8275;-78.77296;-705.1124;-2763.681
8309;-77.60437;-728.4744;-2636.396
8342;-78.81662;-777.4926;-2633.204
8378;-39.54978;-700.2372;-2647.939
8410;-52.57207;-782.6782;-2636.676
8443;-43.42659;-700.2255;-2639.824
8477;-39.87296;-693.0781;-2638.224
8511;-46.40073;-698.7364;-2637.379
8544;-56.67308;-686.7155;-2640.214
8578;-58.37328;-685.0099;-2640.708
8629;-58.88209;-684.7908;-2641.115
8646;-59.16174;-685.0909;-2641.281
8679;-60.1463;-683.9257;-2641.205
8713;-61.07931;-683.0564;-2641.126
8747;-61.3145;-682.2329;-2641.213
8780;-61.41396;-682.2438;-2641.271
8814;-47.36356;-660.3587;-2638.599
8848;-53.40968;-704.86;-2639.677
8882;-53.38731;-704.8566;-2639.621
8915;-52.63726;-706.696;-2638.595
8949;-50.64209;-706.211;-2636.423
8982;-48.51462;-705.7543;-2633.384
9016;-40.03792;-699.8548;-2625.153
9050;-36.54939;-695.0869;-2621.282
9084;-32.2945;-692.8188;-2616.714
9101;-28.3711;-691.7932;-2613.551
9134;-24.92893;-690.6812;-2611.625
9173;-16.1215;-687.5339;-2606.814
9204;-6.422293;-680.6843;-2602.809
9238;1.004241;-673.225;-2598.838
9271;30.98523;-734.9528;-2565.626
9305;36.19481;-736.0448;-2564.173
9357;31.43689;-662.8012;-2584.226
9373;49.38701;-739.0997;-2570.173
9423;48.53408;-742.7646;-2569.16
9440;48.24416;-743.2847;-2568.769
9474;47.79425;-662.8614;-2573.802
9508;58.51406;-659.4377;-2564.94
9541;59.64363;-659.5532;-2563.694
9575;60.50272;-659.8636;-2562.587
9609;60.07912;-660.7325;-2561.801
9646;59.98972;-663.6722;-2557.912
9676;70.27492;-740.653;-2540.529
9717;76.51631;-719.5812;-2545.446
9738;59.71813;-692.0726;-2542.855
9772;72.98271;-712.7328;-2539.672
9805;60.26121;-661.9044;-2546.346
9839;61.97607;-673.7459;-2544.225
9873;64.30749;-673.8033;-2544.122
9906;66.54684;-673.5706;-2544.497
9957;67.19677;-673.4706;-2544.579
9974;67.29817;-673.3389;-2544.891
10008;72.25879;-668.9529;-2542.944
10041;74.27755;-669.1534;-2542.441
10092;78.95662;-664.4573;-2542.526
10109;78.37561;-664.9022;-2542.159
10142;80.3977;-667.2497;-2541.597
10176;81.58016;-667.9114;-2540.4
10210;89.77588;-669.6221;-2538.659
10243;92.11007;-670.4873;-2538.227
10277;93.31554;-671.4568;-2537.264
10328;89.35411;-664.4439;-2537.104
10345;94.42999;-653.7963;-2535.467
10385;62.87259;-583.6099;-2549.7
10401;63.74139;-583.5121;-2549.124
10453;101.7388;-646.4487;-2535.035
10469;79.49388;-572.3199;-2536.569
10519;107.094;-653.6737;-2535.137
10536;82.59846;-573.3492;-2537.172
10587;83.74994;-573.5494;-2536.885
10624;86.06265;-573.3459;-2535.612
10637;86.13788;-573.2645;-2535.201
10677;85.74789;-572.9863;-2535.309
10705;85.42587;-572.7993;-2534.814
10755;84.34194;-572.3893;-2534.48
10772;82.05923;-574.6313;-2534.738
10823;84.21818;-587.2543;-2532.003
10857;82.24319;-580.8201;-2532.225
10890;85.98155;-578.5543;-2530.535
10924;85.07578;-564.1297;-2527.26
10958;87.4343;-562.0577;-2524.446
10991;87.57041;-562.121;-2523.865
11008;88.77493;-562.5897;-2522.476
11042;73.50353;-533.9703;-2529.194
11092;72.91553;-533.0327;-2529.383
11126;110.9457;-598.2352;-2514.866
11143;189.02;-683.934;-2532.743
11177;188.7499;-683.8862;-2532.282
11210;188.3792;-683.968;-2531.87
11244;187.7626;-683.6133;-2531.625
11278;181.3289;-684.4498;-2530.012
11311;185.1565;-679.9496;-2530.464
11345;182.694;-680.424;-2529.622
11381;185.908;-669.939;-2532.138
11431;186.4086;-673.2927;-2533.976
11447;187.488;-673.9058;-2535.088
11481;187.1419;-677.0613;-2534.968
11516;187.2554;-677.6328;-2535.011
11560;187.0292;-679.1346;-2535.175
11573;186.8835;-680.8807;-2535.373
11608;187.0344;-681.8003;-2535.165
11641;186.5617;-682.9965;-2533.152
11674;185.7296;-683.756;-2529.814
11708;177.1456;-694.9312;-2519.957
11742;173.5422;-698.0612;-2515.75
11776;172.4501;-697.5708;-2514.43
11809;172.0527;-697.8873;-2513.681
11843;176.9852;-693.2606;-2517.106
11877;178.1925;-691.081;-2516.75
11910;179.7492;-687.6382;-2516.866
11944;187.0347;-682.9254;-2520.411
11978;187.0976;-683.0756;-2520.328
12012;187.0033;-682.7012;-2519.477
12045;186.9762;-682.6576;-2519.431
12079;186.6672;-682.3799;-2518.881
12113;186.5966;-682.407;-2518.541
12146;186.3519;-682.3335;-2518.157
12180;186.3075;-682.5399;-2517.893
12213;186.2478;-682.6893;-2517.796
12247;187.8302;-682.7787;-2517.723
12281;189.5468;-683.3237;-2517.102
12317;193.6884;-682.3543;-2518.078
12354;193.7825;-682.6222;-2517.96
12371;196.0521;-680.7141;-2518.43
12405;198.3387;-680.5418;-2518.942
12455;354.0853;-679.9212;-2514.692
12474;355.3156;-680.8138;-2518.223
12524;357.9242;-680.0123;-2525.545
12544;358.0331;-679.8654;-2525.915
12585;358.1794;-679.6272;-2525.971
12617;363.3994;-687.1384;-2533.018
12648;363.827;-688.1826;-2532.393
12682;364.601;-687.8909;-2533.121
12715;364.9272;-688.2533;-2532.919
12749;359.3033;-700.9387;-2515.423
12783;359.4994;-700.5135;-2515.811
12817;359.7754;-699.5303;-2516.535
12834;360.2516;-699.2754;-2517.539
12869;360.5312;-698.4833;-2517.579
12902;360.6018;-697.4722;-2518.147
12938;367.1666;-685.5596;-2519.737
12969;366.9279;-684.7954;-2519.384
13003;367.0708;-684.6894;-2518.921
13053;364.1535;-693.4897;-2515.956
13070;368.5949;-692.0027;-2514.581
13121;369.33;-688.005;-2514.984
13137;366.7512;-691.0083;-2515.138
13171;368.7062;-689.7527;-2512.911
13205;368.3173;-685.8991;-2512.946
13239;368.0257;-682.8284;-2513.091
13272;359.2267;-689.3069;-2507.676
13306;370.0247;-680.1952;-2509.642
13340;369.8219;-680.7573;-2508.93
13373;369.6464;-680.1172;-2508.714
13412;369.4712;-678.7149;-2508.662
13441;368.1625;-678.4579;-2507.541
13481;367.4849;-678.6105;-2506.478
13507;367.3896;-678.4506;-2506.137
13574;367.605;-677.5891;-2505.972
13592;366.2579;-678.6509;-2502.677
13617;366.2759;-678.6349;-2502.663
13646;366.6098;-676.6764;-2501.158
13685;367.0011;-675.022;-2501.101
13719;366.71;-674.9393;-2500.292
13752;384.8734;-593.7271;-2512.713
13786;368.3016;-675.5025;-2494.02
13820;367.0748;-673.3128;-2493.971
13836;366.7382;-673.72;-2493.95
13887;366.6432;-673.7682;-2494.177
13921;366.7213;-673.5706;-2494.068
13941;366.6316;-673.855;-2494.599
13971;366.4814;-674.3123;-2494.636
14022;366.4163;-674.0813;-2494.713
14056;366.4782;-674.9527;-2494.392
14089;366.4797;-675.0117;-2494.402
14106;381.9033;-608.6134;-2506.337
14157;364.5113;-675.5816;-2496.126
14174;364.6684;-675.5186;-2496.149
14207;365.0122;-673.9756;-2496.748
14241;364.9626;-674.0667;-2496.685
14275;364.9935;-675.4962;-2496.074
14308;364.8597;-675.4868;-2495.318
14342;365.2082;-675.261;-2495.901
14376;365.5256;-674.8746;-2496.402
14426;365.1563;-676.1236;-2496.143
14460;365.1935;-676.2247;-2495.704
14494;365.2442;-676.2759;-2495.75
14511;365.2636;-676.3138;-2495.833
14561;365.5398;-676.0182;-2496.359
14595;363.593;-625.5112;-2508.025
14612;367.4461;-665.5585;-2499.409
14646;365.4185;-669.5457;-2496.882
14679;365.3886;-669.1449;-2497.026
14713;365.4804;-670.3591;-2497.613
14746;365.4974;-670.6271;-2497.644
14780;377.6453;-607.3287;-2512.907
14815;364.3072;-674.0079;-2493.18
14851;364.6882;-673.7919;-2494.771
14875;364.6396;-673.8387;-2494.727
14918;364.955;-673.1448;-2495.449
14938;364.9753;-673.6845;-2495.64
14986;365.2649;-673.2208;-2496.598
15019;365.6537;-673.862;-2496.878
15053;365.6469;-674.879;-2496.559
15087;365.778;-673.9433;-2497.062
15121;365.8099;-673.9918;-2497.168
15137;365.7972;-674.0643;-2497.159
15188;365.5006;-673.9625;-2496.634
15205;365.4957;-673.8169;-2496.667
15239;365.339;-672.8544;-2496.873
15272;365.5979;-672.1636;-2497.276
15306;364.6122;-673.7807;-2495.793
15340;364.1968;-673.6368;-2495.341
15374;364.254;-673.8141;-2495.321
15407;364.2616;-673.7545;-2495.368
15457;364.1691;-670.7805;-2494.87
15474;363.4723;-672.1215;-2493.552
15511;363.3735;-672.799;-2493.302
15542;363.4255;-672.7976;-2493.265
15580;363.4972;-671.5169;-2493.193
15609;363.4012;-671.36;-2493.45
15643;363.3974;-671.225;-2493.455
15676;363.2977;-671.6455;-2493.109
15710;363.0602;-671.6337;-2492.518
15744;363.2665;-671.5693;-2492.679
15778;363.9098;-670.6605;-2494.134
15811;363.8896;-671.1794;-2493.596
15851;363.6022;-671.3735;-2493.476
15879;362.46;-674.1927;-2491.848
15919;362.4304;-674.8146;-2492.105
15950;383.8371;-601.7769;-2504.864
15967;407.2478;-578.1945;-2515.987
16001;406.7954;-578.9475;-2517.836
16034;407.1064;-579.1325;-2518.109
16068;407.3856;-579.3387;-2517.721
16119;380.5221;-597.0873;-2507.296
16137;406.877;-582.0525;-2511.855
16169;407.1926;-582.5839;-2512.015
16203;408.2576;-582.9679;-2514.48
16236;409.3149;-583.559;-2513.855
16287;393.7053;-591.4743;-2509.666
16304;409.5466;-584.008;-2510.098
16338;411.3366;-583.5208;-2510.407
16371;412.2845;-584.4369;-2510.261
16405;415.1222;-583.1287;-2513.188
16455;415.5802;-583.0905;-2513.12
16472;415.7145;-583.2734;-2513.562
16506;416.3669;-583.0939;-2513.664
16540;415.7561;-583.7961;-2510.646
16574;415.6319;-584.1215;-2510.44
16607;415.8483;-584.5254;-2510.507
16641;415.4809;-584.8516;-2509.192
16675;415.9727;-584.9708;-2509.487
16708;416.077;-585.295;-2509.596
16742;415.4075;-585.8239;-2509.181
16776;415.1115;-586.0188;-2509.681
16809;416.1587;-585.1623;-2509.514
16843;415.6068;-585.2573;-2510.143
16877;360.6266;-647.8625;-2496.846
16910;361.9764;-664.8635;-2492.477
16944;362.1757;-667.5308;-2492.083
16978;361.8178;-669.5202;-2491.295
17012;361.1226;-671.3899;-2490.111
17028;362.1293;-655.5037;-2495.469
17079;363.1972;-651.0446;-2497.047
17113;363.8824;-648.0989;-2498.74
17146;363.3618;-646.1922;-2497.973
17163;363.5147;-645.4848;-2498.188
17214;363.783;-644.8436;-2498.448
17247;363.9861;-644.3551;-2498.645
17264;365.0807;-644.8014;-2499.711
17315;366.5958;-658.1954;-2496.43
17334;367.0864;-657.8295;-2497.037
17382;367.6887;-654.7717;-2498.63
17416;369.1788;-650.4227;-2500.521
17433;369.3492;-649.7554;-2500.655
17483;368.7162;-652.0936;-2499.983
17517;367.9423;-658.5351;-2497.74
17534;368.3848;-652.7695;-2499.138
17584;368.5267;-653.5395;-2499.245
17602;368.4906;-653.7087;-2499.238
17652;370.6356;-650.0562;-2501.902
17672;370.141;-651.7794;-2501.083
17703;370.1886;-652.2785;-2500.994
17753;370.7177;-649.8849;-2501.292
17771;370.7766;-650.4254;-2501.472
17810;370.107;-653.1882;-2501.168
17849;371.4292;-647.4217;-2502.952
17863;355.5132;-707.573;-2477.854
17898;365.9682;-641.6012;-2495.954
17932;367.473;-647.8353;-2497.413
17966;367.2331;-650.0459;-2497.147
18000;369.0399;-636.0031;-2500.898
18033;370.003;-637.686;-2501.595
18067;370.7321;-632.8605;-2502.352
18101;370.7668;-635.0433;-2502.681
18135;370.5447;-645.6239;-2502.301
18170;371.7034;-638.9557;-2504.055
18203;356.1927;-707.035;-2478.248
18237;368.6836;-646.2697;-2500.606
18271;359.1689;-706.7535;-2481.327
18304;372.404;-627.9868;-2504.536
18338;357.7523;-707.2087;-2483.656
18372;369.6059;-665.196;-2498.792
18406;369.1444;-664.5048;-2498.027
18439;369.9654;-662.1282;-2499.451
18473;369.8851;-662.404;-2499.455
18507;370.159;-622.7347;-2507.858
18540;370.9868;-633.903;-2505.609
18574;371.3417;-637.5921;-2503.716
18608;372.0442;-628.9455;-2505.82
18641;371.3283;-635.8033;-2503.943
18675;369.262;-649.4476;-2500.807
18709;369.3802;-648.2733;-2501.11
18742;369.4219;-648.7013;-2500.869
18776;369.5252;-647.984;-2500.744
18810;368.8089;-649.3;-2499.606
18844;367.9457;-653.8477;-2497.642
18877;366.8669;-651.1429;-2497.388
18911;366.8111;-651.3157;-2497.169
18945;366.9944;-654.0037;-2497.234
18978;366.9043;-654.019;-2497.022
19012;365.832;-650.6301;-2496.368
19046;365.7201;-650.9105;-2496.202
19079;365.2611;-651.6511;-2495.978
19113;365.26;-651.9229;-2495.781
19149;366.5417;-662.2178;-2494.954
19168;366.5361;-662.2154;-2494.963
19201;366.7169;-661.9113;-2495.001
19235;366.8564;-662.5728;-2494.887
19286;366.9435;-662.4634;-2494.614
19319;366.9045;-662.5332;-2494.583
19339;366.3564;-667.0435;-2493.535
19387;366.3914;-667.0507;-2493.519
19404;367.5672;-666.7012;-2494.223
19437;367.5516;-666.6287;-2494.242
19471;367.4711;-667.0073;-2494.013
19505;367.3936;-666.9275;-2493.986
19538;368.1853;-665.8195;-2494.796
19572;367.6222;-664.9797;-2494.638
19606;366.8647;-663.1863;-2495.049
19640;366.7227;-662.5378;-2495.395
19673;366.588;-661.6681;-2495.514
19708;366.0238;-661.0938;-2495.243
19757;365.8229;-660.2988;-2495.229
19774;365.7421;-660.0751;-2495.187
19808;365.2833;-658.1096;-2494.993
19842;364.925;-656.5361;-2494.67
19875;364.7711;-656.9955;-2494.221
19909;364.594;-657.3723;-2493.856
19967;364.6049;-657.3785;-2493.869
19993;364.6743;-657.454;-2493.852
20011;364.7461;-657.1844;-2493.961
20044;364.0555;-654.9232;-2493.208
20078;364.0277;-654.842;-2493.125
20114;364.2181;-656.5211;-2492.469
20145;364.5635;-657.1271;-2492.331
20179;364.3544;-655.8424;-2492.129
20212;364.6359;-657.215;-2491.735
20246;364.8778;-658.9509;-2491.489
20280;364.9904;-659.3902;-2491.508
20313;359.1786;-689.5391;-2481.906
20347;359.0645;-690.5278;-2481.5
20381;367.1223;-627.6553;-2492.812
20414;358.128;-692.2878;-2480.232
20448;358.3226;-692.6786;-2480.232
20482;358.0745;-693.1584;-2480.26
20516;358.0737;-693.2739;-2480.239
20549;358.1334;-693.4067;-2480.365
20583;358.2406;-693.7151;-2480.389
20617;358.2368;-694.1441;-2480.294
20651;358.1798;-694.5562;-2480.16
20669;358.152;-694.6449;-2480.25
20703;358.485;-695.1431;-2480.823
20736;358.6511;-695.8458;-2480.81
20770;358.6996;-696.2394;-2480.859
20820;358.57;-696.4773;-2480.604
20837;358.6502;-696.833;-2480.777
20871;358.6094;-696.8265;-2480.738
20905;358.3607;-696.7059;-2481.084
20955;357.9431;-696.7989;-2480.643
20989;358.8693;-696.6307;-2481.362
21023;362.8695;-678.508;-2484.855
21040;361.6597;-696.0424;-2483.646
21090;360.2892;-696.1564;-2484.625
21107;360.2628;-695.9707;-2484.41
21157;360.2479;-695.8842;-2484.426
21174;359.9004;-695.4571;-2484.319
21208;359.9033;-694.8859;-2484.042
21242;363.3371;-631.3229;-2492.49
21275;359.2606;-693.5878;-2482.74
21309;362.1918;-692.4302;-2484.811
21343;362.0515;-691.9965;-2485.289
21376;361.6611;-690.8798;-2485.005
21410;360.006;-690.141;-2483.907
21444;359.8452;-689.91;-2483.879
21479;365.0611;-630.1985;-2493.22
21521;365.2813;-636.2427;-2492.546
21538;361.015;-631.56;-2490.216
21572;360.9572;-628.5167;-2491.071
21605;359.9776;-665.6876;-2481.421
21639;359.3185;-628.95;-2488.614
21672;358.8195;-630.1056;-2488.362
21723;360.9717;-629.3665;-2490.306
21740;361.1318;-628.8373;-2490.506
21774;359.6988;-623.0484;-2490.567
21807;359.4053;-625.7933;-2490.761
21841;355.3314;-685.6307;-2484.937
21876;360.3248;-614.5553;-2493.21
21908;359.9634;-614.9382;-2493.075
21942;353.3803;-684.8896;-2482.878
21975;354.0484;-611.9133;-2491.119
22026;354.3826;-612.5079;-2491.516
22043;352.9744;-603.1813;-2490.75
22077;354.3345;-606.341;-2491.67
22110;357.8955;-616.2166;-2492.149
22144;360.828;-668.2574;-2484.666
22185;358.04;-613.5762;-2492.947
22212;357.2701;-671.045;-2480.635
22245;365.7655;-624.543;-2498.167
22279;364.4307;-622.2017;-2498.052
22313;362.9794;-620.106;-2497.192
22346;363.28;-620.5204;-2497.379
22380;363.3295;-620.2884;-2497.523
22414;363.4257;-620.5822;-2497.555
22447;362.537;-619.0475;-2497.328
22481;359.4685;-612.1074;-2495.647
22515;360.2834;-612.343;-2496.239
22548;360.4155;-612.8206;-2496.24
22582;360.037;-669.8428;-2484.538
22616;360.2162;-617.0926;-2495.207
22634;361.1999;-617.6754;-2495.816
22669;361.9803;-618.4971;-2496.399
22700;362.0734;-624.4645;-2495.803
22751;362.3347;-623.8849;-2495.936
22784;360.3816;-618.2228;-2495.312
22801;360.0871;-618.2841;-2495.064
22837;360.2513;-618.4464;-2495.323
22885;360.7251;-616.1452;-2496.192
22919;366.7578;-574.2967;-2509.515
22936;366.4323;-605.182;-2502.473
22987;366.3646;-613.8593;-2500.943
23003;366.1637;-614.3488;-2500.424
23037;365.8002;-613.8271;-2500.362
23077;360.5541;-667.3776;-2485.937
23104;361.3796;-616.7382;-2495.473
23138;363.6403;-657.9973;-2485.271
23172;361.7547;-654.0023;-2487.247
23206;361.0531;-659.4378;-2485.954
23240;350.2736;-679.5742;-2483.947
23273;366.3329;-623.2122;-2500.413
23309;365.5818;-619.9539;-2500.146
23342;365.2104;-619.5386;-2499.868
23377;365.172;-620.8262;-2499.495
23410;365.0844;-620.3215;-2499.304
23445;361.8495;-620.2173;-2496.535
23479;360.5531;-621.7806;-2495.544
23513;361.2372;-623.1542;-2495.553
23551;360.3931;-629.9909;-2492.709
23568;356.1439;-625.548;-2489.994
23621;359.24;-630.6357;-2491.894
23637;358.7555;-632.6492;-2491.635
23669;353.0555;-680.4564;-2484.095
23703;353.0806;-680.684;-2484.094
23753;356.1096;-620.5267;-2488.08
23794;356.1285;-629.1665;-2488.967
23808;356.2093;-631.0751;-2489.2
23842;355.1045;-629.1121;-2488.754
23875;355.2944;-599.8151;-2491.349
23909;353.4879;-631.0342;-2485.316
23943;358.0088;-680.2089;-2479.938
23977;354.6738;-637.8322;-2487.264
24011;355.0526;-638.4399;-2487.403
24044;357.3208;-648.2887;-2486.904
24078;353.3229;-683.1777;-2480.308
24112;354.0817;-684.2806;-2480.3
24145;360.7133;-653.8652;-2489.985
24179;357.5932;-686.1206;-2485.528
24213;357.7586;-688.0877;-2484.852
24246;357.9743;-689.4218;-2484.48
24281;358.4968;-690.8221;-2484.285
24300;358.8936;-693.3432;-2483.89
24347;359.2732;-696.2956;-2483.261
24381;360.602;-698.254;-2483.749
24415;360.4714;-700.5011;-2483.339
24448;360.3742;-702.3978;-2482.561
24482;360.7847;-703.8784;-2482.243
24516;361.2024;-705.5838;-2482.004
24550;361.6746;-707.0894;-2481.483
24583;361.9779;-708.148;-2481.237
24617;361.8371;-708.9149;-2479.474
24651;361.7633;-710.6193;-2478.432
24668;362.0692;-711.2589;-2478.036
24701;361.5024;-712.1175;-2476.546
24752;361.5215;-712.1218;-2476.414
24769;361.4203;-712.3462;-2476.312
24802;360.9266;-713.2579;-2475.469
24853;361.1772;-714.6594;-2475.342
24886;361.3156;-713.9979;-2475.72
24906;367.0115;-664.4683;-2487.831
24937;366.4099;-665.0175;-2487.463
24989;366.5147;-664.04;-2488.078
25006;367.8027;-664.1289;-2489.642
25056;368.3458;-664.0494;-2490.262
25074;367.8695;-664.5413;-2490.151
25107;368.3472;-664.4893;-2490.805
25141;362.847;-701.3237;-2483.877
25174;372.3289;-670.5917;-2495.006
25215;372.5809;-669.5391;-2495.562
25245;368.8234;-700.8585;-2489.074
25279;367.445;-703.3577;-2488.479
25314;365.8744;-686.4481;-2489.419
25347;363.7753;-700.1672;-2485.394
25380;363.4411;-702.7434;-2484.778
25414;363.2758;-703.1425;-2484.594
25448;362.848;-705.8452;-2483.804
25481;363.5176;-705.5795;-2484.162
25515;363.7669;-706.7177;-2483.955
25532;363.0192;-708.0913;-2482.839
25583;363.1332;-708.205;-2482.589
25616;363.2343;-709.2578;-2482.227
25633;363.1081;-709.4669;-2481.984
25684;363.0825;-709.6801;-2481.735
25717;363.0911;-709.7107;-2481.757
25734;363.1614;-709.7397;-2481.81
25768;363.1947;-709.8514;-2481.768
25802;363.3814;-710.3958;-2481.596
25852;365.4367;-678.2915;-2482.198
25886;365.5532;-695.4118;-2481.31
25903;369.108;-677.8787;-2485.597
25959;365.9337;-698.007;-2480.5
25971;366.1879;-699.3603;-2480.673
26005;366.6855;-700.5593;-2480.571
26039;366.5428;-699.0858;-2480.823
26073;366.1215;-703.2839;-2479.677
26106;365.9395;-703.8292;-2479.314
26140;366.0615;-705.5626;-2479.179
26173;366.1393;-705.7521;-2479.151
26207;366.1985;-705.7955;-2479.251
26241;366.2614;-708.014;-2478.314
26274;365.8102;-708.3185;-2477.05
26308;365.7941;-708.2715;-2477.007
26342;365.7417;-708.5518;-2476.71
26376;365.8656;-708.1952;-2476.424
26409;365.8757;-708.2518;-2476.245
26444;366.047;-708.056;-2476.114
26477;366.0481;-708.0497;-2476.042
26511;365.4995;-705.7222;-2476.0
26544;364.7226;-703.322;-2475.774
26578;362.8666;-697.9086;-2475.571
26612;362.0806;-695.7094;-2475.504
26633;368.2084;-629.5412;-2487.53
26684;368.1201;-629.7099;-2487.486
26713;367.909;-629.1107;-2487.521
26746;357.4186;-687.7643;-2478.021
26771;365.7975;-644.0903;-2490.234
26815;357.2964;-685.6263;-2478.464
26849;358.1218;-632.8839;-2484.659
26883;356.5486;-684.1632;-2481.249
26916;361.4744;-631.213;-2485.945
26933;361.4206;-631.6071;-2486.034
26984;350.8876;-682.6494;-2474.67
27017;354.4818;-619.0087;-2482.885
27053;352.8542;-682.2189;-2477.539
27071;353.2173;-681.993;-2477.548
27119;353.1617;-681.4741;-2477.612
27152;353.5322;-681.5056;-2477.609
27186;353.5607;-681.5642;-2477.65
27206;353.6458;-681.6117;-2477.746
27237;353.6896;-681.6704;-2477.759
27287;361.4198;-610.7548;-2488.178
27304;353.9087;-681.4645;-2473.776
27354;358.6255;-615.9515;-2484.279
27373;361.9861;-620.7772;-2485.457
27405;365.0781;-632.5261;-2487.066
27439;362.7701;-664.3964;-2481.043
27473;368.0397;-636.7498;-2487.276
27506;368.4583;-637.5211;-2487.31
27557;367.0712;-649.2879;-2484.594
27573;366.6957;-648.8331;-2484.229
27624;364.4154;-651.3585;-2481.733
27641;364.7299;-652.0803;-2482.115
27674;365.8479;-652.4333;-2483.785
27708;367.859;-648.3342;-2485.526
27742;363.7563;-700.4059;-2478.378
27776;364.1549;-702.8765;-2478.075
27809;364.2437;-705.0574;-2477.87
27843;364.6917;-707.692;-2477.685
27877;365.0002;-709.4956;-2477.508
27916;365.2172;-711.0125;-2477.39
27944;365.2643;-711.6948;-2477.367
27978;365.4533;-663.1202;-2482.637
28012;365.4867;-662.5882;-2482.883
28045;365.7383;-662.5917;-2483.167
28079;362.4384;-709.3331;-2478.247
28113;362.5038;-709.1983;-2478.458
28146;362.0462;-714.3398;-2478.191
28180;362.0081;-714.5758;-2478.235
28214;362.1068;-714.9209;-2478.596
28247;362.5944;-721.1468;-2480.431
28281;363.084;-719.4816;-2481.404
28315;370.2589;-672.4157;-2492.198
28348;365.1185;-701.119;-2486.672
28383;363.5583;-707.8633;-2484.176
28419;363.4907;-708.5917;-2484.062
28452;361.3723;-720.6816;-2482.345
28487;361.2477;-720.6583;-2482.303
28519;361.2393;-719.8904;-2482.472
28553;361.6857;-718.9095;-2482.91
28588;364.8906;-649.4441;-2494.302
28604;364.9965;-649.6061;-2494.233
28637;362.5619;-716.5539;-2482.072
28688;362.692;-716.2705;-2482.163
28722;362.7136;-714.8854;-2482.426
28739;362.0363;-721.0369;-2482.374
28772;362.1218;-723.7464;-2481.635
28806;362.3952;-722.3367;-2481.66
28840;362.3532;-717.0397;-2481.881
28873;362.9462;-713.6228;-2482.498
28907;362.6204;-721.3423;-2481.149
28949;363.114;-719.6081;-2481.055
28991;363.7923;-717.9707;-2481.022
29009;364.1541;-717.0579;-2481.372
29042;364.7166;-713.4789;-2482.215
29075;364.7283;-712.5758;-2482.442
29109;364.5999;-709.9389;-2483.376
29143;364.1715;-707.1527;-2483.556
29177;364.7115;-620.3958;-2496.682
29210;362.4799;-699.7291;-2484.724
29244;369.8289;-632.4331;-2496.382
29278;369.4805;-632.1845;-2496.5
29311;368.6877;-631.2701;-2496.27
29345;359.0939;-689.1398;-2484.045
29379;356.8687;-689.4478;-2484.478
29413;356.747;-688.9324;-2484.591
29434;356.5229;-688.7139;-2485.071
29480;356.142;-688.4498;-2484.466
29513;363.133;-685.6453;-2486.72
29547;364.0823;-619.876;-2497.96
29581;361.0918;-669.994;-2492.704
29615;356.3326;-684.5351;-2487.804
29648;361.7778;-682.0285;-2491.249
29682;362.3647;-681.4472;-2491.788
29716;351.0827;-683.1741;-2487.338
29749;361.7819;-677.4979;-2490.4
29783;361.0174;-675.642;-2489.376
29817;360.8543;-675.1298;-2489.515
29851;350.2183;-614.3704;-2491.85
29867;360.6342;-668.1862;-2489.624
29918;360.4734;-668.3782;-2489.521
29952;345.7097;-681.7633;-2484.527
29969;347.0429;-682.0569;-2485.724
30025;357.1305;-670.4276;-2487.955
30046;366.9292;-617.6655;-2506.594
30078;363.6486;-669.1924;-2489.708
30114;364.0132;-616.611;-2503.457
30145;359.1059;-671.2145;-2488.906
30179;354.269;-680.4856;-2489.734
30213;359.9313;-672.2839;-2492.45
30246;366.407;-610.3187;-2509.168
30281;366.2004;-610.3897;-2508.491
30315;366.2757;-610.9698;-2508.329
30349;366.0871;-612.689;-2506.961
30382;362.7856;-665.8743;-2493.361
30416;364.1002;-632.5731;-2499.921
30450;364.6613;-652.009;-2498.187
30483;363.103;-648.4909;-2496.466
30517;363.3876;-650.5292;-2496.741
30551;363.3781;-650.5797;-2496.764
30568;363.1198;-651.7715;-2496.49
30618;364.1268;-653.1145;-2496.937
30652;363.807;-653.1125;-2496.743
30686;355.6443;-703.965;-2482.847
30719;359.7285;-654.6336;-2489.895
30753;361.2099;-663.5225;-2491.124
30787;357.9742;-712.5652;-2485.231
30820;358.5607;-714.8805;-2484.975
30838;359.226;-716.8852;-2484.969
30888;359.3239;-717.8286;-2484.6
30905;359.0511;-718.3038;-2483.278
30938;364.687;-673.8422;-2488.647
30989;362.2559;-707.8593;-2486.403
31022;361.6565;-712.162;-2483.932
31039;361.2794;-712.6625;-2483.421
31073;360.6069;-718.2886;-2481.649
31107;360.653;-718.2311;-2481.701
31140;360.731;-716.1722;-2481.472
31174;361.1716;-715.1782;-2481.821
31211;361.1591;-715.4329;-2481.601
31245;361.2087;-715.4546;-2481.721
31279;361.2606;-715.5734;-2481.679
31313;360.5215;-718.8101;-2480.964
31346;361.0119;-718.7479;-2481.592
31380;361.6856;-716.3057;-2481.631
31414;362.1428;-721.2299;-2482.469
31447;363.7089;-718.8519;-2483.392
31481;363.8877;-717.7778;-2483.118
31515;363.7421;-717.0516;-2482.979
31548;363.9343;-716.6357;-2483.092
31582;366.3824;-714.232;-2484.604
31616;366.366;-714.2448;-2484.514
31650;366.3269;-721.1785;-2483.533
31683;370.5593;-660.7057;-2494.012
31717;368.6898;-692.3923;-2490.282
31751;367.7528;-702.2856;-2488.504
31784;370.4472;-670.5476;-2495.689
31818;370.5119;-668.9335;-2496.146
31852;374.9296;-652.4173;-2498.891
31869;374.7626;-650.9862;-2499.886
31902;372.2623;-645.5209;-2501.132
31953;370.336;-644.2644;-2501.179
31970;367.7079;-641.1914;-2500.759
32024;367.1832;-640.6171;-2500.692
32058;365.8286;-628.5244;-2500.645
32075;365.7144;-622.8517;-2500.508
32108;366.1525;-629.6126;-2500.429
32142;364.7226;-631.2115;-2499.031
32176;364.0647;-631.4217;-2498.684
32209;359.5847;-624.3451;-2495.383
32243;358.5913;-628.8568;-2495.154
32277;354.8448;-685.4944;-2486.628
32311;359.1153;-670.4619;-2489.639
32344;358.8683;-671.2049;-2489.784
32378;358.9306;-671.0325;-2489.647
32412;359.0742;-670.3688;-2489.725
32446;358.7041;-670.6201;-2488.775
32481;358.7405;-670.3872;-2489.028
32516;358.8893;-670.1342;-2489.132
32553;359.1096;-669.508;-2489.416
32586;368.7363;-614.5631;-2506.319
32620;368.6424;-614.8571;-2506.179
32637;360.5471;-666.4529;-2489.954
32688;360.5167;-666.7296;-2489.918
32705;355.1951;-603.6911;-2497.064
32738;363.5953;-667.1254;-2494.322
32772;363.3514;-667.1019;-2493.895
32806;362.3089;-621.0263;-2495.27
32856;361.3704;-659.7913;-2491.668
32890;353.2422;-682.7911;-2484.564
32907;359.4706;-675.0527;-2484.079
32941;360.2916;-674.0289;-2485.547
32974;359.5461;-647.8522;-2488.885
33008;361.466;-660.267;-2490.426
33042;361.6942;-661.3645;-2489.995
33075;362.3229;-666.0741;-2489.827
33109;361.6923;-696.7073;-2486.663
33142;359.6928;-700.6308;-2485.275
33176;358.0402;-703.936;-2484.444
33210;359.5463;-647.1647;-2490.425
33243;359.6894;-652.1072;-2489.67
33277;359.9269;-652.1135;-2489.637
33311;360.9907;-652.7028;-2490.138
33345;355.9019;-714.9353;-2479.725
33378;363.5318;-655.3208;-2491.126
33412;364.289;-662.7943;-2491.47
33446;363.9194;-647.4599;-2492.679
33479;357.8323;-719.785;-2477.121
33513;357.8853;-719.6209;-2477.188
33547;362.9189;-660.6566;-2486.902
33580;358.5176;-717.3463;-2480.581
33614;358.5167;-717.3699;-2480.542
33648;358.6849;-717.49;-2480.718
33682;358.6707;-717.377;-2480.795
33715;358.6538;-715.8692;-2480.446
33749;358.7738;-716.2837;-2480.403
33783;358.7446;-716.0262;-2480.517
33816;367.7663;-662.4862;-2496.557
33850;366.9495;-661.875;-2496.02
33884;360.6462;-695.9733;-2488.118
33917;359.9805;-702.9551;-2485.989
33934;360.4988;-704.725;-2486.002
33985;359.4978;-718.6852;-2484.35
34019;359.5252;-718.8868;-2484.019
34052;359.2111;-722.9172;-2482.228
34086;359.0803;-725.384;-2481.2
34120;359.3311;-724.7375;-2481.627
34153;358.7905;-725.936;-2481.005
34187;358.7212;-726.4188;-2480.597
34204;358.5616;-726.403;-2480.19
34254;358.9599;-723.1669;-2480.527
34288;359.3584;-722.392;-2480.383
34322;359.3603;-722.0377;-2480.442
34339;359.4507;-722.2822;-2480.317
34372;359.839;-721.8253;-2480.445
34406;360.8498;-720.5082;-2480.852
34444;361.1879;-717.983;-2481.35
34477;361.5145;-715.8683;-2482.025
34511;361.3989;-713.3929;-2483.103
34544;360.9914;-708.4769;-2483.638
34578;360.4951;-705.5154;-2483.904
34612;369.8179;-621.1733;-2504.798
34646;366.8665;-673.4467;-2494.725
34679;359.9049;-695.0848;-2487.796
34714;359.2849;-695.1193;-2487.981
34747;359.8854;-694.4694;-2488.895
34781;358.987;-692.3343;-2489.208
34814;358.5588;-691.3145;-2489.162
34848;358.3062;-691.0532;-2488.981
34881;357.0886;-690.1266;-2487.93
34917;362.5471;-668.4785;-2493.384
34949;362.3433;-668.7471;-2493.008
34983;362.2999;-669.1885;-2492.984
35016;362.2208;-669.2507;-2492.96
35050;362.1604;-669.5867;-2492.819
35084;362.194;-669.6862;-2493.264
35117;362.1794;-669.6016;-2493.306
35151;362.0446;-669.296;-2493.469
35185;361.873;-669.0872;-2492.599
35218;362.0603;-668.9314;-2492.553
35252;362.0823;-668.168;-2493.111
35286;362.1727;-668.1938;-2493.383
35303;355.8357;-689.0112;-2488.728
35353;360.889;-665.0894;-2490.434
35387;365.2321;-615.828;-2503.316
35421;363.2264;-666.9739;-2493.942
35454;363.7181;-668.4456;-2493.899
35488;363.5788;-667.4921;-2493.707
35522;363.8706;-668.3497;-2494.029
35555;364.3627;-669.0963;-2494.311
35589;363.8539;-665.1691;-2494.551
35623;363.4598;-652.2786;-2496.463
35640;355.7128;-706.2845;-2485.812
35673;355.6219;-707.9775;-2485.49
35726;355.8546;-709.4578;-2485.258
35741;361.81;-654.0656;-2493.91
35774;358.9986;-715.3406;-2482.844
35808;358.7859;-717.4605;-2482.776
35859;358.7444;-717.8036;-2482.571
35875;358.5478;-717.5975;-2482.521
35929;358.4006;-717.5768;-2482.407
35945;358.2294;-716.6336;-2481.509
35978;362.8155;-677.5434;-2486.575
36012;358.6424;-707.4779;-2482.296
36045;362.1641;-682.9094;-2489.608
36079;357.8842;-714.5009;-2481.821
36113;365.582;-637.9213;-2495.603
36146;357.6902;-708.7101;-2479.723
36197;360.8436;-682.9861;-2486.708
36214;358.659;-713.1282;-2484.919
36248;358.3343;-715.636;-2484.785
36281;358.4687;-715.5687;-2484.756
36315;358.7479;-715.215;-2484.839
36349;358.7656;-715.3116;-2484.628
36382;358.8561;-715.2009;-2484.573
36416;364.1951;-658.4142;-2494.786
36450;363.928;-658.3712;-2494.126
36483;363.6224;-658.216;-2493.276
36517;359.8499;-718.5951;-2484.206
36551;365.4769;-662.1358;-2494.976
36570;365.2035;-664.1321;-2493.94
36618;360.4755;-719.1462;-2484.149
36652;363.1763;-679.369;-2486.479
36686;362.5587;-701.5879;-2484.676
36702;364.6195;-657.5289;-2492.179
36753;364.8346;-657.8286;-2492.357
36787;361.3253;-719.8369;-2480.182
36820;361.702;-719.1752;-2480.738
36854;361.4051;-717.6483;-2480.841
36871;368.9814;-674.9745;-2494.436
36905;365.9281;-700.2372;-2489.93
36955;365.3222;-703.2851;-2488.293
36989;367.6465;-642.8495;-2499.469
37006;366.5849;-642.1491;-2499.17
37056;355.7459;-693.0154;-2486.646
37090;356.8619;-638.4847;-2492.206
37107;356.8475;-638.5333;-2492.166
37140;356.8579;-638.5894;-2492.134
37174;356.752;-637.9619;-2491.8
37225;357.5627;-638.0405;-2492.116
37242;357.1264;-635.8112;-2492.09
37275;355.0424;-666.0909;-2485.12
37309;361.8932;-664.5007;-2489.215
37359;355.8593;-642.5564;-2490.989
37376;358.1834;-641.7539;-2492.466
37410;349.5108;-665.0357;-2485.551
37444;358.5483;-662.8745;-2484.885
37477;357.2021;-618.6343;-2492.794
37512;355.8434;-617.7211;-2492.323
37547;357.0611;-627.7711;-2492.27
37581;357.3242;-628.2429;-2492.418
37614;357.2581;-629.2466;-2492.251
37648;357.3493;-630.4229;-2492.295
37699;357.4375;-630.5816;-2492.185
37715;357.5994;-675.6957;-2489.138
37749;358.6042;-637.4123;-2491.047
37783;357.6862;-678.4193;-2485.513
37816;358.0281;-681.0276;-2485.354
37851;368.2386;-605.6404;-2501.17
37885;360.6065;-684.8763;-2492.105
37918;362.1725;-618.8891;-2493.149
37952;361.7928;-620.2386;-2493.095
37986;361.4457;-623.267;-2493.2
38020;364.1783;-629.3419;-2494.636
38053;363.2866;-630.9573;-2493.678
38087;362.5436;-707.5148;-2484.094
38121;362.7978;-710.2461;-2483.595
38154;363.2344;-712.9183;-2483.464
38188;363.3946;-714.3346;-2483.251
38222;367.0416;-661.1304;-2490.6
38239;361.6739;-707.3622;-2478.351
38272;360.4183;-711.0053;-2476.922
38306;360.486;-711.9555;-2477.221
38341;360.5748;-712.3457;-2477.239
38379;360.5176;-712.4866;-2477.109
38413;360.5174;-712.5617;-2477.161
38446;360.3808;-712.7251;-2477.169
38480;360.353;-712.6459;-2477.267
38514;359.5711;-721.2952;-2478.84
38547;360.5471;-716.4643;-2479.929
38582;360.5049;-714.7822;-2480.432
38615;360.4789;-714.7091;-2480.447
38648;362.5491;-636.2154;-2492.491
38682;359.1284;-708.6485;-2481.674
38717;359.3683;-709.1147;-2482.13
38750;359.0506;-713.1705;-2483.124
38775;359.2559;-713.6725;-2483.392
38825;359.8057;-713.2892;-2483.711
38843;365.8992;-678.5291;-2486.642
38875;364.1471;-671.705;-2486.687
38909;361.6011;-709.2534;-2483.113
38942;361.8842;-653.0607;-2488.955
38976;361.9835;-652.9039;-2489.019
39027;361.2088;-715.564;-2482.649
39044;360.1046;-716.8127;-2481.812
39077;358.7401;-720.6936;-2480.778
39111;358.715;-720.7317;-2480.514
39145;358.7203;-720.8018;-2480.399
39178;358.8853;-720.8431;-2480.104
39213;359.7963;-719.8161;-2481.021
39246;360.8736;-718.5424;-2481.337
39281;361.5596;-716.9779;-2481.507
39313;362.8439;-712.9297;-2481.251
39347;363.6145;-711.2197;-2482.017
39381;364.5148;-710.6317;-2482.933
39414;364.7546;-708.7338;-2483.841
39448;363.7999;-702.9584;-2484.305
39482;362.5699;-696.2788;-2484.865
39515;360.8043;-694.5702;-2483.814
39549;359.3428;-690.9526;-2483.452
39583;356.6456;-678.3367;-2483.993
39616;356.6542;-678.9243;-2483.651
39652;356.7131;-678.9492;-2483.969
39684;355.6779;-674.3063;-2483.811
39718;355.3684;-672.4841;-2483.379
39751;355.4483;-672.7682;-2483.081
39771;355.5604;-670.7571;-2483.109
39819;355.4334;-670.2981;-2482.921
39852;355.8716;-672.1581;-2483.256
39886;355.0748;-674.8787;-2484.447
39920;355.501;-677.2188;-2484.895
39953;356.864;-683.6846;-2484.693
39987;360.8768;-647.523;-2491.793
40021;362.0793;-626.387;-2495.7
40054;361.7355;-628.0287;-2495.363
40088;361.5113;-628.2872;-2495.444
40122;361.3116;-628.3571;-2495.352
40139;361.3376;-629.0025;-2494.958
40189;362.0259;-701.6765;-2484.17
40223;362.503;-703.1129;-2484.363
40240;362.685;-705.3049;-2483.866
40290;363.2063;-708.4405;-2483.67
40324;363.7346;-711.8541;-2483.396
40341;363.9052;-715.7426;-2483.026
40375;363.7882;-717.07;-2482.682
40408;363.713;-717.188;-2482.776
40444;362.8851;-718.3671;-2482.27
40476;363.0201;-718.167;-2482.993
40512;362.9204;-717.8058;-2483.211
40543;362.5135;-717.6241;-2483.39
40577;362.6839;-715.9831;-2484.087
40611;362.633;-715.9186;-2484.121
40644;362.8485;-715.5738;-2484.632
40678;362.63;-715.4054;-2484.736
40712;362.5482;-715.472;-2484.801
40745;362.6263;-715.3395;-2485.022
40779;362.4023;-715.7377;-2485.067
40813;362.2528;-716.0531;-2485.386
40846;364.1805;-686.5714;-2490.545
40881;366.0836;-679.903;-2495.124
40914;366.1798;-678.7767;-2495.292
40947;366.0842;-677.4354;-2494.896
40973;366.0626;-676.2121;-2495.149
41009;361.244;-713.4511;-2484.734
41044;359.6935;-717.1158;-2483.95
41083;359.7548;-717.1498;-2483.924
41117;359.7228;-717.0777;-2483.756
41149;361.6892;-658.3514;-2489.251
41185;360.0254;-722.5988;-2476.423
41208;360.1548;-720.8955;-2477.117
41242;362.5907;-717.9728;-2479.43
41292;363.2272;-715.0032;-2481.102
41312;365.5839;-623.8765;-2498.065
41347;361.8817;-707.597;-2485.906
41381;366.7158;-641.5197;-2497.68
41415;366.0923;-641.2748;-2497.549
41448;365.4442;-641.2425;-2497.399
41482;357.3587;-690.1104;-2486.057
41516;359.3522;-639.3867;-2494.644
41549;357.138;-684.3403;-2488.108
41583;356.9477;-683.0914;-2487.739
41617;357.0587;-682.7654;-2487.816
41651;354.9641;-671.3763;-2488.284
41684;355.1764;-673.2105;-2487.625
41701;355.5542;-674.8072;-2487.516
41757;355.7381;-676.0161;-2487.54
41768;356.1126;-677.8005;-2488.322
41802;365.5422;-677.5358;-2493.079
41853;368.429;-680.4648;-2495.395
41874;368.2502;-628.312;-2502.809
41904;366.9733;-626.1492;-2501.751
41937;367.3539;-673.6301;-2493.618
41989;366.9574;-675.7521;-2492.766
42021;366.9909;-676.9632;-2493.156
42055;367.2918;-678.6425;-2492.78
42089;365.632;-703.233;-2489.792
42124;365.5617;-705.5104;-2489.565
42143;365.6798;-707.9033;-2489.267
42182;364.8489;-709.1521;-2489.106
42212;364.3562;-712.2061;-2489.207
42245;364.2149;-712.5547;-2489.303
42279;363.7952;-713.5096;-2488.585
42313;363.5996;-713.6319;-2488.788
42346;363.3596;-713.7762;-2488.684
42380;363.1409;-713.644;-2488.64
42414;362.8981;-714.2532;-2488.878
42448;362.9834;-714.5117;-2489.118
42482;362.4605;-715.2772;-2488.698
42520;362.3615;-715.4075;-2488.816
42549;362.2086;-716.6582;-2489.062
42583;362.1501;-716.5997;-2489.349
42616;362.0923;-716.6379;-2489.391
42657;362.0707;-716.5831;-2489.414
42687;361.8877;-717.0701;-2489.857
42721;361.5923;-717.3907;-2489.783
42754;360.8074;-718.5646;-2488.836
42772;360.7958;-719.0797;-2489.025
42806;361.5622;-715.8964;-2489.121
42839;360.6548;-653.3466;-2494.188
42876;356.0883;-728.6341;-2485.624
42923;360.3828;-647.3845;-2497.365
42941;361.2296;-651.4965;-2496.718
42990;365.5711;-660.3445;-2499.05
43024;365.7524;-666.416;-2498.319
43058;361.2488;-719.4806;-2490.876
43075;361.393;-719.2633;-2490.931
43109;361.0645;-719.9484;-2490.481
43144;361.23;-719.6778;-2490.347
43178;361.9272;-718.5622;-2490.582
43212;361.543;-715.666;-2490.592
43246;364.4431;-625.3727;-2499.751
43280;364.3227;-630.8973;-2499.755
43313;364.5514;-635.0047;-2500.548
43347;364.2018;-620.8436;-2504.12
43380;374.9685;-583.1069;-2516.693
43414;355.5519;-615.5462;-2497.564
43449;357.2162;-625.6761;-2497.637
43469;352.3221;-685.353;-2484.076
43502;354.0208;-630.0391;-2492.014
43536;358.4804;-671.1426;-2490.75
43586;354.2294;-681.8401;-2486.843
43620;356.9014;-680.5612;-2486.757
43654;355.2201;-628.4106;-2494.593
43688;355.1922;-628.5991;-2494.793
43723;355.8028;-629.7707;-2495.59
43740;356.3328;-630.4374;-2496.002
43797;355.5297;-683.5167;-2491.318
43812;356.4721;-684.7988;-2491.704
43846;366.3398;-686.8161;-2492.458
43880;367.8755;-687.853;-2494.934
43913;368.5274;-686.7745;-2496.169
43947;368.5328;-686.7275;-2496.199
43981;364.9134;-703.3248;-2492.182
44020;363.4745;-705.992;-2491.808
44054;364.3921;-710.9612;-2491.328
44070;364.6914;-713.9139;-2490.965
44104;364.5014;-715.14;-2489.794
44155;364.575;-715.9404;-2489.64
44174;364.4416;-716.4352;-2489.447
44208;362.6774;-717.9917;-2487.616
44241;360.6601;-720.7582;-2485.584
44275;360.6272;-719.9723;-2485.353
44309;360.6984;-719.6431;-2485.768
44342;360.856;-719.4112;-2485.979
44376;360.8256;-719.4308;-2486.041
44410;360.817;-719.5868;-2486.034
44443;360.7682;-719.4858;-2485.916
44494;360.7709;-718.0974;-2486.372
44511;360.9485;-717.775;-2486.949
44545;360.9937;-717.5905;-2487.077
44578;361.0959;-717.4424;-2487.305
44612;360.8734;-716.4568;-2487.696
44646;366.6778;-674.4854;-2495.729
44679;366.3174;-674.674;-2495.335
44713;361.548;-708.163;-2490.024
44747;361.8929;-652.979;-2498.352
44780;362.0536;-653.0002;-2498.672
44814;362.1194;-653.0414;-2498.769
44848;362.2334;-653.3794;-2498.506
44882;363.8628;-656.1115;-2498.038
44915;363.8958;-655.9048;-2498.022
44949;362.0967;-656.8929;-2496.75
44993;361.0974;-719.1743;-2488.346
45003;360.3611;-722.6757;-2488.029
45053;359.9228;-719.8207;-2487.945
45087;362.8883;-689.6715;-2490.305
45121;363.9888;-686.5441;-2491.233
45154;364.3174;-685.219;-2491.47
45188;362.0507;-696.0843;-2489.507
45205;358.5435;-699.4247;-2489.427
45239;361.301;-667.7584;-2492.392
45272;361.2188;-667.8162;-2492.497
45307;353.8717;-690.315;-2488.666
45341;350.7293;-674.4461;-2489.723
45374;355.3144;-671.3159;-2490.876
45408;351.7267;-669.2037;-2495.01
45442;351.3674;-671.5291;-2494.904
45475;354.9123;-667.4932;-2493.698
45509;352.2021;-667.3419;-2494.872
45543;354.0428;-666.6594;-2491.28
45576;351.821;-669.9265;-2491.9
45610;351.4514;-669.5139;-2491.684
45644;349.5933;-673.8936;-2491.408
45678;356.9012;-676.3514;-2492.743
45711;358.2692;-678.6915;-2492.828
45745;359.2197;-636.5664;-2501.855
45779;361.8556;-659.6848;-2498.656
45812;365.7968;-670.5284;-2501.356
45846;362.6747;-695.6033;-2496.308
45880;364.1161;-657.3506;-2499.972
45913;362.2742;-704.0613;-2496.384
45947;362.1731;-706.49;-2496.113
45981;362.7407;-709.1733;-2495.887
46014;363.7546;-651.3155;-2501.74
46048;359.425;-717.85;-2490.495
46082;359.7131;-719.6091;-2490.342
46116;360.4394;-719.4518;-2491.084
46149;358.6009;-655.146;-2495.097
46183;358.0343;-722.0172;-2487.392
46217;358.0648;-720.7328;-2487.341
46250;361.1615;-658.2026;-2497.111
46284;358.468;-716.5415;-2489.145
46318;365.6593;-674.0426;-2497.637
46352;359.9247;-726.0847;-2489.947
46385;365.6795;-682.4765;-2499.679
46419;360.563;-709.9615;-2493.425
46436;360.5241;-712.3266;-2493.332
46486;363.3193;-676.46;-2498.131
46503;363.3499;-676.4383;-2498.145
46537;362.3961;-652.3017;-2501.722
46587;358.5644;-717.722;-2490.236
46604;365.6438;-626.3586;-2506.711
46638;365.8103;-626.3091;-2507.039
46688;357.7054;-723.5832;-2489.56
46722;357.6917;-723.4125;-2489.545
46756;357.5872;-723.533;-2489.787
46775;357.7314;-723.2046;-2490.202
46823;357.8723;-720.7202;-2490.405
46857;358.0153;-720.5839;-2490.903
46891;358.6088;-716.8925;-2491.857
46908;362.3622;-660.8885;-2502.148
46941;358.8164;-713.1932;-2494.848
46975;359.395;-712.067;-2494.964
47009;359.2358;-712.2337;-2494.895
47042;359.6204;-632.1003;-2502.043
47076;359.9784;-631.1013;-2503.503
47110;360.2876;-630.808;-2504.084
47160;359.4996;-633.9446;-2504.022
47177;361.1017;-629.5051;-2505.601
47211;361.5038;-626.6943;-2506.309
47245;362.1721;-618.9028;-2508.104
47278;363.7428;-617.2967;-2510.032
47312;364.6057;-622.1489;-2510.229
47346;365.9777;-613.8662;-2512.578
47379;366.1416;-612.213;-2512.912
47413;366.114;-611.2341;-2512.553
47447;366.1572;-611.5635;-2512.115
47480;368.192;-585.1352;-2514.941
47514;369.2342;-584.7379;-2515.402
47548;368.9804;-583.7055;-2515.183
47582;365.5432;-590.1097;-2512.99
47615;365.9073;-589.9177;-2513.281
47649;374.5594;-581.3383;-2516.795
47683;367.7084;-582.1235;-2514.98
47717;366.4215;-582.265;-2513.858
47758;365.7635;-580.5679;-2513.808
47785;363.932;-599.228;-2509.32
47819;364.3058;-594.9033;-2510.362
47852;364.544;-588.925;-2511.757
47886;366.2218;-583.1124;-2514.435
47921;366.4489;-582.1961;-2514.817
47956;366.6856;-582.0294;-2514.98
47990;367.747;-581.0837;-2516.396
48023;368.2424;-581.441;-2516.702
48057;368.3499;-581.5301;-2516.694
48076;368.9815;-581.5911;-2517.078
48127;369.3212;-582.2141;-2517.02
48148;369.2803;-584.2739;-2516.873
48184;370.281;-588.9514;-2517.58
48225;370.2534;-592.7335;-2517.295
48253;365.6724;-647.1725;-2507.413
48285;363.6083;-629.3727;-2508.391
48319;362.3576;-636.1647;-2507.529
48352;362.5174;-635.689;-2507.59
48386;363.2683;-634.8798;-2507.958
48420;364.5678;-648.1346;-2507.574
48453;364.8859;-650.8641;-2507.316
48487;366.1132;-655.7568;-2506.62
48521;361.0035;-713.3236;-2495.283
48555;361.0133;-711.8391;-2494.604
48588;365.8761;-664.4296;-2502.767
48607;365.5659;-659.268;-2503.961
48641;365.5635;-657.4897;-2504.139
48689;365.3383;-655.7263;-2504.281
48710;363.5611;-649.6299;-2503.406
48757;369.0395;-647.2983;-2508.513
48774;369.4287;-646.0647;-2509.105
48824;370.0654;-645.4412;-2509.605
48841;369.0292;-650.3706;-2508.894
48875;368.0424;-649.2233;-2508.627
48909;363.0708;-649.42;-2504.951
48943;360.0303;-726.3023;-2491.839
48976;360.421;-724.8589;-2491.832
49009;360.516;-724.6882;-2491.842
49043;360.4584;-724.7131;-2491.874
49077;360.4748;-724.7388;-2491.793
49111;360.5568;-722.655;-2491.265
49162;360.5156;-722.644;-2491.466
49178;361.4027;-719.676;-2492.77
49212;361.8387;-716.7931;-2492.753
49245;361.8228;-716.3905;-2493.152
49279;361.425;-715.4348;-2493.123
49313;361.9518;-664.1947;-2506.235
49346;362.725;-640.2205;-2506.427
49380;362.7354;-637.8868;-2507.005
49414;362.3859;-639.5303;-2507.058
49448;363.7977;-629.9838;-2509.325
49481;363.8275;-627.0037;-2509.412
49515;363.9991;-623.7129;-2509.781
49549;364.2052;-621.0178;-2509.746
49582;365.6876;-612.6449;-2511.326
49616;373.8027;-586.6609;-2510.627
49650;372.0171;-587.0165;-2514.044
49683;377.7023;-583.4434;-2516.129
49717;365.6143;-591.0275;-2511.986
49751;365.5469;-674.1912;-2498.262
49785;365.182;-607.4309;-2508.234
49818;365.1498;-607.4404;-2508.235
49852;363.6195;-669.9839;-2498.513
49886;364.8099;-607.03;-2509.302
49919;364.8073;-607.0016;-2509.323
49953;364.8717;-606.8569;-2509.401
49987;365.8687;-606.2872;-2510.611
50021;365.6559;-606.4329;-2510.481
50054;365.7068;-606.5808;-2510.504
50088;364.5067;-674.4372;-2500.57
50122;367.0876;-611.6637;-2511.267
50155;373.1896;-578.2639;-2516.126
50189;364.5605;-610.4451;-2508.983
50223;369.8611;-587.709;-2517.624
50256;369.2222;-601.8851;-2514.168
50291;369.8453;-599.9512;-2515.2
50313;369.9456;-599.9519;-2515.356
50346;368.9583;-607.0698;-2514.146
50380;367.7913;-611.2178;-2512.642
50413;361.7554;-645.4821;-2504.11
50447;361.9297;-648.6878;-2504.236
50481;363.0017;-639.6293;-2505.596
50515;362.9961;-639.6421;-2505.645
50548;359.9589;-711.2136;-2492.429
50582;360.3204;-714.0533;-2492.417
50615;360.818;-717.4246;-2492.034
50649;360.9025;-718.0897;-2491.96
50685;360.899;-718.1894;-2492.055
50705;366.2037;-653.5735;-2506.536
50756;361.0211;-714.3324;-2493.12
50773;361.0173;-715.7702;-2493.12
50807;361.7036;-715.2922;-2493.549
50858;361.9202;-715.0192;-2493.7
50874;361.5385;-715.6107;-2493.384
50924;361.7235;-715.6765;-2493.604
50943;361.8578;-715.8671;-2493.737
50992;360.9857;-719.8286;-2492.29
51009;360.9366;-719.6701;-2492.289
51059;360.8271;-696.3079;-2495.284
51082;360.6165;-707.8905;-2493.263
51112;360.9172;-711.189;-2492.867
51146;360.8646;-713.3394;-2491.798
51179;360.6361;-714.5098;-2491.817
51214;360.4969;-715.4215;-2491.212
51247;360.4019;-715.5535;-2491.123
51280;360.4195;-715.254;-2491.199
51315;360.1376;-714.7289;-2491.108
51348;355.6178;-672.5486;-2496.631
51382;357.4384;-687.5876;-2495.013
51415;359.3875;-625.136;-2502.708
51457;357.6576;-627.8265;-2501.638
51483;357.455;-624.5875;-2501.847
51516;359.6973;-620.226;-2503.789
51550;358.9078;-614.7305;-2503.604
51584;358.938;-610.2619;-2503.403
51617;359.4048;-609.9377;-2503.354
51651;373.1693;-585.4348;-2506.043
51685;362.1464;-586.2296;-2504.326
51719;361.3854;-585.9955;-2504.217
51752;369.6592;-582.2275;-2504.553
51786;370.0857;-581.0289;-2505.216
51820;367.1755;-580.933;-2508.937
51853;363.5297;-597.7234;-2506.394
51887;364.041;-599.418;-2507.056
51908;364.7091;-600.3464;-2508.064
51954;364.6552;-600.4445;-2508.049
51988;380.2375;-573.6548;-2523.438
52022;380.3;-573.4584;-2523.445
52055;381.2685;-571.3499;-2524.731
52073;380.9643;-571.3679;-2524.664
52106;379.9211;-571.8527;-2523.577
52156;378.8128;-572.2781;-2524.135
52173;378.5037;-572.5695;-2524.12
52207;368.6276;-581.9526;-2521.392
52258;366.9369;-576.1939;-2520.272
52275;366.443;-591.5574;-2517.691
52325;365.5484;-614.9116;-2514.126
52359;365.098;-617.2847;-2513.827
52375;365.0504;-618.5104;-2514.282
52409;360.9807;-642.657;-2509.474
52443;361.2691;-642.2429;-2509.546
52477;362.2069;-639.8795;-2510.027
52510;362.2899;-639.8345;-2510.012
52546;360.6452;-706.9443;-2496.864
52580;360.0813;-708.9499;-2497.48
52613;360.7969;-707.3592;-2497.889
52647;364.9639;-642.6396;-2509.284
52681;357.1441;-721.8249;-2491.041
52714;360.5584;-690.5981;-2497.648
52748;363.1613;-656.9605;-2505.567
52782;358.6222;-722.4649;-2492.35
52815;358.6625;-721.7547;-2492.372
52849;358.8729;-720.4693;-2492.436
52883;358.8149;-719.986;-2492.551
52917;359.1592;-720.1558;-2493.255
52951;359.2585;-718.9107;-2493.522
52984;359.0027;-721.095;-2493.609
53018;359.016;-724.2633;-2493.882
53052;359.1295;-724.1469;-2494.168
53089;359.228;-724.1249;-2494.191
53123;359.2559;-724.2083;-2494.197
53157;359.4909;-722.1375;-2494.556
53175;359.6471;-720.9318;-2495.215
53224;359.683;-720.9014;-2495.351
53243;366.1455;-674.8109;-2504.906
53275;365.0157;-687.3826;-2504.074
53309;358.526;-655.4177;-2504.355
53342;359.2005;-645.467;-2505.712
53394;359.3528;-647.1877;-2506.195
53410;359.6673;-648.2408;-2506.751
53443;359.94;-642.6053;-2506.984
53494;360.9697;-629.2157;-2508.823
53528;361.8096;-623.526;-2509.278
53545;364.8266;-609.0848;-2511.265
53578;366.0089;-606.7867;-2512.444
53612;366.657;-599.9225;-2512.608
53646;373.2441;-585.8056;-2515.51
53696;366.8346;-585.0431;-2514.009
53713;365.8156;-582.6874;-2514.327
53752;373.679;-579.9536;-2519.866
53786;367.9986;-609.3844;-2516.674
53819;379.9882;-577.1166;-2524.563
53853;372.8791;-578.217;-2522.971
53887;374.8256;-576.6931;-2520.012
53920;375.6628;-576.0464;-2520.881
53954;375.0937;-575.9362;-2520.584
53988;366.248;-578.1418;-2520.042
54022;365.6873;-580.0136;-2520.308
54055;368.3121;-577.7377;-2521.313
54089;366.5333;-583.9296;-2520.762
54123;369.325;-580.94;-2523.107
54157;366.0136;-601.7183;-2517.521
54190;363.3747;-608.6193;-2515.237
54225;361.9085;-616.1782;-2513.594
54257;362.1521;-616.808;-2513.967
54293;357.1248;-703.1002;-2502.811
54325;359.5693;-623.3928;-2511.266
54359;363.0263;-675.7817;-2507.474
54392;362.6816;-698.1;-2504.673
54409;362.5753;-700.1785;-2504.827
54460;360.838;-689.678;-2505.193
54476;361.2588;-692.1014;-2504.124
54527;360.632;-701.9243;-2501.68
54544;361.5828;-691.8467;-2500.929
54577;362.041;-686.6547;-2501.482
54628;362.8154;-702.5267;-2500.208
54645;362.7729;-704.5361;-2500.315
54695;363.8786;-688.0251;-2499.728
54729;363.6166;-696.2503;-2498.273
54751;360.9445;-707.484;-2496.448
54783;360.7262;-713.1066;-2495.99
54816;360.8548;-712.588;-2495.827
54850;362.5034;-694.5262;-2498.08
54884;358.9431;-720.2643;-2494.164
54918;362.1773;-650.4704;-2504.626
54951;361.4881;-709.9803;-2495.94
54985;366.551;-643.5411;-2508.714
55036;366.1566;-644.1868;-2508.362
55052;359.932;-712.4307;-2496.158
55088;359.685;-713.1564;-2495.782
55120;359.7394;-713.1199;-2495.717
55154;363.1866;-626.1957;-2507.809
55193;363.1551;-678.5395;-2501.316
55209;363.0683;-625.5753;-2510.621
55248;362.1951;-625.5275;-2509.392
55274;359.8509;-642.6893;-2506.126
55314;359.8494;-642.6605;-2506.086
55357;359.9977;-642.9029;-2506.253
55388;360.0084;-626.5034;-2505.608
55422;361.1823;-618.2833;-2506.303
55455;376.6664;-590.6901;-2517.463
55489;379.8428;-587.5748;-2519.67
55507;364.2915;-595.9863;-2512.237
55558;364.9976;-593.4039;-2513.041
55591;365.0389;-599.3138;-2512.084
55609;365.8124;-594.4453;-2512.557
55659;367.9774;-589.1507;-2517.511
55675;367.6279;-599.2673;-2515.82
55711;367.6403;-600.6573;-2515.714
55745;367.0679;-597.8309;-2515.695
55778;366.728;-595.7296;-2515.955
55812;366.4719;-594.3433;-2516.52
55846;365.6621;-600.0325;-2515.34
55879;366.7752;-595.489;-2517.389
55913;366.9605;-594.0511;-2518.396
55947;367.2843;-579.2096;-2522.315
55981;363.4306;-590.4563;-2518.483
56014;365.4401;-583.7484;-2519.073
56048;360.9705;-611.3621;-2514.463
56082;360.1479;-614.9206;-2513.848
56115;360.1354;-615.631;-2513.573
56149;359.7366;-617.6919;-2512.216
56200;359.9274;-619.4889;-2510.948
56216;360.2009;-620.1963;-2511.032
56250;358.4207;-715.8018;-2501.102
56284;356.0492;-666.1481;-2506.418
56317;359.6848;-699.9926;-2499.277
56352;359.1339;-703.1828;-2498.108
56387;360.46;-691.5651;-2498.54
56421;359.352;-706.5245;-2498.187
56449;358.2703;-713.6445;-2495.5
56483;357.963;-717.8484;-2493.412
56516;357.2897;-720.1746;-2492.419
56551;357.5221;-719.0754;-2492.21
56584;357.546;-718.9933;-2492.209
56634;357.8582;-718.4127;-2492.806
56651;357.9925;-717.7864;-2492.876
56685;357.8871;-717.989;-2492.374
56719;360.5022;-654.7776;-2499.129
56752;354.8255;-730.4358;-2488.736
56786;362.9053;-646.0428;-2505.915
56820;359.6089;-714.521;-2491.47
56853;360.0548;-713.3349;-2491.93
56887;359.8326;-714.3937;-2492.067
56921;361.1884;-684.759;-2495.288
56956;358.1664;-626.2271;-2500.966
56989;360.9095;-704.406;-2496.213
57005;360.5609;-654.6153;-2503.176
57056;360.2509;-652.407;-2502.437
57090;359.754;-653.3175;-2502.163
57123;359.6939;-653.2878;-2502.098
57141;360.4832;-646.8763;-2503.141
57175;358.3785;-637.48;-2500.047
57208;361.2321;-628.8032;-2502.772
57260;362.0598;-612.2555;-2505.17
57275;362.6487;-612.3396;-2505.451
57309;362.8606;-608.7848;-2505.806
57343;363.0549;-609.0978;-2505.718
57376;362.5266;-597.0229;-2506.542
57410;362.2059;-587.0914;-2507.943
57461;363.5165;-584.5102;-2510.035
57477;364.04;-581.0742;-2510.669
57513;363.7597;-580.736;-2510.855
57549;364.1097;-581.1776;-2511.246
57583;363.8847;-580.6907;-2511.244
57616;364.4545;-581.7888;-2511.531
57650;365.9686;-586.3558;-2512.63
57684;365.9375;-586.5179;-2512.667
57717;366.3336;-592.6243;-2512.342
57751;367.6211;-582.9266;-2515.991
57780;361.4458;-655.0573;-2503.237
57829;361.3373;-653.0771;-2503.538
57846;361.338;-653.1467;-2503.46
57879;361.3298;-653.1439;-2503.52
57945;361.8875;-645.8839;-2503.847
57972;362.7875;-640.8422;-2505.315
57988;359.5005;-710.7092;-2490.821
58022;359.3914;-711.37;-2490.816
58056;359.5107;-711.9861;-2490.995
58079;359.8275;-710.7192;-2491.318
58129;359.9795;-713.5156;-2491.196
58146;359.7064;-715.9687;-2490.688
58181;359.6348;-715.8661;-2490.653
58213;359.6772;-715.8828;-2490.62
58246;359.6286;-717.2269;-2490.35
58280;359.7343;-717.2946;-2490.131
58314;359.7379;-716.7623;-2490.037
58347;359.7053;-716.7327;-2489.995
58398;359.7652;-716.9995;-2490.07
58415;359.7851;-717.0447;-2490.253
58441;358.6535;-645.4976;-2499.137
58483;358.2074;-718.439;-2487.865
58534;358.3053;-718.2599;-2487.936
58551;358.5381;-718.5137;-2488.128
58584;358.6238;-718.6741;-2488.502
58618;359.1603;-717.1478;-2488.927
58652;359.0692;-717.8958;-2488.873
58685;359.2587;-716.3525;-2489.09
58719;359.3606;-716.0237;-2489.362
58753;359.2348;-715.1945;-2489.54
58786;359.0537;-712.9652;-2490.154
58820;358.6072;-711.7021;-2489.714
58855;360.7693;-646.2718;-2501.204
58893;360.8884;-645.5439;-2501.635
58925;360.4589;-645.1934;-2501.481
58959;360.6841;-644.8207;-2501.78
58993;361.4902;-641.5586;-2502.898
59014;364.3468;-607.7324;-2508.656
59048;364.4949;-608.0614;-2508.476
59081;364.7374;-601.1305;-2509.39
59115;381.5214;-585.4075;-2519.735
59149;381.2111;-584.1205;-2519.547
59183;380.731;-582.1151;-2519.594
59217;380.1146;-580.8731;-2519.426
59251;380.1404;-579.5549;-2519.911
59284;380.6929;-577.1453;-2521.017
59318;380.7914;-576.8217;-2521.426
59352;381.0315;-575.9764;-2522.335
59386;380.1818;-575.8779;-2522.76
59419;367.6713;-585.1437;-2521.423
59453;367.5832;-586.5329;-2521.139
59488;366.7736;-593.3511;-2519.705
59520;365.8746;-603.1095;-2518.602
59554;363.6013;-608.5232;-2515.264
59588;362.6306;-612.0272;-2514.031
59621;356.9841;-674.5237;-2503.63
59656;358.8169;-625.1378;-2513.407
59689;358.8337;-625.1171;-2513.391
59722;363.1198;-671.7352;-2507.084
59756;362.2927;-672.6165;-2506.225
59790;361.2114;-692.8749;-2503.787
59823;359.5633;-672.7602;-2504.894
59857;362.2346;-696.2306;-2502.804
59892;357.7092;-722.9534;-2497.435
59925;361.3085;-690.1783;-2498.525
59958;366.9389;-636.3104;-2511.092
59992;359.4844;-676.1401;-2496.842
60026;360.1347;-695.3608;-2496.03
60043;359.0921;-700.1966;-2494.29
60076;358.4558;-704.9185;-2493.952
60110;360.955;-692.6686;-2497.396
60144;365.3681;-644.0747;-2509.819
60177;364.6422;-668.5328;-2502.472
60211;363.0237;-665.207;-2501.938
60249;362.4096;-661.0111;-2502.233
60280;362.7177;-653.3144;-2503.684
60314;355.9195;-727.2368;-2493.914
60348;362.6489;-678.9975;-2498.976
60381;362.6428;-678.9936;-2499.0
60415;359.8811;-710.2341;-2494.089
60449;359.9204;-710.2175;-2494.136
60482;359.9681;-709.91;-2494.534
60516;359.5983;-688.7891;-2499.016
60550;356.3391;-626.1564;-2506.72
60583;357.0416;-629.299;-2506.591
60617;357.8005;-641.961;-2507.059
60657;358.7444;-635.5328;-2507.501
60688;359.4857;-629.3848;-2509.373
60734;360.3095;-666.3155;-2502.912
60760;365.0795;-606.4449;-2512.416
60777;365.3536;-605.1592;-2512.354
60811;365.8679;-606.8195;-2511.876
60845;364.1035;-676.1144;-2499.165
60878;364.9924;-611.0416;-2507.483
60912;367.3653;-586.1359;-2513.187
60946;366.9733;-595.9055;-2511.823
60979;366.5135;-597.0154;-2511.328
61013;366.584;-597.7402;-2511.186
61047;366.567;-597.783;-2511.145
61081;366.4367;-606.1218;-2510.647
61114;366.567;-605.4454;-2510.983
61148;366.6339;-605.3279;-2511.094
61182;366.7156;-604.7183;-2511.435
61215;366.7092;-604.5994;-2511.561
61249;366.6596;-604.6822;-2511.609
61283;367.9733;-674.1687;-2504.915
61316;366.0727;-596.3443;-2516.604
61337;367.6495;-602.2291;-2516.705
61384;368.1063;-601.7131;-2517.059
61418;366.9398;-608.4497;-2516.527
61451;362.6799;-627.8973;-2511.589
61485;362.5754;-627.7482;-2511.604
61519;362.4801;-627.6656;-2511.511
61565;362.8333;-628.5302;-2511.696
61591;360.5576;-701.7993;-2501.439
61607;360.4418;-704.2306;-2500.679
61657;358.5334;-656.5195;-2503.338
61692;359.4402;-704.0806;-2497.982
61713;358.6769;-693.7294;-2497.1
61763;359.7339;-689.0849;-2497.655
61796;360.2225;-686.5064;-2497.656
61830;358.2836;-708.895;-2493.828
61847;358.257;-708.9058;-2493.622
61881;358.2677;-710.5643;-2493.479
61914;358.2739;-710.7031;-2493.402
61948;358.3144;-710.935;-2493.252
61982;362.7067;-692.4133;-2498.465
62032;358.3094;-716.96;-2493.291
62049;358.3847;-717.2539;-2493.566
62100;358.7079;-717.5103;-2494.189
62117;364.9541;-651.7302;-2508.868
62150;361.2558;-705.7943;-2496.982
62184;360.7634;-709.3802;-2496.859
62218;360.7943;-709.3347;-2496.711
62251;360.6853;-709.4952;-2496.585
62285;360.6813;-709.5033;-2496.605
62319;360.5317;-709.5329;-2496.572
62353;360.3421;-709.6541;-2496.687
62370;360.4417;-667.4855;-2505.237
62404;360.7608;-628.9176;-2510.035
62454;359.9795;-640.6968;-2508.307
62488;360.0173;-642.9673;-2507.628
62521;361.7115;-631.1447;-2508.172
62539;363.5335;-620.985;-2509.942
62589;365.7386;-609.7423;-2512.87
62606;367.5909;-603.4334;-2514.348
62656;368.0347;-597.6912;-2514.601
62673;367.5905;-595.4644;-2514.35
62724;367.1472;-593.545;-2514.171
62741;365.9379;-598.1277;-2512.104
62791;365.8695;-599.6951;-2512.12
62808;365.6451;-601.7107;-2511.514
62842;367.8154;-584.6174;-2517.44
62892;366.161;-592.2845;-2515.008
62909;365.806;-594.2877;-2514.009
62943;365.5016;-595.9488;-2513.536
62976;365.1051;-592.0264;-2514.044
63010;365.7345;-587.3483;-2515.737
63061;370.099;-580.3925;-2517.284
63078;365.4294;-581.6688;-2517.036
63111;367.7878;-589.5311;-2519.031
63145;371.5725;-584.4455;-2521.391
63195;370.0196;-600.8655;-2519.139
63212;361.4213;-641.2615;-2511.317
63263;362.0721;-636.6909;-2511.702
63280;361.9261;-643.4474;-2511.133
63313;362.1612;-650.4716;-2511.21
63347;361.7309;-639.2147;-2510.223
63381;362.7296;-663.2863;-2506.938
63414;361.8358;-712.0675;-2502.929
63448;360.278;-684.3018;-2503.314
63482;356.2022;-720.8057;-2495.51
63515;357.9202;-718.3442;-2497.211
63549;361.3664;-638.5485;-2507.738
63583;362.8388;-642.8765;-2507.41
63616;357.9182;-725.509;-2492.75
63650;359.1313;-694.0161;-2496.392
63684;359.2681;-689.4443;-2496.53
63718;359.3975;-686.9378;-2496.597
63751;360.1921;-686.2105;-2497.461
63785;360.4965;-685.8511;-2497.869
63819;360.5462;-683.9289;-2498.748
63853;360.2921;-682.6581;-2499.539
63886;359.7152;-715.8929;-2495.372
63920;359.8286;-716.9198;-2495.501
63954;359.8673;-717.0892;-2495.483
63977;359.0725;-686.3294;-2499.117
64025;360.4762;-699.2458;-2499.756
64059;360.388;-717.6754;-2498.526
64093;360.3694;-716.6373;-2498.313
64126;360.352;-716.6902;-2498.387
64160;360.7255;-707.5396;-2497.553
64177;360.0498;-691.0205;-2497.878
64227;359.3303;-685.7554;-2497.807
64261;357.0835;-630.8318;-2507.178
64278;357.2823;-635.7996;-2505.709
64312;357.3159;-632.1472;-2505.77
64364;357.3851;-632.1664;-2505.537
64379;357.5706;-628.2731;-2504.914
64413;358.6664;-624.7228;-2505.583
64448;359.6391;-619.788;-2506.322
64482;368.7762;-674.6935;-2503.187
64516;366.7987;-675.0984;-2501.6
64550;369.4414;-590.2699;-2515.601
64583;378.5127;-583.0046;-2517.204
64617;379.2591;-580.2495;-2518.553
64651;380.0157;-579.8749;-2518.327
64685;381.6715;-577.7809;-2518.974
64718;384.7557;-574.2656;-2521.939
64752;385.2616;-571.9647;-2522.847
64786;385.4485;-570.9204;-2523.444
64819;386.3486;-570.8186;-2524.542
64853;385.3406;-571.1286;-2523.659
64887;384.3955;-572.0167;-2522.974
64920;384.6217;-571.8088;-2523.435
64954;384.4306;-571.369;-2523.78
64988;380.4505;-572.713;-2521.922
65022;377.9869;-574.0948;-2520.465
65055;367.3052;-596.3763;-2515.483
65089;367.1602;-596.7775;-2515.162
65124;365.4737;-584.5154;-2516.127
65158;360.5925;-614.9323;-2509.929
65191;359.3734;-627.6217;-2507.8
65225;359.5085;-630.1343;-2507.541
65260;358.2543;-669.2794;-2498.862
65280;357.3575;-685.451;-2494.209
65322;359.3596;-680.3748;-2496.053
65356;360.1371;-664.3873;-2499.696
65390;358.8283;-707.4343;-2496.17
65423;358.1708;-711.2065;-2495.732
65457;360.0966;-691.4136;-2495.6
65491;357.7578;-705.9648;-2490.889
65524;356.3535;-714.4438;-2489.303
65558;356.3314;-716.58;-2488.475
65592;356.4574;-715.6779;-2488.408
65626;356.7986;-716.7897;-2489.256
65659;356.8725;-716.7439;-2489.562
65693;357.1757;-717.1849;-2489.806
65727;363.7844;-679.3939;-2500.55
65774;358.9161;-656.2451;-2502.742
65783;359.0617;-656.1683;-2502.736
65818;358.8346;-733.7285;-2496.225
65850;358.8285;-732.075;-2496.072
65884;358.7974;-731.9256;-2496.09
65918;362.8536;-655.4966;-2505.818
65952;362.7446;-655.4821;-2505.688
65985;358.5516;-728.365;-2494.736
66019;358.6852;-728.1832;-2494.747
66052;358.6855;-728.1812;-2494.738
66086;358.8005;-728.6297;-2494.427
66121;356.8909;-643.0231;-2501.917
66154;358.3724;-731.2876;-2491.424
66187;358.8851;-730.9437;-2492.212
66212;356.9328;-650.3007;-2499.229
66255;361.3964;-721.3519;-2494.554
66281;363.8644;-656.447;-2502.164
66330;360.2817;-724.2929;-2495.228
66347;359.8122;-724.7725;-2494.394
66398;359.6499;-681.1208;-2499.373
66432;360.6317;-664.2112;-2501.988
66451;360.3402;-728.2131;-2496.139
66484;357.9569;-654.1611;-2503.975
66517;358.6225;-732.9905;-2490.683
66551;362.5806;-680.4518;-2496.057
66585;362.4292;-680.1692;-2496.202
66619;361.8512;-680.0554;-2496.17
66653;361.571;-679.4941;-2496.758
66686;361.0032;-679.7628;-2496.995
66720;361.5181;-677.6375;-2498.088
66754;361.3611;-677.9222;-2498.073
66787;361.2856;-677.8625;-2498.854
66821;361.1858;-677.5424;-2499.46
66855;359.8399;-677.4655;-2498.528
66888;359.7689;-676.3369;-2498.767
66922;355.6879;-731.1177;-2490.214
66956;362.2035;-677.4055;-2502.656
66989;361.4053;-677.2328;-2502.469
67023;359.6689;-675.9564;-2500.987
67057;359.208;-678.5557;-2499.754
67090;352.9886;-740.8682;-2489.66
67124;362.8203;-672.5724;-2498.498
67158;355.6846;-729.7164;-2489.785
67192;356.8654;-681.2845;-2498.005
67225;362.3151;-648.4192;-2502.604
67259;362.3802;-648.2612;-2502.769
67293;362.0671;-660.6569;-2501.95
67326;360.0953;-667.3925;-2499.653
67360;360.5404;-670.4324;-2500.458
67382;357.0707;-723.7016;-2492.708
67421;358.6255;-672.9189;-2497.989
67457;358.9182;-673.3903;-2497.947
67482;367.2799;-657.8952;-2506.217
67514;363.6023;-663.4544;-2504.71
67548;368.0163;-653.9902;-2507.268
67582;364.0686;-663.5635;-2503.123
67615;354.9273;-725.9525;-2489.338
67649;355.4524;-725.8807;-2489.549
67682;356.1501;-727.1177;-2489.722
67716;356.2456;-727.8862;-2490.234
67750;356.604;-727.1152;-2490.17
67800;356.3781;-727.2596;-2489.51
67817;358.7407;-677.4363;-2500.378
67868;357.3041;-710.853;-2493.332
67901;356.9009;-713.8319;-2492.142
67919;357.3204;-717.956;-2490.949
67952;357.3172;-690.5311;-2493.334
67986;357.8919;-688.0043;-2494.483
68019;366.8722;-650.4221;-2503.527
68070;355.8788;-732.8452;-2489.339
68087;356.6649;-730.2462;-2489.405
68121;357.4219;-726.9514;-2489.516
68154;357.9146;-723.4524;-2489.882
68188;358.2515;-722.3387;-2490.111
68221;358.4238;-722.0386;-2490.494
68255;357.8665;-723.147;-2489.827
68290;357.5385;-723.9914;-2489.54
68306;357.8964;-723.1487;-2489.929
68348;357.9142;-723.1218;-2489.95
68381;357.8942;-723.2028;-2490.069
68425;357.8972;-723.1883;-2490.091
68456;357.9718;-722.7048;-2490.141
68493;357.97;-722.712;-2490.166
68524;358.0092;-722.8754;-2490.163
68568;358.139;-722.5819;-2490.044
68581;357.8544;-723.1884;-2489.792
68630;357.862;-723.2933;-2489.824
68647;357.8956;-723.3961;-2489.864
68681;357.742;-723.8954;-2489.781
68731;357.6413;-724.1373;-2489.773
68748;357.7933;-724.4236;-2489.967
68782;357.8972;-724.7685;-2490.131
68815;357.0451;-727.5763;-2489.172
68849;357.3271;-728.522;-2489.267
68883;361.413;-678.3882;-2495.664
68916;357.2775;-732.3248;-2492.088
68950;357.5116;-729.7957;-2491.703
68984;357.4828;-729.7682;-2491.726
69018;361.2508;-678.6525;-2497.873
69068;370.5543;-657.3229;-2507.319
69102;355.0155;-729.7034;-2489.149
69122;355.0826;-729.5691;-2489.583
69155;355.2309;-729.4796;-2489.919
69189;355.6717;-728.0645;-2490.413
69223;355.9214;-728.4481;-2490.749
69256;356.7589;-728.2748;-2491.936
69290;356.907;-728.9351;-2492.241
69324;356.9465;-729.3903;-2491.985
69357;367.387;-669.5614;-2507.889
69391;356.916;-736.9058;-2494.858
69425;356.941;-736.9877;-2494.839
69459;356.6934;-737.3262;-2494.942
69492;356.5989;-736.7518;-2494.946
69527;356.9455;-735.2325;-2495.914
69551;356.8914;-735.2807;-2495.798
69587;354.1386;-656.7986;-2503.162
69616;357.3026;-655.78;-2506.377
69647;358.6814;-661.4219;-2505.773
69680;358.6234;-661.455;-2505.746
69714;360.2336;-662.8796;-2506.393
69748;359.2718;-665.8781;-2504.886
69781;366.9642;-650.8453;-2510.624
69815;365.621;-666.8723;-2510.123
69849;370.4943;-645.2199;-2515.502
69882;370.7306;-645.4404;-2515.377
69916;355.2227;-736.0909;-2498.068
69967;360.9904;-678.1535;-2502.848
69984;360.6933;-677.8312;-2502.927
70017;368.7836;-651.4543;-2511.746
70051;361.8282;-666.7029;-2505.519
70085;359.2271;-673.7014;-2501.769
70118;359.3592;-673.7366;-2501.764
70152;366.4141;-657.4612;-2506.597
70186;365.9453;-659.8295;-2506.206
70219;367.2433;-656.3024;-2507.181
70253;361.619;-665.7252;-2504.854
70287;361.0189;-668.3954;-2504.515
70321;359.7132;-670.3219;-2503.15
70354;359.4966;-671.7504;-2503.426
70388;364.0041;-657.8408;-2507.154
70422;356.3472;-733.2271;-2493.532
70455;360.7184;-665.6768;-2504.483
70489;361.6266;-669.6208;-2509.857
70524;360.8877;-709.1426;-2505.009
70559;362.1807;-683.2001;-2504.861
70593;362.5078;-680.8875;-2505.711
70627;362.0894;-679.1036;-2506.105
70661;360.509;-677.85;-2506.305
70686;360.2997;-677.7119;-2506.488
70720;352.2876;-737.422;-2500.919
70778;354.8236;-675.5056;-2508.215
70791;355.4925;-674.4605;-2509.086
70825;355.596;-674.4903;-2508.754
70860;355.8139;-674.8051;-2508.585
70893;355.8766;-675.1302;-2508.398
70927;355.2278;-673.1078;-2507.96
70961;355.202;-672.8221;-2507.93
70994;355.772;-672.2312;-2509.382
71028;355.786;-672.1815;-2509.38
71062;355.6233;-674.127;-2508.453
71095;355.6728;-673.8578;-2508.884
71129;355.6644;-673.8542;-2508.876
71146;355.6323;-673.7884;-2508.693
71196;355.819;-675.0145;-2508.821
71231;356.2919;-674.8695;-2509.071
71264;356.3487;-674.63;-2509.083
71297;356.3694;-674.6466;-2509.511
71331;356.5563;-674.3942;-2510.53
71365;356.7063;-675.6318;-2510.841
71401;356.3414;-674.9109;-2510.768
71422;356.0818;-674.3157;-2510.817
71466;355.9538;-674.1177;-2510.81
71500;355.7563;-674.2881;-2510.885
71534;377.6536;-629.697;-2524.346
71552;356.261;-673.4205;-2514.922
71584;356.3033;-673.8079;-2514.701
71630;356.1336;-673.1454;-2514.828
71669;356.21;-673.0151;-2514.502
71686;356.2361;-672.898;-2514.846
71720;356.243;-672.8621;-2514.419
71753;356.0377;-673.4292;-2513.267
71787;356.0614;-673.1637;-2512.855
71821;356.1938;-673.4045;-2513.029
71871;356.223;-673.3271;-2512.789
71905;356.2536;-673.3409;-2512.83
71939;356.0766;-673.8624;-2512.817
71972;356.1246;-673.0104;-2512.591
72006;356.354;-673.6635;-2513.051
72023;356.153;-668.1992;-2514.185
72056;355.8384;-668.4592;-2513.718
72090;355.7211;-668.3945;-2513.469
72141;401.8645;-612.8061;-2525.681
72157;357.5303;-673.691;-2514.78
72193;356.7252;-674.5852;-2513.599
72225;356.7385;-674.7737;-2513.043
72259;356.9956;-674.8573;-2512.907
72292;356.9565;-674.3806;-2513.211
72326;396.2938;-612.328;-2520.291
72360;397.9951;-611.1531;-2522.212
72396;398.4319;-611.2126;-2522.916
72435;398.192;-610.5628;-2522.779
72469;398.8148;-610.415;-2523.005
72505;398.7191;-609.8858;-2523.079
72525;398.8901;-609.4858;-2523.473
72560;371.9955;-621.9623;-2518.255
72593;353.9148;-672.2261;-2510.627
72627;356.0037;-673.5703;-2514.884
72661;356.2196;-673.5238;-2515.104
72694;356.2599;-672.8981;-2514.073
72728;356.5573;-673.1716;-2514.841
72762;356.1301;-673.2391;-2513.985
72795;357.7385;-665.6776;-2515.564
72829;356.4825;-668.886;-2509.752
72863;404.2809;-605.7418;-2518.462
72896;404.1193;-605.4609;-2518.51
72930;403.7823;-605.4047;-2519.172
72969;403.6769;-605.688;-2519.48
72997;378.1953;-618.0291;-2511.391
73032;358.6312;-679.4606;-2505.797
73055;356.6104;-666.961;-2509.351
73100;356.5355;-668.8736;-2509.055
73128;356.986;-670.6279;-2509.676
73161;357.018;-670.622;-2509.542
73195;357.133;-671.0253;-2509.078
73216;357.1509;-671.0164;-2509.072
73265;357.2653;-671.1038;-2508.479
73299;354.4286;-727.5338;-2495.853
73339;360.8951;-678.1064;-2502.508
73355;361.002;-678.1497;-2502.627
73393;360.4895;-708.3893;-2499.959
73440;360.2929;-708.5065;-2499.585
73473;359.8795;-710.5987;-2498.792
73507;359.7621;-710.913;-2498.222
73541;369.9249;-624.0115;-2505.061
73557;360.6694;-714.1102;-2495.844
73609;360.5302;-714.2175;-2495.34
73625;360.4339;-715.4882;-2494.455
73676;360.374;-715.793;-2494.421
73693;360.2263;-715.6581;-2493.796
73726;360.2719;-715.5779;-2493.25
73760;360.2927;-715.3663;-2492.858
73793;360.2458;-716.4884;-2491.705
73827;360.3701;-716.4955;-2491.644
73885;360.5322;-716.435;-2491.599
73951;360.5966;-716.6042;-2491.35
73981;360.604;-717.0283;-2491.215
74034;360.6155;-716.9815;-2490.964
74072;361.1339;-716.8926;-2491.228
74102;361.4651;-716.7048;-2491.216
74118;361.5197;-716.6533;-2491.145
74152;362.1789;-717.3362;-2491.156
74186;362.8594;-716.1329;-2491.051
74236;362.8676;-716.2209;-2491.036
74253;363.1461;-715.5613;-2491.002
74287;363.1553;-715.5165;-2490.832
74323;363.026;-715.688;-2490.343
74371;362.9246;-715.1115;-2489.8
74388;363.1407;-715.0598;-2489.906
74422;363.1418;-715.274;-2489.875
74455;363.1502;-715.2041;-2489.79
74489;363.6668;-713.9122;-2489.7
74545;363.7258;-713.9112;-2489.751
74557;364.006;-714.1348;-2490.153
74591;364.1973;-713.9468;-2490.164
74625;364.8439;-713.558;-2490.387
74658;365.1793;-713.3365;-2490.656
74692;365.086;-713.5474;-2490.565
74726;365.1144;-713.6891;-2490.552
74759;365.0032;-713.9237;-2490.468
74793;364.9667;-714.2395;-2490.318
74827;364.9531;-714.2335;-2490.294
74860;364.5837;-714.7236;-2490.099
74894;364.4202;-714.9017;-2490.014
74928;364.3244;-715.0746;-2490.095
74949;364.3818;-715.2585;-2490.059
74997;364.1793;-714.9536;-2490.012
75013;364.0911;-715.0689;-2489.957
75047;363.7982;-715.0624;-2489.903
75098;363.7593;-715.0007;-2489.894
75117;363.5919;-714.9217;-2490.065
75151;363.4548;-715.4625;-2490.056
75201;363.4197;-715.3846;-2490.389
75218;363.2346;-716.3891;-2490.341
75270;362.8603;-716.4825;-2489.7
75286;362.9848;-715.7108;-2490.101
75319;363.0197;-715.6371;-2490.117
75353;363.0998;-715.2164;-2490.788
75387;363.0176;-715.1882;-2490.878
75437;362.8824;-715.6895;-2490.712
75454;362.7367;-716.3745;-2490.611
75488;362.3494;-717.3463;-2490.392
75522;362.3443;-717.2769;-2490.596
75562;362.2533;-717.4182;-2490.747
75606;362.1047;-717.4069;-2490.648
75623;362.0599;-717.3411;-2490.649
75656;361.9807;-717.8511;-2490.332
75690;361.956;-717.7755;-2490.297
75724;362.0548;-718.2502;-2490.495
75757;361.9662;-718.3984;-2490.503
75791;361.9424;-718.5748;-2490.494
75825;361.7703;-717.9832;-2490.604
75859;361.7309;-718.0078;-2490.543
75893;361.5734;-718.3378;-2490.207
75926;361.3528;-718.7563;-2489.894
75960;361.2473;-718.8782;-2489.944
75994;361.1736;-718.0919;-2490.043
76027;360.4401;-720.3359;-2489.976
76061;360.4708;-658.0173;-2499.287
76095;360.5618;-657.8088;-2499.469
76129;362.6732;-669.5497;-2499.297
76162;363.4639;-671.0557;-2500.505
76213;362.6639;-666.8453;-2501.727
76230;357.7824;-736.8408;-2499.907
76263;359.6949;-677.4468;-2507.906
76297;360.0465;-677.3536;-2508.77
76332;360.1144;-677.9172;-2509.444
76365;360.0068;-677.7994;-2510.116
76399;359.744;-680.149;-2510.678
76433;359.937;-680.504;-2513.291
76468;357.897;-744.1239;-2514.963
76489;358.4733;-741.4725;-2516.344
76541;357.714;-742.4518;-2517.854
76564;358.3056;-748.8904;-2521.4
76596;358.3525;-750.1967;-2521.561
76630;357.8026;-753.6711;-2522.045
76664;358.3096;-755.2521;-2522.441
76697;362.0554;-747.4352;-2526.111
76731;364.6985;-742.347;-2530.097
76765;370.131;-742.1106;-2537.576
76783;375.1593;-745.4647;-2547.903
76832;380.5268;-746.6234;-2559.54
76851;383.1201;-664.7433;-2589.528
76883;383.7397;-665.0636;-2591.162
76934;387.5952;-674.1072;-2593.694
76958;386.5512;-667.4277;-2595.145
76996;399.1319;-663.3377;-2601.489
77026;405.526;-661.0573;-2603.726
77059;413.1911;-667.2222;-2606.984
77093;417.8781;-673.8099;-2606.394
77127;426.3318;-671.7013;-2610.591
77161;432.3671;-685.5782;-2611.759
77194;438.1684;-695.0306;-2613.719
77228;431.8685;-748.0528;-2603.122
77279;431.9141;-748.0829;-2603.051
77297;431.9454;-753.6099;-2600.338
77321;440.0273;-763.5291;-2602.005
77367;441.8463;-758.1132;-2602.034
77401;439.2737;-753.9952;-2595.975
77434;430.7067;-734.3904;-2583.161
77468;462.8983;-775.282;-2598.563
77502;466.9546;-775.9732;-2601.907
77535;468.8784;-775.8392;-2603.921
77569;471.9623;-768.4302;-2606.102
77586;467.9005;-771.5494;-2602.08
77636;473.4117;-771.4611;-2606.864
77670;473.7115;-774.4347;-2606.68
77704;472.3546;-781.6266;-2601.143
77737;473.0006;-781.389;-2601.054
77757;474.2589;-781.8853;-2600.629
77809;479.1152;-783.9365;-2600.335
77824;482.7214;-786.212;-2600.228
77858;485.6567;-785.7188;-2601.945
77892;489.4779;-789.3189;-2606.947
77925;511.9708;-746.4285;-2632.971
77959;512.9123;-746.4276;-2634.555
78010;523.4235;-748.7181;-2644.004
78045;524.9147;-748.3549;-2645.644
78061;529.1996;-811.9244;-2647.289
78094;531.2744;-813.632;-2648.799
78129;531.9537;-814.3076;-2649.156
78162;547.6612;-748.2123;-2651.92
78195;550.2967;-750.2112;-2653.448
78229;554.7175;-740.3208;-2654.68
78263;578.7626;-748.3775;-2665.833
78281;586.7897;-646.2003;-2672.471
78334;607.0416;-632.3392;-2693.142
78368;611.9246;-631.2845;-2699.507
78388;623.4321;-740.1924;-2680.496
78418;631.0305;-744.1958;-2681.198
78452;627.4355;-725.7802;-2676.575
78486;610.3467;-693.5067;-2675.038
78536;621.3671;-698.2951;-2672.474
78570;629.4428;-695.8243;-2661.989
78604;633.9179;-693.6691;-2658.615
78637;635.7222;-675.1564;-2662.554
78671;535.501;-611.6692;-2523.084
78705;537.6348;-610.8051;-2523.398
78745;540.5963;-610.2508;-2523.493
78770;544.0661;-608.3288;-2523.979
78786;553.1412;-607.281;-2519.792
78820;559.3751;-599.1249;-2516.157
78876;562.8041;-595.9747;-2514.881
78889;567.0179;-592.8031;-2514.308
78924;568.692;-592.9429;-2515.189
78974;575.5755;-611.1653;-2514.423
78990;578.2498;-614.1422;-2516.564
79024;591.729;-621.7628;-2516.35
79075;591.407;-623.8051;-2522.035
79091;592.4655;-622.8453;-2528.121
79125;589.7148;-635.9911;-2554.422
79159;527.2834;-639.1359;-2684.375
79193;583.6581;-742.5309;-2762.585
79243;594.788;-754.7453;-2775.344
79260;598.5374;-756.2882;-2778.615
79293;620.6525;-759.7052;-2774.991
79329;626.0606;-762.7958;-2780.748
79364;644.9844;-704.7975;-2759.652
79405;661.0732;-708.8524;-2750.617
79439;663.5474;-710.8149;-2750.893
79455;672.9766;-722.601;-2746.838
79489;685.7736;-727.2524;-2764.181
79523;687.5843;-714.5148;-2767.281
79557;702.3631;-715.6131;-2758.575
79591;720.8106;-753.1628;-2750.664
79624;751.7784;-728.1638;-2719.306
79658;790.4221;-761.2932;-2703.619
79708;716.4755;-772.3583;-2813.863
79745;830.28;-742.3772;-2699.998
79778;838.4664;-741.9596;-2694.206
79793;838.3164;-740.9847;-2694.407
79826;818.064;-777.7498;-2714.616
79860;898.9388;-813.965;-2603.964
79894;899.6238;-815.2681;-2603.825
79927;883.4604;-833.5399;-2670.149
79961;819.2309;-779.5804;-2754.703
79995;819.6414;-750.9938;-2757.833
80028;815.9171;-781.299;-2830.194
80062;794.4575;-864.2655;-2832.635
80096;822.039;-823.0043;-2855.24
80130;821.6613;-843.3134;-2874.469
80152;816.4068;-801.9311;-2876.064
80197;815.5394;-801.6451;-2880.464
80231;791.5002;-735.953;-2880.736
80270;854.8798;-814.6213;-2898.564
80298;835.9813;-831.0925;-2914.123
80332;858.0417;-836.5723;-2930.052
80352;857.6893;-841.1894;-2933.194
80399;858.1766;-851.1406;-2938.009
80433;864.1547;-857.7819;-2932.014
80467;870.0794;-866.1979;-2931.796
80500;874.6733;-865.8992;-2938.104
80534;884.3442;-859.1183;-2943.267
80568;896.7592;-862.7665;-2942.356
80605;902.6971;-848.5087;-2948.39
80628;904.3207;-842.7908;-2956.992
80679;908.399;-838.625;-2966.448
80696;905.3472;-809.4667;-2973.505
80746;915.4355;-835.5067;-2974.961
80763;917.3899;-829.3306;-2981.475
80797;914.5988;-809.699;-2990.815
80831;999.1709;-827.8242;-2909.768
80864;923.7583;-807.2158;-3006.925
80898;929.5565;-811.5201;-3006.439
80932;932.0701;-818.2546;-3012.11
80965;934.545;-823.5854;-3013.599
80999;1013.128;-812.426;-2944.509
81033;954.0909;-833.8875;-3036.058
81067;956.0571;-802.1768;-3040.529
81100;963.1548;-828.0813;-3047.801
81134;969.2832;-838.1543;-3054.943
81168;975.3672;-833.1354;-3062.954
81202;994.6219;-830.0281;-3066.042
81218;992.3196;-831.3693;-3092.244
81269;1063.714;-809.4395;-2921.205
81302;1062.286;-803.2859;-2922.555
81320;1070.58;-819.6509;-2925.337
81353;1076.619;-811.2223;-2927.559
81387;1078.37;-811.5712;-2947.303
81420;1076.873;-814.0181;-2964.887
81454;1089.571;-801.0389;-2978.473
81505;1081.701;-787.8672;-2994.712
81538;1083.02;-783.8195;-3003.992
81573;1092.936;-814.0105;-3021.563
81589;1102.403;-823.4824;-3035.2
81623;1104.984;-820.4143;-3046.137
81656;1109.454;-818.3052;-3055.499
81690;1119.643;-821.1291;-3071.277
81724;1135.361;-821.2021;-3078.199
81757;1137.203;-821.6455;-3083.828
81791;1137.695;-829.0265;-3098.897
81825;1142.372;-849.9796;-3117.995
81858;1139.303;-835.2006;-3123.364
81892;1142.455;-829.6779;-3136.165
81926;1157.474;-855.8986;-3135.857
81960;1153.766;-843.5601;-3148.665
81993;1164.221;-851.9053;-3156.605
82027;1170.142;-841.3924;-3160.489
82061;1177.365;-832.1146;-3165.084
82094;1180.692;-836.1232;-3167.432
82128;1193.43;-855.4898;-3169.927
82162;1200.061;-849.6196;-3174.934
82195;1206.47;-846.2083;-3177.78
82229;1214.009;-847.6538;-3178.793
82263;1219.98;-846.3;-3180.164
82296;1223.513;-844.313;-3191.998
82330;1223.834;-856.8411;-3203.529
82364;1223.315;-853.4763;-3212.567
82398;1251.792;-829.6506;-3162.885
82432;1261.206;-826.5828;-3162.96
82465;1251.28;-845.6739;-3218.681
82499;1273.358;-828.9922;-3174.3
82533;1266.882;-798.2478;-3187.215
82567;1270.886;-815.6191;-3198.045
82600;1249.748;-848.1888;-3298.832
82634;1251.207;-851.9894;-3302.291
82669;1302.244;-824.6669;-3246.418
82703;1263.66;-854.5281;-3341.18
82737;1311.904;-846.4939;-3272.736
82771;1305.571;-854.7005;-3286.369
82838;1329.634;-867.5806;-3312.899
82906;1352.557;-865.5487;-3333.804
82940;1328.436;-884.5623;-3385.934
82973;1347.249;-881.3998;-3390.436
83007;1350.058;-881.7508;-3395.088
83041;1353.32;-881.3344;-3405.061
83074;1355.667;-877.9456;-3413.496
83108;1367.294;-884.3207;-3417.522
83142;1373.23;-870.3961;-3422.614
83176;1376.13;-872.7697;-3423.153
83192;1394.89;-909.1481;-3421.184
83226;1396.192;-906.7207;-3426.747
83260;1404.507;-898.7733;-3431.442
83293;1408.569;-898.7944;-3434.622
83327;1411.509;-899.6848;-3437.634
83361;1413.554;-904.7606;-3454.329
83395;1414.182;-894.7916;-3459.925
83462;1418.52;-893.9172;-3466.711
83496;1421.52;-893.8228;-3469.318
83529;1405.47;-897.9164;-3518.384
83546;1406.522;-896.9913;-3559.814
83580;1443.362;-891.9424;-3490.969
83597;1440.382;-882.7849;-3494.834
83630;1442.532;-889.9641;-3494.631
83664;1441.031;-887.2095;-3496.256
83698;1459.923;-876.8018;-3475.76
83731;1451.008;-906.9313;-3510.347
83765;1451.37;-903.7724;-3518.13
83799;1453.505;-898.7892;-3543.617
83833;1453.939;-897.3777;-3545.426
83866;1461.407;-898.798;-3557.588
83900;1464.345;-901.8052;-3571.146
83934;1470.665;-897.4791;-3581.376
83967;1478.69;-908.1528;-3587.814
84001;1487.502;-907.7875;-3591.404
84035;1487.807;-909.3454;-3601.491
84068;1512.088;-891.1966;-3585.964
84102;1521.42;-898.7214;-3583.911
84136;1522.505;-883.1452;-3589.683
84154;1531.25;-882.0649;-3595.327
84186;1543.876;-892.2869;-3607.615
84237;1555.528;-894.9149;-3615.555
84271;1557.866;-896.6515;-3617.518
84288;1559.507;-896.4301;-3627.992
84322;1565.574;-898.7168;-3630.759
84355;1571.239;-911.5895;-3632.916
84389;1574.523;-928.3773;-3650.626
84422;1577.328;-929.1276;-3657.833
84456;1586.407;-928.0256;-3652.54
84490;1585.127;-930.5248;-3668.857
84523;1597.746;-924.6265;-3660.021
84557;1597.202;-930.6027;-3687.191
84608;1599.575;-926.593;-3688.334
84624;1644.963;-894.0275;-3613.735
84658;1652.109;-915.0054;-3610.246
84692;1653.015;-918.4402;-3611.579
84726;1631.854;-974.4532;-3674.602
84759;1641.618;-923.2783;-3663.697
84793;1655.088;-915.0933;-3646.755
84827;1651.23;-910.9822;-3671.63
84860;1655.861;-900.9001;-3667.942
84894;1645.341;-933.4479;-3735.948
84928;1672.06;-903.1188;-3692.711
84961;1666.24;-918.7475;-3784.745
84995;1665.534;-918.5147;-3781.775
85029;1673.752;-935.6473;-3785.986
85062;1679.265;-937.3039;-3817.999
85096;1692.952;-958.3953;-3822.505
85130;1717.326;-967.4394;-3821.086
85164;1722.071;-996.2543;-3821.443
85197;1731.488;-993.3665;-3823.38
85231;1794.345;-967.4602;-3789.94
85265;1796.664;-978.7979;-3785.743
85298;1816.98;-1006.297;-3784.859
85332;1818.076;-1008.433;-3786.685
85366;1832.447;-1013.523;-3808.369
85399;1850.43;-1003.18;-3802.802
85434;1861.455;-965.8785;-3810.107
85454;1861.385;-1021.941;-3808.629
85488;1861.51;-1022.683;-3809.92
85521;1861.663;-996.7681;-3809.006
85572;1862.387;-995.1438;-3809.742
85589;1863.92;-990.8066;-3825.169
85622;1864.755;-991.8645;-3825.695
85656;1869.05;-984.4106;-3843.672
85706;1870.791;-992.3525;-3838.518
85724;1869.835;-1031.237;-3857.46
85757;1870.543;-1025.723;-3874.841
85791;1873.753;-1000.924;-3866.048
85824;1889.194;-989.8552;-3813.879
85858;1879.819;-1027.357;-3890.162
85892;1881.262;-1011.022;-3869.98
85926;1884.423;-1014.071;-3868.709
85976;1887.456;-1015.995;-3867.383
85993;1911.517;-1058.709;-3859.485
86027;1899.732;-1024.169;-3840.771
86060;1904.567;-1029.307;-3876.893
86094;1907.358;-1037.49;-3883.772
86128;1942.68;-1026.65;-3847.427
86162;1930.697;-1069.753;-3907.466
86195;1933.214;-1087.984;-3904.517
86229;1935.079;-1095.982;-3904.799
86262;1931.379;-1109.204;-3992.602
86297;1935.793;-1134.261;-3989.002
86330;1959.835;-1117.104;-4000.253
86364;1979.74;-1131.768;-4014.994
86397;1998.995;-1155.827;-4010.47
86431;2019.841;-1136.288;-4032.118
86465;2039.342;-1240.279;-4041.556
86484;2042.171;-1236.66;-4029.681
86532;2048.552;-1123.41;-4060.966
86566;2075.621;-1073.199;-4055.243
86583;2098.158;-1088.414;-3977.809
86633;2103.65;-1096.276;-3978.787
86650;2114.358;-1096.57;-3990.216
86701;2102.017;-1147.998;-3959.309
86734;2110.117;-1149.472;-3967.742
86751;2107.691;-1156.7;-3967.307
86802;2111.981;-1157.07;-3972.152
86835;2097.619;-1340.412;-3997.91
86852;2090.96;-1364.405;-3995.74
86886;2103.521;-1370.345;-4000.197
86936;2118.775;-1319.026;-4004.417
86970;2113.533;-1409.58;-4011.063
87004;2114.534;-1348.174;-4011.321
87037;2150.513;-1385.781;-4014.214
87071;2155.121;-1416.337;-4008.266
87122;128.0826;-630.2911;-2592.249
87155;136.6031;-625.9459;-2579.772
87189;185.7566;-613.6496;-2563.696
87223;194.9725;-607.9641;-2545.667
87246;277.2178;-628.1505;-2548.274
87295;295.2021;-633.0975;-2521.846
87328;318.1771;-631.5228;-2470.499
87362;340.2533;-635.3212;-2420.884
87395;343.8958;-631.1799;-2371.7
87429;344.4296;-626.9846;-2321.878
87465;348.7238;-597.5368;-2273.249
87496;347.8224;-613.4144;-2238.459
87530;348.4271;-605.9789;-2188.109
87565;349.1002;-588.495;-2154.586
87598;348.2831;-576.0156;-2128.412
87615;348.3466;-567.6026;-2107.626
87648;354.4047;-554.9176;-2065.206
87682;350.6577;-557.0025;-2027.307
87715;350.3975;-551.1124;-1999.611
87749;350.879;-550.6895;-1987.59
87784;351.832;-551.4908;-1980.537
87823;351.2813;-551.0421;-1977.667
87857;350.7773;-551.3026;-1975.332
87891;348.7702;-547.7319;-1970.412
87925;344.4599;-536.6366;-1962.374
87958;343.9781;-534.5742;-1958.384
87992;341.4924;-535.1657;-1954.18
88026;338.3164;-534.2009;-1949.936
88059;335.5909;-531.6425;-1946.615
88093;331.2171;-527.8083;-1943.161
88127;330.2741;-527.6017;-1941.845
88160;326.6891;-521.7316;-1939.962
88194;324.2169;-521.5707;-1939.182
88228;317.2162;-516.7262;-1937.879
88261;301.3465;-508.2848;-1941.205
88295;296.6385;-505.7851;-1943.268
88329;289.4304;-503.629;-1947.93
88363;285.9905;-508.082;-1953.764
88396;283.9872;-512.1667;-1962.227
88430;281.8366;-516.9411;-1973.971
88464;280.6835;-520.1995;-1985.441
88497;280.6503;-525.4155;-1995.769
88531;281.7587;-525.8762;-2002.387
88565;283.4258;-529.0087;-2009.054
88590;287.0215;-520.1382;-2017.198
88627;290.595;-520.8382;-2023.682
88661;298.8654;-523.9595;-2031.268
88682;304.7344;-521.9537;-2037.154
88733;315.7764;-523.3685;-2045.172
88781;323.806;-523.1556;-2051.825
88794;332.8345;-526.0489;-2059.93
88828;345.9803;-526.3729;-2067.015
88862;361.8076;-527.4772;-2074.595
88895;380.8405;-531.7114;-2082.549
88929;392.3745;-531.6754;-2088.068
88963;403.303;-529.3801;-2092.892
88996;418.2921;-529.4206;-2099.75
89030;435.5984;-526.4634;-2107.429
89064;448.8076;-522.6389;-2114.364
89098;460.9597;-521.3232;-2122.957
89123;467.0897;-519.4542;-2129.189
89156;472.3045;-517.9742;-2135.408
89190;477.0263;-516.7714;-2141.9
89224;481.6847;-514.47;-2148.21
89257;484.2626;-513.8198;-2152.99
89308;487.2525;-514.8447;-2157.601
89325;491.2809;-515.6489;-2163.073
89375;493.8167;-517.8094;-2166.784
89409;496.5228;-519.0461;-2168.783
89429;500.5883;-520.0992;-2170.991
89463;503.3736;-520.411;-2171.982
89497;504.7063;-520.869;-2172.385
89530;506.2863;-520.9142;-2172.563
89564;507.0816;-520.9767;-2172.493
89598;509.1687;-521.364;-2172.503
89632;509.9911;-521.7571;-2172.139
89665;511.8026;-522.2142;-2170.842
89699;514.0772;-522.3484;-2168.632
89733;515.973;-522.5087;-2166.278
89749;517.9786;-522.742;-2163.023
89800;521.7479;-547.4951;-2155.684
89822;522.0216;-553.0659;-2151.445
89851;524.5774;-559.6352;-2143.996
89909;526.279;-563.6485;-2132.8
89923;536.1511;-559.2772;-2115.227
89964;555.9039;-556.8465;-2098.896
89996;575.0289;-562.8004;-2083.337
90030;586.2496;-563.9232;-2071.762
90064;601.7628;-534.0663;-2046.089
90098;612.4322;-532.1227;-2038.676
90131;623.0974;-516.2915;-2025.396
90165;628.3817;-508.8867;-2018.686
90199;633.4288;-502.3045;-2013.414
90232;643.9425;-495.64;-2010.807
90266;656.8652;-487.6732;-2009.828
90300;666.2072;-483.8459;-2009.476
90334;676.777;-479.3409;-2010.821
90367;683.375;-478.152;-2011.983
90385;692.325;-479.9357;-2015.721
90435;700.1344;-477.118;-2020.625
90468;707.6539;-475.5217;-2026.547
90485;713.3859;-476.3326;-2031.714
90536;720.4042;-475.908;-2037.56
90553;724.4092;-478.1158;-2040.644
90594;729.4711;-479.4269;-2042.993
90627;734.8184;-477.4385;-2045.265
90661;738.7509;-480.405;-2047.385
90695;743.3511;-482.2786;-2049.344
90728;746.3948;-479.4421;-2050.984
90762;748.324;-481.0922;-2052.448
90796;750.1004;-480.0591;-2054.21
90817;751.812;-481.2701;-2056.436
90863;754.2771;-481.3928;-2059.209
90897;755.5461;-481.4455;-2061.391
90931;757.692;-484.2946;-2065.402
90964;758.2849;-487.0787;-2068.459
90989;758.383;-488.4189;-2071.423
91021;758.3599;-488.2022;-2074.21
91057;757.2289;-487.0879;-2077.326
91089;756.2328;-485.0927;-2080.917
91122;755.2951;-485.272;-2083.461
91173;754.6924;-484.7366;-2086.748
91207;753.4968;-483.8665;-2090.143
91241;751.9985;-481.8938;-2094.49
91257;749.8679;-479.9927;-2097.944
91291;747.1192;-478.6242;-2101.687
91325;743.965;-477.4829;-2105.601
91358;739.819;-476.7759;-2109.519
91392;732.9966;-477.5832;-2114.56
91443;721.5677;-475.4417;-2120.137
