
1;-771.3661;270.3156;-2214.268
13;-767.658;271.4039;-2204.301
46;-766.9854;274.1847;-2198.659
81;-766.5322;273.5595;-2191.982
111;-766.0211;271.2286;-2184.19
148;-765.6263;268.7359;-2178.549
182;-763.3392;266.6623;-2175.201
215;-760.7509;264.3365;-2172.462
249;-755.1656;259.2369;-2170.375
267;-754.0103;258.5497;-2169.64
316;-753.3926;256.6087;-2169.028
350;-753.6457;255.3806;-2168.55
384;-754.1306;254.7689;-2168.741
418;-754.947;254.3793;-2169.283
434;-756.5574;252.1188;-2170.688
468;-758.8216;248.6617;-2174.049
502;-760.1555;241.3477;-2177.176
552;-762.0566;233.6466;-2182.232
570;-764.34;222.0036;-2185.842
603;-764.4846;211.0053;-2188.561
637;-763.9508;198.0159;-2190.664
670;-762.5767;183.9106;-2193.935
704;-761.326;178.2242;-2195.986
750;-759.3484;175.5241;-2197.287
778;-758.4607;173.9676;-2198.153
812;-756.565;168.2721;-2198.899
846;-741.8702;157.0196;-2198.302
879;-732.8817;167.8163;-2197.377
913;-731.1763;168.7524;-2196.142
947;-723.8903;172.6422;-2193.081
980;-707.4977;181.3788;-2184.564
1014;-695.7316;183.1831;-2176.869
1048;-675.0098;183.4422;-2164.176
1082;-645.2265;185.9922;-2143.637
1115;-622.0209;184.1757;-2125.206
1149;-591.6753;179.7037;-2103.309
1183;-560.0929;176.9249;-2078.191
1216;-539.3297;182.1933;-2063.0
1250;-505.2997;185.9115;-2035.379
1284;-478.1205;191.2493;-2014.117
1317;-447.0488;197.1347;-1989.754
1351;-430.4218;201.5469;-1975.612
1385;-398.4134;215.7078;-1947.83
1419;-384.1996;217.082;-1933.308
1470;-366.9881;221.5172;-1913.769
1479;-344.6458;226.0823;-1886.384
1513;-330.4899;228.4552;-1865.516
1566;-314.5742;234.349;-1840.609
1582;-302.9841;237.0566;-1816.815
1616;-292.5041;238.5063;-1788.88
1649;-280.7943;238.4015;-1758.639
1708;-260.1923;231.9028;-1691.412
1742;-254.2259;227.3073;-1656.81
1776;-248.9447;223.4718;-1617.329
1827;-247.096;220.9338;-1584.408
1843;-242.1851;220.1121;-1540.022
1876;-239.3083;221.3823;-1506.578
1944;-240.4919;223.453;-1470.226
1972;-234.6097;222.0393;-1433.985
1999;-229.2267;222.8127;-1403.516
2016;-223.168;228.7718;-1373.277
2067;-217.5013;234.1676;-1346.364
2083;-210.5366;237.1327;-1318.259
2100;-200.7971;240.626;-1288.999
2151;-193.7324;238.1162;-1261.058
2184;-186.9969;234.2119;-1233.333
2218;-183.1169;230.4586;-1209.728
2252;-174.5392;224.046;-1183.492
2286;-165.8212;220.0842;-1160.208
2319;-155.1546;214.4531;-1133.648
2353;-136.7375;224.5653;-1111.202
2393;-109.9112;231.2425;-1082.682
2420;-89.14109;242.3506;-1059.091
2454;-69.5053;253.4954;-1033.239
2488;-47.25694;263.937;-1007.909
2521;-30.99712;280.4028;-989.2189
2538;2.657642;217.1301;-935.8968
2572;31.27043;110.1978;-893.8114
2606;80.17818;165.3112;-892.9295
2639;89.67019;162.2808;-875.0979
2673;341.1512;-21.75871;-871.2086
2707;341.1512;-21.75871;-871.2086
6182;-423.6417;-89.06496;-2884.387
6216;-424.1145;-89.34654;-2883.984
6238;-425.6479;-89.19787;-2884.457
6284;-425.4091;-88.34448;-2882.424
6317;-426.2076;-85.3094;-2880.774
6352;-431.5411;-83.62947;-2884.034
6385;-422.6843;-67.62881;-2876.318
6418;-424.2885;-66.45052;-2875.222
6441;-426.4539;-66.2206;-2873.381
6502;-426.6982;-62.4129;-2866.497
6534;-424.3794;-59.85863;-2860.385
6551;-424.1758;-28.89863;-2877.781
6584;-425.2717;-30.71836;-2875.314
6618;-428.8703;-35.30304;-2872.15
6652;-429.9833;-35.38474;-2871.464
6685;-447.2828;-28.96725;-2883.614
6719;-305.1516;-406.2295;-2769.894
6754;-306.989;-415.6586;-2768.897
6771;-306.7442;-415.9219;-2768.388
6822;-306.7861;-416.4478;-2768.094
6855;-311.1169;-421.2089;-2769.658
6889;-309.7491;-429.4807;-2768.734
6923;-315.4969;-431.8597;-2770.019
6957;-312.4593;-433.7405;-2768.32
6973;-309.9835;-436.5797;-2765.384
7025;-307.6974;-437.2607;-2763.952
7043;-307.212;-437.8607;-2762.967
7065;-333.7832;-502.6281;-2748.532
7110;-295.8366;-435.4788;-2757.467
7144;-349.1109;-496.253;-2762.283
7178;-291.6118;-475.6887;-2744.356
7211;-290.4398;-477.2053;-2743.507
7245;-295.8228;-481.7057;-2743.466
7279;-306.9805;-493.456;-2744.923
7312;-306.7347;-488.8988;-2746.293
7346;-347.703;-465.2736;-2771.803
7380;-347.9011;-464.7054;-2771.946
7414;-347.5136;-462.6985;-2773.1
7447;-348.3928;-453.3404;-2776.897
7481;-468.2759;-36.54225;-2833.052
7533;-304.8023;-470.967;-2747.269
7548;-366.7274;-271.4772;-2798.729
7582;-407.514;-275.9232;-2816.961
7616;-406.751;-328.3757;-2795.023
7650;-398.8425;-278.0621;-2805.733
7683;-393.9375;-288.8394;-2805.75
7717;-393.0251;-280.9965;-2808.13
7751;-389.4095;-278.3802;-2808.536
7784;-380.4456;-274.4475;-2806.821
7818;-219.4101;-256.553;-2715.07
7852;-219.3862;-256.4555;-2714.939
7885;-207.6034;-320.8805;-2719.307
7919;-224.5948;-148.8269;-2742.159
7942;-214.3762;-140.9637;-2737.498
7987;-212.4767;-140.8836;-2737.823
8022;-209.3099;-141.8198;-2737.999
8040;-200.1679;-142.6738;-2736.364
8089;-189.8918;-144.6104;-2732.962
8106;-178.6937;-144.583;-2729.986
8156;-172.5002;-143.8779;-2727.912
8173;-159.0222;-147.5998;-2722.789
8224;-148.4276;-149.0276;-2720.06
8241;-142.8774;-150.1736;-2718.716
8274;-140.0219;-151.0903;-2717.763
8308;-136.3241;-152.9206;-2716.027
8342;-116.8268;-160.011;-2709.772
8377;-117.7461;-159.4687;-2709.874
8409;-118.7271;-158.5669;-2709.781
8443;-120.5406;-157.7984;-2709.52
8477;-122.7958;-156.4316;-2709.444
8510;-138.6814;-131.6907;-2709.005
8544;-139.2634;-130.6991;-2708.931
8578;-138.2901;-127.9267;-2708.547
8628;-137.7153;-126.2786;-2707.808
8645;-139.1004;-126.2541;-2707.686
8679;-139.8035;-126.5303;-2707.423
8712;-139.6613;-126.7221;-2707.196
8746;-139.6196;-126.7701;-2707.138
8780;-138.5711;-125.3208;-2707.547
8813;-136.2083;-123.0818;-2707.736
8847;-135.4355;-124.0109;-2707.414
8881;-120.6478;-122.4715;-2705.65
8915;-114.2857;-121.9188;-2705.098
8948;-104.3675;-120.2795;-2705.221
8982;-99.1772;-119.73;-2705.79
9016;-88.15977;-118.7839;-2705.355
9049;-35.85053;-99.62933;-2699.619
9083;-31.34591;-99.0957;-2698.136
9100;-16.40005;-95.53359;-2693.953
9134;5.020021;-80.25275;-2688.378
9172;8.549116;-78.77844;-2688.079
9203;13.90243;-74.22091;-2688.031
9237;16.22736;-72.02744;-2688.491
9271;20.3026;-70.29785;-2687.9
9305;26.55564;-68.40828;-2686.021
9356;30.72236;-65.45422;-2685.088
9372;31.33662;-64.53922;-2684.682
9423;33.65575;-62.93763;-2682.746
9440;36.01424;-60.7395;-2678.704
9473;36.20649;-61.2621;-2676.942
9507;40.35507;-58.95069;-2672.141
9541;41.05265;-58.02835;-2670.145
9574;42.85216;-55.85096;-2666.809
9608;43.36469;-54.66519;-2663.475
9645;42.48481;-53.20261;-2659.956
9676;40.62693;-52.9042;-2656.154
9715;36.21348;-53.24562;-2650.284
9738;34.26149;-53.25751;-2647.546
9771;35.98705;-52.75403;-2644.168
9805;37.34503;-52.93177;-2640.469
9839;38.5687;-52.75433;-2638.792
9872;39.70602;-52.81566;-2636.469
9906;40.72752;-52.24298;-2634.298
9957;39.82235;-52.29409;-2631.098
9973;39.39527;-52.48018;-2629.264
10007;40.26867;-52.73102;-2627.546
10041;42.14162;-52.43459;-2626.434
10091;44.3744;-51.62584;-2626.199
10109;49.49162;-50.87923;-2626.365
10142;55.45483;-47.76991;-2625.714
10176;58.95691;-46.70424;-2626.15
10209;61.34442;-45.60749;-2626.245
10243;70.09214;-43.93496;-2626.395
10277;67.20876;-46.46574;-2626.109
10328;66.1935;-46.93564;-2626.109
10345;64.94403;-48.31403;-2626.046
10384;64.12775;-54.17535;-2625.248
10401;63.97079;-56.25925;-2624.542
10452;63.75491;-57.76375;-2624.17
10468;63.75638;-58.28733;-2623.871
10519;63.61889;-59.0344;-2623.365
10536;63.4164;-59.7108;-2622.939
10586;63.40408;-60.0524;-2622.562
10623;63.0697;-61.18582;-2621.665
10637;62.45678;-62.22446;-2621.097
10677;61.84985;-62.76864;-2620.412
10704;59.45449;-63.81929;-2619.032
10755;58.61568;-64.29597;-2618.542
10772;56.18772;-64.50395;-2618.114
10822;54.45555;-64.56297;-2617.977
10856;50.62774;-63.51842;-2618.569
10890;47.84246;-63.13264;-2618.01
10923;45.97713;-62.9028;-2617.794
10957;43.2244;-62.56826;-2617.665
10991;41.16757;-62.40296;-2618.121
11008;38.7416;-62.752;-2618.643
11041;35.28524;-63.21901;-2619.18
11092;33.839;-63.23731;-2619.5
11126;32.31797;-63.07004;-2619.296
11142;29.02933;-63.16839;-2619.962
11176;27.21735;-63.66734;-2619.288
11210;24.07775;-64.5302;-2619.008
11243;22.94288;-64.58567;-2618.957
11278;21.6444;-64.70124;-2618.484
11311;21.63408;-64.72129;-2618.422
11344;21.44964;-64.81541;-2618.172
11380;21.43478;-65.00398;-2617.795
11430;21.68188;-65.25769;-2617.741
11447;22.09302;-65.28468;-2617.604
11480;23.02245;-65.37589;-2616.972
11515;24.99315;-64.51617;-2616.248
11557;28.4003;-63.60723;-2614.791
11573;30.11583;-62.94055;-2614.75
11607;31.85172;-62.60582;-2614.285
11640;33.09952;-62.07764;-2614.108
11674;34.94028;-61.40672;-2614.486
11708;36.33173;-61.55807;-2614.119
11741;36.98983;-61.70432;-2614.077
11775;37.23862;-61.6362;-2614.11
11809;37.83797;-61.43758;-2613.75
11843;38.24224;-61.3365;-2613.754
11876;38.64417;-61.36302;-2613.677
11910;38.50006;-61.20814;-2613.488
11944;38.20247;-61.12274;-2612.771
11977;37.79858;-60.92968;-2612.213
12012;36.21491;-62.21587;-2610.274
12045;36.1044;-62.13153;-2609.708
12078;34.84782;-62.70462;-2608.166
12112;34.64577;-62.4371;-2607.614
12146;34.35485;-62.48037;-2607.055
12179;34.28921;-62.89413;-2606.297
12213;34.15069;-62.80676;-2605.735
12247;34.19312;-62.72977;-2605.296
12280;34.69447;-62.79153;-2605.157
12316;36.69492;-62.82649;-2604.437
12353;38.69872;-62.808;-2604.426
12370;43.5287;-62.23468;-2604.616
12404;47.67191;-61.86072;-2605.969
12455;51.24529;-59.85157;-2607.115
12473;55.46958;-58.40042;-2607.816
12523;59.06108;-58.34434;-2607.609
12543;60.8765;-58.35765;-2608.427
12577;63.78811;-56.72862;-2609.832
12617;66.51892;-55.31248;-2612.284
12647;69.05253;-54.5478;-2613.284
12681;69.77098;-54.04978;-2614.426
12715;70.37125;-53.54573;-2616.885
12748;71.76742;-52.50945;-2619.245
12782;72.23504;-52.9208;-2619.867
12817;72.64609;-52.95502;-2621.305
12834;73.40251;-53.02502;-2623.125
12868;73.51762;-53.51301;-2623.735
12901;73.63925;-53.83781;-2624.784
12938;73.60494;-52.86452;-2627.157
12969;73.39616;-53.08921;-2627.695
13002;73.03263;-52.83136;-2629.363
13053;72.69848;-52.48625;-2631.703
13070;72.09142;-52.95258;-2632.256
13120;71.59917;-53.40998;-2633.15
13137;70.9397;-53.09173;-2634.608
13171;70.38927;-53.39165;-2635.603
13204;69.74399;-53.33171;-2636.567
13238;69.40973;-52.91142;-2637.311
13272;69.19434;-52.5135;-2638.605
13305;68.80527;-52.41123;-2639.195
13339;68.42605;-52.23232;-2640.122
13373;67.92878;-52.23814;-2641.287
13411;67.22601;-52.82665;-2641.972
13440;67.00677;-52.43525;-2643.28
13481;66.80709;-52.14788;-2644.367
13506;66.23567;-52.13829;-2645.892
13573;66.13141;-52.4507;-2646.622
13590;65.92383;-52.49174;-2647.043
13617;65.81268;-52.48272;-2648.401
13645;65.61572;-52.4089;-2649.025
13685;65.54254;-52.541;-2649.406
13718;65.6106;-52.03141;-2651.145
13752;65.69299;-51.79963;-2651.588
13786;65.75671;-51.75928;-2651.713
13819;65.68538;-52.08128;-2652.336
13836;65.77684;-52.25481;-2652.503
13887;65.91555;-52.59156;-2652.538
13920;66.33737;-53.1176;-2652.883
13941;66.51867;-53.39125;-2653.445
13971;66.53576;-53.55169;-2653.534
14021;66.7525;-53.52665;-2653.716
14055;66.9261;-53.20726;-2654.26
14089;67.00677;-53.22228;-2654.218
14106;67.12378;-53.28328;-2654.478
14156;67.32869;-53.32452;-2654.665
14173;67.62709;-53.18774;-2655.378
14207;67.579;-53.36974;-2656.604
14240;67.7635;-53.28062;-2657.059
14274;67.83488;-53.34878;-2657.229
14308;67.97281;-53.32773;-2657.474
14342;68.14771;-53.40794;-2657.599
14375;68.31284;-53.01618;-2658.286
14426;68.47654;-52.86334;-2659.07
14460;68.48977;-52.86993;-2659.246
14493;68.54232;-52.92607;-2659.113
14510;68.56789;-52.97079;-2659.354
14561;68.55944;-52.9319;-2659.372
14594;68.61867;-53.05503;-2659.398
14611;68.65549;-53.05879;-2659.477
14645;68.58307;-53.10303;-2659.523
14679;68.59856;-53.04897;-2659.565
14712;68.63023;-52.76579;-2660.009
14746;68.40328;-52.48724;-2660.678
14780;68.23091;-52.48866;-2660.458
14814;68.13018;-52.05766;-2660.926
14850;68.1212;-52.02273;-2660.962
14875;68.12672;-51.99971;-2661.037
14918;68.06608;-51.86696;-2661.148
14938;67.74227;-51.94267;-2661.124
14985;67.68894;-51.91586;-2661.078
15019;67.36015;-51.92551;-2661.03
15053;67.16277;-51.83192;-2660.956
15086;66.84624;-52.07301;-2660.122
15120;66.7282;-52.20453;-2659.879
15137;66.55768;-52.0421;-2659.621
15187;66.08842;-52.28905;-2658.321
15204;66.10635;-52.24778;-2657.786
15238;66.07506;-52.21504;-2657.745
15272;65.92642;-52.12278;-2657.196
15306;65.89725;-52.13352;-2656.87
15339;65.73321;-52.09731;-2656.19
15374;65.63647;-51.99483;-2655.316
15406;65.58706;-52.0589;-2655.181
15457;65.50703;-51.95816;-2654.424
15474;65.65694;-52.05681;-2653.726
15510;65.70315;-52.03185;-2653.505
15541;65.73541;-51.82356;-2653.372
15580;65.68756;-51.86314;-2652.938
15609;65.61848;-51.93907;-2652.841
15642;65.60648;-51.92605;-2652.774
15676;65.6532;-51.92311;-2652.442
15710;65.65112;-52.05141;-2651.953
15743;65.51141;-52.13985;-2651.888
15777;65.4667;-52.168;-2651.922
15811;65.2721;-52.46821;-2651.421
15851;65.27127;-52.47543;-2651.45
15879;65.30238;-52.32946;-2651.648
15919;65.31866;-52.28131;-2651.675
15950;65.37925;-52.2937;-2651.734
15967;65.65757;-52.28579;-2651.84
16000;65.70599;-52.30708;-2652.006
16034;65.53177;-52.34813;-2652.295
16068;65.48498;-52.25035;-2652.5
16118;65.58056;-52.08652;-2652.706
16136;65.61349;-52.67344;-2652.898
16169;65.73359;-52.95348;-2652.964
16202;65.74076;-53.06382;-2653.129
16236;65.86285;-53.09672;-2653.138
16287;65.94791;-53.26313;-2653.189
16303;65.95656;-53.3295;-2653.25
16338;65.97187;-53.45353;-2653.401
16371;66.23524;-53.81703;-2653.663
16405;66.67929;-53.86607;-2654.36
16455;66.90955;-54.28312;-2655.68
16472;67.12922;-54.86601;-2656.474
16506;67.61057;-55.29531;-2656.896
16539;68.09248;-55.20378;-2657.735
16573;68.39269;-55.50679;-2658.27
16607;68.75178;-55.87223;-2658.61
16641;69.30484;-55.85042;-2659.561
16674;69.64885;-55.9195;-2659.936
16708;70.06491;-56.10246;-2660.019
16742;70.70603;-55.96928;-2661.112
16775;71.00606;-56.03975;-2661.572
16809;72.43983;-56.14042;-2662.581
16843;73.6979;-55.79411;-2663.696
16876;74.72508;-55.43871;-2664.611
16910;75.022;-55.39256;-2665.349
16944;75.50737;-55.09726;-2665.975
16977;76.18363;-54.8236;-2666.451
17011;76.8096;-54.27475;-2667.41
17028;77.08526;-54.09905;-2668.286
17078;77.65194;-54.0854;-2669.06
17112;78.07684;-54.00723;-2669.358
17146;78.46754;-53.80545;-2669.962
17163;79.08807;-53.35997;-2670.884
17213;80.06962;-52.5323;-2672.477
17247;80.7969;-52.07623;-2672.952
17264;81.85734;-52.35845;-2673.442
17314;82.53999;-52.77164;-2672.968
17333;82.99642;-52.61519;-2673.192
17382;83.38372;-52.72321;-2673.229
17415;83.70913;-52.09423;-2673.619
17432;84.00555;-52.14568;-2673.536
17483;84.17789;-52.14172;-2673.489
17517;84.19896;-51.93672;-2673.333
17533;84.28014;-51.83261;-2673.143
17584;84.58544;-51.81298;-2672.963
17601;84.90794;-51.8059;-2672.83
17651;85.00264;-51.67331;-2672.681
17670;85.22249;-51.87031;-2672.708
17703;85.24261;-51.85134;-2672.765
17753;85.19582;-51.85769;-2672.775
17770;85.25832;-51.82158;-2672.787
17810;85.50191;-52.16187;-2672.976
17848;85.47875;-52.12513;-2673.046
17863;85.23989;-51.97692;-2673.188
17898;85.19643;-51.91464;-2673.207
17932;85.11676;-51.66367;-2673.443
17965;84.75541;-51.8437;-2673.577
17999;84.66893;-51.87887;-2673.649
18033;84.38496;-51.92342;-2673.836
18067;83.94895;-52.17768;-2673.829
18100;83.13332;-52.30788;-2674.643
18134;82.74178;-52.6171;-2674.685
18169;82.17355;-53.09648;-2675.258
18203;81.40108;-53.47713;-2675.516
18237;80.52985;-53.81459;-2675.87
18270;80.09774;-53.92929;-2675.881
18304;79.99658;-54.01831;-2675.838
18338;79.9698;-54.08026;-2675.992
18371;79.6041;-54.16499;-2676.598
18405;79.58154;-54.30162;-2676.982
18439;79.0632;-54.65744;-2678.2
18472;79.16601;-54.39298;-2679.144
18506;79.18165;-54.38468;-2680.253
18540;79.52303;-54.07123;-2681.816
18573;79.28117;-54.1149;-2683.124
18607;79.27676;-54.07998;-2683.663
18641;79.63985;-54.23512;-2684.599
18675;80.10661;-54.23779;-2685.844
18708;79.74815;-55.10376;-2687.07
18742;80.08097;-54.55377;-2688.823
18776;80.12045;-54.50967;-2689.517
18809;80.29797;-53.97483;-2691.194
18843;80.59679;-53.77894;-2692.74
18877;81.92735;-51.4463;-2695.284
18911;82.30953;-50.56957;-2695.829
18944;83.33869;-47.76044;-2696.56
18978;83.32735;-46.88836;-2697.348
19012;83.69507;-45.17963;-2698.599
19045;83.91073;-43.67786;-2700.282
19079;84.06731;-42.56791;-2701.893
19113;85.2885;-39.4088;-2704.666
19148;86.13801;-36.84364;-2707.128
19167;86.75722;-35.10447;-2709.14
19201;87.52076;-32.64167;-2711.272
19235;88.79896;-28.67848;-2715.775
19285;89.63736;-24.46184;-2716.861
19319;90.4942;-20.65379;-2716.703
19338;91.14303;-18.88946;-2717.167
19386;91.26089;-13.34772;-2715.957
19404;91.51218;-9.909562;-2715.861
19437;91.95351;-5.3864;-2715.826
19471;92.57235;-3.16197;-2713.836
19504;93.0444;-1.324679;-2712.977
19538;94.26321;2.206509;-2709.956
19572;95.00553;3.947892;-2708.372
19606;95.51409;5.372847;-2706.971
19639;96.03687;6.641236;-2706.887
19673;96.04296;7.186433;-2706.578
19708;96.28362;7.481083;-2706.882
19757;96.18726;8.064781;-2707.049
19774;96.26318;8.488099;-2706.871
19808;96.32061;8.565327;-2706.692
19841;96.26466;9.157924;-2706.778
19875;96.0578;9.680873;-2706.697
19909;96.06344;9.828576;-2706.706
19967;95.76939;10.08561;-2706.693
19993;95.71133;10.15656;-2706.632
20010;94.41425;11.42275;-2707.103
20043;93.56052;11.89467;-2706.941
20077;93.05579;12.107;-2706.749
20113;92.29151;12.62739;-2706.49
20145;91.70702;12.91036;-2706.173
20178;91.09576;12.81146;-2705.74
20212;90.86383;12.7335;-2705.379
20246;90.07256;12.87266;-2705.043
20279;89.54259;13.0202;-2704.788
20313;89.20155;12.73871;-2704.888
20347;88.92754;12.65182;-2704.564
20380;88.50621;12.64758;-2704.434
20414;87.80795;12.68802;-2704.371
20448;87.12472;12.60091;-2704.226
20481;86.71893;12.54482;-2704.094
20515;85.77863;12.33852;-2704.296
20549;85.53365;12.24194;-2704.655
20583;85.01703;11.91988;-2705.047
20616;84.74413;11.93446;-2705.3
20650;84.46917;11.72347;-2705.288
20668;84.15321;11.52854;-2705.527
20702;83.62434;10.63748;-2705.264
20736;83.10509;9.464202;-2704.439
20770;82.55126;7.818588;-2703.878
20820;82.34583;6.874651;-2703.804
20837;82.08252;6.580571;-2703.967
20871;81.80266;7.683334;-2706.918
20904;81.32704;8.297009;-2708.268
20955;80.87463;8.713506;-2709.467
20988;80.59031;9.279188;-2710.108
21022;80.65609;9.365427;-2710.382
21039;80.69099;9.746119;-2710.752
21090;80.69363;10.79421;-2711.507
21106;80.62827;11.38131;-2712.233
21157;81.11269;14.36439;-2714.615
21174;81.19237;15.93981;-2715.894
21207;81.43031;18.71579;-2719.029
21241;81.44968;21.22018;-2723.025
21275;82.32895;23.73624;-2725.376
21309;82.68662;24.10143;-2725.645
21342;83.39747;25.92113;-2726.979
21376;83.75285;29.5447;-2729.934
21410;83.96009;31.24444;-2731.41
21443;84.50294;32.52617;-2733.027
21478;85.09203;33.42017;-2734.126
21520;85.89879;34.35484;-2734.797
21537;86.71252;36.37284;-2736.393
21571;87.19543;36.97647;-2737.183
21605;87.21738;39.26371;-2739.326
21638;86.66412;42.06618;-2741.193
21672;86.84739;42.52855;-2741.746
21722;86.75976;43.68139;-2742.426
21740;87.05251;44.74544;-2742.603
21773;87.3955;45.04699;-2742.54
21807;87.32052;45.6502;-2742.78
21840;87.27088;46.16124;-2742.814
21874;87.2309;46.47588;-2742.753
21908;87.34317;46.94864;-2742.575
21941;87.62495;50.03218;-2742.63
21975;87.14604;51.80351;-2743.124
22026;87.04391;52.73256;-2743.196
22043;87.00031;53.39904;-2743.268
22076;87.02374;53.45823;-2743.287
22110;86.84402;53.42705;-2743.069
22144;86.67951;53.96184;-2743.285
22177;86.51864;54.44653;-2743.537
22211;86.42136;54.81668;-2743.284
22245;86.36786;56.12168;-2742.949
22278;86.16151;56.19772;-2743.093
22312;86.09017;56.2807;-2743.117
22346;86.04308;56.26315;-2743.102
22380;86.05882;56.31212;-2743.083
22413;86.01042;56.95647;-2743.002
22447;85.91309;56.83414;-2742.75
22481;85.53908;57.22588;-2742.737
22514;85.62807;57.21563;-2742.419
22548;85.65694;57.92054;-2741.425
22582;85.40475;58.38516;-2741.03
22615;85.22145;58.40989;-2740.934
22633;85.04871;58.19735;-2740.32
22668;84.95338;58.41572;-2739.436
22700;84.72544;58.44643;-2739.202
22750;84.30495;58.70628;-2738.491
22784;84.05794;58.86665;-2737.984
22801;83.68352;59.29696;-2737.245
22837;83.44267;59.65381;-2736.589
22885;82.98248;59.70903;-2735.604
22919;82.51012;60.39203;-2735.547
22935;82.55;60.29994;-2735.295
22986;82.50049;60.43391;-2735.368
23003;82.4265;60.53515;-2735.44
23037;82.3939;60.57398;-2735.44
23077;82.4405;60.57094;-2735.39
23104;82.33735;60.45589;-2734.888
23138;82.32233;60.77189;-2734.785
23171;82.38046;60.69305;-2734.672
23205;82.39866;60.24273;-2734.347
23240;82.36102;59.61557;-2733.543
23273;82.36005;59.32949;-2733.05
23308;82.31136;59.04013;-2732.85
23342;82.21815;58.3058;-2732.555
23376;82.24174;58.04626;-2732.499
23409;82.22052;57.99804;-2732.383
23444;81.93005;57.67191;-2733.01
23479;81.5471;57.37123;-2733.241
23513;81.20808;57.23291;-2733.551
23551;81.06158;56.97749;-2733.709
23568;80.74889;56.21926;-2733.66
23620;80.51629;55.80028;-2733.764
23636;80.27979;54.25924;-2734.577
23669;80.05843;52.96885;-2734.235
23702;79.9948;52.25253;-2734.531
23753;79.69597;51.99431;-2734.693
23787;79.44406;51.79598;-2734.875
23808;79.35995;51.41187;-2735.099
23841;79.37811;50.98785;-2734.923
23875;79.43863;50.07532;-2735.217
23909;79.5084;49.69149;-2735.138
23942;79.40691;49.17802;-2735.606
23976;79.3643;47.71964;-2735.502
24010;79.39625;44.9994;-2735.513
24044;79.76407;43.09777;-2735.14
24077;79.86685;41.36959;-2734.443
24111;80.48151;39.20843;-2734.005
24145;81.04652;36.26493;-2733.93
24179;82.38778;32.6785;-2731.831
24212;83.1897;30.26089;-2731.24
24246;84.43332;25.36001;-2729.747
24280;84.93958;22.97809;-2727.912
24299;86.71664;15.52591;-2723.934
24347;87.56959;10.69409;-2723.233
24381;87.48693;8.761344;-2722.662
24414;87.88494;2.624238;-2721.663
24448;89.70786;-9.704289;-2719.53
24482;86.52449;-20.89874;-2723.079
24515;83.44933;-32.61716;-2722.462
24549;81.88012;-39.40105;-2723.038
24583;79.99419;-46.72445;-2723.779
24616;79.92905;-51.57108;-2723.635
24650;80.36497;-54.63294;-2722.395
24667;80.62558;-60.62186;-2719.334
24701;81.80842;-63.04744;-2717.59
24751;82.85184;-65.14079;-2716.055
24769;84.16718;-66.85764;-2714.594
24802;84.64353;-68.49846;-2713.32
24852;84.8086;-68.71712;-2712.963
24886;85.0386;-69.4701;-2711.485
24905;84.89822;-69.80604;-2711.444
24937;84.61021;-69.67224;-2710.706
24989;84.18782;-70.07395;-2710.029
25006;83.86482;-70.33161;-2710.252
25056;83.6419;-70.5133;-2709.796
25073;83.65617;-70.26023;-2708.444
25106;83.31832;-70.15711;-2708.104
25140;82.80145;-70.46657;-2706.554
25174;82.68871;-70.36304;-2706.305
25213;82.62272;-70.33869;-2705.79
25245;82.76237;-70.02116;-2704.645
25279;83.10795;-69.7133;-2703.556
25313;82.96992;-69.74506;-2703.045
25346;82.99524;-69.81083;-2701.884
25380;82.92162;-69.90688;-2701.928
25413;82.89117;-69.44781;-2703.194
25447;82.78115;-69.27538;-2703.134
25481;82.68974;-68.80254;-2704.029
25514;82.9295;-68.80446;-2703.671
25532;82.95103;-68.70266;-2703.753
25582;83.3225;-67.70361;-2704.98
25616;83.44791;-67.60397;-2705.071
25633;83.65996;-67.25544;-2705.016
25683;83.87376;-67.13554;-2705.047
25717;84.7626;-67.06477;-2704.687
25734;85.18458;-67.02305;-2704.581
25767;85.82378;-66.83219;-2704.107
25801;86.98599;-66.10769;-2703.602
25852;87.70294;-65.96233;-2703.327
25885;87.9323;-65.91311;-2703.345
25902;88.58765;-65.99078;-2702.869
25958;89.04935;-66.26814;-2702.599
25971;89.77381;-66.27488;-2702.602
26005;91.02119;-66.67427;-2702.734
26038;91.95043;-66.85664;-2703.5
26073;92.72857;-66.83531;-2705.025
26106;94.14002;-65.84334;-2706.834
26139;94.62841;-62.27071;-2711.833
26173;95.42224;-59.84494;-2717.304
26207;96.07774;-55.84961;-2722.611
26241;95.845;-52.24196;-2726.823
26274;95.7179;-48.21714;-2730.378
26308;95.81764;-45.80813;-2731.147
26342;96.72792;-39.64467;-2731.962
26375;97.82866;-31.48755;-2732.795
26409;97.49964;-13.5417;-2736.138
26443;97.68259;-6.683152;-2737.498
26476;99.53446;1.829835;-2736.553
26510;98.77792;16.21699;-2739.438
26544;100.8865;20.3502;-2739.045
26577;102.0151;31.15925;-2739.33
26611;102.5935;41.94584;-2741.301
26632;102.0808;46.06261;-2740.738
26679;101.6512;53.27851;-2741.481
26712;101.6746;55.69571;-2741.475
26746;101.5747;57.29001;-2741.891
26769;101.3543;63.90684;-2742.306
26815;100.6833;68.44505;-2742.848
26848;101.2753;69.4817;-2742.617
26882;101.6924;69.79075;-2742.659
26916;101.9882;70.45277;-2742.142
26933;101.8104;70.7738;-2742.113
26983;101.7277;71.12884;-2741.703
27017;101.8217;70.68198;-2741.211
27052;101.6206;71.21159;-2741.262
27070;101.2966;71.614;-2741.21
27118;100.7901;72.96556;-2741.436
27152;100.6834;72.07246;-2740.755
27185;100.3757;72.32777;-2740.4
27205;99.74532;72.04176;-2739.776
27236;99.08342;72.36862;-2739.783
27287;98.56101;71.98962;-2739.45
27303;98.17993;68.59673;-2738.193
27354;97.64055;67.12135;-2737.291
27372;97.19327;62.84604;-2737.089
27405;97.79058;59.84774;-2735.835
27438;98.46414;55.97497;-2734.988
27472;99.17395;51.05744;-2733.823
27506;98.99776;46.34173;-2732.72
27556;97.84652;42.23908;-2731.454
27573;96.8716;37.59681;-2730.167
27624;96.92773;29.26026;-2728.951
27640;97.0525;24.23722;-2729.991
27674;96.67764;14.74885;-2730.338
27708;94.66763;5.845577;-2732.813
27741;94.79993;-1.517188;-2733.892
27775;94.94975;-12.55067;-2733.174
27809;91.90036;-23.76113;-2735.25
27843;91.35172;-32.60682;-2735.605
27876;91.0968;-38.21709;-2736.043
27914;91.15477;-40.94417;-2735.804
27944;91.5058;-46.31031;-2734.989
27977;91.91935;-51.84106;-2734.186
28011;92.48756;-55.89339;-2731.424
28045;94.40893;-62.48707;-2725.505
28078;95.32035;-65.55542;-2721.191
28112;95.22489;-65.99194;-2720.759
28146;95.18989;-66.34366;-2719.969
28180;94.24788;-66.99994;-2719.326
28213;93.41562;-67.94663;-2718.281
28247;92.80704;-68.2264;-2717.855
28281;92.33386;-68.2659;-2717.9
28314;91.62966;-68.39779;-2717.921
28348;90.36842;-67.93957;-2719.239
28382;89.3686;-68.68185;-2719.164
28418;89.227;-68.99738;-2717.879
28452;89.19635;-69.07722;-2717.489
28485;89.39523;-69.16698;-2716.994
28519;89.49586;-69.02569;-2717.086
28553;89.67712;-68.83043;-2716.596
28587;90.01547;-68.40911;-2715.501
28603;90.1872;-68.16611;-2714.828
28637;90.76257;-67.87746;-2715.054
28688;91.52057;-67.11573;-2714.506
28721;91.59284;-67.31664;-2714.025
28738;91.83536;-67.18844;-2714.627
28772;91.75587;-65.76103;-2719.664
28805;92.31709;-64.09058;-2722.962
28839;92.44676;-59.5703;-2728.683
28873;92.97462;-56.81515;-2732.58
28907;93.59904;-52.49559;-2735.482
28948;94.54173;-47.86419;-2736.551
28991;97.0386;-40.00322;-2738.182
29008;99.40362;-29.24973;-2738.607
29041;101.0614;-14.81955;-2739.964
29075;104.2485;-1.804925;-2739.285
29109;104.642;4.519958;-2738.739
29143;103.6557;15.33326;-2739.761
29176;103.8481;28.07921;-2743.406
29210;105.6495;36.4741;-2744.396
29244;104.0325;48.31656;-2747.468
29277;103.7882;53.01379;-2748.934
29311;103.7719;57.0549;-2749.333
29345;104.0753;61.19286;-2750.402
29378;105.0601;63.29101;-2750.674
29412;105.586;65.40867;-2751.197
29434;105.7604;67.81843;-2751.445
29479;105.7919;67.82633;-2751.425
29513;105.5559;68.05292;-2751.274
29547;105.0496;70.2188;-2751.296
29580;105.0;72.92663;-2751.539
29614;104.4439;73.31406;-2751.61
29648;104.1718;74.56872;-2751.293
29682;103.8292;75.34951;-2751.112
29715;103.0666;76.78479;-2750.453
29749;102.6481;77.29144;-2750.071
29783;101.4537;78.7382;-2749.691
29816;100.7945;80.55143;-2749.519
29850;100.5403;81.00743;-2749.251
29867;99.92645;81.3693;-2748.674
29917;99.28679;81.21075;-2748.064
29951;97.99365;82.98706;-2747.821
29968;97.64858;82.93322;-2747.135
30024;97.32573;83.13635;-2746.763
30045;96.55038;84.36378;-2746.474
30077;95.08439;83.51591;-2745.165
30113;93.86459;84.10463;-2744.814
30145;93.52038;83.88235;-2744.676
30179;92.04465;82.93829;-2743.66
30212;89.9117;79.03911;-2742.174
30246;87.87374;75.62915;-2741.592
30281;85.50008;76.13721;-2741.402
30314;84.23827;74.47095;-2740.924
30348;82.53995;72.58894;-2740.589
30382;81.62999;67.81453;-2740.177
30415;80.13818;60.43875;-2739.359
30449;80.13552;52.09215;-2736.707
30483;80.66011;45.58299;-2735.16
30516;81.06438;39.43228;-2733.496
30550;81.01513;30.36643;-2731.477
30567;81.85607;20.16;-2729.92
30618;78.2809;11.75743;-2731.496
30651;80.57256;1.705671;-2731.17
30685;80.70638;-12.02258;-2733.056
30719;78.2019;-24.96071;-2731.441
30752;76.30242;-35.36553;-2726.694
30786;75.72263;-39.19323;-2725.895
30820;75.39881;-47.40833;-2722.242
30837;75.86223;-51.42494;-2721.039
30887;76.30136;-59.73107;-2718.527
30904;77.75243;-63.36625;-2716.97
30938;78.17535;-64.86658;-2716.107
30988;78.62453;-66.35265;-2715.046
31022;78.80118;-68.56812;-2712.749
31039;78.7737;-68.88776;-2713.618
31073;78.84036;-68.95277;-2713.89
31107;78.92617;-68.93866;-2714.083
31140;79.12417;-69.03356;-2714.083
31174;79.4155;-68.9785;-2715.042
31211;79.64161;-69.51006;-2715.194
31245;79.86476;-69.5284;-2715.223
31278;80.39722;-69.22626;-2716.194
31312;81.45211;-68.51835;-2716.068
31346;83.72076;-68.26982;-2715.954
31380;86.03556;-67.97504;-2715.927
31413;89.55087;-66.17934;-2715.141
31447;92.05439;-65.60564;-2714.704
31481;92.18541;-65.76511;-2714.846
31514;93.11665;-66.14681;-2716.521
31548;92.73998;-66.45712;-2718.919
31582;93.86682;-64.28719;-2723.181
31615;95.11718;-61.99622;-2726.633
31649;95.11463;-59.77689;-2730.143
31683;95.47345;-53.27683;-2735.13
31716;95.51723;-49.14211;-2736.755
31750;97.90646;-41.29164;-2738.75
31784;98.75267;-33.18784;-2739.828
31818;99.74287;-16.01069;-2740.1
31851;101.7497;-6.718097;-2739.936
31868;103.2033;2.267191;-2739.971
31902;103.2262;13.4557;-2740.218
31952;101.1183;25.29795;-2743.973
31970;100.8047;33.03504;-2744.508
32020;101.2389;41.74846;-2746.666
32057;100.8441;51.90198;-2747.867
32074;101.9978;55.04466;-2749.195
32108;102.786;63.44886;-2750.403
32142;103.0675;66.60744;-2751.48
32175;103.4246;67.95995;-2752.07
32209;104.5628;74.32618;-2753.859
32243;104.2017;75.05977;-2754.087
32276;103.3429;77.80695;-2754.429
32310;103.2075;77.34334;-2754.039
32344;102.4969;79.39946;-2754.288
32378;102.2523;79.36353;-2754.187
32411;101.1078;78.90305;-2753.464
32445;99.64171;78.57868;-2752.492
32481;98.39085;79.56033;-2751.694
32515;97.8596;78.9634;-2751.042
32552;95.97767;78.5013;-2749.841
32586;95.46524;78.65092;-2749.726
32620;94.82138;77.86108;-2748.812
32636;93.98383;77.74553;-2748.115
32687;92.38785;76.18319;-2747.274
32704;90.65249;75.49062;-2745.992
32738;88.54919;76.14883;-2744.994
32771;86.98625;73.91804;-2742.285
32805;85.33373;73.36021;-2740.674
32855;82.59121;68.1227;-2735.626
32889;82.35688;66.36607;-2735.031
32906;82.033;62.29193;-2732.034
32940;81.34072;53.37962;-2730.168
32974;81.24177;48.01348;-2728.544
33007;82.31227;42.02063;-2726.449
33041;82.98834;36.36791;-2723.582
33074;82.80827;31.46111;-2721.356
33108;82.72327;25.43363;-2720.192
33142;82.42989;15.21798;-2716.915
33176;81.19053;10.23986;-2716.635
33209;80.32822;2.056776;-2716.152
33243;79.81601;-9.000437;-2717.442
33277;78.83575;-16.76343;-2718.447
33310;77.6563;-31.58712;-2713.917
33344;77.26885;-36.692;-2711.736
33378;77.12889;-40.61801;-2711.467
33412;76.05664;-44.78188;-2710.899
33445;74.66643;-55.12599;-2707.457
33479;74.75826;-57.38375;-2705.881
33512;75.15162;-59.23194;-2705.7
33546;75.43336;-60.21288;-2705.714
33580;75.5073;-60.94765;-2705.864
33614;75.69122;-61.64817;-2705.721
33647;75.57993;-62.83301;-2706.021
33681;75.55472;-63.45989;-2705.783
33715;75.5787;-63.5699;-2705.808
33749;75.7016;-63.23943;-2706.756
33782;75.72221;-63.24918;-2706.759
33816;76.3186;-63.67005;-2707.082
33850;76.93435;-64.5105;-2706.816
33883;76.96136;-64.50644;-2706.813
33917;77.53662;-65.07594;-2706.969
33934;78.37938;-64.94823;-2707.698
33984;79.0385;-64.72681;-2708.292
34018;80.14069;-64.66873;-2708.909
34052;81.23788;-64.27464;-2709.742
34085;81.83108;-63.85147;-2711.802
34119;82.16512;-64.09593;-2712.369
34153;82.38332;-64.26265;-2714.055
34187;83.48981;-63.65319;-2714.367
34203;84.4197;-61.5043;-2716.644
34254;84.7654;-58.66748;-2718.769
34288;85.11377;-57.69302;-2720.217
34321;87.91164;-51.38054;-2723.874
34338;88.87283;-46.15064;-2727.434
34372;91.7582;-37.74612;-2731.18
34406;92.88432;-27.20577;-2732.694
34443;93.09753;-15.76525;-2733.059
34477;94.04254;-3.285944;-2731.625
34510;96.73595;5.215041;-2730.463
34544;95.31837;17.8412;-2732.839
34578;96.3141;25.15392;-2735.984
34611;95.22179;38.21513;-2740.87
34645;95.22437;51.56298;-2745.444
34679;96.45978;56.86908;-2748.067
34713;97.52293;61.24177;-2748.888
34746;99.09937;66.49072;-2750.098
34780;99.01649;75.34601;-2754.744
34813;99.50066;76.01896;-2754.879
34847;100.0745;76.59107;-2754.42
34881;100.2721;76.75335;-2754.187
34916;100.3856;77.34579;-2754.059
34948;100.7716;77.24162;-2753.226
34982;100.8249;76.7643;-2752.63
35016;100.2517;76.75431;-2752.172
35050;99.88345;76.00997;-2751.528
35083;99.2883;75.86045;-2750.782
35117;98.98524;75.36092;-2749.942
35151;97.45942;72.55952;-2747.625
35184;96.15511;70.59898;-2746.023
35218;94.99261;69.0182;-2744.616
35252;94.36874;66.87055;-2743.189
35285;93.78423;67.14769;-2743.182
35302;93.28571;64.01347;-2741.592
35353;91.10388;63.11931;-2739.98
35386;89.89239;61.81845;-2738.504
35420;89.33089;57.18339;-2737.109
35454;88.54681;51.07532;-2735.342
35488;87.57442;41.81247;-2732.726
35521;87.53867;36.57136;-2731.94
35555;89.66478;24.73565;-2728.736
35589;90.40823;16.98391;-2726.385
35622;88.54805;10.18066;-2728.005
35639;85.02586;0.7852423;-2727.661
35673;83.90272;-11.06662;-2727.238
35726;81.21902;-19.27489;-2725.425
35741;78.81923;-32.57998;-2716.68
35774;78.50802;-39.38877;-2711.923
35808;77.52473;-43.3919;-2710.079
35858;76.93642;-45.82318;-2709.219
35875;75.70692;-52.56934;-2705.654
35929;76.01263;-54.21601;-2704.341
35945;76.14539;-55.37674;-2704.048
35977;76.2575;-56.57409;-2703.184
36011;75.85128;-58.59638;-2701.658
36045;75.85344;-58.62377;-2701.646
36079;75.96644;-59.34073;-2700.628
36112;75.85832;-59.49345;-2700.438
36146;75.86696;-59.73005;-2700.473
36196;75.86732;-59.78577;-2700.625
36213;75.8754;-59.87198;-2700.598
36247;75.97038;-59.83435;-2700.65
36281;75.99329;-59.83607;-2700.678
36314;76.03867;-59.95438;-2700.785
36348;76.29069;-59.83153;-2701.39
36382;76.70634;-59.59898;-2702.021
36415;77.00244;-60.5641;-2702.462
36449;77.2905;-60.13309;-2703.172
36483;77.46815;-60.00129;-2703.886
36516;77.22945;-59.99705;-2706.035
36550;77.81902;-59.24649;-2707.721
36569;78.09582;-59.3627;-2708.998
36618;78.18907;-58.422;-2710.13
36651;78.15993;-56.18777;-2713.984
36685;78.57742;-54.00674;-2715.267
36702;78.81789;-50.50294;-2717.959
36752;80.05513;-44.13607;-2722.608
36786;82.34942;-33.03196;-2725.637
36820;83.85822;-18.9925;-2727.658
36853;85.28611;-11.85446;-2725.03
36870;87.07321;2.05313;-2725.461
36904;87.04414;12.49067;-2724.711
36955;88.05933;21.21365;-2727.149
36988;89.62904;38.44321;-2729.185
37006;91.64706;58.53018;-2736.653
37056;93.09633;61.85101;-2738.437
37089;95.86461;69.31084;-2740.62
37106;96.53665;72.17429;-2743.047
37140;99.84935;79.9304;-2748.124
37174;100.6449;80.72427;-2748.568
37225;102.4611;85.53153;-2749.741
37241;105.1922;86.21629;-2749.678
37275;111.7833;90.38443;-2749.937
37308;113.7101;92.41476;-2750.104
37359;114.1766;93.43268;-2750.192
37376;115.243;94.34753;-2749.401
37410;115.3588;94.84047;-2749.362
37443;115.3256;95.62834;-2748.822
37477;115.4185;95.37681;-2748.529
37512;114.6407;93.23172;-2746.925
37547;114.1521;92.22226;-2746.092
37580;114.5912;90.58682;-2743.382
37614;114.5284;90.57946;-2743.38
37648;114.0687;90.0034;-2742.666
37698;113.5601;88.95064;-2741.086
37715;112.9947;89.0103;-2740.428
37749;111.9877;87.40922;-2739.625
37782;110.5151;85.84651;-2738.286
37816;109.1427;83.46815;-2736.99
37850;107.3159;80.21627;-2735.889
37884;106.2283;74.17807;-2735.816
37918;105.3214;61.49207;-2733.072
37952;104.8472;50.29035;-2730.49
37985;106.2351;37.81985;-2724.526
38019;106.3112;31.14234;-2722.281
38053;106.0627;18.63639;-2718.433
38087;104.5395;12.59388;-2717.519
38120;102.4926;0.2094046;-2714.553
38154;100.3718;-9.721007;-2714.068
38187;97.91504;-19.28262;-2711.627
38221;92.75946;-32.61677;-2704.652
38238;91.98133;-35.46049;-2703.496
38272;88.4038;-42.85383;-2702.216
38305;87.84303;-48.23913;-2700.652
38340;87.73081;-51.69199;-2699.397
38378;87.33453;-53.03624;-2698.312
38412;87.02657;-54.99377;-2696.244
38446;87.12875;-55.35092;-2695.578
38479;86.9674;-55.55637;-2695.471
38513;86.24922;-56.46918;-2695.143
38547;85.23846;-56.7312;-2696.101
38581;84.75587;-56.83683;-2696.748
38614;84.2878;-57.02139;-2697.334
38648;84.0978;-57.16422;-2697.66
38682;83.91322;-57.20128;-2697.541
38716;83.72294;-57.26578;-2697.546
38749;83.47002;-57.66986;-2697.375
38774;83.22798;-58.12907;-2697.837
38824;83.17595;-58.14827;-2697.826
38841;83.25226;-58.09708;-2698.008
38875;83.11495;-58.33464;-2698.187
38908;82.72919;-58.66033;-2698.583
38942;82.56112;-59.58171;-2698.88
38976;82.30984;-59.76443;-2699.159
39026;82.41564;-59.52034;-2699.359
39043;82.0766;-59.43704;-2700.046
39077;81.94796;-59.22071;-2700.32
39111;81.60468;-58.15269;-2701.622
39144;80.88869;-54.79908;-2705.672
39178;81.28862;-49.97392;-2707.991
39212;82.04657;-45.92442;-2709.365
39245;84.62822;-38.60448;-2712.336
39281;88.4837;-21.88096;-2713.877
39313;90.59756;-12.38339;-2713.682
39346;90.75565;-0.1586014;-2715.875
39380;91.58442;8.570606;-2716.729
39414;92.60961;19.39831;-2718.749
39447;93.2665;38.66066;-2724.911
39481;96.26035;60.17407;-2731.362
39515;97.72317;63.17176;-2732.177
39549;101.5152;74.3615;-2737.635
39582;105.0719;81.34826;-2741.228
39616;111.1379;86.48451;-2741.553
39650;113.2005;87.53135;-2742.366
39683;115.2717;91.9933;-2743.681
39717;115.9051;91.95206;-2744.141
39751;117.8047;94.02672;-2745.717
39771;119.8477;97.26794;-2747.143
39818;120.0074;96.76266;-2747.08
39852;119.8037;96.17254;-2747.052
39886;120.0384;94.75406;-2747.003
39919;118.035;91.22394;-2747.065
39953;116.7404;90.45398;-2747.599
39987;113.6956;88.13374;-2747.439
40020;107.5796;75.55687;-2745.392
40054;105.154;67.28655;-2744.398
40088;102.4756;55.52331;-2742.341
40121;103.3496;37.44221;-2736.113
40139;103.5103;31.66872;-2733.139
40189;104.5601;23.64503;-2729.86
40223;102.3573;13.70528;-2730.671
40239;99.21072;1.003761;-2728.748
40290;96.4506;-11.4492;-2729.104
40324;90.85418;-26.39833;-2727.252
40341;89.32373;-30.98026;-2724.81
40374;87.37586;-38.24471;-2722.076
40408;85.3967;-43.89636;-2718.969
40444;84.04797;-48.27908;-2717.484
40476;83.68105;-51.00791;-2715.884
40511;83.21929;-55.103;-2714.077
40543;82.90527;-56.21485;-2713.941
40576;82.87247;-57.74215;-2713.016
40610;82.22461;-61.11552;-2711.274
40644;81.96193;-61.07312;-2710.969
40678;81.62418;-61.25547;-2710.552
40711;81.58372;-60.99364;-2710.586
40745;81.79395;-60.49686;-2710.557
40779;81.57957;-60.41188;-2710.676
40812;81.10953;-60.95766;-2710.093
40846;81.0192;-60.92013;-2710.042
40880;81.01606;-60.91682;-2710.046
40913;80.96737;-60.9838;-2710.104
40947;80.96487;-61.01403;-2710.193
40971;81.016;-60.46269;-2711.454
41008;81.01735;-60.13704;-2712.449
41043;80.47321;-59.71483;-2713.078
41082;81.30647;-54.97858;-2717.656
41116;82.0371;-52.31506;-2718.896
41149;83.52608;-48.50032;-2720.566
41184;85.70397;-40.19296;-2724.743
41207;89.47293;-19.33637;-2728.705
41241;90.253;-9.846645;-2729.154
41292;92.95598;1.311472;-2728.337
41311;95.55688;13.18026;-2727.924
41347;96.07845;18.39635;-2728.173
41381;93.99652;47.42146;-2735.047
41414;96.24339;60.1546;-2740.562
41448;97.27179;64.4483;-2743.777
41482;100.2974;73.72353;-2747.733
41515;101.2369;82.67157;-2752.21
41549;103.5833;87.72114;-2753.694
41583;104.5464;88.75037;-2754.097
41616;107.8665;88.09145;-2752.558
41650;111.5958;91.75554;-2753.181
41684;111.9226;90.62948;-2752.646
41701;112.2627;89.18041;-2752.429
41757;112.2539;88.87835;-2752.214
41768;111.6662;88.4917;-2752.463
41802;110.873;87.6558;-2752.089
41853;107.4557;81.14608;-2749.645
41874;104.3658;71.34603;-2745.793
41903;101.6785;61.35904;-2745.403
41936;99.32645;51.84811;-2743.524
41988;97.61588;43.94851;-2740.249
42021;98.84712;29.89106;-2733.172
42054;99.32722;22.12317;-2730.468
42089;98.66592;10.90224;-2726.983
42123;96.92478;5.308883;-2724.631
42143;94.25687;-6.648196;-2722.54
42181;91.70408;-17.55196;-2721.057
42211;87.339;-31.03974;-2715.887
42245;86.04544;-35.06476;-2713.279
42279;84.37462;-38.82733;-2711.963
42312;83.25965;-42.61359;-2710.016
42346;82.17937;-45.8405;-2707.624
42380;80.08133;-53.49133;-2703.742
42413;80.1142;-54.14605;-2703.274
42447;79.99171;-54.59549;-2703.193
42481;79.49829;-56.64775;-2702.001
42519;79.11754;-57.39785;-2701.452
42548;78.77993;-57.87635;-2701.371
42582;78.45029;-58.11164;-2701.248
42616;77.94508;-58.98132;-2701.308
42655;77.91986;-59.53033;-2700.588
42687;77.72874;-59.92444;-2700.669
42720;77.71541;-59.93506;-2700.721
42754;77.6653;-60.32771;-2700.524
42771;77.74549;-60.19049;-2700.642
42806;77.27054;-60.11361;-2701.368
42838;76.75623;-60.53001;-2701.795
42876;76.24629;-60.37206;-2703.399
42923;75.68688;-60.03979;-2704.918
42940;76.06736;-56.73505;-2709.732
42990;76.01957;-54.27471;-2710.942
43024;76.21756;-52.35053;-2711.87
43057;76.9562;-47.68139;-2715.899
43074;78.30978;-43.30547;-2718.97
43108;80.16525;-32.3337;-2723.17
43144;82.83172;-15.7956;-2727.505
43178;85.28648;-9.466667;-2726.217
43211;86.483;6.005504;-2726.595
43245;88.92736;13.64794;-2725.343
43279;87.38119;26.96023;-2729.612
43313;86.7987;50.52514;-2738.31
43346;89.81454;59.20767;-2739.893
43380;93.26556;67.77379;-2741.732
43413;96.16799;75.64606;-2744.666
43448;97.02454;80.33062;-2746.32
43468;97.52393;81.54391;-2747.382
43502;99.03515;87.01237;-2749.333
43535;99.47873;87.01254;-2749.514
43586;100.3376;87.49444;-2749.829
43620;100.5993;87.60928;-2749.871
43653;100.9488;87.71755;-2750.217
43688;101.2623;87.17136;-2750.135
43723;101.1169;87.22546;-2750.277
43740;101.3242;85.16935;-2750.063
43797;100.6902;79.84932;-2749.151
43812;99.18655;74.18229;-2746.775
43846;98.22845;60.67669;-2743.827
43879;97.82813;49.20021;-2741.331
43913;97.71766;36.92068;-2737.967
43947;98.70813;24.72215;-2734.366
43981;98.62216;15.32608;-2731.483
44019;98.02225;10.46719;-2730.805
44053;98.64413;-3.289075;-2725.693
44070;95.17676;-19.60526;-2724.557
44103;91.04719;-27.1697;-2723.212
44154;89.29819;-32.44174;-2721.059
44173;87.83151;-38.39056;-2717.354
44207;84.99371;-44.05689;-2714.443
44241;83.9192;-48.01353;-2712.897
44274;83.51279;-50.56102;-2711.99
44308;82.33845;-55.15263;-2709.374
44342;82.35145;-55.10572;-2709.162
44375;81.90443;-55.75012;-2708.698
44409;81.23792;-57.05046;-2707.5
44443;80.89756;-57.60153;-2706.952
44493;80.8494;-57.81322;-2706.556
44510;80.76559;-57.96558;-2706.493
44544;80.64938;-58.14892;-2706.474
44578;80.56844;-58.97041;-2705.842
44612;80.2654;-59.49754;-2705.968
44645;79.94934;-60.10436;-2706.478
44679;79.8187;-60.18266;-2706.741
44713;79.71593;-60.22046;-2706.92
44746;79.30212;-60.00331;-2707.946
44780;79.0292;-60.07474;-2708.227
44814;78.18034;-58.81686;-2710.45
44847;78.11196;-58.09263;-2711.529
44881;78.0879;-55.08696;-2715.09
44915;78.16375;-54.34269;-2715.13
44948;78.48904;-50.95007;-2717.172
44992;79.77098;-42.82925;-2721.467
45003;82.28749;-31.98555;-2724.562
45053;86.39672;-10.75195;-2729.058
45086;85.68875;1.413036;-2731.61
45120;86.37521;11.14578;-2731.654
45154;86.4447;20.04168;-2732.703
45188;86.30072;35.01279;-2735.588
45204;87.32169;47.84931;-2739.237
45238;90.96867;57.45612;-2741.936
45272;94.49682;70.2316;-2745.722
45307;96.11444;76.27139;-2748.741
45340;96.60126;83.14386;-2751.455
45374;99.6881;87.11995;-2752.771
45408;101.3035;88.33144;-2752.351
45441;101.8369;88.41889;-2751.968
45475;102.8221;88.38621;-2751.339
45509;103.3341;88.37319;-2751.057
45542;104.6252;87.88615;-2749.88
45576;104.5676;87.85035;-2749.926
45610;104.0107;87.95895;-2750.12
45643;102.8958;87.38416;-2750.153
45677;101.5008;86.12868;-2749.873
45711;99.33955;84.39548;-2748.604
45745;93.62843;71.81659;-2744.285
45778;90.12766;61.86708;-2742.634
45812;90.81696;46.09948;-2734.556
45846;90.26304;36.59588;-2733.344
45879;90.28238;24.36781;-2729.14
45913;88.62161;12.56532;-2725.731
45947;88.06517;7.607462;-2725.126
45980;83.10957;-9.568246;-2723.155
46014;82.9416;-18.77763;-2719.724
46048;79.40987;-33.72997;-2711.615
46081;77.8923;-37.60552;-2708.688
46115;77.60839;-40.08778;-2706.014
46149;74.15396;-46.07949;-2702.911
46183;73.30016;-49.38861;-2702.741
46216;73.38525;-50.25792;-2702.356
46250;73.23569;-50.74201;-2702.478
46284;72.97459;-52.90913;-2701.579
46317;72.69919;-57.55636;-2699.085
46351;72.1666;-58.6856;-2698.648
46385;71.58007;-59.9418;-2697.881
46418;70.89014;-60.8476;-2697.399
46435;70.48965;-61.7218;-2697.186
46486;70.18381;-61.85456;-2697.256
46503;69.70404;-61.66469;-2696.966
46536;69.40349;-61.86289;-2696.604
46587;68.89125;-61.59512;-2696.476
46604;68.84644;-61.65628;-2696.002
46637;68.4634;-61.92349;-2695.275
46688;68.34978;-61.49118;-2694.522
46722;68.16653;-60.20031;-2693.016
46755;67.82124;-59.7515;-2692.121
46775;67.6678;-59.22587;-2691.126
46823;67.51635;-59.00588;-2689.329
46857;67.13084;-58.74238;-2687.94
46890;66.44629;-58.29668;-2686.03
46907;66.24747;-57.7673;-2685.587
46941;65.63386;-57.48354;-2684.821
46974;65.20352;-57.46654;-2683.867
47008;64.97429;-56.43673;-2681.409
47042;64.58443;-56.26194;-2680.577
47075;63.89172;-55.67735;-2680.014
47109;63.63009;-54.30659;-2679.237
47160;63.69904;-53.34832;-2677.667
47177;64.11528;-51.53022;-2675.495
47211;64.91811;-49.20406;-2672.108
47244;65.99119;-47.52765;-2669.149
47278;67.60966;-46.21824;-2667.572
47312;68.52608;-44.71349;-2665.923
47345;69.17161;-45.3596;-2662.68
47379;71.17883;-43.57576;-2660.821
47413;71.71869;-43.9105;-2659.051
47446;72.35733;-42.66135;-2658.087
47480;72.36124;-42.65841;-2657.416
47514;72.84007;-42.15237;-2656.758
47547;72.74053;-41.22931;-2655.652
47581;72.42803;-40.6273;-2654.5
47615;72.42966;-40.71103;-2653.257
47649;72.65919;-39.93023;-2652.107
47683;72.69156;-39.32017;-2651.808
47716;73.35252;-38.78403;-2651.26
47758;73.77912;-38.23377;-2651.007
47785;73.89127;-38.518;-2650.188
47818;74.7259;-37.29602;-2649.935
47852;74.83069;-36.79815;-2649.566
47886;76.20258;-35.76344;-2649.641
47920;78.29238;-32.86676;-2650.455
47955;78.27155;-33.43252;-2650.384
47989;78.36553;-33.86206;-2650.363
48023;78.74287;-34.35113;-2650.177
48057;78.52326;-35.57375;-2650.381
48076;78.606;-36.5692;-2650.617
48126;78.63354;-37.79497;-2650.491
48147;78.81654;-39.00053;-2651.148
48183;78.95444;-39.38738;-2651.624
48224;78.46297;-39.89947;-2652.366
48252;78.20221;-40.99495;-2653.306
48285;77.92008;-41.78866;-2654.766
48318;77.56539;-42.80088;-2656.24
48352;78.00898;-43.09918;-2656.748
48386;77.97176;-44.22319;-2657.049
48419;78.54965;-44.27355;-2657.686
48453;78.7875;-44.39145;-2658.296
48487;80.70556;-45.19322;-2658.098
48521;81.6434;-44.92785;-2658.163
48554;82.43963;-44.38976;-2658.79
48588;83.10378;-44.69976;-2658.763
48607;84.75521;-44.83118;-2658.901
48641;86.8932;-44.53902;-2658.683
48689;88.91998;-45.06072;-2658.081
48709;91.61925;-43.7073;-2657.443
48756;93.64538;-43.55201;-2656.811
48773;95.96762;-43.78188;-2655.153
48824;96.70849;-43.53925;-2654.602
48841;96.85873;-43.37069;-2654.157
48874;98.6311;-44.34605;-2651.893
48909;98.35556;-44.40981;-2651.443
48943;97.54295;-44.47903;-2650.887
48975;97.13603;-44.26039;-2650.629
49009;95.04922;-46.3115;-2648.799
49043;94.20074;-46.40359;-2648.361
49076;92.17591;-47.09633;-2646.861
49110;90.76982;-47.26463;-2646.181
49161;88.51151;-47.50515;-2645.237
49177;86.375;-48.36551;-2644.228
49211;85.33515;-48.95766;-2642.806
49245;83.79744;-49.17505;-2641.595
49279;80.7253;-50.48489;-2639.325
49312;79.42207;-50.94812;-2638.385
49346;76.69592;-51.28486;-2637.033
49380;75.85649;-51.11908;-2636.232
49413;74.63574;-50.74918;-2635.807
49447;73.13538;-48.83791;-2635.475
49481;72.77705;-48.0609;-2635.334
49514;71.86511;-45.47194;-2635.239
49548;71.57926;-43.30224;-2635.838
49582;71.06911;-40.39355;-2636.396
49615;70.84303;-39.5964;-2636.296
49649;71.1552;-39.22052;-2636.105
49683;71.40374;-37.03902;-2636.37
49717;71.96891;-36.14983;-2636.008
49750;72.14906;-36.12875;-2635.409
49784;72.44429;-35.58093;-2635.264
49818;72.65743;-35.67773;-2634.975
49851;72.655;-35.64082;-2634.819
49885;72.67358;-35.66766;-2634.798
49919;72.94714;-35.84975;-2634.587
49953;73.10621;-35.82393;-2634.64
49987;73.55732;-35.66903;-2634.48
50020;73.90211;-35.9014;-2634.446
50054;74.66377;-35.42802;-2634.615
50088;75.90962;-35.45365;-2634.603
50121;77.04555;-35.3002;-2635.003
50155;78.86973;-34.35603;-2635.826
50189;79.27351;-34.1438;-2636.348
50222;79.54755;-34.04057;-2636.591
50256;79.73412;-34.25088;-2637.209
50290;79.80165;-34.54934;-2637.615
50313;79.67272;-34.94273;-2637.814
50346;80.1201;-37.45691;-2638.12
50379;79.71047;-39.14238;-2638.84
50413;78.42322;-40.96172;-2641.021
50447;77.28249;-43.18993;-2642.239
50480;75.80995;-44.52877;-2643.61
50514;75.80814;-45.25483;-2643.68
50548;75.67707;-46.08911;-2643.698
50581;75.64639;-46.73069;-2644.114
50615;75.81773;-47.04959;-2644.474
50649;76.57624;-46.72845;-2645.037
50684;78.15889;-46.78734;-2645.108
50705;80.01791;-47.06504;-2645.556
50755;81.28277;-47.06888;-2645.653
50772;83.03545;-46.17292;-2646.04
50806;83.99457;-45.90317;-2646.498
50857;85.0721;-45.62736;-2646.246
50874;86.08501;-45.5857;-2646.139
50924;87.55518;-45.48868;-2645.275
50943;88.67065;-45.90218;-2643.819
50991;88.92422;-45.45672;-2643.213
51008;89.17809;-45.25246;-2642.752
51059;89.18741;-45.77915;-2641.152
51082;89.18199;-46.25994;-2639.523
51112;88.77943;-47.22878;-2637.919
51145;88.21786;-47.93985;-2636.745
51179;87.694;-48.11723;-2636.253
51214;87.2679;-48.69091;-2635.058
51246;86.03199;-49.2843;-2633.771
51280;85.24029;-49.4691;-2632.94
51314;84.82378;-49.30083;-2632.581
51347;83.80884;-49.0458;-2632.546
51381;82.67027;-48.51948;-2632.003
51415;81.29302;-47.70251;-2631.631
51456;80.79601;-47.32689;-2631.519
51482;80.48487;-46.23173;-2631.278
51516;80.53876;-45.19432;-2631.062
51550;80.20151;-42.26772;-2631.046
51583;80.46268;-40.69265;-2630.745
51617;80.50448;-38.98005;-2630.108
51651;80.08098;-36.27385;-2630.422
51684;79.6249;-35.27513;-2630.328
51718;78.46951;-34.51303;-2630.587
51752;77.50216;-33.71692;-2630.837
51785;76.48218;-33.4017;-2631.51
51819;76.27877;-33.35601;-2631.37
51853;75.13589;-32.94489;-2631.186
51887;74.50706;-32.10574;-2631.701
51908;74.02639;-31.41818;-2632.307
51954;73.2841;-31.24107;-2632.539
51988;72.12098;-30.8662;-2633.278
52021;71.01398;-30.69107;-2634.098
52055;71.06174;-30.75778;-2634.226
52072;71.07699;-30.67383;-2634.348
52106;71.08064;-30.45378;-2634.76
52156;70.3036;-30.4374;-2635.858
52173;70.23162;-30.58608;-2635.949
52207;70.23109;-30.91554;-2636.317
52257;70.16704;-31.38563;-2636.739
52274;68.91351;-32.47318;-2637.871
52325;68.74818;-33.37595;-2638.874
52358;65.70535;-37.8368;-2640.333
52375;65.24809;-39.5751;-2640.64
52409;64.89121;-46.03911;-2640.626
52443;65.10136;-46.36953;-2640.751
52476;64.03018;-47.07427;-2641.8
52510;63.56723;-47.9333;-2642.181
52545;63.89244;-47.60238;-2642.975
52579;63.97841;-47.61174;-2643.064
52613;64.32897;-47.59586;-2643.231
52646;65.3876;-47.6318;-2643.145
52680;66.6757;-47.37737;-2643.606
52714;69.48686;-46.34176;-2643.998
52748;69.86708;-46.41652;-2643.814
52781;71.42052;-45.97884;-2643.513
52815;72.66769;-46.06509;-2643.162
52849;74.17276;-45.58101;-2642.835
52883;75.5893;-45.87478;-2642.0
52916;76.78899;-45.79074;-2640.879
52950;76.97703;-46.07208;-2640.156
52984;77.52335;-46.1055;-2639.317
53018;77.67792;-46.31225;-2638.831
53051;78.20297;-46.56425;-2638.095
53089;77.79999;-47.57016;-2636.734
53123;77.88488;-47.68037;-2636.54
53156;77.25893;-47.43816;-2636.832
53175;77.09982;-47.71404;-2636.462
53224;76.95669;-47.93795;-2635.94
53243;74.54296;-48.26993;-2635.17
53274;73.62872;-48.47702;-2634.617
53308;72.47583;-48.1509;-2634.833
53342;71.26219;-48.32136;-2634.078
53393;70.87338;-48.49411;-2633.863
53409;70.83143;-48.50967;-2633.448
53443;70.0009;-48.60054;-2632.92
53493;70.70089;-47.74956;-2632.321
53527;70.95214;-45.63392;-2632.68
53544;71.26808;-43.64664;-2633.061
53578;70.73712;-42.63544;-2633.314
53611;70.86307;-41.96043;-2633.166
53645;71.20679;-41.47686;-2633.206
53695;71.5443;-40.3785;-2633.657
53712;72.10037;-36.91558;-2634.554
53751;72.07879;-36.66564;-2634.523
53785;71.93553;-36.04424;-2634.721
53819;71.9608;-35.93012;-2634.669
53853;71.85848;-35.29713;-2634.909
53886;71.8656;-34.52503;-2635.092
53920;71.80705;-34.2973;-2635.361
53954;71.02769;-34.20202;-2635.834
53987;69.7609;-33.7374;-2636.933
54021;68.50685;-33.4823;-2637.735
54055;68.56027;-33.53032;-2637.919
54088;68.5805;-33.5685;-2637.994
54122;67.63353;-34.68501;-2638.665
54157;66.87312;-35.61724;-2639.601
54190;65.85876;-37.0408;-2640.025
54224;65.20349;-38.37138;-2640.357
54257;65.20869;-39.59497;-2640.162
54292;64.09779;-42.85597;-2640.583
54324;63.53539;-43.67699;-2641.074
54358;63.1773;-44.27798;-2641.531
54392;62.88914;-45.04961;-2642.125
54409;62.98336;-45.12678;-2642.193
54459;62.85704;-45.45875;-2642.684
54476;63.36005;-45.5056;-2642.598
54526;63.93043;-45.79908;-2642.115
54543;65.69095;-45.86497;-2641.323
54577;67.15164;-45.90646;-2641.688
54628;69.6789;-46.64828;-2641.205
54644;70.90235;-46.30251;-2641.159
54695;71.78374;-46.06467;-2641.269
54729;72.69814;-45.67263;-2640.759
54749;72.80784;-45.51509;-2640.729
54782;73.94965;-45.29085;-2640.018
54816;74.59026;-45.20525;-2639.517
54850;75.40888;-46.09545;-2638.373
54883;75.73168;-46.77974;-2637.015
54917;75.93642;-47.20464;-2636.289
54951;75.90569;-47.38095;-2635.665
54985;76.03889;-47.43591;-2635.322
55035;75.35034;-48.18072;-2634.448
55052;74.96117;-48.22324;-2634.039
55086;74.79968;-48.83707;-2633.159
55119;74.17809;-48.87574;-2632.932
55153;72.55447;-49.64625;-2632.635
55193;71.77287;-49.458;-2632.374
55209;70.97588;-49.05226;-2632.774
55247;69.79806;-49.4631;-2632.333
55273;68.99506;-49.93772;-2631.792
55314;68.84573;-49.05588;-2631.906
55356;68.49554;-48.8589;-2631.883
55388;68.02162;-47.61642;-2632.19
55422;68.25113;-43.45605;-2632.605
55455;68.37347;-41.84317;-2632.953
55489;68.63787;-39.91304;-2633.157
55507;69.49409;-37.4296;-2633.75
55557;69.52878;-35.92936;-2633.5
55591;69.64661;-34.54187;-2633.502
55608;70.38541;-33.71516;-2632.769
55658;70.47887;-32.99311;-2632.612
55675;70.90941;-31.8573;-2632.667
55710;70.76496;-31.75515;-2632.685
55744;70.31431;-31.97859;-2632.275
55778;69.19079;-31.86463;-2632.746
55812;69.10918;-31.82467;-2632.796
55845;68.63081;-31.92466;-2632.95
55879;67.78125;-32.14923;-2633.126
55913;67.34725;-32.5876;-2633.296
55946;67.26503;-32.66698;-2633.445
55980;65.19994;-33.74988;-2634.755
56014;63.37704;-38.03777;-2634.51
56047;62.41672;-41.33213;-2633.692
56081;61.56092;-42.63405;-2633.822
56115;60.4074;-45.85608;-2633.754
56148;58.78785;-46.5271;-2635.112
56199;58.01589;-47.20699;-2635.477
56216;57.99521;-47.34366;-2635.478
56250;57.98337;-47.33176;-2635.757
56283;57.6941;-47.9546;-2636.346
56317;57.45946;-48.06977;-2637.154
56351;58.24213;-48.52454;-2637.133
56387;58.4268;-48.56448;-2637.654
56421;59.94052;-47.97805;-2638.281
56448;60.69309;-47.81027;-2638.451
56482;61.59069;-47.73963;-2638.589
56516;63.15616;-47.27682;-2638.236
56550;66.09921;-47.11443;-2637.081
56583;68.86433;-47.86039;-2635.898
56634;69.46965;-47.94958;-2635.376
56651;70.67507;-47.76957;-2634.626
56684;72.07096;-47.7858;-2633.731
56718;72.11195;-47.89741;-2633.266
56752;72.32766;-48.35175;-2632.38
56785;72.45837;-48.48303;-2631.822
56819;72.4216;-48.60489;-2631.613
56853;73.02995;-48.63366;-2630.901
56886;72.67024;-48.43327;-2630.807
56920;72.11124;-48.52892;-2630.763
56955;71.01473;-48.31783;-2630.739
56988;70.64959;-48.35178;-2630.683
57005;69.53017;-48.81266;-2631.17
57055;69.5252;-48.82226;-2631.179
57089;69.61275;-48.94933;-2630.905
57123;69.73785;-48.56404;-2630.878
57140;69.6715;-48.26997;-2630.897
57175;70.33843;-46.28152;-2631.508
57207;71.19076;-44.80906;-2631.887
57258;72.04431;-43.17622;-2632.2
57274;72.7301;-40.8909;-2633.181
57308;73.23775;-39.535;-2633.29
57342;74.33303;-38.7951;-2633.271
57376;75.08927;-37.52001;-2633.469
57409;75.4267;-36.9061;-2633.18
57460;76.43322;-36.30529;-2633.229
57477;76.54904;-36.34682;-2633.174
57512;76.94132;-36.32504;-2633.114
57548;77.40357;-35.88261;-2633.322
57582;77.28736;-35.89827;-2633.311
57616;77.19985;-36.05909;-2633.472
57649;76.93066;-36.14984;-2633.572
57683;76.42536;-36.48178;-2633.998
57717;76.47858;-36.94132;-2634.066
57750;73.85645;-37.77014;-2635.733
57778;73.80614;-38.56529;-2635.819
57828;73.1644;-39.83396;-2636.248
57845;72.61892;-41.63918;-2636.521
57879;71.45383;-44.74594;-2636.891
57929;70.72139;-45.59823;-2637.449
57971;70.26664;-45.8882;-2638.25
57988;70.2877;-46.02402;-2638.519
58022;71.17613;-46.69441;-2638.905
58055;71.84013;-47.08397;-2639.586
58077;72.8963;-46.51107;-2641.463
58128;73.66276;-46.59261;-2641.538
58145;75.17697;-46.23832;-2641.933
58180;76.25874;-46.21856;-2642.398
58212;77.01341;-46.12155;-2643.686
58246;77.42484;-45.78269;-2644.023
58280;77.7171;-45.79459;-2644.496
58313;79.79618;-45.62106;-2644.288
58347;79.90883;-45.73576;-2644.142
58398;80.43999;-45.87656;-2643.802
58414;80.52594;-45.95208;-2643.66
58440;80.49533;-45.80299;-2643.539
58483;80.85979;-46.17813;-2642.712
58533;80.8213;-46.1902;-2642.631
58550;81.07197;-46.16076;-2642.093
58584;81.12231;-47.04162;-2640.769
58617;80.55436;-47.05132;-2640.249
58651;80.10191;-47.30903;-2639.926
58685;79.37563;-48.12067;-2639.449
58718;78.56178;-48.9964;-2638.618
58752;77.87607;-49.11897;-2638.279
58786;77.06336;-49.32758;-2637.719
58820;75.8549;-48.98129;-2637.913
58853;75.45238;-48.93116;-2637.688
58893;74.86969;-48.40589;-2637.806
58925;74.61829;-48.31;-2637.642
58959;74.72118;-47.6694;-2637.447
58993;74.58194;-45.39814;-2637.645
59013;74.62003;-43.48747;-2637.609
59047;75.59756;-40.48587;-2637.803
59081;75.47473;-39.13259;-2638.203
59114;75.25858;-38.0484;-2638.386
59148;74.39665;-37.87811;-2638.318
59182;74.12792;-36.26735;-2638.551
59216;72.8487;-35.49875;-2638.558
59250;71.14295;-34.76052;-2639.255
59284;70.7561;-34.40176;-2639.374
59318;69.8237;-33.52087;-2639.619
59351;68.01518;-33.67884;-2639.807
59385;67.39233;-33.74576;-2639.566
59419;67.10253;-33.80986;-2639.632
59452;67.09189;-33.90955;-2639.525
59487;66.68668;-34.14787;-2639.522
59520;63.56771;-36.94438;-2639.256
59554;61.95248;-39.12907;-2639.294
59587;58.29451;-41.78231;-2640.257
59621;56.23123;-45.32474;-2640.609
59655;53.47664;-47.16546;-2642.336
59688;52.83487;-47.75581;-2642.272
59722;52.41807;-48.41289;-2642.037
59756;52.3208;-48.48698;-2642.238
59789;52.87973;-49.16871;-2641.833
59823;53.64876;-49.89669;-2640.992
59857;54.31464;-49.43685;-2640.838
59891;55.27159;-48.95463;-2640.931
59924;56.45208;-48.57668;-2640.97
59958;58.69747;-48.16351;-2640.701
59992;58.93008;-48.45232;-2640.71
60025;59.06182;-48.47261;-2640.651
60042;60.95056;-48.05809;-2639.992
60076;62.20287;-47.61639;-2639.278
60109;63.2159;-46.97986;-2638.907
60143;64.40982;-46.97236;-2637.972
60177;65.27311;-46.66845;-2637.425
60211;66.34451;-46.82436;-2635.431
60249;67.07875;-47.42414;-2634.309
60280;67.12151;-47.54913;-2634.064
60313;67.06394;-47.83742;-2633.424
60347;66.88552;-47.81512;-2633.395
60381;66.53752;-47.97963;-2633.26
60414;66.26971;-48.01223;-2633.132
60448;66.14643;-48.24426;-2632.771
60482;65.73131;-48.65601;-2632.389
60515;64.67481;-48.48642;-2632.411
60549;64.26199;-48.29942;-2632.406
60583;64.06033;-48.49373;-2631.982
60617;63.87117;-48.20987;-2631.871
60656;63.78828;-47.95082;-2631.648
60688;63.24763;-47.26011;-2631.461
60722;63.05227;-46.13908;-2631.292
60760;63.56124;-44.61518;-2631.286
60777;66.39539;-39.17274;-2630.583
60810;67.92769;-36.76413;-2630.635
60844;68.61286;-35.78396;-2630.257
60878;69.27325;-34.82503;-2630.709
60912;69.40857;-33.78572;-2631.1
60945;69.15615;-32.6815;-2630.949
60979;69.41592;-32.32925;-2630.785
61013;69.63742;-31.58057;-2630.701
61046;70.39304;-30.83179;-2630.744
61080;70.54032;-30.40955;-2630.967
61114;70.5593;-30.38403;-2630.889
61147;71.01615;-28.30813;-2631.749
61181;70.86028;-28.30304;-2632.031
61215;70.72282;-28.24851;-2632.156
61249;70.76479;-28.27812;-2632.202
61282;70.68355;-28.76008;-2632.275
61316;70.37019;-29.18546;-2632.433
61337;68.61581;-31.58358;-2633.095
61383;67.08778;-33.6852;-2633.769
61417;66.4528;-36.73035;-2633.621
61451;65.27341;-38.61481;-2634.17
61485;64.0022;-41.8703;-2634.089
61518;62.50308;-44.02672;-2635.105
61564;62.36599;-44.44428;-2635.467
61590;61.94085;-45.01603;-2635.938
61607;61.75953;-45.6743;-2636.641
61657;61.50742;-47.23914;-2637.577
61691;61.40947;-47.19627;-2639.273
61712;62.24417;-47.19299;-2639.202
61762;63.09576;-47.14555;-2639.658
61796;65.58784;-46.57715;-2640.01
61830;66.63051;-46.64153;-2639.723
61847;67.76222;-46.58381;-2639.565
61880;71.96541;-45.25989;-2640.848
61914;73.9883;-44.64622;-2640.384
61948;75.53473;-44.81044;-2639.535
61981;76.56155;-44.94875;-2638.449
62032;77.61955;-45.47102;-2637.772
62049;78.33208;-45.73846;-2636.984
62099;78.92928;-45.71371;-2636.671
62117;78.73556;-46.30944;-2636.415
62150;78.43913;-46.54704;-2636.413
62184;78.00385;-46.67023;-2635.99
62217;78.18147;-47.62482;-2635.327
62251;78.10233;-47.7826;-2635.232
62285;78.1009;-47.77197;-2635.239
62318;76.5069;-48.40981;-2635.066
62352;75.50934;-48.4836;-2635.091
62369;75.1168;-48.44647;-2635.108
62403;73.99611;-48.82832;-2634.827
62454;73.47259;-48.85586;-2635.008
62487;72.94184;-48.77917;-2634.874
62521;72.86902;-48.42095;-2634.857
62538;71.85431;-46.08026;-2636.065
62588;71.76613;-44.38925;-2636.51
62605;71.76227;-43.13581;-2636.847
62656;72.47935;-40.38072;-2637.07
62673;72.57328;-39.94934;-2637.063
62723;72.78201;-38.16185;-2637.468
62740;72.98264;-37.7615;-2637.472
62791;72.83685;-37.51345;-2637.551
62808;72.71201;-36.98622;-2637.747
62841;70.15343;-34.3988;-2639.096
62892;70.47307;-34.04029;-2639.072
62909;72.24797;-30.54531;-2640.406
62942;72.31091;-30.70391;-2640.322
62976;72.16538;-30.77403;-2640.286
63010;72.03398;-30.9525;-2640.258
63060;71.62193;-30.84034;-2640.445
63077;71.53421;-30.9152;-2640.205
63111;70.67439;-31.64477;-2640.145
63144;70.01406;-32.50433;-2639.819
63195;69.69516;-32.86073;-2639.69
63212;67.97611;-36.77971;-2638.812
63262;64.70403;-40.05516;-2638.838
63279;63.76189;-42.62621;-2638.495
63313;62.20095;-44.24688;-2638.589
63347;61.18441;-45.27334;-2638.779
63380;60.90718;-45.56036;-2638.522
63414;60.65656;-45.80325;-2638.599
63448;60.99561;-46.76389;-2638.01
63481;60.97219;-46.88373;-2637.934
63515;61.08385;-46.96943;-2637.635
63549;61.38112;-47.27769;-2637.488
63582;62.52204;-47.9657;-2636.743
63616;63.65844;-48.29134;-2636.177
63650;65.08875;-47.51461;-2635.891
63684;66.17225;-46.99675;-2635.196
63717;67.1792;-46.46731;-2634.138
63751;68.10539;-45.65123;-2633.592
63785;69.05617;-45.74476;-2632.147
63818;69.27136;-45.47786;-2631.564
63852;69.8269;-46.40372;-2630.293
63886;71.00007;-46.54225;-2629.161
63919;71.51514;-46.70908;-2628.138
63953;70.81817;-46.74892;-2628.142
63976;69.7934;-46.8948;-2627.831
64025;69.25882;-47.06917;-2627.633
64058;67.46853;-47.7965;-2627.599
64092;66.29691;-48.13376;-2627.693
64126;65.51204;-48.4419;-2627.522
64159;64.39352;-48.93957;-2627.463
64176;62.56566;-49.32545;-2627.612
64227;59.25391;-48.1852;-2628.791
64261;58.24218;-48.26534;-2628.819
64277;57.51056;-47.98801;-2629.104
64311;56.82482;-47.56419;-2629.441
64363;55.92723;-46.96348;-2629.464
64379;54.65832;-45.95855;-2630.223
64412;54.34183;-45.44006;-2630.241
64447;53.94029;-44.84559;-2630.183
64482;54.41025;-44.09658;-2629.911
64516;54.51365;-43.28285;-2630.164
64549;57.49869;-39.47844;-2629.867
64583;58.75574;-34.30613;-2630.452
64617;59.81644;-32.88943;-2630.276
64650;60.84545;-32.02402;-2630.005
64684;60.86943;-31.12994;-2630.355
64718;62.04777;-21.926;-2633.663
64752;63.75253;-21.85756;-2633.151
64785;64.0586;-21.67408;-2633.117
64819;64.23465;-21.62866;-2633.062
64853;64.28059;-21.65222;-2633.042
64886;64.89572;-22.47961;-2632.356
64920;65.01138;-22.32859;-2632.538
64954;65.01406;-22.74083;-2632.595
64987;65.28848;-23.58338;-2632.179
65021;63.61756;-26.86154;-2631.098
65055;60.98253;-29.42539;-2631.411
65089;60.3301;-31.48917;-2631.34
65124;59.5708;-34.15156;-2630.979
65157;59.11247;-35.93724;-2630.826
65191;56.84541;-40.5414;-2630.313
65225;56.21606;-42.66519;-2630.175
65259;55.37896;-44.5746;-2630.458
65278;54.08991;-45.64934;-2631.618
65322;52.7363;-46.77217;-2632.573
65355;52.81917;-47.39124;-2632.682
65389;52.94366;-47.51905;-2632.849
65423;53.3757;-47.73134;-2633.065
65456;54.95725;-47.87892;-2633.167
65490;56.11866;-47.83601;-2633.756
65524;59.86808;-47.06932;-2633.334
65557;63.88101;-46.09414;-2632.843
65591;65.58544;-45.51107;-2632.797
65625;69.40349;-45.91564;-2631.479
65659;71.87875;-45.59684;-2630.227
65692;73.42597;-45.14295;-2629.307
65726;73.92683;-45.24961;-2628.74
65773;74.84442;-45.25616;-2628.03
65782;75.12869;-45.27304;-2627.214
65817;76.14494;-45.62304;-2626.292
65850;76.66639;-46.08029;-2625.939
65883;76.71151;-46.15635;-2625.831
65917;76.82976;-46.21629;-2625.822
65951;76.90485;-46.33313;-2625.835
65985;76.94593;-46.5578;-2625.874
66018;76.71661;-46.8966;-2625.939
66052;76.74132;-47.00675;-2625.96
66086;76.67392;-47.24949;-2626.097
66121;76.57567;-47.50498;-2625.886
66153;76.62002;-47.51508;-2625.893
66187;76.24469;-47.73462;-2625.918
66212;76.17107;-47.78028;-2625.983
66254;76.0838;-47.94817;-2625.953
66281;76.09211;-48.24772;-2625.825
66330;75.89926;-48.19095;-2626.035
66347;74.27824;-48.03463;-2626.322
66397;73.74849;-48.18851;-2626.769
66431;73.83804;-48.29223;-2626.843
66450;73.00055;-49.72337;-2626.708
66483;72.34084;-50.36372;-2626.855
66517;71.02737;-51.19546;-2627.871
66551;68.57709;-52.35933;-2628.893
66584;68.41404;-52.32988;-2629.178
66618;67.97984;-52.46541;-2629.234
66652;67.92951;-52.50716;-2629.316
66686;67.48641;-52.68695;-2629.671
66719;66.46555;-52.86813;-2630.278
66753;65.80367;-53.19239;-2630.575
66787;65.73026;-53.21161;-2630.595
66820;65.6186;-53.29153;-2630.602
66854;65.49306;-53.34025;-2630.706
66888;64.79035;-53.41976;-2631.629
66921;64.759;-53.45243;-2631.671
66955;64.43963;-53.52351;-2632.009
66989;63.73146;-53.55156;-2631.912
67023;63.45438;-53.5703;-2632.136
67056;63.1915;-53.7136;-2632.251
67090;62.96304;-53.7229;-2632.361
67124;62.0858;-53.79123;-2632.795
67157;62.04272;-53.81904;-2632.848
67191;61.901;-53.90245;-2632.888
67225;61.598;-53.98529;-2632.924
67258;61.36315;-53.99849;-2632.947
67292;61.32541;-54.28399;-2632.951
67326;61.16685;-54.43165;-2632.884
67359;60.87441;-54.29936;-2633.271
67381;60.86145;-54.32321;-2633.274
67420;60.87074;-54.24834;-2633.309
67456;60.76054;-54.38441;-2633.152
67481;60.78367;-54.3355;-2633.166
67513;60.73648;-54.15088;-2633.375
67547;60.69271;-54.41164;-2633.279
67581;60.68013;-54.45897;-2633.27
67614;60.73318;-54.56747;-2633.107
67648;60.75653;-54.58542;-2633.092
67682;60.79727;-54.61681;-2633.069
67715;60.85936;-54.62539;-2633.033
67749;60.9029;-54.50727;-2633.019
67800;60.90289;-54.50707;-2633.022
67817;61.0811;-54.65686;-2632.867
67867;61.47246;-54.37774;-2632.529
67901;61.53737;-54.37479;-2632.54
67918;61.78177;-54.04707;-2632.462
67951;61.82397;-54.19024;-2632.24
67985;62.33973;-54.44351;-2631.713
68019;62.68591;-54.32087;-2631.048
68070;62.72734;-54.30866;-2630.954
68087;63.41835;-54.11982;-2630.317
68120;63.49662;-54.0928;-2630.31
68154;64.09226;-54.30881;-2629.868
68187;64.45091;-53.99739;-2629.741
68221;65.02667;-53.68346;-2629.836
68255;66.06874;-53.6987;-2629.666
68289;66.42381;-53.55643;-2629.365
68305;67.45834;-53.17003;-2629.488
68347;67.54669;-53.20493;-2629.645
68381;67.88722;-53.19571;-2629.702
68415;69.01096;-52.92625;-2629.554
68456;69.93411;-53.24674;-2629.651
68490;70.98232;-52.77974;-2630.086
68523;71.76801;-52.64231;-2630.078
68565;72.18028;-52.52481;-2630.008
68580;72.69329;-52.70132;-2629.862
68630;73.77881;-52.37059;-2629.704
68646;74.31445;-51.93547;-2629.454
68680;75.17473;-51.96785;-2629.173
68731;75.95522;-51.63007;-2628.604
68748;76.80931;-51.35698;-2628.384
68781;77.10006;-51.27224;-2628.267
68815;77.88623;-51.31929;-2627.909
68849;79.02959;-51.47075;-2627.445
68882;79.91107;-51.28003;-2627.233
68916;80.26888;-51.30431;-2627.012
68950;80.7622;-51.06303;-2626.768
68983;80.78779;-50.77394;-2626.582
69017;81.00024;-50.64885;-2626.254
69068;81.0251;-50.59938;-2625.998
69101;81.05521;-50.54757;-2625.871
69121;81.26093;-50.41452;-2625.571
69155;81.17548;-50.17055;-2625.298
69189;81.27481;-50.31404;-2624.509
69222;80.808;-50.34422;-2624.074
69256;80.74576;-50.53694;-2623.659
69290;79.60063;-51.05976;-2623.204
69323;78.89983;-51.20588;-2622.825
69357;78.6245;-51.69304;-2622.116
69391;78.54694;-51.87143;-2621.78
69424;78.46006;-51.82302;-2621.765
69458;77.83956;-51.40387;-2621.874
69492;77.84507;-51.70419;-2621.333
69525;77.43803;-51.99224;-2621.264
69551;76.80807;-52.03159;-2621.48
69586;76.59701;-52.2521;-2621.137
69615;77.10773;-51.70888;-2620.948
69646;76.15874;-51.39737;-2621.049
69680;76.12697;-51.61024;-2620.614
69714;76.09315;-51.36802;-2620.421
69747;75.61482;-51.60752;-2620.197
69781;75.46023;-51.6114;-2620.133
69814;75.57823;-51.52209;-2619.725
69848;75.5211;-51.53333;-2619.509
69882;74.5937;-51.01822;-2619.307
69916;74.58972;-51.02267;-2619.226
69966;74.78488;-51.1178;-2619.0
69983;74.29692;-50.90258;-2618.881
70017;73.85455;-50.72628;-2618.767
70050;73.56476;-50.5976;-2618.657
70084;73.59966;-50.66533;-2618.498
70118;73.61528;-50.66409;-2618.521
70152;73.75861;-50.80718;-2618.405
70185;72.39447;-51.32383;-2618.358
70219;72.38419;-51.33058;-2618.357
70253;72.0575;-51.21818;-2618.365
70286;71.27043;-51.27976;-2618.454
70320;70.42146;-51.05179;-2618.9
70354;70.25908;-51.10066;-2618.875
70387;69.99911;-51.21828;-2618.793
70421;69.03419;-51.4403;-2618.869
70455;68.14314;-51.70327;-2618.896
70489;67.42982;-52.02934;-2618.672
70523;66.74403;-52.10941;-2618.789
70559;66.17812;-52.3631;-2618.937
70593;65.65316;-53.02295;-2618.563
70626;64.71084;-53.51085;-2618.479
70661;64.69693;-53.4904;-2618.495
70685;64.40392;-53.76333;-2618.529
70719;64.03591;-53.80684;-2618.654
70777;63.06919;-54.03751;-2619.006
70790;63.07108;-54.03906;-2619.007
70824;62.98772;-54.36798;-2618.926
70859;62.88453;-54.27971;-2618.983
70893;62.61708;-54.4957;-2618.873
70926;62.15382;-54.53162;-2619.154
70960;61.44865;-54.23945;-2619.34
70994;60.58324;-54.38277;-2619.232
71028;59.15548;-56.33837;-2618.841
71061;59.44712;-56.75143;-2618.158
71095;59.46267;-56.96174;-2617.769
71129;59.31523;-57.04168;-2617.771
71146;58.59399;-57.78564;-2617.386
71196;58.4895;-57.98063;-2617.123
71230;58.38493;-58.18272;-2617.029
71263;58.34837;-58.31026;-2616.947
71297;58.489;-58.31018;-2616.693
71331;58.51192;-58.32712;-2616.519
71364;58.71452;-58.52425;-2616.079
71400;58.97554;-58.3341;-2615.572
71422;58.93147;-58.32506;-2615.472
71466;58.9243;-58.16071;-2615.312
71499;58.79182;-58.16347;-2615.136
71533;58.80934;-58.17549;-2614.893
71552;58.63841;-58.13218;-2614.539
71584;58.67915;-58.15975;-2614.219
71629;58.66483;-58.02532;-2614.004
71668;58.52033;-57.99595;-2613.72
71685;58.65032;-57.95982;-2613.0
71719;58.52744;-57.86414;-2612.83
71753;58.87005;-57.42054;-2612.527
71786;58.51971;-57.26853;-2612.347
71820;58.00891;-57.26516;-2611.614
71871;56.18262;-57.10853;-2611.352
71904;55.49414;-56.98429;-2611.216
71938;54.8033;-56.59663;-2610.892
71972;54.09992;-56.03161;-2610.685
72005;52.4216;-55.63565;-2610.76
72022;50.28504;-55.71516;-2610.793
72056;48.09601;-55.50974;-2610.989
72090;46.86677;-55.6324;-2611.09
72140;46.14478;-55.6136;-2611.152
72157;45.50984;-55.6882;-2611.201
72193;44.19109;-55.87729;-2611.312
72224;42.85072;-56.07602;-2611.528
72259;41.91861;-55.99173;-2611.373
72292;40.8257;-56.17391;-2611.112
72326;39.89709;-56.31546;-2611.192
72359;38.67424;-56.43689;-2611.148
72395;37.5026;-56.82078;-2610.796
72434;37.21975;-56.69432;-2610.682
72468;36.73204;-56.70341;-2610.613
72503;36.06739;-56.41109;-2610.631
72525;35.9154;-56.4477;-2610.737
72559;35.09341;-56.40984;-2610.982
72593;34.92521;-56.46401;-2610.944
72626;34.77032;-56.41546;-2611.074
72660;34.61404;-56.4768;-2611.076
72694;34.18136;-56.30715;-2611.193
72728;33.78773;-56.12774;-2611.436
72761;33.09598;-56.00823;-2611.915
72795;32.86778;-56.00912;-2612.368
72829;32.55096;-56.41796;-2613.512
72862;32.38487;-56.74093;-2613.988
72896;32.22044;-56.75619;-2614.336
72930;32.15023;-56.69557;-2614.916
72969;32.2928;-56.7549;-2615.27
72997;32.29126;-57.08855;-2616.052
73031;32.56077;-57.27448;-2616.501
73054;32.4556;-57.60858;-2618.175
73100;32.4556;-57.79324;-2619.166
73127;33.08299;-58.32493;-2620.002
73161;34.11833;-59.53118;-2620.216
73194;34.49842;-60.20452;-2621.307
73215;35.9283;-61.2433;-2621.888
73265;37.27396;-61.53883;-2622.534
73298;38.83686;-61.19769;-2623.986
73338;40.0447;-61.47926;-2625.057
73355;40.95571;-61.86309;-2625.061
73393;41.63764;-61.94147;-2625.449
73439;42.58229;-62.00828;-2626.825
73473;44.07478;-61.4212;-2628.212
73506;47.87315;-59.44466;-2630.78
73541;48.82645;-59.85675;-2631.414
73557;50.65592;-60.05503;-2633.396
73608;52.5775;-59.44134;-2636.154
73624;53.42032;-59.97457;-2636.764
73675;55.32972;-59.19767;-2639.139
73692;57.18349;-59.28413;-2640.636
73725;58.36482;-59.93327;-2643.189
73759;59.92888;-59.42223;-2646.41
73793;62.0887;-58.9739;-2648.603
73826;65.30146;-59.28169;-2651.944
73884;67.16798;-57.96738;-2656.588
73947;69.5937;-58.04159;-2659.289
73981;70.88554;-58.76344;-2660.739
74034;72.27687;-59.08299;-2662.479
74071;73.40641;-59.14047;-2663.107
74101;74.23537;-59.2625;-2664.214
74118;74.70731;-59.38703;-2665.972
74152;75.83129;-58.59812;-2667.747
74185;77.44506;-58.84335;-2669.291
74236;78.78294;-58.95496;-2671.236
74253;79.03148;-59.81317;-2672.31
74286;78.94978;-60.26551;-2672.649
74322;79.1498;-60.66505;-2672.885
74371;79.43232;-60.80396;-2673.264
74387;79.4602;-61.02533;-2673.572
74421;79.64811;-61.66743;-2674.411
74455;79.77301;-61.99378;-2674.9
74488;80.06509;-61.68134;-2675.477
74544;80.13168;-61.81434;-2676.24
74556;80.12026;-61.42336;-2676.463
74590;80.06878;-61.24193;-2676.785
74624;80.22683;-60.69461;-2677.344
74658;80.03702;-60.60978;-2677.582
74691;79.68359;-61.19077;-2677.866
74725;79.36521;-60.87578;-2679.052
74759;79.23507;-60.93675;-2679.097
74793;78.7804;-61.16715;-2679.238
74826;78.07088;-62.13502;-2680.023
74860;77.83937;-62.09916;-2680.171
74894;76.8321;-63.74945;-2680.264
74927;76.69973;-63.8749;-2680.336
74949;76.3472;-66.24165;-2680.222
74996;75.74383;-65.91692;-2681.615
75013;75.19891;-65.70006;-2682.709
75047;74.79962;-65.6616;-2683.279
75097;74.68742;-65.61224;-2683.463
75117;74.48527;-65.56891;-2683.537
75150;74.42525;-65.5482;-2683.512
75201;74.28544;-65.71528;-2683.743
75218;74.00298;-65.43407;-2684.82
75269;73.84611;-65.62747;-2684.758
75285;73.73511;-65.85519;-2684.753
75319;73.71161;-65.89999;-2684.688
75353;73.6175;-66.09467;-2684.627
75386;73.62934;-66.05582;-2684.626
75437;73.61072;-66.14639;-2684.583
75454;73.50049;-66.18218;-2684.544
75487;73.41673;-66.34341;-2684.336
75522;73.42168;-66.34927;-2684.301
75561;73.38564;-66.55133;-2684.053
75605;73.40334;-66.25467;-2683.768
75622;73.5632;-65.98587;-2683.448
75656;73.64813;-65.95557;-2682.975
75690;73.78559;-65.63644;-2682.621
75723;73.89507;-65.55701;-2682.216
75757;73.99839;-65.32842;-2681.626
75791;74.05827;-65.34952;-2681.48
75824;74.19817;-65.13947;-2681.209
75858;74.26453;-64.95995;-2681.068
75892;74.75658;-63.78923;-2680.548
75926;74.64164;-63.9316;-2680.358
75960;74.62632;-63.90342;-2680.518
75993;74.62599;-63.89645;-2680.665
76027;74.72198;-63.716;-2680.78
76061;75.11967;-63.26982;-2680.197
76094;75.5228;-62.65413;-2679.039
76128;77.11287;-61.34948;-2676.366
76162;77.77628;-59.72092;-2675.052
76212;77.42047;-59.05907;-2673.237
76229;77.97277;-59.71921;-2668.284
76263;78.76882;-60.24239;-2663.603
76296;79.578;-59.79247;-2658.504
76331;80.19437;-59.54736;-2653.786
76365;80.14053;-59.25655;-2648.592
76399;80.68555;-59.59405;-2644.116
76432;80.41624;-59.66021;-2641.35
76466;80.55504;-60.05436;-2637.658
76488;80.28846;-59.74784;-2633.379
76540;80.37906;-60.73349;-2628.668
76563;81.45197;-58.74492;-2623.144
76596;81.36748;-58.38583;-2619.334
76630;81.24114;-56.90152;-2615.289
76663;82.83158;-55.59069;-2611.28
76697;88.36298;-54.4804;-2608.154
76731;92.31161;-54.32978;-2605.823
76764;97.38448;-54.42028;-2603.453
76782;105.7973;-53.96167;-2602.054
76832;113.0545;-55.05149;-2601.818
76850;125.3322;-54.72112;-2601.895
76882;135.9429;-55.94851;-2602.818
76933;150.097;-57.84649;-2604.837
76958;162.3802;-58.29204;-2606.615
76995;179.5229;-53.1949;-2612.423
77025;197.3663;-54.6573;-2615.05
77059;215.2822;-59.25441;-2615.972
77093;220.9074;-59.24939;-2616.867
77126;232.1583;-59.63593;-2619.753
77160;243.8806;-60.25106;-2622.434
77194;254.8768;-61.85816;-2623.085
77227;258.6256;-57.59242;-2624.936
77278;259.7935;-56.85888;-2625.367
77296;261.7326;-55.69965;-2624.993
77321;263.9428;-55.50359;-2624.229
77367;271.1134;-55.86658;-2621.612
77400;275.173;-55.22984;-2619.453
77434;277.0212;-54.68465;-2617.145
77468;279.8929;-55.79406;-2613.247
77501;281.9056;-55.77923;-2609.385
77535;283.3565;-55.50668;-2604.596
77569;286.4931;-58.26847;-2597.153
77586;286.5557;-58.78922;-2593.108
77636;287.2293;-59.92748;-2587.299
77670;287.6936;-62.04905;-2578.899
77703;287.5686;-63.8624;-2573.056
77737;287.7075;-65.42033;-2568.833
77756;288.744;-66.46039;-2565.727
77808;290.009;-67.25605;-2563.731
77824;292.2397;-67.84899;-2562.513
77857;295.9328;-68.52105;-2561.789
77891;300.3288;-67.59866;-2562.287
77925;305.509;-63.50341;-2564.29
77958;310.3574;-59.6624;-2568.377
78009;318.6383;-58.41753;-2571.691
78045;334.2255;-49.75432;-2586.612
78061;356.1597;-65.19564;-2584.804
78094;364.4383;-66.82944;-2586.783
78128;376.208;-68.01073;-2589.864
78161;388.1953;-59.21939;-2598.762
78195;399.5982;-59.78666;-2602.315
78229;424.4369;-54.74251;-2608.289
78262;431.3021;-58.08689;-2611.25
78280;432.1951;-41.97522;-2623.135
78333;430.7953;-42.77812;-2621.785
78367;417.5153;-51.40617;-2618.865
78388;440.8134;-38.83622;-2633.215
78418;442.5158;-37.57003;-2633.206
78451;418.5417;-38.21912;-2657.663
78485;518.8999;-13.43659;-2645.318
78535;517.2602;-14.34339;-2643.01
78569;516.2072;-15.69082;-2639.405
78603;516.4454;-16.18731;-2638.166
78637;521.4922;-38.63286;-2612.28
78671;519.3027;-30.33599;-2610.714
78704;539.1748;-24.43459;-2617.246
78743;539.4086;-24.3604;-2617.321
78769;546.8937;-27.56726;-2613.512
78786;546.6434;-36.39799;-2603.924
78820;547.6909;-35.68605;-2603.519
78873;555.7158;-37.09548;-2597.797
78889;566.7806;-40.38411;-2591.079
78923;571.8328;-41.21589;-2589.895
78973;574.3332;-44.48727;-2586.941
78990;578.6443;-46.37885;-2585.107
79023;583.3716;-46.17401;-2586.139
79074;595.7883;-41.87091;-2594.414
79091;605.5454;-42.00742;-2595.888
79124;624.82;-45.64597;-2608.839
79158;633.7033;-46.74881;-2620.536
79192;637.1047;-46.47807;-2626.389
79242;647.8091;-48.40068;-2637.318
79259;661.9478;-52.98102;-2653.673
79293;666.8797;-53.47948;-2660.841
79329;672.8578;-55.43292;-2672.194
79363;683.8325;-54.55999;-2685.385
79405;689.5729;-54.03193;-2688.332
79439;693.8897;-55.07042;-2691.505
79455;701.0491;-57.26138;-2696.921
79489;706.0892;-56.6261;-2701.341
79523;714.0982;-58.42673;-2704.994
79556;717.7363;-56.75797;-2709.119
79590;722.96;-56.89531;-2712.084
79624;729.3163;-56.4594;-2715.682
79657;731.6937;-59.19275;-2716.942
79708;737.8231;-60.07358;-2718.488
79742;747.0773;-63.24269;-2723.052
79777;754.3404;-63.726;-2724.4
79792;767.3409;-61.90508;-2725.552
79826;768.6046;-62.98865;-2724.21
79859;771.5858;-62.53356;-2724.125
79893;776.5952;-61.92929;-2723.543
79927;781.9639;-59.96584;-2726.349
79961;794.0861;-61.12362;-2728.058
79994;799.2687;-63.99778;-2730.018
80028;806.6026;-62.13556;-2733.878
80062;812.2212;-60.78118;-2735.33
80095;818.7527;-61.3244;-2739.885
80129;827.4587;-58.66555;-2747.865
80152;831.6125;-59.27785;-2753.527
80196;838.7709;-60.94368;-2761.037
80230;845.4788;-65.95467;-2774.427
80264;846.2299;-72.50701;-2783.1
80298;855.3337;-71.42845;-2797.178
80331;858.8978;-69.90126;-2808.265
80351;864.5806;-71.35355;-2818.912
80399;872.6987;-72.30912;-2836.65
80432;876.8472;-74.59249;-2844.353
80466;884.3839;-78.75291;-2856.73
80500;888.5808;-78.66507;-2867.372
80534;891.8253;-79.75927;-2873.702
80567;900.652;-80.35315;-2884.24
80604;903.9099;-81.1584;-2891.981
80628;912.2269;-81.53151;-2898.74
80679;919.24;-79.62782;-2905.674
80695;924.0913;-80.60202;-2910.651
80746;929.022;-82.70006;-2915.213
80763;938.0072;-82.82572;-2919.486
80796;947.2764;-82.96879;-2921.469
80830;950.8374;-80.72043;-2925.592
80864;955.1114;-82.5812;-2928.075
80898;963.6459;-86.57946;-2933.461
80931;971.8347;-83.07221;-2936.749
80965;979.1988;-83.82916;-2940.968
80999;989.9724;-82.2336;-2947.335
81032;1010.173;-78.26624;-2952.127
81066;1016.842;-78.10977;-2955.034
81100;1019.726;-84.06926;-2956.634
81134;1032.375;-80.54772;-2968.077
81167;1038.468;-79.71232;-2973.374
81201;1045.54;-79.68396;-2987.854
81218;1051.259;-78.88305;-2996.212
81268;1056.988;-78.2406;-3007.11
81302;1062.696;-76.87956;-3019.972
81319;1063.049;-78.33505;-3045.684
81353;1065.849;-84.64532;-3062.701
81386;1069.309;-84.92121;-3073.901
81420;1070.726;-84.92042;-3094.975
81454;1076.105;-84.14508;-3101.253
81505;1090.597;-81.27469;-3117.105
81538;1081.661;-81.36631;-3143.199
81572;1083.264;-82.87183;-3155.595
81589;1082.129;-87.56438;-3162.478
81622;1077.012;-89.83208;-3183.964
81656;1076.156;-88.52874;-3194.882
81689;1074.942;-95.68671;-3199.647
81723;1088.316;-84.05581;-3215.074
81757;1104.688;-75.0723;-3223.07
81791;1102.804;-79.25867;-3228.293
81824;1103.296;-81.94829;-3231.021
81858;1106.075;-82.79124;-3237.579
81892;1100.439;-87.02587;-3256.097
81925;1104.354;-90.0957;-3256.891
81959;1113.817;-89.96558;-3261.363
81993;1123.444;-94.18935;-3261.64
82026;1126.733;-96.38989;-3266.174
82060;1138.019;-97.2412;-3270.383
82094;1139.264;-97.27419;-3276.252
82128;1154.923;-98.72379;-3278.337
82161;1162.987;-99.86407;-3281.065
82195;1176.784;-98.76473;-3283.397
82229;1182.107;-107.5539;-3277.927
82262;1203.178;-101.5189;-3286.867
82296;1207.851;-101.9274;-3291.723
82330;1204.274;-101.3402;-3306.19
82363;1205.408;-100.2669;-3317.101
82397;1214.854;-96.09779;-3337.2
82431;1216.957;-101.4546;-3344.88
82465;1241.135;-106.121;-3346.392
82498;1239.426;-106.6314;-3354.004
82532;1232.737;-115.7135;-3383.347
82566;1237.047;-116.2257;-3392.222
82599;1255.829;-118.5977;-3399.654
82633;1253.272;-113.8619;-3423.152
82669;1263.146;-121.9292;-3429.009
82702;1256.81;-116.7147;-3456.06
82737;1275.999;-126.0913;-3452.775
82771;1282.625;-123.3551;-3463.247
82838;1275.505;-122.8271;-3500.154
82905;1291.418;-124.6893;-3508.69
82939;1296.415;-126.1773;-3517.096
82973;1294.675;-118.2938;-3540.349
83006;1295.334;-119.4221;-3544.679
83040;1301.866;-122.0462;-3551.38
83074;1302.859;-119.2341;-3558.455
83108;1361.407;-81.16415;-3560.119
83142;1427.308;-141.8902;-3486.532
83175;1351.323;-81.12018;-3596.569
83192;1011.573;-88.58073;-3636.408
83226;1013.974;-85.21684;-3636.325
83259;1016.29;-84.34859;-3637.856
83293;1023.323;-81.33617;-3639.376
83327;1028.711;-78.42474;-3643.12
83360;1030.398;-73.41409;-3640.402
83394;1033.422;-73.05175;-3642.539
83461;1033.214;-71.31842;-3648.85
83495;1030.145;-68.47002;-3653.295
83529;1030.837;-69.52374;-3655.031
83546;1038.779;-74.32877;-3662.566
83580;1040.021;-72.81635;-3666.86
83596;1052.059;-78.88042;-3691.989
83630;1056.075;-79.87796;-3695.284
83664;1058.556;-81.37145;-3701.528
83697;1058.804;-86.55283;-3713.488
83731;1072.937;-84.93383;-3735.488
83765;1073.525;-85.68003;-3738.578
83798;1095.09;-82.03716;-3761.264
83832;1094.177;-84.29025;-3770.913
83866;1104.901;-98.95055;-3797.559
83899;1107.274;-97.74956;-3802.354
83933;1104.884;-101.2571;-3811.187
83967;1114.434;-102.0729;-3837.935
84001;1114.66;-103.9753;-3846.411
84035;1115.371;-108.702;-3856.826
84068;1125.691;-120.9832;-3866.083
84102;1116.473;-71.57864;-3904.462
84136;1116.204;-68.49699;-3910.598
84153;1119.378;-70.58065;-3915.868
84186;1132.125;-63.6526;-3936.917
84236;1137.655;-64.58445;-3942.063
84270;1137.486;-65.79251;-3941.407
84287;1159.379;-59.09402;-3965.315
84321;1157.98;-65.37334;-3952.551
84355;1182.442;-73.1851;-3941.782
84389;1173.108;-70.23591;-3952.489
84422;1176.136;-64.1358;-3979.121
84455;1190.915;-60.25348;-4002.163
84489;1188.744;-70.64671;-3976.73
84523;1200.984;-67.22446;-3997.956
84556;1207.339;-68.47614;-3989.303
84607;1213.891;-70.65133;-3989.881
84624;1212.621;-73.46982;-3987.793
84658;1208.812;-114.1667;-3985.317
84691;1208.567;-112.3327;-3987.423
84725;1177.472;-147.3046;-3962.647
84759;1203.474;-155.8854;-3984.514
84793;1238.038;-83.98219;-4011.151
84826;1239.054;-79.02149;-4015.652
84860;1234.368;-65.53161;-4043.153
84894;1299.514;-81.44849;-4052.759
84927;1270.423;-67.31475;-4080.083
84961;1268.546;-59.07191;-4087.563
84995;1277.289;-61.88115;-4093.534
85028;1281.595;-72.75574;-4093.293
85062;1288.222;-74.68514;-4099.8
85096;1280.999;-87.65182;-4103.244
85129;1290.736;-79.54124;-4107.211
85163;1298.526;-131.2292;-4070.814
85197;1342.381;-81.29764;-4116.617
85231;1302.06;-149.1158;-4088.358
85264;1338.743;-118.5556;-4104.926
85298;1279.387;-226.5876;-4008.775
85332;1291.92;-278.7517;-4015.533
85365;1292.243;-280.0755;-4013.942
85399;1293.024;-280.3824;-4014.513
85434;1361.783;-120.5548;-4104.592
85453;1326.828;-170.2427;-4068.75
85487;1330.159;-275.5653;-4027.969
85521;1333.172;-272.2201;-4018.396
85571;1412.558;-104.3536;-4102.523
85588;1431.414;-108.0858;-4106.08
85622;1371.404;-265.7236;-4023.294
85655;1425.51;-91.01147;-4113.279
85706;1367.719;-159.1857;-4095.894
85723;1438.625;-119.5794;-4094.253
85756;1439.74;-115.849;-4096.994
85790;1392.627;-274.4166;-4032.544
85824;1394.207;-275.1308;-4031.26
85858;1443.389;-236.318;-3991.35
85891;1376.524;-387.7144;-4054.602
85925;1429.907;-166.2482;-4105.108
85976;1409.87;-344.2157;-4063.142
85993;903.3101;-839.4605;-4117.97
86026;1440.064;-391.4249;-4030.457
86060;1419.513;-396.3614;-4087.11
86094;1419.305;-400.321;-4088.23
86127;1420.193;-399.5907;-4087.778
86161;1456.65;-368.3925;-4099.436
86195;1439.004;-422.3246;-4103.251
86228;1447.093;-406.5617;-4108.232
86262;1458.803;-414.864;-4111.731
86297;1474.87;-403.1776;-4115.703
86329;1469.44;-429.356;-4112.269
86363;1490.454;-428.3068;-4113.865
86397;1525.131;-428.9291;-4104.06
86430;1522.154;-437.9271;-4107.576
86464;1527.076;-425.9774;-4110.946
86483;1573.498;-400.438;-4113.632
86532;1567.443;-422.77;-4110.779
86565;1575.179;-460.1095;-4116.606
86582;1580.19;-469.6531;-4116.543
86633;1584.65;-473.5775;-4115.791
86650;1594.609;-481.3629;-4114.323
86700;1630.202;-502.1864;-4117.634
86734;1632.916;-507.1698;-4117.746
86751;1618.543;-523.3301;-4115.6
86801;1625.975;-525.405;-4116.532
86835;1657.035;-522.5488;-4117.664
86852;1635.331;-591.7923;-4117.964
86885;1636.771;-656.9764;-4117.963
86936;1679.748;-723.4216;-4117.963
86970;1639.907;-777.5546;-4117.961
87003;1692.437;-835.5731;-4117.958
87037;1692.437;-752.0734;-4117.955
87071;1658.251;-1064.593;-4117.952
87121;-62.51097;110.8198;-2770.382
87155;-57.07467;112.8768;-2724.667
87189;-54.99593;115.6048;-2699.513
87222;-44.93385;120.1935;-2645.015
87245;-43.79923;126.4855;-2624.741
87294;-34.01845;135.9582;-2579.005
87328;-29.58839;141.3011;-2563.148
87361;-17.92117;153.9076;-2526.648
87395;-12.78795;158.6779;-2502.423
87429;-5.567537;169.1422;-2481.303
87464;2.145519;175.4803;-2450.983
87496;7.451008;180.2217;-2427.473
87530;11.05195;184.0585;-2407.427
87565;20.11972;185.7085;-2373.236
87597;25.74572;189.6053;-2355.462
87614;36.01669;189.0955;-2320.759
87648;44.03153;190.5416;-2297.5
87681;51.32388;191.4179;-2274.897
87715;57.0038;190.5529;-2248.552
87749;64.37665;195.5747;-2230.832
87783;67.85346;200.5798;-2212.144
87823;69.9493;212.7219;-2188.608
87857;69.89639;216.9128;-2175.28
87890;69.74161;224.139;-2157.192
87924;67.56749;231.8146;-2142.732
87958;65.41196;236.5615;-2132.191
87991;62.24667;239.2828;-2123.767
88025;58.51584;241.9478;-2114.653
88059;53.33547;242.3118;-2105.022
88093;46.08328;244.5061;-2098.516
88126;36.24699;244.3732;-2091.997
88160;30.34851;244.3142;-2087.861
88194;23.83551;245.3889;-2084.965
88227;11.41438;246.8917;-2082.303
88261;-1.543904;247.271;-2081.804
88295;-12.91878;247.2462;-2081.173
88328;-24.35609;244.4519;-2080.427
88362;-36.15081;242.1966;-2081.293
88396;-46.60825;239.2679;-2081.555
88430;-55.22214;234.0045;-2081.704
88463;-64.37074;227.1968;-2083.068
88497;-72.21384;221.746;-2084.555
88531;-76.46015;217.7615;-2086.382
88565;-77.81707;215.3822;-2088.183
88589;-79.41742;213.073;-2091.387
88627;-80.74678;211.3117;-2095.313
88660;-79.42648;209.3498;-2099.741
88682;-76.81387;207.4912;-2107.101
88732;-73.26254;209.5961;-2115.577
88779;-66.83268;208.7105;-2124.133
88794;-54.53308;207.0305;-2132.467
88828;-43.55084;206.6991;-2142.622
88861;-29.09877;208.9432;-2150.276
88895;-11.73103;208.3173;-2160.434
88929;12.37047;209.2426;-2172.123
88962;35.19107;211.639;-2181.092
88996;60.28411;212.9721;-2192.26
89030;89.73233;222.7324;-2206.819
89063;111.0666;224.5226;-2216.8
89097;131.7852;236.3496;-2228.171
89122;152.3272;246.6141;-2241.521
89156;183.4267;255.9519;-2248.193
89189;197.1489;260.7715;-2252.984
89223;217.2531;269.614;-2259.001
89257;235.1384;271.261;-2259.686
89307;246.4186;272.7619;-2262.666
89324;261.9132;279.4056;-2268.186
89375;275.7558;282.6552;-2268.834
89409;288.2204;285.6081;-2270.614
89429;300.1038;286.2336;-2270.066
89463;308.8457;287.4907;-2269.21
89496;315.4046;289.5947;-2270.105
89530;322.5834;289.4307;-2269.586
89564;330.5859;290.1003;-2268.146
89597;337.6213;289.0349;-2265.349
89631;341.0244;289.1085;-2264.521
89665;343.8615;289.209;-2263.28
89698;346.4795;289.5227;-2262.355
89732;348.3906;290.0404;-2260.97
89749;351.3267;291.2533;-2257.864
89799;352.9576;291.5147;-2254.245
89821;354.2203;291.6421;-2249.422
89850;355.4337;292.2666;-2241.316
89901;355.2245;290.0968;-2230.953
89922;352.846;288.7247;-2222.844
89962;348.7655;285.309;-2211.846
89996;341.8867;281.5731;-2202.931
90030;335.6078;275.5385;-2194.343
90063;330.1715;268.7148;-2186.809
90097;328.0371;266.6945;-2183.223
90131;328.0614;266.5736;-2180.724
90165;329.6633;266.4998;-2178.378
90198;331.635;266.1231;-2177.253
90232;338.7707;269.2943;-2175.917
90266;347.9307;271.438;-2175.991
90299;360.4442;269.4821;-2177.044
90333;374.0041;271.2381;-2180.553
90367;399.2878;272.9525;-2179.865
90385;410.9196;274.9779;-2182.982
90434;434.3582;280.6373;-2186.396
90468;441.6038;284.9249;-2193.524
90485;449.464;287.1421;-2199.741
90535;469.4323;291.9763;-2205.688
90552;479.4143;294.1733;-2210.591
90593;488.2509;296.9694;-2216.685
90627;500.1984;298.4081;-2222.78
90661;506.6809;298.739;-2226.495
90694;514.8448;300.0952;-2229.991
90728;521.0336;299.6002;-2232.589
90762;531.504;298.6293;-2234.497
90795;537.0046;300.3418;-2237.657
90816;543.5964;300.8698;-2240.776
90863;545.8934;299.8685;-2243.122
90896;548.0937;298.2316;-2245.05
90930;551.7807;297.8191;-2247.786
90964;557.9821;296.2115;-2248.889
90988;562.5186;296.2106;-2250.565
91021;563.905;296.9386;-2251.746
91056;561.8864;300.824;-2260.361
91088;562.5657;300.3684;-2260.237
91122;562.23;299.5392;-2260.845
91172;558.5615;298.9897;-2264.363
91206;551.8234;297.8681;-2270.083
91240;543.733;294.2505;-2273.338
91256;535.1726;292.124;-2277.781
91290;527.7062;290.2484;-2279.765
91324;512.7233;288.7562;-2285.939
91358;476.152;278.2799;-2299.568
91392;473.4254;279.2498;-2300.596
91442;443.9885;273.4417;-2308.385
